2014.09.23 22:00:00.147,1.10751,1.10759,0.37,0.10
2014.09.23 22:00:00.393,1.10753,1.10767,0.10,1.57
2014.09.23 22:00:00.495,1.10758,1.10769,0.37,1.57
2014.09.23 22:00:00.799,1.10754,1.10766,0.10,0.10
2014.09.23 22:00:00.850,1.10756,1.10766,0.10,0.10
2014.09.23 22:00:00.901,1.10756,1.10768,0.34,0.15
2014.09.23 22:00:00.952,1.10758,1.10768,0.10,0.10
2014.09.23 22:00:01.155,1.1076,1.10771,0.15,0.75
2014.09.23 22:00:01.561,1.10758,1.10768,0.10,0.10
2014.09.23 22:00:01.865,1.10754,1.10764,0.10,0.10
2014.09.23 22:00:21.892,1.10756,1.10764,0.10,0.10
2014.09.23 22:00:21.942,1.10756,1.10768,0.15,1.09
2014.09.23 22:00:24.390,1.10756,1.10767,0.15,0.75
2014.09.23 22:00:24.908,1.10756,1.10768,0.15,0.15
2014.09.23 22:00:26.690,1.10756,1.10767,0.10,0.26
2014.09.23 22:00:26.742,1.10754,1.10766,0.10,0.10
2014.09.23 22:00:35.683,1.10756,1.10768,0.15,1.09
2014.09.23 22:01:16.890,1.10757,1.10769,0.10,0.10
2014.09.23 22:01:34.712,1.10757,1.10768,0.10,0.10
2014.09.23 22:01:34.763,1.10755,1.10767,0.10,0.10
2014.09.23 22:01:35.594,1.10757,1.10767,0.10,0.10
2014.09.23 22:01:35.645,1.10757,1.10769,0.15,1.46
2014.09.23 22:01:35.949,1.10755,1.10767,0.10,0.10
2014.09.23 22:01:39.081,1.10756,1.10767,0.10,0.10
2014.09.23 22:01:39.131,1.10757,1.10769,0.10,0.26
2014.09.23 22:01:51.771,1.10757,1.10767,0.10,0.75
2014.09.23 22:01:53.241,1.10757,1.10769,0.10,0.10
2014.09.23 22:01:55.731,1.10758,1.10769,0.10,0.10
2014.09.23 22:01:56.331,1.10759,1.1077,0.10,0.75
2014.09.23 22:02:01.009,1.10759,1.10771,0.10,0.10
2014.09.23 22:02:03.771,1.10759,1.10768,0.10,0.75
2014.09.23 22:02:15.823,1.1076,1.10768,0.10,0.75
2014.09.23 22:02:23.578,1.1076,1.10771,0.10,0.94
2014.09.23 22:02:35.842,1.10759,1.10771,0.15,0.82
2014.09.23 22:02:36.556,1.10759,1.10769,0.10,0.25
2014.09.23 22:02:59.778,1.10761,1.1077,0.10,0.10
2014.09.23 22:03:00.328,1.10762,1.10772,0.10,0.75
2014.09.23 22:03:16.400,1.10762,1.10774,0.10,0.26
2014.09.23 22:03:20.131,1.10761,1.10773,0.15,0.10
2014.09.23 22:03:50.669,1.10761,1.10772,0.15,0.75
2014.09.23 22:03:57.928,1.10761,1.10773,0.15,0.15
2014.09.23 22:04:01.767,1.10761,1.10772,0.10,0.10
2014.09.23 22:04:02.280,1.10761,1.10771,0.10,0.10
2014.09.23 22:04:42.869,1.10759,1.10774,1.46,1.15
2014.09.23 22:05:43.076,1.10758,1.10775,1.56,1.00
2014.09.23 22:05:49.535,1.10758,1.10777,1.56,1.21
2014.09.23 22:05:51.175,1.10759,1.10777,1.56,1.21
2014.09.23 22:05:53.580,1.10758,1.10777,2.81,1.96
2014.09.23 22:05:56.898,1.10758,1.10777,2.81,1.21
2014.09.23 22:05:59.842,1.10758,1.10777,2.81,1.21
2014.09.23 22:05:59.893,1.10758,1.10777,2.81,1.21
2014.09.23 22:06:05.686,1.1076,1.10778,1.56,1.55
2014.09.23 22:06:05.736,1.10758,1.10778,2.81,1.25
2014.09.23 22:06:05.787,1.10758,1.10778,2.89,1.32
2014.09.23 22:06:06.103,1.10761,1.1078,1.71,2.21
2014.09.23 22:06:25.830,1.10761,1.10778,2.21,1.17
2014.09.23 22:06:38.980,1.10762,1.10776,2.89,1.00
2014.09.23 22:06:59.875,1.10762,1.10779,2.89,1.46
2014.09.23 22:07:00.380,1.10761,1.10779,4.39,1.46
2014.09.23 22:07:44.890,1.1076,1.10779,1.71,1.31
2014.09.23 22:07:45.378,1.1076,1.10779,1.46,1.62
2014.09.23 22:07:48.304,1.10761,1.10779,2.21,2.06
2014.09.23 22:07:49.804,1.10761,1.10779,1.71,2.06
2014.09.23 22:07:56.854,1.10761,1.10778,1.71,1.37
2014.09.23 22:07:58.054,1.1076,1.10778,1.52,1.50
2014.09.23 22:07:58.357,1.10762,1.10778,1.46,1.50
2014.09.23 22:07:59.223,1.1076,1.10778,2.21,1.50
2014.09.23 22:08:06.875,1.1076,1.10773,1.71,1.00
2014.09.23 22:08:07.415,1.1076,1.10773,1.74,1.00
2014.09.23 22:08:19.777,1.10761,1.10773,1.66,1.00
2014.09.23 22:08:20.874,1.10758,1.10773,2.96,1.00
2014.09.23 22:08:29.139,1.10761,1.10773,1.66,1.00
2014.09.23 22:08:32.402,1.10758,1.10773,2.96,1.00
2014.09.23 22:08:41.603,1.10758,1.10773,1.71,1.00
2014.09.23 22:08:49.564,1.10755,1.10773,7.15,1.87
2014.09.23 22:08:49.899,1.10755,1.10769,3.85,1.12
2014.09.23 22:08:50.152,1.10755,1.10771,3.85,1.12
2014.09.23 22:09:02.077,1.10758,1.10771,1.26,1.00
2014.09.23 22:09:02.777,1.10756,1.10771,1.71,1.00
2014.09.23 22:09:25.494,1.10756,1.10773,2.21,1.00
2014.09.23 22:09:29.244,1.10756,1.10773,2.21,1.37
2014.09.23 22:09:33.967,1.10756,1.10773,1.71,1.00
2014.09.23 22:09:34.270,1.10756,1.10767,1.46,1.00
2014.09.23 22:09:34.372,1.10756,1.10773,1.46,1.12
2014.09.23 22:09:37.798,1.10756,1.10773,2.51,1.00
2014.09.23 22:09:56.574,1.10756,1.10773,3.64,1.00
2014.09.23 22:10:18.072,1.10757,1.10772,2.51,1.00
2014.09.23 22:10:44.881,1.10756,1.10776,4.01,1.46
2014.09.23 22:10:50.874,1.10756,1.10776,3.56,1.39
2014.09.23 22:10:57.241,1.10758,1.10776,1.74,1.29
2014.09.23 22:11:01.123,1.10758,1.10776,1.74,1.10
2014.09.23 22:11:08.323,1.10754,1.10776,5.73,1.47
2014.09.23 22:11:08.778,1.10754,1.10769,5.73,1.00
2014.09.23 22:11:08.879,1.10754,1.10774,5.73,2.06
2014.09.23 22:11:12.702,1.10754,1.10772,4.68,1.00
2014.09.23 22:11:12.853,1.10754,1.10769,4.68,1.00
2014.09.23 22:11:12.955,1.10754,1.10772,4.68,1.00
2014.09.23 22:11:13.106,1.10754,1.1077,4.68,1.00
2014.09.23 22:11:13.624,1.10754,1.1077,4.68,1.37
2014.09.23 22:11:19.308,1.10756,1.1077,2.51,1.37
2014.09.23 22:11:19.410,1.10757,1.10773,1.71,1.00
2014.09.23 22:11:19.461,1.10759,1.10777,1.64,1.17
2014.09.23 22:11:19.563,1.10759,1.10777,2.89,1.00
2014.09.23 22:11:19.715,1.10767,1.10779,1.00,1.66
2014.09.23 22:11:20.579,1.10761,1.10777,2.21,1.00
2014.09.23 22:11:20.781,1.10761,1.10774,1.84,1.00
2014.09.23 22:11:21.287,1.10761,1.10774,1.00,1.00
2014.09.23 22:11:21.838,1.10758,1.10774,1.36,1.00
2014.09.23 22:11:23.054,1.10757,1.10774,1.34,1.37
2014.09.23 22:11:23.559,1.10755,1.10774,4.68,1.12
2014.09.23 22:11:27.677,1.10756,1.10774,1.71,1.87
2014.09.23 22:11:27.880,1.10756,1.10774,1.71,1.12
2014.09.23 22:11:27.981,1.10756,1.10774,1.71,1.37
2014.09.23 22:11:28.284,1.10757,1.10774,1.34,1.31
2014.09.23 22:11:28.386,1.10757,1.10774,1.46,1.62
2014.09.23 22:11:28.487,1.10757,1.10774,1.34,1.25
2014.09.23 22:11:29.099,1.10757,1.10774,1.34,1.62
2014.09.23 22:11:29.607,1.10756,1.10774,1.34,1.00
2014.09.23 22:11:30.691,1.10756,1.10774,1.46,1.37
2014.09.23 22:11:31.197,1.10756,1.10774,1.71,1.87
2014.09.23 22:11:31.298,1.10756,1.10774,1.34,1.50
2014.09.23 22:11:32.301,1.10756,1.10774,1.71,1.62
2014.09.23 22:11:32.503,1.10756,1.10774,1.71,1.25
2014.09.23 22:11:33.285,1.10758,1.10774,1.36,1.37
2014.09.23 22:11:33.387,1.10758,1.10774,1.36,1.00
2014.09.23 22:11:33.589,1.10758,1.10774,1.36,1.37
2014.09.23 22:11:33.791,1.10756,1.10774,1.34,1.00
2014.09.23 22:11:34.398,1.10756,1.10774,1.46,1.37
2014.09.23 22:11:34.912,1.10757,1.10774,1.34,1.00
2014.09.23 22:11:35.625,1.10757,1.10774,1.34,1.37
2014.09.23 22:11:36.141,1.10756,1.10774,1.34,1.00
2014.09.23 22:11:36.651,1.10756,1.10774,1.46,1.37
2014.09.23 22:11:37.159,1.10756,1.10774,1.71,1.37
2014.09.23 22:11:37.933,1.10756,1.10774,1.46,1.00
2014.09.23 22:11:38.236,1.10756,1.10774,1.71,1.87
2014.09.23 22:11:38.338,1.10756,1.10774,1.46,1.87
2014.09.23 22:11:38.864,1.10756,1.10774,1.46,1.37
2014.09.23 22:11:39.542,1.10756,1.10774,1.34,1.00
2014.09.23 22:11:39.645,1.10756,1.10774,1.71,1.37
2014.09.23 22:11:39.952,1.10756,1.10774,1.34,1.00
2014.09.23 22:11:40.458,1.10756,1.10774,1.46,1.37
2014.09.23 22:11:40.964,1.10756,1.10774,1.71,1.37
2014.09.23 22:11:41.067,1.10757,1.10774,1.34,1.25
2014.09.23 22:11:41.219,1.10757,1.10774,1.46,1.62
2014.09.23 22:11:41.523,1.10757,1.10774,1.34,1.25
2014.09.23 22:11:41.963,1.10757,1.10774,1.46,1.87
2014.09.23 22:11:42.166,1.10756,1.10774,1.46,1.00
2014.09.23 22:11:42.470,1.10756,1.10774,1.71,1.37
2014.09.23 22:11:42.774,1.10756,1.10774,1.71,1.12
2014.09.23 22:11:42.926,1.10756,1.10774,1.71,1.37
2014.09.23 22:11:43.732,1.10756,1.10773,1.34,1.00
2014.09.23 22:11:46.158,1.10756,1.10773,1.71,1.37
2014.09.23 22:11:47.156,1.10757,1.10773,1.71,1.00
2014.09.23 22:11:56.187,1.10757,1.10773,1.46,1.37
2014.09.23 22:11:56.719,1.10758,1.10773,1.36,1.12
2014.09.23 22:11:57.463,1.10757,1.10773,1.34,1.12
2014.09.23 22:11:59.308,1.10756,1.10773,1.71,1.37
2014.09.23 22:12:00.017,1.10756,1.10773,1.34,1.00
2014.09.23 22:12:00.522,1.10758,1.10773,1.36,1.00
2014.09.23 22:12:04.232,1.10757,1.10774,1.34,1.00
2014.09.23 22:12:14.756,1.10759,1.10773,1.46,1.00
2014.09.23 22:12:16.653,1.10758,1.10769,1.34,1.00
2014.09.23 22:12:17.143,1.10758,1.10772,1.29,1.00
2014.09.23 22:12:17.754,1.10758,1.1077,1.29,1.00
2014.09.23 22:12:18.388,1.10756,1.1077,1.46,1.00
2014.09.23 22:12:18.627,1.10756,1.10772,1.46,1.00
2014.09.23 22:12:19.230,1.10756,1.10771,1.46,1.00
2014.09.23 22:12:21.667,1.10756,1.10774,1.46,1.32
2014.09.23 22:12:22.821,1.10756,1.10774,1.74,1.07
2014.09.23 22:12:28.826,1.10757,1.10774,1.26,1.32
2014.09.23 22:12:34.726,1.10756,1.10774,1.74,1.45
2014.09.23 22:12:36.878,1.10756,1.10774,1.74,1.20
2014.09.23 22:12:49.201,1.10757,1.10774,1.64,1.07
2014.09.23 22:12:52.795,1.10756,1.10773,1.74,1.10
2014.09.23 22:13:02.846,1.10757,1.10773,1.39,1.10
2014.09.23 22:13:07.411,1.10756,1.10771,1.74,1.00
2014.09.23 22:13:11.749,1.10756,1.10774,1.74,1.07
2014.09.23 22:13:11.850,1.10757,1.10774,1.39,1.07
2014.09.23 22:13:12.053,1.10756,1.10774,1.74,2.14
2014.09.23 22:13:12.103,1.10756,1.10774,1.39,2.21
2014.09.23 22:13:15.567,1.10754,1.10772,1.46,1.45
2014.09.23 22:13:19.230,1.10754,1.10772,1.36,1.57
2014.09.23 22:13:19.339,1.10754,1.10772,1.74,1.45
2014.09.23 22:13:20.359,1.10754,1.10772,1.74,1.39
2014.09.23 22:13:27.381,1.10754,1.10772,1.74,1.20
2014.09.23 22:13:33.780,1.10755,1.10772,1.64,1.70
2014.09.23 22:13:39.429,1.10756,1.10772,1.29,1.20
2014.09.23 22:13:40.804,1.10753,1.10772,1.71,1.20
2014.09.23 22:13:41.833,1.10755,1.10772,1.64,1.07
2014.09.23 22:13:44.207,1.10755,1.10773,1.64,1.46
2014.09.23 22:13:46.257,1.10753,1.10773,1.71,1.46
2014.09.23 22:13:52.881,1.10753,1.10773,1.71,1.39
2014.09.23 22:13:54.735,1.10755,1.10773,1.74,1.39
2014.09.23 22:13:55.757,1.10755,1.10773,1.36,1.39
2014.09.23 22:13:56.262,1.10755,1.10774,1.74,2.21
2014.09.23 22:13:56.771,1.10755,1.10773,1.74,1.66
2014.09.23 22:13:59.551,1.10753,1.10773,1.71,1.39
2014.09.23 22:14:08.272,1.10755,1.10773,1.74,1.66
2014.09.23 22:14:11.030,1.10754,1.10773,1.71,1.39
2014.09.23 22:14:14.405,1.10756,1.10773,1.39,1.47
2014.09.23 22:14:17.117,1.10754,1.10773,1.71,1.39
2014.09.23 22:14:19.913,1.10753,1.10773,1.71,1.39
2014.09.23 22:14:26.815,1.10754,1.10773,1.36,2.14
2014.09.23 22:14:27.330,1.10753,1.10773,1.39,2.96
2014.09.23 22:14:28.527,1.10751,1.10773,1.71,2.96
2014.09.23 22:14:32.973,1.10752,1.10772,1.36,1.46
2014.09.23 22:14:34.942,1.10751,1.10773,1.46,2.96
2014.09.23 22:14:37.065,1.10765,1.10773,1.00,1.15
2014.09.23 22:14:37.166,1.10766,1.10776,1.00,2.14
2014.09.23 22:14:37.268,1.10767,1.10778,1.00,2.06
2014.09.23 22:14:37.773,1.10767,1.10777,1.00,1.31
2014.09.23 22:14:37.824,1.10767,1.10776,1.00,2.25
2014.09.23 22:14:38.178,1.10765,1.10777,1.00,4.39
2014.09.23 22:14:38.834,1.10765,1.10777,1.00,1.39
2014.09.23 22:14:38.885,1.10765,1.10777,1.00,1.31
2014.09.23 22:14:38.936,1.10765,1.10777,1.00,1.39
2014.09.23 22:14:39.038,1.10765,1.10777,1.10,1.45
2014.09.23 22:14:39.291,1.10765,1.10777,1.00,1.00
2014.09.23 22:14:47.586,1.10765,1.10777,1.00,1.46
2014.09.23 22:14:47.687,1.10758,1.10777,1.26,3.71
2014.09.23 22:14:47.738,1.10757,1.10776,1.29,3.64
2014.09.23 22:14:48.906,1.10755,1.10773,1.26,1.46
2014.09.23 22:14:49.905,1.10753,1.10773,1.71,1.46
2014.09.23 22:14:50.898,1.10755,1.10773,1.26,1.46
2014.09.23 22:14:52.173,1.10754,1.10774,1.39,3.64
2014.09.23 22:14:53.091,1.10752,1.10774,2.21,4.39
2014.09.23 22:15:00.332,1.10752,1.10774,1.84,3.45
2014.09.23 22:15:02.339,1.10754,1.10774,1.29,3.64
2014.09.23 22:15:03.315,1.10753,1.10774,1.39,3.64
2014.09.23 22:15:06.249,1.10752,1.10774,1.84,4.39
2014.09.23 22:15:07.241,1.10754,1.10774,1.29,4.39
2014.09.23 22:15:09.230,1.10753,1.10774,1.26,3.64
2014.09.23 22:15:10.229,1.10753,1.10769,1.19,1.17
2014.09.23 22:15:10.732,1.10751,1.10769,2.14,1.17
2014.09.23 22:15:13.755,1.10752,1.10769,1.31,1.27
2014.09.23 22:15:14.272,1.10752,1.10767,1.19,1.72
2014.09.23 22:15:15.165,1.10751,1.10767,1.19,1.72
2014.09.23 22:15:16.153,1.10751,1.10767,1.19,1.91
2014.09.23 22:15:18.516,1.10751,1.10769,1.39,2.21
2014.09.23 22:15:19.593,1.10751,1.10769,1.84,1.15
2014.09.23 22:15:21.660,1.10752,1.1077,1.19,1.46
2014.09.23 22:15:26.602,1.10751,1.1077,1.84,1.46
2014.09.23 22:15:28.292,1.10752,1.1077,1.19,1.46
2014.09.23 22:15:28.604,1.10752,1.10768,1.19,1.72
2014.09.23 22:15:29.780,1.10751,1.10768,1.19,1.91
2014.09.23 22:15:36.797,1.10751,1.10767,1.00,1.46
2014.09.23 22:15:36.950,1.10751,1.10767,1.00,2.66
2014.09.23 22:15:37.488,1.1075,1.10767,1.25,1.71
2014.09.23 22:15:39.345,1.1075,1.10767,1.00,1.09
2014.09.23 22:15:40.166,1.10751,1.10768,1.00,4.84
2014.09.23 22:15:43.899,1.10751,1.10768,1.00,1.71
2014.09.23 22:15:45.971,1.10751,1.10769,1.01,1.77
2014.09.23 22:15:46.022,1.10751,1.10769,1.29,1.71
2014.09.23 22:15:47.674,1.10751,1.10769,1.29,1.71
2014.09.23 22:15:48.651,1.10751,1.10769,1.01,1.71
2014.09.23 22:16:03.906,1.10751,1.10769,1.29,2.21
2014.09.23 22:16:04.210,1.10751,1.10767,1.25,1.76
2014.09.23 22:16:07.129,1.10751,1.10767,1.00,1.76
2014.09.23 22:16:22.885,1.1075,1.10765,1.00,1.46
2014.09.23 22:16:22.967,1.10746,1.10765,1.74,1.46
2014.09.23 22:16:23.018,1.10747,1.10765,1.66,1.46
2014.09.23 22:16:24.155,1.10746,1.10768,1.66,4.39
2014.09.23 22:16:25.581,1.10747,1.10767,1.56,1.71
2014.09.23 22:16:26.988,1.10746,1.10768,1.66,4.39
2014.09.23 22:16:28.077,1.10747,1.10768,1.56,3.64
2014.09.23 22:16:29.043,1.10746,1.10768,1.66,4.39
2014.09.23 22:16:34.199,1.10746,1.10768,1.66,4.39
2014.09.23 22:16:42.035,1.10746,1.10768,1.66,4.39
2014.09.23 22:16:49.287,1.10749,1.10768,1.31,4.20
2014.09.23 22:16:51.993,1.10747,1.10768,1.56,4.39
2014.09.23 22:16:52.995,1.10747,1.10767,1.56,1.71
2014.09.23 22:16:55.027,1.10747,1.10767,1.56,1.71
2014.09.23 22:17:02.061,1.10748,1.10768,1.56,4.39
2014.09.23 22:17:08.854,1.10744,1.10765,1.84,1.71
2014.09.23 22:17:15.850,1.10748,1.10768,1.19,4.39
2014.09.23 22:17:18.055,1.10747,1.10768,1.31,4.39
2014.09.23 22:17:19.175,1.10747,1.10768,1.31,4.39
2014.09.23 22:17:22.095,1.10746,1.10768,1.66,5.59
2014.09.23 22:17:24.130,1.10745,1.10767,1.56,1.56
2014.09.23 22:17:28.098,1.10745,1.10767,1.56,1.56
2014.09.23 22:17:29.119,1.10747,1.10767,1.19,1.56
2014.09.23 22:17:30.108,1.10745,1.10767,1.56,1.56
2014.09.23 22:17:32.129,1.10745,1.10767,1.56,1.56
2014.09.23 22:17:33.659,1.10745,1.10767,1.56,1.69
2014.09.23 22:17:34.567,1.10745,1.10767,1.56,1.56
2014.09.23 22:17:34.618,1.10746,1.10768,1.56,3.26
2014.09.23 22:17:37.038,1.10746,1.10768,1.31,3.49
2014.09.23 22:17:38.639,1.10746,1.10768,1.56,3.11
2014.09.23 22:17:39.216,1.10746,1.10768,1.56,3.11
2014.09.23 22:17:43.619,1.10744,1.10766,1.56,1.56
2014.09.23 22:17:43.670,1.10744,1.10766,1.56,1.56
2014.09.23 22:17:45.063,1.10744,1.10766,1.56,1.56
2014.09.23 22:17:45.608,1.10745,1.10765,1.56,1.31
2014.09.23 22:17:49.645,1.10744,1.10766,1.56,1.56
2014.09.23 22:17:52.461,1.10744,1.10766,1.56,1.56
2014.09.23 22:17:53.683,1.10745,1.10765,1.56,1.31
2014.09.23 22:17:56.991,1.10744,1.10766,1.56,1.56
2014.09.23 22:17:58.662,1.10745,1.10767,1.56,1.56
2014.09.23 22:18:03.598,1.10745,1.10765,1.56,1.31
2014.09.23 22:18:05.710,1.10745,1.10765,1.56,1.56
2014.09.23 22:18:06.027,1.10747,1.10766,1.19,1.69
2014.09.23 22:18:09.309,1.10747,1.10766,1.19,3.26
2014.09.23 22:18:11.304,1.10747,1.10766,1.31,2.89
2014.09.23 22:18:13.312,1.10746,1.10766,2.89,2.89
2014.09.23 22:18:14.406,1.10745,1.10766,1.64,2.89
2014.09.23 22:18:15.535,1.10746,1.10766,1.39,2.89
2014.09.23 22:18:16.813,1.10747,1.10766,1.19,2.89
2014.09.23 22:18:18.424,1.10745,1.10766,1.64,2.89
2014.09.23 22:18:20.423,1.10745,1.10766,1.64,2.89
2014.09.23 22:18:21.475,1.10745,1.10766,1.64,2.89
2014.09.23 22:18:25.576,1.10745,1.10766,1.64,2.89
2014.09.23 22:18:28.689,1.10746,1.10766,1.39,3.64
2014.09.23 22:18:29.231,1.10746,1.10766,1.39,1.71
2014.09.23 22:18:30.152,1.10745,1.10767,1.74,3.64
2014.09.23 22:18:31.258,1.10745,1.10767,1.74,3.64
2014.09.23 22:18:44.629,1.10746,1.10766,1.39,1.46
2014.09.23 22:18:48.623,1.10745,1.10767,1.46,3.64
2014.09.23 22:18:54.613,1.10745,1.10765,1.74,1.34
2014.09.23 22:18:55.718,1.10745,1.10767,1.74,3.64
2014.09.23 22:18:58.623,1.10746,1.10766,1.26,1.71
2014.09.23 22:18:59.733,1.10744,1.10766,2.21,1.71
2014.09.23 22:19:09.015,1.10745,1.10767,1.46,1.71
2014.09.23 22:19:10.052,1.10746,1.10766,1.36,1.71
2014.09.23 22:19:15.114,1.10746,1.10766,1.46,1.71
2014.09.23 22:19:17.097,1.10746,1.10766,1.46,1.71
2014.09.23 22:19:19.828,1.10747,1.10767,1.29,1.84
2014.09.23 22:19:19.929,1.10747,1.10767,1.29,1.71
2014.09.23 22:19:20.132,1.10747,1.10767,1.29,1.84
2014.09.23 22:19:29.851,1.10745,1.10767,1.46,1.84
2014.09.23 22:19:31.369,1.10745,1.10767,1.71,1.71
2014.09.23 22:19:31.726,1.10747,1.10768,1.39,1.76
2014.09.23 22:19:34.139,1.10746,1.10768,1.74,2.51
2014.09.23 22:19:38.343,1.10745,1.10767,1.71,1.71
2014.09.23 22:19:42.401,1.10746,1.10766,1.46,1.71
2014.09.23 22:19:46.389,1.10744,1.10766,2.21,1.71
2014.09.23 22:19:49.845,1.10744,1.10766,2.21,1.71
2014.09.23 22:19:50.395,1.10745,1.10767,1.74,1.71
2014.09.23 22:19:51.715,1.10745,1.10767,1.74,1.71
2014.09.23 22:19:58.402,1.10746,1.10766,1.39,1.71
2014.09.23 22:20:01.402,1.10747,1.10767,1.31,1.09
2014.09.23 22:20:03.551,1.10746,1.10766,1.66,1.71
2014.09.23 22:20:08.424,1.10744,1.10766,1.71,1.71
2014.09.23 22:20:23.876,1.10745,1.10765,1.74,1.71
2014.09.23 22:20:24.404,1.10745,1.10765,1.74,1.46
2014.09.23 22:20:25.282,1.10747,1.10767,1.56,1.71
2014.09.23 22:20:26.440,1.10747,1.10767,1.71,1.74
2014.09.23 22:20:26.491,1.10747,1.10767,1.84,1.36
2014.09.23 22:20:26.592,1.10751,1.10768,1.66,1.01
2014.09.23 22:20:35.096,1.10751,1.10771,1.39,1.71
2014.09.23 22:20:37.141,1.1075,1.10771,1.74,1.71
2014.09.23 22:20:39.424,1.1075,1.1077,2.21,1.46
2014.09.23 22:20:42.461,1.1075,1.10771,1.74,1.71
2014.09.23 22:20:53.175,1.10751,1.10771,1.66,1.71
2014.09.23 22:20:57.648,1.1075,1.10771,1.74,1.71
2014.09.23 22:21:01.396,1.1075,1.10769,1.46,1.36
2014.09.23 22:21:01.944,1.1075,1.1077,2.21,1.46
2014.09.23 22:21:06.987,1.1075,1.10772,2.21,1.71
2014.09.23 22:21:07.849,1.1075,1.10772,1.71,1.71
2014.09.23 22:21:11.895,1.1075,1.10772,1.64,3.64
2014.09.23 22:21:12.418,1.1075,1.10772,1.74,3.64
2014.09.23 22:21:26.634,1.10751,1.10772,1.64,2.70
2014.09.23 22:21:30.146,1.1075,1.10772,1.74,3.64
2014.09.23 22:21:32.028,1.10753,1.10772,1.19,2.89
2014.09.23 22:21:33.079,1.10752,1.10772,1.39,3.64
2014.09.23 22:21:35.158,1.1075,1.10772,1.74,3.64
2014.09.23 22:21:39.546,1.1075,1.10772,1.74,3.64
2014.09.23 22:21:42.440,1.1075,1.10772,1.74,3.64
2014.09.23 22:22:03.443,1.10751,1.10771,1.64,1.71
2014.09.23 22:22:11.120,1.10749,1.10772,2.21,3.64
2014.09.23 22:22:12.046,1.10749,1.10772,2.06,1.56
2014.09.23 22:22:12.147,1.10751,1.10771,1.56,1.56
2014.09.23 22:22:14.156,1.10749,1.10771,2.06,1.56
2014.09.23 22:22:17.031,1.10749,1.10771,2.44,1.19
2014.09.23 22:22:17.536,1.10751,1.10773,1.71,1.71
2014.09.23 22:22:18.279,1.10753,1.10773,1.64,1.71
2014.09.23 22:22:24.673,1.10752,1.10772,1.74,1.71
2014.09.23 22:22:27.631,1.10752,1.10772,1.74,1.46
2014.09.23 22:22:28.154,1.10752,1.10772,1.74,1.71
2014.09.23 22:22:32.321,1.10751,1.10773,1.84,1.71
2014.09.23 22:22:48.602,1.10754,1.10773,1.71,1.39
2014.09.23 22:22:49.158,1.10753,1.10773,1.74,1.71
2014.09.23 22:22:54.273,1.10753,1.10773,1.76,3.64
2014.09.23 22:22:56.110,1.10753,1.10774,2.14,2.89
2014.09.23 22:22:56.612,1.10753,1.10775,2.21,3.64
2014.09.23 22:22:57.195,1.10753,1.10775,2.21,3.64
2014.09.23 22:22:59.342,1.10753,1.10775,1.74,3.64
2014.09.23 22:23:00.389,1.10753,1.10774,1.66,2.89
2014.09.23 22:23:00.899,1.10752,1.10774,1.66,3.64
2014.09.23 22:23:11.931,1.10752,1.10772,1.66,1.46
2014.09.23 22:23:12.435,1.10752,1.10772,1.71,1.36
2014.09.23 22:23:13.147,1.10753,1.10773,1.74,1.46
2014.09.23 22:23:14.157,1.10752,1.10774,1.71,1.71
2014.09.23 22:23:18.338,1.10752,1.10774,1.71,1.71
2014.09.23 22:23:21.852,1.10754,1.10774,1.64,2.21
2014.09.23 22:23:23.382,1.10753,1.10774,1.74,1.71
2014.09.23 22:23:24.862,1.10753,1.10772,1.66,2.70
2014.09.23 22:23:25.217,1.10751,1.10771,2.21,2.21
2014.09.23 22:23:25.741,1.10751,1.10771,1.84,1.84
2014.09.23 22:23:26.262,1.10754,1.10774,1.76,1.71
2014.09.23 22:23:49.181,1.10756,1.10775,1.37,1.77
2014.09.23 22:23:49.687,1.10755,1.10774,1.66,1.77
2014.09.23 22:24:06.450,1.10754,1.10773,1.74,1.27
2014.09.23 22:24:08.077,1.10755,1.10773,1.66,1.46
2014.09.23 22:24:14.669,1.10755,1.10773,1.66,1.36
2014.09.23 22:24:18.524,1.10755,1.10773,1.66,1.09
2014.09.23 22:24:20.683,1.10754,1.10773,1.74,1.09
2014.09.23 22:24:26.757,1.10754,1.10773,1.71,1.32
2014.09.23 22:24:47.685,1.10752,1.10775,4.01,1.52
2014.09.23 22:25:02.080,1.10752,1.10775,1.84,1.77
2014.09.23 22:25:08.094,1.10755,1.10775,1.71,2.21
2014.09.23 22:25:16.505,1.10755,1.10774,1.64,1.71
2014.09.23 22:25:16.657,1.10753,1.10774,1.74,1.71
2014.09.23 22:25:36.510,1.10753,1.10775,1.74,1.71
2014.09.23 22:25:37.059,1.10754,1.10774,1.74,1.71
2014.09.23 22:25:47.389,1.10753,1.10774,1.71,1.71
2014.09.23 22:25:51.397,1.10754,1.10774,1.74,2.21
2014.09.23 22:25:52.500,1.10753,1.10774,1.71,1.71
2014.09.23 22:25:58.719,1.10753,1.10774,1.34,1.71
2014.09.23 22:25:59.642,1.10753,1.10774,1.34,1.71
2014.09.23 22:26:00.645,1.10753,1.10774,1.34,1.71
2014.09.23 22:26:01.624,1.10754,1.10774,1.36,2.21
2014.09.23 22:26:02.662,1.10753,1.10774,1.34,1.71
2014.09.23 22:26:03.730,1.10753,1.10774,1.34,1.71
2014.09.23 22:26:09.558,1.10754,1.10774,1.36,2.21
2014.09.23 22:26:10.656,1.10753,1.10774,1.34,1.71
2014.09.23 22:26:17.933,1.10753,1.10775,1.34,2.21
2014.09.23 22:26:19.947,1.10754,1.10774,1.39,1.71
2014.09.23 22:26:33.838,1.10753,1.10775,1.34,2.21
2014.09.23 22:26:37.090,1.10753,1.10775,1.34,2.21
2014.09.23 22:26:38.852,1.10753,1.10774,1.34,2.89
2014.09.23 22:26:40.554,1.10753,1.10773,1.26,1.71
2014.09.23 22:26:46.694,1.10752,1.10774,1.36,3.64
2014.09.23 22:26:47.708,1.10754,1.10774,1.29,3.64
2014.09.23 22:26:49.088,1.10754,1.10774,1.29,3.64
2014.09.23 22:26:52.123,1.10753,1.10774,1.26,2.89
2014.09.23 22:26:55.892,1.10752,1.10774,1.74,4.39
2014.09.23 22:26:58.807,1.10752,1.10774,1.74,2.21
2014.09.23 22:27:00.508,1.10753,1.10773,1.71,1.71
2014.09.23 22:27:02.707,1.10751,1.10773,1.71,1.71
2014.09.23 22:27:06.014,1.10752,1.10774,1.71,2.21
2014.09.23 22:27:08.927,1.10752,1.10774,1.71,2.21
2014.09.23 22:27:12.928,1.10752,1.10774,1.71,2.21
2014.09.23 22:27:16.960,1.10753,1.10773,1.71,1.71
2014.09.23 22:27:18.950,1.10753,1.10773,1.71,1.71
2014.09.23 22:27:19.051,1.10753,1.10773,1.71,1.71
2014.09.23 22:27:22.584,1.10753,1.10773,1.74,1.71
2014.09.23 22:27:24.955,1.10751,1.10773,1.46,1.71
2014.09.23 22:27:32.394,1.10752,1.10774,1.71,4.39
2014.09.23 22:27:38.996,1.10754,1.10773,1.39,1.71
2014.09.23 22:27:44.536,1.10753,1.10773,1.74,1.71
2014.09.23 22:27:45.699,1.10753,1.10773,1.74,2.21
2014.09.23 22:27:49.759,1.10752,1.10773,1.71,1.71
2014.09.23 22:27:53.136,1.10753,1.10773,1.74,2.21
2014.09.23 22:28:06.084,1.10752,1.10774,1.71,3.64
2014.09.23 22:28:08.998,1.10752,1.10774,1.71,3.64
2014.09.23 22:28:19.036,1.10753,1.10773,1.66,1.64
2014.09.23 22:28:21.903,1.10753,1.10773,1.56,2.21
2014.09.23 22:28:36.866,1.10751,1.10773,1.74,1.71
2014.09.23 22:28:46.517,1.10751,1.10773,1.46,1.71
2014.09.23 22:28:52.932,1.10752,1.10772,1.29,1.71
2014.09.23 22:28:56.125,1.10752,1.10772,1.29,1.71
2014.09.23 22:28:57.097,1.10752,1.10774,1.29,4.39
2014.09.23 22:28:57.778,1.10752,1.10772,1.19,2.89
2014.09.23 22:28:58.537,1.1075,1.10772,2.21,5.81
2014.09.23 22:29:03.811,1.10752,1.10772,1.31,5.81
2014.09.23 22:29:05.864,1.10752,1.10772,1.31,5.81
2014.09.23 22:29:07.120,1.1075,1.10772,1.46,5.81
2014.09.23 22:29:13.602,1.1075,1.10771,1.84,1.09
2014.09.23 22:29:15.337,1.1075,1.10771,1.84,1.09
2014.09.23 22:29:25.875,1.10751,1.10771,1.19,4.01
2014.09.23 22:29:27.893,1.1075,1.10771,1.69,3.26
2014.09.23 22:29:37.826,1.10751,1.10771,1.19,4.01
2014.09.23 22:29:41.190,1.10751,1.10771,1.39,1.71
2014.09.23 22:29:42.202,1.10751,1.10772,1.39,1.34
2014.09.23 22:29:42.968,1.10751,1.10771,1.39,1.09
2014.09.23 22:29:49.681,1.10751,1.1077,1.39,1.71
2014.09.23 22:29:58.198,1.1075,1.1077,1.34,1.77
2014.09.23 22:30:02.842,1.10752,1.1077,1.19,1.71
2014.09.23 22:30:06.637,1.10751,1.10768,1.69,2.02
2014.09.23 22:30:07.853,1.10751,1.10768,1.84,1.95
2014.09.23 22:30:09.331,1.10751,1.10768,1.84,1.95
2014.09.23 22:30:15.746,1.10752,1.10768,1.39,1.57
2014.09.23 22:30:17.879,1.10751,1.10768,1.74,1.57
2014.09.23 22:30:19.701,1.10752,1.10768,1.39,1.57
2014.09.23 22:30:25.824,1.1075,1.10768,2.21,1.57
2014.09.23 22:30:25.875,1.10752,1.10768,1.39,1.57
2014.09.23 22:30:27.523,1.10751,1.10768,1.66,1.95
2014.09.23 22:30:28.037,1.10751,1.10769,1.71,1.57
2014.09.23 22:30:33.498,1.10752,1.10769,1.74,1.57
2014.09.23 22:30:35.516,1.10752,1.1077,1.74,1.07
2014.09.23 22:30:43.107,1.10753,1.10773,1.76,2.21
2014.09.23 22:30:46.658,1.10752,1.10771,1.36,1.09
2014.09.23 22:30:50.666,1.10752,1.10769,1.36,1.57
2014.09.23 22:30:53.642,1.10753,1.10769,1.26,1.57
2014.09.23 22:30:56.542,1.10753,1.10769,1.26,1.10
2014.09.23 22:31:00.145,1.10753,1.10769,1.26,1.10
2014.09.23 22:31:06.294,1.10753,1.10769,1.26,1.10
2014.09.23 22:31:08.262,1.10753,1.10769,1.19,1.20
2014.09.23 22:31:24.331,1.10753,1.10774,1.69,5.81
2014.09.23 22:31:30.347,1.10753,1.10774,1.19,6.56
2014.09.23 22:31:44.403,1.10753,1.10773,1.00,1.52
2014.09.23 22:31:44.925,1.10753,1.10773,1.19,1.71
2014.09.23 22:31:48.941,1.10752,1.10773,1.84,1.71
2014.09.23 22:31:50.206,1.10753,1.1077,1.39,2.02
2014.09.23 22:31:50.854,1.10753,1.1077,1.39,2.02
2014.09.23 22:32:05.044,1.10753,1.10774,1.84,1.09
2014.09.23 22:32:09.419,1.10753,1.10774,1.39,1.09
2014.09.23 22:32:12.365,1.10752,1.10774,1.34,1.71
2014.09.23 22:32:13.218,1.10754,1.10774,1.19,1.71
2014.09.23 22:32:14.227,1.10753,1.10775,1.39,6.94
2014.09.23 22:32:24.475,1.10754,1.10771,1.19,1.77
2014.09.23 22:32:26.364,1.10753,1.10771,1.39,1.52
2014.09.23 22:32:30.256,1.10752,1.10771,1.34,1.77
2014.09.23 22:32:32.480,1.10752,1.10771,1.34,1.52
2014.09.23 22:32:36.242,1.10752,1.10769,1.34,1.00
2014.09.23 22:32:36.751,1.10752,1.10769,1.34,1.87
2014.09.23 22:32:37.282,1.10753,1.10769,1.34,1.50
2014.09.23 22:32:39.376,1.10754,1.10769,1.34,1.50
2014.09.23 22:32:39.478,1.10757,1.10774,1.84,1.50
2014.09.23 22:32:39.529,1.10757,1.10774,1.84,1.50
2014.09.23 22:32:39.837,1.1076,1.10774,1.34,1.50
2014.09.23 22:32:41.112,1.1076,1.10774,1.84,1.50
2014.09.23 22:32:55.402,1.10761,1.10774,1.40,1.50
2014.09.23 22:32:59.651,1.10761,1.10774,1.34,1.50
2014.09.23 22:33:02.274,1.10761,1.10774,1.29,1.50
2014.09.23 22:33:07.968,1.10761,1.10773,1.29,1.00
2014.09.23 22:33:09.144,1.10761,1.10773,1.29,1.00
2014.09.23 22:33:09.763,1.10761,1.10774,1.29,1.00
2014.09.23 22:33:09.814,1.10761,1.10777,1.29,1.12
2014.09.23 22:33:20.468,1.10761,1.10778,1.39,1.01
2014.09.23 22:33:21.005,1.10761,1.10778,1.46,1.01
2014.09.23 22:33:35.404,1.10761,1.10778,1.74,1.10
2014.09.23 22:33:36.604,1.10761,1.10778,1.74,1.01
2014.09.23 22:33:40.877,1.1076,1.10778,2.96,1.07
2014.09.23 22:33:41.436,1.10761,1.10778,1.64,1.07
2014.09.23 22:33:51.865,1.10761,1.10778,1.64,1.26
2014.09.23 22:33:57.438,1.10761,1.10778,1.64,1.07
2014.09.23 22:33:57.974,1.10761,1.10778,1.71,1.00
2014.09.23 22:33:59.410,1.10761,1.10779,1.71,1.50
2014.09.23 22:34:02.977,1.10761,1.10779,2.21,1.69
2014.09.23 22:34:04.156,1.1076,1.10779,2.96,1.50
2014.09.23 22:34:14.710,1.10761,1.10779,2.21,1.50
2014.09.23 22:34:15.780,1.10761,1.10779,2.21,1.50
2014.09.23 22:34:16.591,1.10761,1.10779,2.21,1.57
2014.09.23 22:34:30.607,1.10762,1.10779,1.31,1.65
2014.09.23 22:34:32.310,1.10761,1.10779,1.66,1.65
2014.09.23 22:34:36.906,1.1076,1.10779,2.96,1.65
2014.09.23 22:34:37.321,1.10762,1.10779,1.46,1.84
2014.09.23 22:34:38.948,1.10761,1.10779,1.71,1.65
2014.09.23 22:34:39.456,1.10761,1.10778,1.71,1.00
2014.09.23 22:34:43.134,1.10761,1.10778,1.71,1.00
2014.09.23 22:34:47.184,1.10761,1.10778,1.71,1.00
2014.09.23 22:34:49.160,1.10761,1.10778,1.71,1.00
2014.09.23 22:34:52.696,1.10762,1.10778,1.46,1.00
2014.09.23 22:34:53.889,1.10762,1.10778,1.46,1.00
2014.09.23 22:34:54.968,1.10761,1.10778,1.71,1.00
2014.09.23 22:34:55.993,1.10761,1.10778,2.21,1.00
2014.09.23 22:35:02.617,1.10761,1.10778,1.71,1.00
2014.09.23 22:35:04.075,1.10762,1.10778,1.46,1.00
2014.09.23 22:35:05.193,1.10762,1.10778,1.46,1.00
2014.09.23 22:35:08.580,1.1076,1.10778,2.21,1.00
2014.09.23 22:35:09.984,1.1076,1.10778,2.21,1.00
2014.09.23 22:35:11.130,1.1076,1.10778,2.21,1.00
2014.09.23 22:35:11.634,1.1076,1.10778,2.21,1.00
2014.09.23 22:35:12.166,1.1076,1.10778,2.21,1.00
2014.09.23 22:35:25.424,1.10762,1.10778,1.46,1.00
2014.09.23 22:35:27.638,1.10762,1.10778,1.46,1.00
2014.09.23 22:35:39.039,1.10762,1.10777,1.31,1.00
2014.09.23 22:35:39.090,1.10762,1.10777,1.31,1.25
2014.09.23 22:35:42.952,1.10762,1.10777,1.31,1.00
2014.09.23 22:35:58.080,1.10761,1.10777,2.06,1.50
2014.09.23 22:35:59.691,1.10763,1.10777,1.19,1.50
2014.09.23 22:36:00.856,1.10762,1.10777,1.31,1.00
2014.09.23 22:36:02.460,1.10761,1.10777,1.56,1.00
2014.09.23 22:36:03.763,1.10762,1.10777,1.31,1.00
2014.09.23 22:36:04.781,1.10761,1.10777,1.31,1.00
2014.09.23 22:36:05.340,1.10761,1.10777,1.56,1.00
2014.09.23 22:36:05.956,1.10761,1.10777,2.06,1.00
2014.09.23 22:36:07.810,1.10761,1.10777,1.56,1.00
2014.09.23 22:36:07.862,1.10761,1.10777,1.56,1.00
2014.09.23 22:36:08.067,1.10761,1.10779,1.56,1.50
2014.09.23 22:36:08.381,1.10761,1.10779,1.56,1.50
2014.09.23 22:36:08.882,1.10762,1.10779,1.56,1.50
2014.09.23 22:36:20.093,1.10763,1.10779,1.36,2.25
2014.09.23 22:36:25.704,1.10762,1.10779,1.46,2.25
2014.09.23 22:36:30.113,1.10763,1.10779,1.36,2.25
2014.09.23 22:36:43.057,1.10763,1.10779,1.36,2.25
2014.09.23 22:36:50.271,1.10761,1.10779,2.21,1.50
2014.09.23 22:36:54.274,1.10763,1.10779,1.36,1.50
2014.09.23 22:36:55.361,1.10762,1.10779,1.46,1.50
2014.09.23 22:36:56.412,1.10762,1.10779,1.46,1.69
2014.09.23 22:37:00.373,1.10763,1.10779,1.36,1.50
2014.09.23 22:37:02.502,1.10762,1.10779,1.46,1.50
2014.09.23 22:37:04.796,1.10762,1.10778,2.21,1.00
2014.09.23 22:37:05.797,1.10762,1.10779,2.21,1.00
2014.09.23 22:37:08.495,1.10762,1.10778,2.21,1.00
2014.09.23 22:37:10.404,1.10762,1.10779,2.21,1.00
2014.09.23 22:37:13.704,1.10762,1.10779,1.46,1.20
2014.09.23 22:37:15.175,1.10763,1.10778,1.19,1.00
2014.09.23 22:37:16.043,1.10761,1.10778,2.21,1.50
2014.09.23 22:37:21.728,1.10762,1.10779,2.21,2.40
2014.09.23 22:37:22.508,1.10763,1.10779,1.19,2.77
2014.09.23 22:37:23.844,1.10763,1.10779,1.19,2.77
2014.09.23 22:37:28.544,1.10761,1.10778,2.21,1.12
2014.09.23 22:37:32.149,1.10763,1.10778,1.09,1.00
2014.09.23 22:37:32.700,1.10763,1.10778,1.46,1.00
2014.09.23 22:37:33.275,1.10763,1.10779,2.21,1.12
2014.09.23 22:37:35.701,1.10763,1.10779,2.21,1.00
2014.09.23 22:37:45.445,1.10763,1.10779,1.76,1.00
2014.09.23 22:37:50.131,1.10763,1.10779,1.76,1.00
2014.09.23 22:37:54.403,1.10763,1.10779,1.74,1.00
2014.09.23 22:37:57.116,1.10763,1.10779,2.21,1.00
2014.09.23 22:37:59.515,1.10764,1.10779,1.66,1.00
2014.09.23 22:38:03.122,1.10763,1.10779,2.21,1.00
2014.09.23 22:38:04.926,1.10763,1.10779,1.74,1.00
2014.09.23 22:38:12.435,1.10763,1.10779,1.74,1.00
2014.09.23 22:38:13.086,1.10762,1.1078,2.96,1.00
2014.09.23 22:38:15.231,1.10762,1.10779,2.96,1.00
2014.09.23 22:38:17.852,1.10764,1.10779,1.74,1.00
2014.09.23 22:38:22.874,1.10763,1.10779,1.71,1.00
2014.09.23 22:38:39.563,1.10762,1.10781,2.21,1.20
2014.09.23 22:38:40.072,1.10762,1.1078,2.21,1.00
2014.09.23 22:38:41.191,1.10762,1.1078,1.46,1.39
2014.09.23 22:38:43.931,1.10761,1.1078,2.21,1.01
2014.09.23 22:38:56.080,1.10762,1.1078,1.74,1.10
2014.09.23 22:39:00.072,1.10764,1.1078,1.31,1.10
2014.09.23 22:39:02.970,1.10762,1.1078,1.71,1.10
2014.09.23 22:39:03.020,1.10763,1.1078,2.89,1.07
2014.09.23 22:39:23.774,1.10762,1.1078,2.21,1.17
2014.09.23 22:39:44.841,1.10762,1.1078,1.71,1.71
2014.09.23 22:39:45.364,1.10762,1.1078,1.71,1.71
2014.09.23 22:40:05.818,1.10762,1.1078,2.89,1.71
2014.09.23 22:40:24.151,1.10763,1.10781,2.89,2.21
2014.09.23 22:40:30.375,1.10763,1.10781,5.81,1.46
2014.09.23 22:40:44.779,1.10764,1.1078,2.89,1.10
2014.09.23 22:40:49.121,1.10764,1.10782,2.89,1.46
2014.09.23 22:40:51.097,1.10764,1.1078,3.64,1.00
2014.09.23 22:40:53.167,1.10764,1.10782,2.89,2.21
2014.09.23 22:41:04.944,1.10763,1.10782,3.64,2.21
2014.09.23 22:41:25.233,1.10765,1.1078,2.89,1.57
2014.09.23 22:41:36.298,1.10765,1.10779,2.89,1.00
2014.09.23 22:41:42.977,1.10764,1.10779,1.71,1.10
2014.09.23 22:41:43.492,1.10764,1.10779,1.71,1.10
2014.09.23 22:42:16.540,1.10765,1.1078,2.70,1.20
2014.09.23 22:42:17.090,1.10765,1.10779,2.70,1.00
2014.09.23 22:42:33.848,1.10763,1.10779,3.64,1.10
2014.09.23 22:42:34.578,1.10763,1.10779,1.71,1.10
2014.09.23 22:42:39.864,1.10763,1.10778,1.71,1.00
2014.09.23 22:42:48.679,1.10763,1.1078,1.71,1.09
2014.09.23 22:42:48.860,1.10763,1.10777,1.71,1.00
2014.09.23 22:42:53.863,1.10762,1.10777,1.71,1.00
2014.09.23 22:43:01.994,1.10762,1.10779,1.84,1.15
2014.09.23 22:43:02.322,1.10764,1.10779,2.89,1.00
2014.09.23 22:43:03.653,1.10764,1.1078,2.89,1.00
2014.09.23 22:43:06.766,1.10764,1.1078,2.89,1.07
2014.09.23 22:43:07.275,1.10763,1.10779,3.64,1.17
2014.09.23 22:43:47.862,1.10767,1.1078,1.55,1.17
2014.09.23 22:43:48.372,1.10767,1.1078,1.52,1.20
2014.09.23 22:44:17.713,1.10765,1.10781,2.96,1.00
2014.09.23 22:44:21.642,1.10766,1.10781,1.71,1.00
2014.09.23 22:44:28.954,1.10766,1.10781,1.71,1.00
2014.09.23 22:44:29.517,1.10772,1.10781,1.12,1.00
2014.09.23 22:44:29.770,1.10767,1.10781,2.21,1.00
2014.09.23 22:44:32.092,1.10774,1.10784,1.00,1.10
2014.09.23 22:44:32.194,1.10774,1.10787,1.25,1.00
2014.09.23 22:44:32.346,1.10775,1.10788,1.15,1.00
2014.09.23 22:44:34.960,1.10774,1.10787,1.19,1.00
2014.09.23 22:44:35.473,1.10772,1.10789,1.26,1.07
2014.09.23 22:44:35.931,1.1077,1.10789,2.21,1.26
2014.09.23 22:44:38.615,1.10771,1.10788,1.46,2.14
2014.09.23 22:44:39.235,1.10771,1.10788,1.36,1.76
2014.09.23 22:44:43.404,1.1077,1.10788,1.46,2.14
2014.09.23 22:44:44.754,1.10771,1.10788,1.09,1.76
2014.09.23 22:44:52.967,1.10769,1.10788,1.71,2.14
2014.09.23 22:44:54.259,1.1077,1.10788,1.46,2.14
2014.09.23 22:44:55.330,1.1077,1.10788,1.46,1.39
2014.09.23 22:44:56.469,1.1077,1.10788,1.71,1.01
2014.09.23 22:44:57.167,1.10769,1.10787,2.21,1.00
2014.09.23 22:44:59.438,1.10769,1.10787,1.46,1.19
2014.09.23 22:45:04.489,1.10769,1.10788,1.46,2.14
2014.09.23 22:45:04.646,1.10769,1.10788,1.46,2.14
2014.09.23 22:45:05.108,1.10768,1.10784,1.39,1.37
2014.09.23 22:45:05.420,1.10772,1.10784,2.32,1.00
2014.09.23 22:45:05.471,1.10772,1.10788,2.32,1.31
2014.09.23 22:45:06.591,1.10772,1.10788,2.51,1.19
2014.09.23 22:45:07.558,1.10772,1.10788,2.51,1.00
2014.09.23 22:45:10.917,1.10772,1.10787,2.89,1.00
2014.09.23 22:45:12.922,1.10772,1.10785,2.89,1.00
2014.09.23 22:45:14.125,1.10772,1.10786,2.89,1.00
2014.09.23 22:45:16.657,1.10771,1.10785,2.89,1.00
2014.09.23 22:45:16.708,1.10769,1.10785,2.21,1.00
2014.09.23 22:45:17.120,1.10768,1.10785,1.74,1.17
2014.09.23 22:45:17.603,1.10768,1.10782,1.46,1.00
2014.09.23 22:45:17.940,1.10768,1.10785,1.74,2.02
2014.09.23 22:45:18.456,1.10769,1.10785,1.46,1.12
2014.09.23 22:45:22.336,1.10767,1.10781,1.71,1.00
2014.09.23 22:45:22.847,1.10765,1.10781,2.21,1.00
2014.09.23 22:45:22.899,1.10765,1.10783,2.21,1.12
2014.09.23 22:45:27.216,1.10764,1.10783,3.64,1.31
2014.09.23 22:45:29.714,1.10764,1.10783,3.64,1.31
2014.09.23 22:45:33.466,1.10764,1.10783,4.39,1.31
2014.09.23 22:45:34.858,1.10764,1.10783,4.39,1.31
2014.09.23 22:45:35.930,1.10764,1.10782,2.21,1.19
2014.09.23 22:45:36.442,1.10764,1.10782,2.21,1.25
2014.09.23 22:45:38.335,1.10764,1.10782,1.71,1.25
2014.09.23 22:45:39.184,1.10764,1.1078,1.71,1.00
2014.09.23 22:45:39.398,1.10764,1.10782,1.71,1.25
2014.09.23 22:45:40.138,1.10764,1.10782,2.21,1.19
2014.09.23 22:45:45.007,1.10764,1.10782,1.64,1.36
2014.09.23 22:45:45.270,1.10762,1.1078,1.26,2.21
2014.09.23 22:45:45.472,1.1076,1.1078,1.34,2.21
2014.09.23 22:45:46.509,1.10759,1.10779,1.46,1.34
2014.09.23 22:45:56.744,1.10759,1.10779,1.74,1.46
2014.09.23 22:45:57.098,1.10758,1.10777,1.46,1.46
2014.09.23 22:45:57.149,1.10756,1.10772,1.46,1.00
2014.09.23 22:45:57.738,1.10755,1.10775,1.84,2.21
2014.09.23 22:45:58.092,1.10757,1.10776,1.76,1.71
2014.09.23 22:45:58.901,1.10757,1.10777,2.96,1.29
2014.09.23 22:45:59.683,1.10759,1.10779,1.46,2.21
2014.09.23 22:46:00.750,1.10759,1.10775,1.46,1.00
2014.09.23 22:46:01.338,1.1076,1.10775,1.39,1.50
2014.09.23 22:46:01.642,1.10762,1.10775,1.74,1.50
2014.09.23 22:46:02.203,1.10762,1.10775,1.71,1.00
2014.09.23 22:46:06.462,1.10762,1.10775,2.21,1.00
2014.09.23 22:46:08.867,1.10764,1.10778,1.77,1.50
2014.09.23 22:46:17.839,1.1076,1.10778,2.21,1.50
2014.09.23 22:46:19.979,1.10761,1.10778,2.21,1.69
2014.09.23 22:46:23.516,1.10761,1.10778,3.64,1.69
2014.09.23 22:46:29.781,1.10762,1.10778,2.21,1.87
2014.09.23 22:46:30.106,1.10762,1.10778,1.09,1.87
2014.09.23 22:46:30.410,1.10758,1.10772,1.19,1.45
2014.09.23 22:46:30.461,1.10756,1.10774,1.01,1.71
2014.09.23 22:46:30.866,1.10759,1.10774,1.00,1.66
2014.09.23 22:46:30.917,1.1076,1.10774,1.00,1.66
2014.09.23 22:46:34.210,1.10765,1.10776,1.00,2.21
2014.09.23 22:46:34.261,1.10765,1.10776,1.00,2.06
2014.09.23 22:46:34.768,1.10765,1.10776,1.00,1.19
2014.09.23 22:46:35.275,1.10765,1.1078,1.00,1.19
2014.09.23 22:46:37.331,1.10765,1.10781,1.00,2.21
2014.09.23 22:46:37.635,1.10765,1.10781,1.00,2.59
2014.09.23 22:46:40.426,1.10763,1.10779,1.00,2.21
2014.09.23 22:46:51.971,1.10764,1.1078,1.00,2.21
2014.09.23 22:46:52.503,1.10764,1.1078,1.00,2.21
2014.09.23 22:47:01.650,1.10763,1.1078,1.50,2.21
2014.09.23 22:47:01.752,1.10763,1.10779,1.50,2.21
2014.09.23 22:47:02.106,1.10763,1.10779,1.50,1.29
2014.09.23 22:47:03.049,1.10763,1.10779,1.50,1.01
2014.09.23 22:47:10.593,1.10764,1.10779,1.00,1.01
2014.09.23 22:47:16.214,1.10764,1.10779,1.00,1.29
2014.09.23 22:47:17.165,1.10764,1.10779,1.00,1.01
2014.09.23 22:47:27.584,1.10764,1.10779,1.00,1.29
2014.09.23 22:47:29.589,1.10764,1.10779,1.00,1.01
2014.09.23 22:47:32.020,1.10764,1.10779,1.00,1.39
2014.09.23 22:47:34.077,1.10764,1.10779,1.00,1.77
2014.09.23 22:47:34.608,1.10763,1.10779,1.00,1.71
2014.09.23 22:48:01.064,1.10764,1.10779,1.00,1.34
2014.09.23 22:48:01.539,1.1076,1.10779,2.14,1.34
2014.09.23 22:48:03.858,1.10764,1.10781,1.00,3.64
2014.09.23 22:48:04.347,1.10764,1.10781,1.00,2.21
2014.09.23 22:48:10.584,1.10765,1.10781,1.00,1.71
2014.09.23 22:48:12.781,1.10765,1.10781,1.00,2.21
2014.09.23 22:48:14.957,1.10765,1.10781,1.00,2.21
2014.09.23 22:48:19.833,1.10765,1.10781,1.00,1.71
2014.09.23 22:48:20.674,1.10765,1.10781,1.00,1.71
2014.09.23 22:48:22.104,1.10765,1.1078,1.00,2.21
2014.09.23 22:48:28.425,1.10765,1.10781,1.00,2.21
2014.09.23 22:48:31.668,1.10765,1.1078,1.00,1.74
2014.09.23 22:48:32.174,1.10764,1.10779,1.00,2.21
2014.09.23 22:48:32.708,1.10764,1.10779,1.00,1.39
2014.09.23 22:48:33.463,1.10764,1.1078,1.00,1.74
2014.09.23 22:48:37.113,1.10763,1.10781,1.10,2.96
2014.09.23 22:48:37.647,1.10764,1.10781,1.00,2.96
2014.09.23 22:48:44.282,1.10764,1.1078,1.00,1.46
2014.09.23 22:48:45.298,1.10764,1.10781,1.00,2.96
2014.09.23 22:48:46.287,1.10764,1.1078,1.00,1.46
2014.09.23 22:48:52.559,1.10763,1.1078,1.57,1.74
2014.09.23 22:48:53.373,1.10763,1.1078,1.65,1.74
2014.09.23 22:48:54.271,1.10763,1.1078,1.65,1.74
2014.09.23 22:48:55.044,1.10763,1.1078,1.57,1.71
2014.09.23 22:48:55.348,1.10763,1.10773,1.50,1.25
2014.09.23 22:48:55.449,1.10759,1.10773,1.00,1.62
2014.09.23 22:48:55.914,1.10759,1.10773,1.00,1.25
2014.09.23 22:48:56.437,1.10759,1.10773,1.00,1.62
2014.09.23 22:48:58.817,1.10759,1.10773,1.00,1.31
2014.09.23 22:49:05.820,1.10759,1.10773,1.00,1.12
2014.09.23 22:49:15.909,1.10759,1.10773,1.00,1.39
2014.09.23 22:49:26.687,1.1076,1.10773,1.00,1.20
2014.09.23 22:49:26.839,1.1076,1.10776,1.50,1.47
2014.09.23 22:49:38.194,1.1076,1.10776,1.50,2.89
2014.09.23 22:49:43.087,1.10762,1.10775,1.50,1.56
2014.09.23 22:49:43.188,1.10764,1.10777,1.00,2.44
2014.09.23 22:49:43.290,1.10764,1.10777,1.07,1.25
2014.09.23 22:49:43.745,1.10764,1.10775,1.00,1.00
2014.09.23 22:49:44.252,1.10764,1.10775,1.00,1.26
2014.09.23 22:49:44.910,1.10764,1.10775,1.00,1.76
2014.09.23 22:49:48.028,1.10764,1.10775,1.00,2.14
2014.09.23 22:49:49.140,1.10762,1.10775,1.00,1.64
2014.09.23 22:49:49.191,1.10758,1.10775,1.07,1.64
2014.09.23 22:50:00.524,1.10759,1.10775,1.20,1.64
2014.09.23 22:50:01.055,1.1076,1.10775,1.20,1.56
2014.09.23 22:50:12.836,1.10765,1.10775,1.00,1.62
2014.09.23 22:50:12.988,1.10765,1.10778,1.65,2.06
2014.09.23 22:50:14.199,1.10765,1.10778,1.50,2.96
2014.09.23 22:50:15.180,1.10765,1.10778,1.50,2.96
2014.09.23 22:50:18.067,1.10765,1.10778,1.50,2.21
2014.09.23 22:50:22.082,1.10762,1.10777,1.50,1.66
2014.09.23 22:50:23.115,1.10762,1.10778,1.50,4.46
2014.09.23 22:50:27.710,1.10762,1.10776,1.50,1.56
2014.09.23 22:50:30.191,1.10762,1.10778,1.50,4.46
2014.09.23 22:50:31.306,1.10762,1.10776,1.50,1.56
2014.09.23 22:50:40.551,1.10762,1.10776,1.00,2.14
2014.09.23 22:50:41.048,1.10756,1.10773,2.51,1.45
2014.09.23 22:50:41.352,1.10756,1.10771,1.50,1.20
2014.09.23 22:51:01.487,1.10755,1.10771,1.76,1.20
2014.09.23 22:51:01.997,1.10755,1.10771,1.84,1.20
2014.09.23 22:51:02.508,1.10755,1.10772,1.84,1.74
2014.09.23 22:51:04.201,1.10755,1.10772,1.65,1.74
2014.09.23 22:51:09.277,1.10755,1.10772,1.65,1.74
2014.09.23 22:51:17.745,1.10756,1.10772,1.47,1.36
2014.09.23 22:51:17.797,1.10762,1.10774,1.00,2.21
2014.09.23 22:51:17.848,1.10762,1.10774,1.00,2.21
2014.09.23 22:51:17.949,1.10762,1.10773,1.00,1.46
2014.09.23 22:51:18.303,1.10757,1.10773,1.25,1.71
2014.09.23 22:51:34.453,1.10757,1.10772,1.00,1.74
2014.09.23 22:51:39.735,1.10757,1.10773,1.00,1.71
2014.09.23 22:51:44.356,1.10757,1.10772,1.00,1.74
2014.09.23 22:51:46.726,1.10756,1.10772,1.10,1.74
2014.09.23 22:51:49.563,1.10756,1.10773,1.76,2.21
2014.09.23 22:52:00.415,1.10756,1.10773,1.76,2.21
2014.09.23 22:52:01.536,1.10753,1.10773,1.71,2.96
2014.09.23 22:52:04.645,1.10756,1.10773,1.10,2.21
2014.09.23 22:52:05.152,1.10756,1.10773,1.00,2.21
2014.09.23 22:52:05.997,1.10756,1.10773,1.19,2.21
2014.09.23 22:52:08.709,1.10756,1.10773,1.00,2.21
2014.09.23 22:52:24.828,1.10754,1.10773,1.66,1.71
2014.09.23 22:52:25.517,1.10754,1.10773,1.66,1.71
2014.09.23 22:52:30.179,1.10756,1.10773,1.87,1.71
2014.09.23 22:52:32.275,1.10756,1.10773,1.95,1.64
2014.09.23 22:52:32.326,1.10756,1.10773,1.95,1.26
2014.09.23 22:52:32.630,1.10761,1.10774,1.00,1.77
2014.09.23 22:52:33.136,1.10761,1.10773,1.00,1.27
2014.09.23 22:52:40.814,1.10757,1.10773,1.00,2.21
2014.09.23 22:52:44.013,1.10757,1.10773,1.00,2.21
2014.09.23 22:52:52.218,1.10756,1.10771,1.50,1.39
2014.09.23 22:52:58.877,1.10756,1.10772,1.00,1.74
2014.09.23 22:52:59.887,1.10756,1.10773,1.00,3.71
2014.09.23 22:53:06.979,1.10756,1.1077,1.50,1.37
2014.09.23 22:53:07.480,1.10756,1.10772,1.50,1.71
2014.09.23 22:53:17.625,1.10757,1.10772,1.12,1.34
2014.09.23 22:53:17.726,1.10757,1.10773,1.20,1.56
2014.09.23 22:53:20.134,1.10754,1.10773,1.66,1.71
2014.09.23 22:53:28.209,1.10753,1.10773,1.46,1.52
2014.09.23 22:53:28.721,1.10753,1.10773,2.21,1.77
2014.09.23 22:53:29.532,1.10753,1.10773,2.21,1.71
2014.09.23 22:53:31.063,1.10753,1.10773,2.21,2.21
2014.09.23 22:53:32.819,1.10753,1.10773,2.21,2.21
2014.09.23 22:53:34.554,1.10753,1.10773,2.21,1.71
2014.09.23 22:53:35.566,1.10753,1.10773,2.21,1.77
2014.09.23 22:53:37.129,1.10753,1.10773,2.21,1.71
2014.09.23 22:53:37.908,1.10753,1.10773,2.21,1.71
2014.09.23 22:53:38.548,1.10754,1.10773,1.71,1.71
2014.09.23 22:53:39.659,1.10755,1.10773,1.46,1.77
2014.09.23 22:53:41.337,1.10753,1.10773,2.21,1.77
2014.09.23 22:53:56.665,1.10754,1.10773,1.71,1.71
2014.09.23 22:53:58.368,1.10754,1.10773,1.71,1.71
2014.09.23 22:54:20.012,1.10754,1.10773,2.21,1.71
2014.09.23 22:54:22.818,1.10754,1.10773,1.71,1.71
2014.09.23 22:54:25.724,1.10754,1.10773,1.71,2.21
2014.09.23 22:54:28.228,1.10754,1.10773,1.71,1.71
2014.09.23 22:54:32.448,1.10753,1.10773,1.71,2.21
2014.09.23 22:54:34.279,1.10754,1.10774,1.71,1.71
2014.09.23 22:54:37.498,1.10754,1.10774,1.71,2.21
2014.09.23 22:54:39.895,1.10753,1.10774,1.71,1.71
2014.09.23 22:54:44.447,1.10753,1.10774,1.71,1.71
2014.09.23 22:54:49.219,1.10754,1.10771,1.74,1.55
2014.09.23 22:54:53.880,1.10754,1.10771,2.21,1.46
2014.09.23 22:55:00.808,1.10754,1.10772,2.21,1.71
2014.09.23 22:55:05.500,1.10754,1.10772,3.64,1.07
2014.09.23 22:55:05.551,1.10755,1.10772,2.89,1.10
2014.09.23 22:55:05.855,1.10757,1.10775,2.89,2.96
2014.09.23 22:55:06.159,1.1076,1.10777,2.70,2.21
2014.09.23 22:55:14.489,1.1076,1.10777,2.70,1.71
2014.09.23 22:55:15.102,1.1076,1.10778,2.89,1.46
2014.09.23 22:55:47.803,1.10759,1.10777,2.89,1.40
2014.09.23 22:55:48.534,1.10758,1.10776,5.81,1.15
2014.09.23 22:55:53.562,1.10758,1.10776,5.06,1.34
2014.09.23 22:55:55.635,1.10758,1.10776,5.06,1.40
2014.09.23 22:55:57.004,1.10762,1.10776,1.17,1.15
2014.09.23 22:55:57.511,1.10762,1.10776,1.00,8.06
2014.09.23 22:56:25.470,1.10761,1.10775,1.50,2.96
2014.09.23 22:56:42.593,1.10754,1.10775,5.81,2.21
2014.09.23 22:56:47.498,1.10756,1.10775,2.89,1.77
2014.09.23 22:56:48.003,1.10757,1.10775,2.89,2.96
2014.09.23 22:57:07.664,1.10757,1.1077,2.89,1.00
2014.09.23 22:57:07.816,1.10756,1.1077,1.71,1.00
2014.09.23 22:57:26.860,1.10758,1.1077,1.09,1.10
2014.09.23 22:57:27.365,1.10758,1.1077,1.10,1.10
2014.09.23 22:57:47.786,1.10758,1.1077,1.00,1.07
2014.09.23 22:57:52.491,1.10754,1.1077,1.71,1.15
2014.09.23 22:58:00.169,1.10754,1.1077,1.56,1.00
2014.09.23 22:58:07.669,1.10754,1.10773,1.56,1.31
2014.09.23 22:58:08.208,1.10754,1.10774,1.56,2.81
2014.09.23 22:58:09.907,1.10757,1.10774,1.25,2.06
2014.09.23 22:58:13.566,1.10757,1.10774,1.19,2.06
2014.09.23 22:58:14.586,1.10757,1.10774,1.25,2.06
2014.09.23 22:58:17.273,1.10757,1.10774,1.00,1.56
2014.09.23 22:58:24.889,1.10757,1.10774,1.00,2.06
2014.09.23 22:58:29.055,1.10757,1.10771,1.25,1.00
2014.09.23 22:58:30.129,1.10758,1.10771,1.12,1.00
2014.09.23 22:58:43.228,1.10756,1.1077,1.25,1.00
2014.09.23 22:58:54.251,1.10757,1.10769,1.50,1.00
2014.09.23 22:59:02.578,1.10753,1.10769,1.56,1.00
2014.09.23 22:59:06.502,1.10753,1.10769,1.62,1.00
2014.09.23 22:59:06.603,1.10753,1.10769,2.06,1.00
2014.09.23 22:59:08.899,1.10753,1.10769,1.56,1.00
2014.09.23 22:59:20.517,1.10755,1.10769,1.69,1.00
2014.09.23 22:59:25.115,1.10755,1.10769,1.69,1.00
2014.09.23 22:59:25.727,1.10755,1.1077,1.69,1.25
2014.09.23 22:59:31.153,1.10755,1.1077,1.69,1.00
2014.09.23 22:59:33.462,1.10755,1.1077,1.69,1.25
2014.09.23 22:59:35.178,1.10755,1.10769,1.69,1.00
2014.09.23 22:59:38.471,1.10756,1.10769,1.00,1.00
2014.09.23 22:59:45.733,1.10756,1.1077,1.00,1.00
2014.09.23 22:59:49.467,1.10753,1.1077,1.56,1.00
2014.09.23 22:59:53.060,1.10752,1.1077,1.56,1.19
2014.09.23 22:59:55.284,1.10752,1.1077,1.56,1.00
2014.09.23 22:59:56.203,1.10752,1.10769,1.56,1.00
2014.09.23 22:59:56.577,1.10753,1.10769,1.56,1.00
