2017.03.08 17:00:00.043,1.34793,1.34801,1.37,1.50
2017.03.08 17:00:00.145,1.34793,1.34802,3.00,2.25
2017.03.08 17:00:00.678,1.34797,1.34803,1.00,1.00
2017.03.08 17:00:01.152,1.34797,1.34801,1.00,1.00
2017.03.08 17:00:01.240,1.34797,1.34804,1.00,1.87
2017.03.08 17:00:01.850,1.34796,1.34803,1.50,1.00
2017.03.08 17:00:02.480,1.34796,1.34804,1.50,1.50
2017.03.08 17:00:03.118,1.34798,1.34802,1.00,1.00
2017.03.08 17:00:03.169,1.34798,1.34804,1.00,1.00
2017.03.08 17:00:03.686,1.34797,1.34803,1.12,1.00
2017.03.08 17:00:04.812,1.348,1.34806,1.00,2.62
2017.03.08 17:00:05.084,1.34803,1.3481,1.12,1.00
2017.03.08 17:00:05.186,1.34803,1.34808,1.00,1.50
2017.03.08 17:00:05.490,1.34801,1.34805,1.00,1.00
2017.03.08 17:00:05.844,1.34802,1.34809,1.00,1.87
2017.03.08 17:00:06.148,1.34802,1.34809,1.12,2.17
2017.03.08 17:00:06.602,1.34801,1.34809,3.00,2.17
2017.03.08 17:00:06.653,1.34803,1.34811,1.12,3.75
2017.03.08 17:00:06.959,1.34806,1.34811,1.00,1.00
2017.03.08 17:00:07.263,1.34804,1.34809,1.00,1.04
2017.03.08 17:00:07.558,1.34803,1.3481,1.12,1.79
2017.03.08 17:00:07.609,1.34805,1.3481,1.00,1.04
2017.03.08 17:00:07.660,1.34805,1.34812,1.00,2.17
2017.03.08 17:00:07.914,1.34808,1.34812,1.00,1.42
2017.03.08 17:00:08.117,1.34806,1.34813,1.12,3.29
2017.03.08 17:00:08.573,1.34806,1.34811,1.00,1.37
2017.03.08 17:00:08.923,1.34808,1.34812,1.00,1.42
2017.03.08 17:00:09.323,1.34805,1.34813,1.00,2.54
2017.03.08 17:00:09.374,1.34808,1.34812,1.00,1.00
2017.03.08 17:00:09.679,1.34805,1.34812,1.00,1.00
2017.03.08 17:00:10.034,1.34808,1.34812,1.00,1.00
2017.03.08 17:00:11.196,1.34808,1.34813,1.50,1.04
2017.03.08 17:00:11.500,1.34815,1.3482,1.37,2.10
2017.03.08 17:00:12.357,1.34817,1.34821,1.00,2.47
2017.03.08 17:00:12.560,1.34822,1.34826,1.00,4.12
2017.03.08 17:00:12.611,1.3482,1.34827,3.00,2.92
2017.03.08 17:00:12.662,1.3482,1.34828,3.37,1.67
2017.03.08 17:00:12.713,1.3482,1.34828,3.37,1.67
2017.03.08 17:00:14.112,1.34821,1.34829,1.00,1.04
2017.03.08 17:00:14.682,1.3482,1.34828,1.50,1.67
2017.03.08 17:00:15.480,1.3482,1.34828,1.37,1.67
2017.03.08 17:00:17.484,1.34821,1.34828,1.87,1.04
2017.03.08 17:00:18.090,1.34821,1.34829,1.12,1.79
2017.03.08 17:00:18.743,1.34821,1.34828,1.12,1.00
2017.03.08 17:00:19.257,1.34821,1.34829,1.12,1.79
2017.03.08 17:00:19.792,1.34821,1.34828,1.12,1.00
2017.03.08 17:00:19.843,1.34823,1.34829,1.00,1.04
2017.03.08 17:00:19.995,1.34821,1.34828,1.12,1.00
2017.03.08 17:00:20.500,1.34822,1.34828,1.37,1.00
2017.03.08 17:00:21.006,1.34822,1.34829,1.12,1.00
2017.03.08 17:00:21.898,1.34821,1.34831,3.75,1.42
2017.03.08 17:00:22.435,1.34823,1.34832,1.50,3.29
2017.03.08 17:00:22.762,1.34823,1.34832,2.25,3.00
2017.03.08 17:00:23.809,1.34823,1.34832,2.25,3.00
2017.03.08 17:00:24.168,1.34822,1.3483,3.00,1.00
2017.03.08 17:00:24.708,1.34822,1.34829,1.50,1.00
2017.03.08 17:00:24.961,1.3482,1.34829,1.12,1.12
2017.03.08 17:00:25.709,1.34819,1.34828,3.00,1.00
2017.03.08 17:00:25.811,1.34819,1.34826,2.25,1.00
2017.03.08 17:00:26.337,1.34819,1.34826,1.12,1.12
2017.03.08 17:00:26.844,1.34819,1.34826,1.00,1.42
2017.03.08 17:00:27.392,1.34818,1.34826,1.50,1.42
2017.03.08 17:00:27.696,1.34816,1.34824,3.37,1.00
2017.03.08 17:00:27.848,1.34816,1.34824,1.50,1.00
2017.03.08 17:00:30.346,1.34816,1.34824,1.37,1.00
2017.03.08 17:00:30.448,1.34816,1.34824,1.87,1.00
2017.03.08 17:00:30.954,1.34815,1.34826,2.25,3.75
2017.03.08 17:00:31.459,1.34815,1.34824,3.00,1.50
2017.03.08 17:00:32.221,1.34815,1.34824,3.00,1.50
2017.03.08 17:00:32.322,1.34815,1.34824,4.12,1.00
2017.03.08 17:00:32.524,1.34815,1.34824,2.25,1.00
2017.03.08 17:00:32.988,1.34815,1.34822,1.50,1.00
2017.03.08 17:00:33.604,1.34813,1.34823,4.50,1.87
2017.03.08 17:00:34.252,1.34813,1.34818,3.00,1.00
2017.03.08 17:00:34.456,1.3481,1.34818,1.50,1.12
2017.03.08 17:00:35.527,1.3481,1.3482,3.19,1.26
2017.03.08 17:00:36.990,1.34811,1.34819,1.12,1.00
2017.03.08 17:00:37.092,1.3481,1.3482,4.32,1.50
2017.03.08 17:00:37.243,1.3481,1.34819,2.44,1.00
2017.03.08 17:00:37.648,1.34812,1.3482,1.00,3.75
2017.03.08 17:00:37.749,1.34812,1.3482,1.00,1.87
2017.03.08 17:00:38.395,1.34812,1.3482,1.00,1.87
2017.03.08 17:00:38.946,1.34813,1.34821,2.44,1.00
2017.03.08 17:00:38.996,1.34816,1.34821,1.00,1.00
2017.03.08 17:00:39.199,1.34817,1.34825,1.12,3.00
2017.03.08 17:00:39.250,1.34818,1.34825,1.00,1.00
2017.03.08 17:00:39.402,1.34817,1.34823,1.12,1.00
2017.03.08 17:00:39.705,1.34815,1.34822,1.00,1.37
2017.03.08 17:00:39.958,1.34814,1.34823,3.94,1.00
2017.03.08 17:00:41.244,1.34817,1.34823,1.00,1.00
2017.03.08 17:00:41.757,1.34817,1.34823,1.00,1.50
2017.03.08 17:00:42.469,1.34818,1.34822,1.00,1.12
2017.03.08 17:00:42.672,1.34818,1.34826,1.00,6.00
2017.03.08 17:00:43.426,1.34819,1.34826,1.00,6.00
2017.03.08 17:00:43.831,1.34819,1.34826,1.00,1.87
2017.03.08 17:00:44.336,1.3482,1.34826,1.00,1.87
2017.03.08 17:00:44.595,1.34818,1.34826,1.00,2.62
2017.03.08 17:00:45.096,1.34817,1.34825,1.00,1.12
2017.03.08 17:00:45.616,1.34818,1.34826,1.00,4.12
2017.03.08 17:00:46.133,1.34817,1.34826,1.00,4.87
2017.03.08 17:00:46.546,1.34816,1.34823,1.12,2.62
2017.03.08 17:00:46.849,1.34817,1.34822,1.00,1.50
2017.03.08 17:00:47.294,1.34815,1.34823,1.00,4.12
2017.03.08 17:00:47.738,1.34817,1.34823,1.00,3.37
2017.03.08 17:00:47.839,1.34816,1.34823,1.00,1.00
2017.03.08 17:00:48.368,1.34817,1.34825,1.50,1.87
2017.03.08 17:00:48.877,1.34817,1.34825,3.00,1.12
2017.03.08 17:00:50.610,1.34817,1.34826,1.87,3.75
2017.03.08 17:00:51.806,1.34819,1.34826,1.00,2.25
2017.03.08 17:00:53.257,1.34819,1.34824,1.00,1.00
2017.03.08 17:00:53.308,1.34817,1.34824,1.12,1.00
2017.03.08 17:00:53.409,1.34817,1.34821,1.00,1.00
2017.03.08 17:00:53.460,1.34817,1.34822,1.00,1.00
2017.03.08 17:00:53.511,1.34817,1.34824,1.00,1.87
2017.03.08 17:00:53.613,1.34819,1.34823,1.00,1.00
2017.03.08 17:00:54.118,1.3482,1.34824,1.00,1.50
2017.03.08 17:00:54.849,1.34819,1.34823,1.00,1.00
2017.03.08 17:00:55.392,1.3482,1.34824,1.00,1.50
2017.03.08 17:00:55.898,1.34821,1.34825,1.00,1.00
2017.03.08 17:00:56.506,1.34821,1.34827,1.00,2.35
2017.03.08 17:00:57.028,1.34822,1.34827,1.00,1.22
2017.03.08 17:00:57.382,1.34824,1.34829,1.00,1.97
2017.03.08 17:00:57.736,1.34823,1.34828,1.12,1.47
2017.03.08 17:00:57.938,1.34825,1.34829,1.00,1.22
2017.03.08 17:00:58.271,1.34823,1.34827,1.87,1.00
2017.03.08 17:00:58.373,1.34824,1.34829,1.50,1.00
2017.03.08 17:00:58.424,1.34823,1.34828,1.87,1.47
2017.03.08 17:00:58.970,1.34823,1.34829,1.87,1.97
2017.03.08 17:00:59.747,1.34823,1.3483,1.50,1.97
2017.03.08 17:01:00.138,1.34821,1.34826,3.00,1.00
2017.03.08 17:01:00.239,1.34819,1.34826,5.25,1.00
2017.03.08 17:01:00.290,1.34819,1.34826,2.25,1.50
2017.03.08 17:01:00.544,1.3482,1.34826,1.00,2.25
2017.03.08 17:01:00.696,1.34821,1.34828,1.00,3.57
2017.03.08 17:01:00.798,1.34823,1.34828,1.50,4.50
2017.03.08 17:01:01.000,1.34825,1.34832,1.00,1.50
2017.03.08 17:01:01.089,1.34825,1.34829,1.00,1.00
2017.03.08 17:01:01.392,1.34823,1.34828,1.00,1.19
2017.03.08 17:01:01.716,1.34825,1.34829,1.00,1.00
2017.03.08 17:01:02.020,1.34823,1.34828,1.00,1.69
2017.03.08 17:01:02.805,1.34823,1.34828,1.00,1.19
2017.03.08 17:01:03.233,1.34825,1.3483,1.00,1.98
2017.03.08 17:01:03.914,1.34824,1.34829,1.00,1.23
2017.03.08 17:01:04.428,1.34826,1.3483,1.00,1.87
2017.03.08 17:01:05.414,1.34824,1.34829,1.00,1.23
2017.03.08 17:01:05.934,1.34824,1.34829,1.00,1.23
2017.03.08 17:01:06.458,1.34824,1.3483,1.00,1.11
2017.03.08 17:01:06.610,1.34822,1.34828,1.50,1.15
2017.03.08 17:01:07.738,1.3482,1.34828,1.87,1.98
2017.03.08 17:01:08.246,1.3482,1.34827,1.00,1.00
2017.03.08 17:01:08.820,1.34823,1.34827,1.00,1.00
2017.03.08 17:01:09.429,1.34823,1.34828,1.00,1.15
2017.03.08 17:01:10.159,1.34824,1.3483,1.00,1.98
2017.03.08 17:01:10.715,1.34824,1.3483,1.00,3.48
2017.03.08 17:01:11.246,1.34821,1.34829,2.25,1.98
2017.03.08 17:01:11.757,1.34821,1.34829,1.50,2.36
2017.03.08 17:01:13.978,1.34822,1.34829,1.00,1.61
2017.03.08 17:01:23.571,1.34824,1.3483,1.00,2.36
2017.03.08 17:01:23.925,1.34822,1.3483,2.25,1.00
2017.03.08 17:01:24.228,1.34824,1.3483,1.00,1.11
2017.03.08 17:01:24.734,1.34824,1.34832,1.00,2.73
2017.03.08 17:01:25.139,1.34824,1.3483,1.00,1.11
2017.03.08 17:01:25.694,1.34824,1.34832,1.00,1.98
2017.03.08 17:01:26.562,1.34824,1.34829,1.00,1.67
2017.03.08 17:01:27.154,1.34823,1.34831,1.12,1.67
2017.03.08 17:01:27.255,1.34824,1.34832,1.00,2.54
2017.03.08 17:01:29.159,1.34824,1.34832,1.50,2.54
2017.03.08 17:01:29.721,1.34824,1.34832,1.50,2.54
2017.03.08 17:01:29.872,1.34824,1.3483,1.50,2.17
2017.03.08 17:01:30.176,1.34823,1.34828,1.50,1.69
2017.03.08 17:01:31.428,1.34824,1.34832,1.50,4.32
2017.03.08 17:01:33.360,1.34825,1.34831,1.50,1.50
2017.03.08 17:01:33.968,1.34825,1.34832,1.37,1.50
2017.03.08 17:01:34.075,1.34825,1.34832,1.12,1.50
2017.03.08 17:01:34.652,1.34825,1.34831,1.12,1.00
2017.03.08 17:01:35.179,1.34825,1.34832,1.12,1.50
2017.03.08 17:01:35.558,1.34829,1.34833,1.00,2.62
2017.03.08 17:01:35.912,1.34829,1.34834,1.00,3.00
2017.03.08 17:01:36.658,1.34829,1.34833,1.12,1.00
2017.03.08 17:01:38.245,1.34827,1.34834,2.25,2.25
2017.03.08 17:01:38.778,1.34828,1.34835,1.50,1.87
2017.03.08 17:01:39.831,1.34832,1.34836,1.00,2.25
2017.03.08 17:01:39.983,1.34833,1.34838,1.00,3.00
2017.03.08 17:01:40.082,1.34832,1.34841,4.12,1.87
2017.03.08 17:01:40.183,1.34832,1.34836,1.50,1.00
2017.03.08 17:01:40.530,1.34828,1.34833,3.37,1.00
2017.03.08 17:01:40.581,1.34828,1.34834,1.50,1.00
2017.03.08 17:01:40.783,1.34829,1.34836,1.12,1.12
2017.03.08 17:01:41.802,1.34829,1.34836,1.00,1.50
2017.03.08 17:01:42.335,1.34829,1.34836,1.12,2.62
2017.03.08 17:01:45.096,1.34829,1.34834,1.12,1.00
2017.03.08 17:01:45.610,1.34829,1.34835,1.12,1.00
2017.03.08 17:01:46.544,1.34829,1.34834,1.12,1.00
2017.03.08 17:01:47.325,1.34829,1.34835,1.12,1.00
2017.03.08 17:01:47.875,1.34829,1.34836,1.12,1.12
2017.03.08 17:01:48.203,1.34829,1.34835,1.37,1.37
2017.03.08 17:01:48.258,1.34828,1.34836,1.50,2.62
2017.03.08 17:01:51.722,1.3483,1.34836,1.00,1.50
2017.03.08 17:01:52.227,1.34829,1.34835,1.00,1.50
2017.03.08 17:01:53.004,1.34829,1.34834,1.00,1.00
2017.03.08 17:01:54.049,1.34828,1.34832,1.00,1.00
2017.03.08 17:01:54.557,1.34826,1.34833,4.87,1.00
2017.03.08 17:01:54.608,1.34826,1.34833,3.00,1.50
2017.03.08 17:01:55.119,1.34826,1.34832,3.00,1.00
2017.03.08 17:01:55.554,1.34826,1.34833,4.93,1.00
2017.03.08 17:01:56.046,1.34826,1.3483,2.62,1.00
2017.03.08 17:01:56.299,1.34822,1.34829,2.62,1.00
2017.03.08 17:01:56.401,1.34824,1.34831,2.62,5.62
2017.03.08 17:01:56.502,1.34821,1.3483,1.75,2.25
2017.03.08 17:01:56.741,1.34822,1.3483,2.62,1.00
2017.03.08 17:01:57.327,1.34822,1.34829,2.62,1.00
2017.03.08 17:01:57.429,1.34821,1.34828,4.87,1.00
2017.03.08 17:01:58.036,1.34821,1.34828,4.87,1.00
2017.03.08 17:01:58.593,1.34822,1.3483,1.75,1.50
2017.03.08 17:01:58.643,1.34821,1.34828,3.37,1.00
2017.03.08 17:01:59.925,1.34822,1.34828,2.62,1.00
2017.03.08 17:02:00.431,1.34823,1.34828,1.00,1.00
2017.03.08 17:02:00.633,1.34821,1.34828,2.62,1.00
2017.03.08 17:02:00.835,1.34819,1.34826,2.62,1.00
2017.03.08 17:02:01.038,1.34817,1.34826,4.12,1.00
2017.03.08 17:02:02.300,1.34817,1.34825,2.62,1.00
2017.03.08 17:02:02.503,1.34817,1.34825,1.00,1.00
2017.03.08 17:02:03.019,1.34817,1.34826,1.00,2.25
2017.03.08 17:02:03.266,1.34817,1.34823,1.50,1.00
2017.03.08 17:02:03.781,1.34817,1.34823,1.50,1.00
2017.03.08 17:02:05.293,1.34818,1.34825,2.62,1.00
2017.03.08 17:02:05.843,1.34818,1.34825,2.25,1.00
2017.03.08 17:02:07.033,1.34818,1.34825,1.87,1.12
2017.03.08 17:02:07.572,1.34818,1.34825,2.25,1.50
2017.03.08 17:02:08.184,1.34819,1.34824,1.12,1.00
2017.03.08 17:02:08.648,1.34819,1.34826,1.12,1.00
2017.03.08 17:02:08.851,1.34819,1.34826,1.75,1.00
2017.03.08 17:02:09.154,1.34816,1.34823,4.12,1.50
2017.03.08 17:02:09.255,1.34817,1.34822,1.00,1.00
2017.03.08 17:02:09.458,1.3482,1.34824,1.12,1.50
2017.03.08 17:02:09.509,1.34821,1.34825,2.25,1.00
2017.03.08 17:02:09.560,1.34824,1.34828,2.25,4.12
2017.03.08 17:02:09.712,1.34827,1.34831,1.00,1.50
2017.03.08 17:02:09.813,1.34825,1.34831,1.37,1.50
2017.03.08 17:02:10.017,1.34823,1.34831,4.12,1.50
2017.03.08 17:02:10.327,1.34822,1.34831,1.87,1.50
2017.03.08 17:02:10.631,1.34822,1.3483,4.12,1.00
2017.03.08 17:02:10.934,1.34821,1.34828,1.12,1.00
2017.03.08 17:02:11.137,1.34823,1.34829,1.12,1.00
2017.03.08 17:02:11.440,1.34822,1.34831,3.37,1.50
2017.03.08 17:02:11.945,1.34822,1.3483,4.12,1.00
2017.03.08 17:02:12.478,1.34822,1.34831,3.37,1.50
2017.03.08 17:02:12.630,1.34822,1.34831,1.12,1.87
2017.03.08 17:02:12.883,1.34822,1.34832,2.25,2.25
2017.03.08 17:02:13.220,1.34824,1.34832,1.75,1.00
2017.03.08 17:02:13.617,1.34822,1.34831,1.50,1.00
2017.03.08 17:02:14.237,1.34822,1.3483,2.25,1.00
2017.03.08 17:02:14.773,1.34822,1.34831,1.50,1.00
2017.03.08 17:02:15.313,1.34824,1.34832,1.50,1.87
2017.03.08 17:02:15.364,1.34824,1.34831,1.87,1.37
2017.03.08 17:02:15.869,1.34824,1.34831,1.12,1.00
2017.03.08 17:02:16.376,1.34823,1.34831,1.00,1.87
2017.03.08 17:02:16.680,1.34826,1.34831,1.00,1.12
2017.03.08 17:02:16.999,1.34824,1.34831,1.12,1.00
2017.03.08 17:02:17.408,1.34826,1.3483,1.00,1.12
2017.03.08 17:02:17.509,1.34823,1.3483,3.00,1.00
2017.03.08 17:02:17.611,1.34823,1.34828,1.12,1.00
2017.03.08 17:02:17.662,1.34823,1.3483,1.00,1.00
2017.03.08 17:02:18.167,1.34823,1.34831,1.00,1.87
2017.03.08 17:02:18.681,1.34823,1.3483,1.00,1.00
2017.03.08 17:02:18.879,1.34821,1.34828,2.25,1.00
2017.03.08 17:02:18.930,1.34821,1.34831,3.00,1.87
2017.03.08 17:02:20.174,1.34821,1.3483,3.00,1.00
2017.03.08 17:02:20.733,1.34821,1.34829,3.00,1.00
2017.03.08 17:02:21.297,1.34821,1.3483,2.25,1.50
2017.03.08 17:02:22.126,1.34824,1.3483,4.50,1.50
2017.03.08 17:02:22.480,1.34825,1.34829,2.25,1.50
2017.03.08 17:02:23.038,1.34824,1.34828,4.50,1.00
2017.03.08 17:02:23.553,1.34825,1.34829,2.25,1.50
2017.03.08 17:02:24.097,1.34825,1.34829,2.25,1.00
2017.03.08 17:02:24.635,1.34825,1.34829,1.50,1.00
2017.03.08 17:02:25.420,1.34823,1.34827,1.00,1.12
2017.03.08 17:02:25.674,1.34821,1.34827,4.50,1.50
2017.03.08 17:02:26.179,1.34821,1.34826,4.50,1.00
2017.03.08 17:02:26.382,1.3482,1.34824,6.00,1.12
2017.03.08 17:02:27.128,1.34822,1.34826,1.50,7.87
2017.03.08 17:02:27.634,1.34822,1.34826,1.50,10.12
2017.03.08 17:02:28.005,1.34821,1.34825,3.00,1.12
2017.03.08 17:02:28.532,1.34821,1.34827,3.00,1.12
2017.03.08 17:02:29.033,1.34822,1.34827,1.50,1.12
2017.03.08 17:02:29.636,1.34821,1.34827,3.00,1.00
2017.03.08 17:02:30.286,1.34822,1.34827,1.50,1.00
2017.03.08 17:02:30.601,1.34821,1.34825,3.00,1.00
2017.03.08 17:02:30.703,1.34821,1.34827,3.00,1.12
2017.03.08 17:02:31.504,1.34821,1.34828,3.00,1.50
2017.03.08 17:02:31.556,1.34823,1.34828,1.00,1.50
2017.03.08 17:02:31.910,1.34822,1.34826,1.87,1.00
2017.03.08 17:02:31.961,1.34821,1.34827,3.37,1.00
2017.03.08 17:02:32.680,1.34822,1.34827,1.50,1.50
2017.03.08 17:02:32.933,1.3482,1.34826,3.00,1.00
2017.03.08 17:02:33.865,1.34821,1.34826,1.50,1.00
2017.03.08 17:02:34.401,1.34821,1.34825,1.50,1.00
2017.03.08 17:02:34.663,1.34821,1.34827,1.50,1.50
2017.03.08 17:02:35.272,1.3482,1.34826,3.00,1.00
2017.03.08 17:02:35.849,1.34821,1.34826,1.50,1.00
2017.03.08 17:02:36.403,1.3482,1.34826,3.00,1.00
2017.03.08 17:02:36.934,1.34819,1.34825,1.50,1.00
2017.03.08 17:02:37.136,1.34819,1.34823,3.00,1.00
2017.03.08 17:02:38.346,1.34819,1.34824,1.00,1.00
2017.03.08 17:02:38.599,1.34819,1.34827,1.00,1.87
2017.03.08 17:02:38.650,1.34819,1.34825,1.00,1.00
2017.03.08 17:02:39.156,1.34819,1.34826,1.00,1.12
2017.03.08 17:02:46.863,1.34821,1.34825,1.50,1.00
2017.03.08 17:02:46.914,1.34821,1.34828,3.00,2.25
2017.03.08 17:02:47.016,1.34824,1.34828,1.00,1.00
2017.03.08 17:02:47.582,1.34825,1.34829,2.25,1.00
2017.03.08 17:02:48.188,1.34824,1.34829,3.00,1.50
2017.03.08 17:02:48.443,1.3482,1.34826,2.62,1.00
2017.03.08 17:02:48.949,1.3482,1.34825,2.25,1.50
2017.03.08 17:02:49.477,1.34821,1.34825,1.00,1.00
2017.03.08 17:02:51.419,1.3482,1.34825,1.00,1.12
2017.03.08 17:02:51.924,1.3482,1.34824,1.00,1.00
2017.03.08 17:02:57.502,1.34821,1.34825,1.00,1.87
2017.03.08 17:02:58.047,1.3482,1.34825,1.00,1.00
2017.03.08 17:02:58.352,1.34817,1.34823,3.00,1.50
2017.03.08 17:02:58.403,1.34819,1.34823,1.12,1.50
2017.03.08 17:02:58.504,1.34817,1.34822,1.50,1.00
2017.03.08 17:02:58.706,1.34816,1.3482,1.12,1.00
2017.03.08 17:02:59.227,1.34816,1.34821,1.12,1.00
2017.03.08 17:03:01.145,1.34817,1.34821,1.00,1.00
2017.03.08 17:03:01.246,1.34819,1.34823,1.50,1.12
2017.03.08 17:03:01.640,1.34817,1.34821,1.12,1.50
2017.03.08 17:03:01.844,1.34814,1.34818,3.00,1.00
2017.03.08 17:03:02.352,1.34816,1.3482,1.00,1.12
2017.03.08 17:03:02.934,1.34815,1.34819,1.00,1.00
2017.03.08 17:03:03.663,1.34816,1.3482,1.00,1.87
2017.03.08 17:03:04.366,1.34814,1.34818,1.00,1.00
2017.03.08 17:03:04.468,1.34812,1.34816,1.00,1.50
2017.03.08 17:03:04.620,1.34809,1.34814,1.50,1.00
2017.03.08 17:03:04.930,1.34806,1.34812,1.87,1.00
2017.03.08 17:03:05.334,1.34806,1.34812,2.25,1.00
2017.03.08 17:03:05.703,1.34806,1.34814,2.25,1.00
2017.03.08 17:03:05.855,1.34806,1.34814,2.62,1.00
2017.03.08 17:03:05.956,1.34806,1.34814,1.37,1.00
2017.03.08 17:03:06.462,1.34807,1.34814,1.12,1.12
2017.03.08 17:03:09.124,1.34806,1.34814,3.75,1.12
2017.03.08 17:03:09.450,1.34808,1.34814,1.00,1.00
2017.03.08 17:03:09.957,1.34811,1.34817,1.00,1.50
2017.03.08 17:03:10.261,1.34816,1.34824,1.00,3.37
2017.03.08 17:03:10.312,1.34816,1.34824,1.00,1.12
2017.03.08 17:03:10.862,1.34816,1.34824,1.37,1.12
2017.03.08 17:03:11.341,1.34816,1.3482,1.00,1.00
2017.03.08 17:03:11.495,1.34814,1.34819,1.12,1.50
2017.03.08 17:03:11.597,1.34812,1.3482,1.00,2.25
2017.03.08 17:03:12.103,1.34811,1.3482,1.50,1.50
2017.03.08 17:03:14.601,1.34812,1.3482,1.00,1.00
2017.03.08 17:03:14.843,1.34815,1.34821,1.00,1.04
2017.03.08 17:03:14.945,1.34813,1.34822,1.00,2.17
2017.03.08 17:03:15.617,1.34814,1.34822,1.00,1.67
2017.03.08 17:03:16.361,1.34814,1.34822,1.00,1.00
2017.03.08 17:03:17.248,1.34814,1.34822,1.37,1.00
2017.03.08 17:03:21.372,1.34813,1.34823,2.25,2.54
2017.03.08 17:03:21.920,1.34814,1.34822,1.00,1.00
2017.03.08 17:03:22.673,1.34814,1.34823,1.00,2.25
2017.03.08 17:03:23.543,1.34814,1.34822,1.00,1.00
2017.03.08 17:03:24.065,1.34814,1.34823,1.00,2.25
2017.03.08 17:03:24.612,1.34814,1.34822,1.00,1.00
2017.03.08 17:03:25.211,1.34814,1.34823,1.00,2.25
2017.03.08 17:03:25.958,1.34814,1.34822,1.00,1.00
2017.03.08 17:03:26.470,1.34814,1.34823,1.00,1.50
2017.03.08 17:03:26.975,1.34815,1.34823,1.00,1.00
2017.03.08 17:03:27.993,1.34814,1.34823,2.25,1.00
2017.03.08 17:03:28.095,1.34814,1.34824,4.12,2.25
2017.03.08 17:03:28.762,1.34814,1.34822,3.37,1.00
2017.03.08 17:03:29.105,1.34814,1.34823,1.50,1.00
2017.03.08 17:03:29.482,1.34816,1.34825,1.37,2.25
2017.03.08 17:03:30.042,1.34816,1.34825,2.25,1.50
2017.03.08 17:03:31.395,1.34816,1.34825,2.62,1.50
2017.03.08 17:03:31.674,1.34817,1.34826,1.00,3.00
2017.03.08 17:03:31.775,1.34816,1.34825,1.50,2.25
2017.03.08 17:03:31.926,1.34816,1.34826,1.50,1.87
2017.03.08 17:03:32.601,1.34816,1.34825,1.50,1.00
2017.03.08 17:03:32.855,1.34821,1.34827,1.00,1.12
2017.03.08 17:03:33.374,1.34819,1.34827,1.12,1.50
2017.03.08 17:03:34.316,1.3482,1.34828,1.00,1.87
2017.03.08 17:03:34.367,1.3482,1.34828,1.87,1.50
2017.03.08 17:03:36.802,1.34822,1.34829,1.37,1.00
2017.03.08 17:03:37.324,1.34821,1.3483,2.25,1.12
2017.03.08 17:03:37.657,1.34826,1.34832,1.00,2.25
2017.03.08 17:03:37.708,1.34825,1.34833,1.50,1.50
2017.03.08 17:03:37.809,1.34825,1.34834,1.50,1.12
2017.03.08 17:03:37.911,1.34825,1.34834,2.25,1.50
2017.03.08 17:03:37.980,1.34825,1.34834,1.12,2.54
2017.03.08 17:03:38.081,1.34825,1.34834,1.12,4.12
2017.03.08 17:03:38.383,1.34836,1.34842,7.50,2.62
2017.03.08 17:03:38.485,1.34841,1.34846,1.00,1.04
2017.03.08 17:03:38.536,1.34839,1.34846,2.62,1.04
2017.03.08 17:03:38.588,1.34839,1.34847,1.50,2.54
2017.03.08 17:03:38.690,1.34838,1.34844,1.12,1.00
2017.03.08 17:03:39.197,1.34837,1.34845,1.00,1.79
2017.03.08 17:03:39.708,1.34836,1.34844,1.12,1.00
2017.03.08 17:03:40.113,1.34837,1.34846,2.25,1.04
2017.03.08 17:03:41.576,1.34836,1.34844,3.00,1.00
2017.03.08 17:03:41.728,1.34835,1.34844,3.37,1.12
2017.03.08 17:03:42.184,1.34836,1.34845,3.00,1.00
2017.03.08 17:03:42.710,1.34834,1.34844,6.37,1.12
2017.03.08 17:03:42.812,1.34834,1.34843,2.62,1.12
2017.03.08 17:03:43.317,1.34833,1.34842,2.25,1.00
2017.03.08 17:03:43.469,1.34832,1.3484,2.25,1.00
2017.03.08 17:03:43.520,1.34833,1.34843,1.50,1.79
2017.03.08 17:03:44.144,1.34834,1.34841,1.87,1.00
2017.03.08 17:03:44.347,1.34836,1.34843,1.00,2.25
2017.03.08 17:03:44.540,1.34835,1.34845,3.00,1.12
2017.03.08 17:03:44.692,1.34835,1.34844,2.62,4.12
2017.03.08 17:03:45.317,1.34834,1.34843,3.00,1.00
2017.03.08 17:03:45.671,1.34834,1.34843,1.50,1.12
2017.03.08 17:03:46.209,1.34834,1.34844,2.25,5.25
2017.03.08 17:03:46.795,1.34834,1.34844,1.50,5.25
2017.03.08 17:03:47.926,1.34834,1.34844,4.12,3.00
2017.03.08 17:03:48.029,1.34836,1.34844,1.87,1.50
2017.03.08 17:03:49.015,1.34835,1.34844,2.25,1.87
2017.03.08 17:03:49.318,1.34832,1.34841,3.00,1.87
2017.03.08 17:03:49.369,1.34832,1.34839,2.62,1.00
2017.03.08 17:03:49.572,1.34832,1.34841,1.87,1.87
2017.03.08 17:03:50.424,1.34832,1.34838,3.37,1.00
2017.03.08 17:03:50.627,1.34832,1.3484,1.87,1.00
2017.03.08 17:03:50.729,1.34832,1.3484,2.25,1.00
2017.03.08 17:03:50.982,1.34832,1.3484,2.25,1.00
2017.03.08 17:03:51.651,1.34832,1.34838,1.00,1.00
2017.03.08 17:03:52.263,1.3483,1.34834,1.87,1.00
2017.03.08 17:03:52.466,1.34826,1.34832,1.00,1.00
2017.03.08 17:03:52.973,1.34825,1.34832,4.12,1.00
2017.03.08 17:03:53.509,1.34827,1.34832,1.00,1.00
2017.03.08 17:03:53.559,1.34826,1.34834,2.25,1.12
2017.03.08 17:03:53.661,1.34829,1.34834,1.00,1.00
2017.03.08 17:03:54.166,1.34828,1.34835,1.12,1.00
2017.03.08 17:03:54.674,1.34826,1.34834,2.62,1.00
2017.03.08 17:03:55.227,1.34826,1.34835,4.87,1.00
2017.03.08 17:03:55.671,1.3483,1.34835,1.00,1.00
2017.03.08 17:03:56.229,1.34829,1.34835,1.12,1.00
2017.03.08 17:03:56.896,1.34832,1.34837,1.00,1.00
2017.03.08 17:03:56.997,1.34831,1.34839,3.75,1.00
2017.03.08 17:03:57.200,1.34831,1.34835,1.00,1.00
2017.03.08 17:03:57.352,1.34827,1.34834,5.62,1.00
2017.03.08 17:03:57.403,1.34828,1.34836,1.00,1.50
2017.03.08 17:03:58.316,1.34828,1.34835,1.87,1.00
2017.03.08 17:03:58.552,1.34825,1.34835,3.00,1.87
2017.03.08 17:03:59.120,1.34826,1.34835,1.00,2.25
2017.03.08 17:03:59.622,1.34826,1.34834,1.00,1.00
2017.03.08 17:04:00.550,1.34826,1.34833,1.50,1.00
2017.03.08 17:04:03.044,1.34827,1.34832,1.00,1.00
2017.03.08 17:04:03.580,1.34826,1.34833,2.25,1.50
2017.03.08 17:04:04.162,1.34826,1.34832,1.50,1.00
2017.03.08 17:04:04.806,1.34827,1.34832,1.00,1.00
2017.03.08 17:04:06.292,1.34826,1.34832,1.00,1.00
2017.03.08 17:04:06.793,1.34827,1.34832,1.00,1.00
2017.03.08 17:04:07.468,1.34826,1.34832,1.12,1.00
2017.03.08 17:04:09.194,1.34826,1.34833,1.12,1.50
2017.03.08 17:04:09.547,1.34826,1.34831,1.12,1.50
2017.03.08 17:04:10.054,1.34824,1.34832,2.44,1.12
2017.03.08 17:04:10.564,1.34825,1.34832,1.63,1.00
2017.03.08 17:04:11.116,1.34825,1.34833,1.37,1.50
2017.03.08 17:04:14.659,1.34826,1.34832,1.12,1.00
2017.03.08 17:04:15.714,1.34825,1.34833,1.37,3.00
2017.03.08 17:04:16.935,1.34825,1.34833,1.00,3.37
2017.03.08 17:04:17.474,1.34826,1.34833,1.00,4.12
2017.03.08 17:04:18.180,1.34825,1.34833,1.50,2.62
2017.03.08 17:04:18.855,1.34826,1.34833,1.00,3.37
2017.03.08 17:04:19.427,1.34827,1.34834,1.50,1.37
2017.03.08 17:04:20.001,1.34828,1.34834,1.00,1.37
2017.03.08 17:04:20.305,1.34826,1.34834,1.12,2.25
2017.03.08 17:04:20.407,1.34828,1.34834,1.00,1.87
2017.03.08 17:04:21.008,1.34827,1.34834,1.00,1.87
2017.03.08 17:04:21.844,1.34826,1.34834,1.87,1.37
2017.03.08 17:04:22.862,1.34827,1.34834,1.00,1.37
2017.03.08 17:04:23.855,1.34826,1.34833,1.12,1.87
2017.03.08 17:04:24.415,1.34827,1.34833,1.00,1.87
2017.03.08 17:04:24.956,1.34826,1.34833,1.50,1.00
2017.03.08 17:04:25.311,1.34825,1.34831,1.37,3.75
2017.03.08 17:04:25.458,1.34824,1.3483,1.00,1.00
2017.03.08 17:04:25.560,1.34823,1.34831,2.62,6.37
2017.03.08 17:04:25.661,1.34822,1.34831,2.25,6.00
2017.03.08 17:04:26.501,1.34822,1.3483,1.50,1.00
2017.03.08 17:04:27.692,1.34822,1.34831,1.50,1.12
2017.03.08 17:04:28.267,1.34825,1.34831,1.00,6.75
2017.03.08 17:04:28.317,1.34824,1.34829,1.12,1.00
2017.03.08 17:04:29.901,1.34822,1.3483,1.75,2.25
2017.03.08 17:04:31.962,1.34822,1.3483,4.12,3.00
2017.03.08 17:04:33.096,1.34822,1.34829,4.12,1.00
2017.03.08 17:04:33.147,1.34823,1.3483,1.00,2.25
2017.03.08 17:04:35.315,1.34823,1.34829,1.00,1.00
2017.03.08 17:04:35.618,1.3482,1.34827,1.50,1.00
2017.03.08 17:04:36.124,1.3482,1.34828,3.00,1.00
2017.03.08 17:04:38.929,1.34819,1.34826,4.87,1.00
2017.03.08 17:04:38.980,1.3482,1.34826,1.00,1.00
2017.03.08 17:04:39.518,1.34819,1.34828,3.00,2.25
2017.03.08 17:04:42.001,1.34819,1.34826,1.50,1.00
2017.03.08 17:04:42.511,1.34819,1.34826,1.00,1.50
2017.03.08 17:04:42.764,1.34818,1.34824,1.00,1.00
2017.03.08 17:04:43.316,1.34814,1.34823,5.62,1.00
2017.03.08 17:04:45.476,1.34815,1.34824,1.50,2.62
2017.03.08 17:04:46.487,1.34814,1.34823,4.87,1.00
2017.03.08 17:04:50.040,1.34815,1.34824,3.00,2.25
2017.03.08 17:04:51.911,1.34815,1.34824,1.50,2.25
2017.03.08 17:04:53.235,1.34817,1.34824,1.00,1.50
2017.03.08 17:04:53.910,1.34818,1.34824,1.50,1.00
2017.03.08 17:04:54.424,1.3482,1.34824,1.00,1.00
2017.03.08 17:04:56.778,1.34817,1.34825,4.12,1.00
2017.03.08 17:04:57.369,1.34817,1.34826,3.37,3.75
2017.03.08 17:04:57.887,1.34817,1.34825,4.12,1.50
2017.03.08 17:05:02.544,1.34817,1.34826,2.62,3.00
2017.03.08 17:05:03.050,1.34816,1.34825,3.37,1.50
2017.03.08 17:05:03.418,1.34817,1.34825,1.00,2.25
2017.03.08 17:05:04.017,1.34815,1.34825,1.75,3.00
2017.03.08 17:05:04.527,1.34817,1.34825,1.50,1.50
2017.03.08 17:05:05.748,1.34818,1.34825,1.00,1.00
2017.03.08 17:05:06.253,1.34817,1.34826,2.25,1.50
2017.03.08 17:05:08.015,1.34817,1.34826,1.87,1.87
2017.03.08 17:05:09.156,1.34817,1.34825,1.75,1.50
2017.03.08 17:05:11.962,1.34817,1.34825,1.37,1.12
2017.03.08 17:05:12.428,1.34818,1.34826,1.75,2.62
2017.03.08 17:05:12.979,1.34819,1.34825,1.50,1.00
2017.03.08 17:05:14.040,1.34818,1.34826,1.75,2.25
2017.03.08 17:05:14.554,1.3482,1.34825,1.00,1.00
2017.03.08 17:05:15.088,1.3482,1.34826,1.00,2.25
2017.03.08 17:05:16.201,1.3482,1.34825,1.00,1.00
2017.03.08 17:05:16.778,1.3482,1.34826,1.00,2.25
2017.03.08 17:05:17.726,1.3482,1.34825,1.50,1.00
2017.03.08 17:05:18.336,1.3482,1.34826,1.00,2.25
2017.03.08 17:05:18.639,1.34819,1.34826,2.62,2.25
2017.03.08 17:05:18.690,1.3482,1.34825,1.00,1.00
2017.03.08 17:05:19.196,1.34818,1.34826,3.37,2.25
2017.03.08 17:05:19.852,1.34818,1.34825,3.37,1.00
2017.03.08 17:05:20.369,1.34818,1.34826,2.62,3.00
2017.03.08 17:05:20.877,1.34819,1.34825,2.25,1.00
2017.03.08 17:05:21.029,1.34819,1.34828,1.75,6.75
2017.03.08 17:05:22.062,1.34821,1.34828,1.37,2.25
2017.03.08 17:05:22.609,1.34822,1.34827,2.25,1.00
2017.03.08 17:05:22.660,1.34822,1.3483,3.00,1.12
2017.03.08 17:05:23.677,1.34822,1.3483,3.00,1.50
2017.03.08 17:05:23.779,1.34822,1.34831,2.25,2.62
2017.03.08 17:05:24.482,1.34822,1.3483,1.87,1.00
2017.03.08 17:05:26.610,1.34823,1.3483,1.00,1.50
2017.03.08 17:05:27.362,1.34823,1.34827,1.00,1.00
2017.03.08 17:05:27.515,1.34823,1.34829,1.00,1.50
2017.03.08 17:05:27.978,1.34823,1.34831,1.50,1.00
2017.03.08 17:05:28.588,1.34823,1.34832,3.00,1.12
2017.03.08 17:05:29.094,1.34824,1.34832,1.37,1.00
2017.03.08 17:05:35.943,1.34824,1.34832,1.12,1.87
2017.03.08 17:05:36.052,1.34822,1.34828,1.50,1.00
2017.03.08 17:05:36.103,1.34822,1.3483,2.25,1.00
2017.03.08 17:05:36.154,1.34823,1.34827,1.00,1.00
2017.03.08 17:05:36.256,1.34821,1.34828,1.50,1.00
2017.03.08 17:05:36.800,1.34821,1.34829,3.00,3.00
2017.03.08 17:05:37.311,1.34822,1.34828,1.12,1.00
2017.03.08 17:05:37.831,1.34822,1.34829,1.12,3.00
2017.03.08 17:05:38.475,1.34822,1.34828,1.12,1.00
2017.03.08 17:05:39.008,1.34822,1.34829,1.12,3.00
2017.03.08 17:05:39.733,1.34822,1.34828,1.12,1.00
2017.03.08 17:05:40.340,1.34822,1.34829,1.12,3.00
2017.03.08 17:05:40.644,1.34822,1.34829,2.25,3.00
2017.03.08 17:05:41.150,1.34823,1.34828,1.50,1.00
2017.03.08 17:05:41.707,1.34823,1.34829,1.50,3.00
2017.03.08 17:05:44.076,1.34823,1.34828,1.50,1.50
2017.03.08 17:05:45.389,1.34823,1.34827,1.50,1.00
2017.03.08 17:05:45.958,1.34823,1.34828,1.12,1.50
2017.03.08 17:05:46.509,1.34823,1.34827,1.00,1.00
2017.03.08 17:05:47.048,1.3482,1.34828,6.37,1.50
2017.03.08 17:05:47.586,1.34822,1.34828,1.00,1.50
2017.03.08 17:05:47.914,1.34822,1.34827,3.00,1.00
2017.03.08 17:05:48.071,1.34823,1.34829,1.37,1.50
2017.03.08 17:05:48.273,1.34823,1.34832,2.62,1.87
2017.03.08 17:05:48.779,1.34824,1.34832,1.50,1.50
2017.03.08 17:05:49.246,1.34824,1.34832,1.00,1.50
2017.03.08 17:05:49.740,1.34822,1.34829,1.75,1.50
2017.03.08 17:05:49.944,1.34819,1.34825,1.00,1.00
2017.03.08 17:05:50.349,1.34818,1.34827,1.00,1.50
2017.03.08 17:05:50.501,1.34818,1.34824,1.00,1.00
2017.03.08 17:05:51.006,1.34816,1.34825,3.00,1.50
2017.03.08 17:05:54.907,1.34816,1.34823,2.25,1.00
2017.03.08 17:05:54.958,1.34816,1.34825,1.50,1.50
2017.03.08 17:05:55.501,1.34816,1.34825,1.12,4.12
2017.03.08 17:05:56.661,1.34816,1.34825,1.50,1.87
2017.03.08 17:05:56.965,1.3482,1.34827,1.00,1.50
2017.03.08 17:05:58.157,1.3482,1.34826,1.00,1.00
2017.03.08 17:05:58.410,1.34818,1.34826,1.87,1.00
2017.03.08 17:05:58.562,1.34822,1.34827,1.00,1.50
2017.03.08 17:05:58.815,1.34819,1.34827,1.50,1.00
2017.03.08 17:06:00.118,1.34818,1.34825,1.50,1.00
2017.03.08 17:06:00.169,1.34818,1.34825,1.12,1.12
2017.03.08 17:06:00.271,1.34818,1.34823,1.37,1.00
2017.03.08 17:06:00.322,1.34818,1.34825,1.37,1.00
2017.03.08 17:06:00.827,1.34818,1.34826,1.37,1.12
2017.03.08 17:06:01.671,1.34818,1.34826,1.50,1.00
2017.03.08 17:06:03.389,1.34822,1.34827,2.25,1.00
2017.03.08 17:06:03.694,1.34825,1.3483,1.00,1.37
2017.03.08 17:06:03.795,1.3482,1.34827,3.37,1.50
2017.03.08 17:06:04.302,1.3482,1.34828,1.75,1.50
2017.03.08 17:06:04.785,1.34821,1.34826,1.50,1.00
2017.03.08 17:06:04.988,1.34821,1.34828,1.75,1.00
2017.03.08 17:06:05.141,1.34822,1.34826,1.00,1.00
2017.03.08 17:06:05.682,1.34821,1.34827,1.50,1.50
2017.03.08 17:06:06.199,1.34823,1.3483,1.00,2.25
2017.03.08 17:06:06.351,1.34823,1.34828,1.00,1.00
2017.03.08 17:06:06.604,1.34821,1.34827,2.25,1.50
2017.03.08 17:06:07.718,1.34821,1.34828,2.25,1.50
2017.03.08 17:06:08.239,1.34821,1.34827,2.25,1.00
2017.03.08 17:06:09.121,1.34821,1.34827,2.25,1.00
2017.03.08 17:06:09.373,1.34821,1.34829,2.25,3.00
2017.03.08 17:06:09.525,1.34822,1.34826,1.00,1.00
2017.03.08 17:06:10.057,1.34821,1.34827,2.25,1.50
2017.03.08 17:06:10.585,1.34819,1.34826,3.49,1.00
2017.03.08 17:06:10.950,1.34823,1.34827,1.00,1.00
2017.03.08 17:06:11.000,1.34824,1.34831,3.00,1.50
2017.03.08 17:06:11.051,1.3483,1.34834,1.00,9.75
2017.03.08 17:06:11.203,1.3483,1.34836,1.50,2.25
2017.03.08 17:06:11.305,1.34829,1.34837,2.62,1.00
2017.03.08 17:06:11.812,1.3483,1.34839,1.12,2.62
2017.03.08 17:06:12.351,1.34828,1.34837,3.75,1.00
2017.03.08 17:06:12.935,1.3483,1.34837,2.25,1.50
2017.03.08 17:06:12.986,1.3483,1.34837,2.62,1.00
2017.03.08 17:06:13.088,1.34829,1.34838,1.75,1.50
2017.03.08 17:06:13.599,1.34832,1.34839,1.00,1.50
2017.03.08 17:06:14.130,1.34832,1.34838,1.00,1.00
2017.03.08 17:06:14.724,1.34832,1.34839,1.00,1.00
2017.03.08 17:06:15.369,1.34832,1.3484,1.00,2.25
2017.03.08 17:06:16.037,1.34831,1.34838,1.50,1.00
2017.03.08 17:06:16.189,1.34832,1.3484,1.00,3.37
2017.03.08 17:06:16.695,1.34832,1.34839,1.00,1.00
2017.03.08 17:06:17.296,1.3483,1.34839,1.12,4.12
2017.03.08 17:06:18.411,1.3483,1.34838,1.12,2.25
2017.03.08 17:06:19.028,1.3483,1.34838,1.87,1.00
2017.03.08 17:06:20.353,1.34833,1.34839,1.87,2.25
2017.03.08 17:06:20.404,1.34833,1.3484,1.50,1.00
2017.03.08 17:06:20.910,1.34832,1.34841,5.25,1.50
2017.03.08 17:06:22.783,1.34834,1.34842,1.37,1.87
2017.03.08 17:06:23.098,1.34835,1.3484,1.12,1.00
2017.03.08 17:06:24.155,1.34835,1.34841,1.12,1.50
2017.03.08 17:06:24.711,1.34834,1.34841,1.12,1.50
2017.03.08 17:06:25.239,1.34832,1.3484,3.37,1.00
2017.03.08 17:06:25.769,1.34832,1.34841,6.37,1.50
2017.03.08 17:06:26.284,1.34834,1.3484,1.37,1.00
2017.03.08 17:06:26.739,1.34834,1.34842,1.00,1.50
2017.03.08 17:06:28.343,1.34832,1.34841,4.12,1.00
2017.03.08 17:06:28.547,1.34837,1.34843,1.87,1.50
2017.03.08 17:06:28.851,1.34841,1.34845,2.62,1.00
2017.03.08 17:06:28.953,1.3484,1.34846,1.75,4.50
2017.03.08 17:06:29.460,1.34841,1.34845,1.00,1.00
2017.03.08 17:06:31.098,1.34841,1.34846,2.25,1.50
2017.03.08 17:06:31.149,1.34842,1.34847,1.00,1.50
2017.03.08 17:06:31.250,1.34843,1.34849,1.12,1.00
2017.03.08 17:06:31.301,1.34843,1.34849,4.12,1.00
2017.03.08 17:06:31.615,1.34863,1.34867,1.00,1.00
2017.03.08 17:06:31.767,1.34858,1.34865,2.62,1.26
2017.03.08 17:06:31.818,1.34859,1.34866,1.00,1.00
2017.03.08 17:06:31.920,1.34857,1.34867,1.12,2.07
2017.03.08 17:06:32.022,1.34856,1.34863,1.50,3.00
2017.03.08 17:06:32.225,1.34851,1.34859,1.12,1.12
2017.03.08 17:06:32.776,1.34851,1.3486,1.12,4.69
2017.03.08 17:06:32.827,1.34851,1.34858,1.12,1.69
2017.03.08 17:06:33.131,1.34847,1.34851,1.87,1.00
2017.03.08 17:06:33.232,1.34843,1.3485,2.25,1.00
2017.03.08 17:06:33.334,1.34844,1.34853,2.25,1.37
2017.03.08 17:06:33.384,1.34845,1.34852,1.00,2.25
2017.03.08 17:06:33.536,1.34845,1.34853,2.25,1.00
2017.03.08 17:06:33.587,1.34847,1.34854,1.00,1.00
2017.03.08 17:06:33.740,1.34848,1.34856,1.50,1.00
2017.03.08 17:06:33.791,1.34847,1.34857,6.00,1.69
2017.03.08 17:06:34.054,1.34846,1.34855,1.50,1.26
2017.03.08 17:06:34.510,1.34846,1.34854,1.00,1.50
2017.03.08 17:06:35.720,1.34845,1.34853,3.00,1.00
2017.03.08 17:06:36.237,1.34845,1.34853,1.50,1.00
2017.03.08 17:06:36.794,1.34847,1.34854,1.00,1.37
2017.03.08 17:06:37.388,1.34846,1.34854,3.37,1.37
2017.03.08 17:06:37.693,1.34851,1.34859,1.87,5.35
2017.03.08 17:06:37.885,1.34851,1.3486,2.25,1.50
2017.03.08 17:06:38.349,1.34851,1.34858,1.50,1.97
2017.03.08 17:06:38.450,1.3485,1.34859,7.12,1.00
2017.03.08 17:06:38.754,1.34849,1.34856,2.62,1.00
2017.03.08 17:06:38.957,1.34847,1.34855,1.50,1.50
2017.03.08 17:06:39.480,1.34847,1.34856,1.00,3.37
2017.03.08 17:06:39.804,1.34849,1.34856,1.00,1.12
2017.03.08 17:06:40.107,1.34851,1.34859,1.50,1.22
2017.03.08 17:06:40.613,1.34851,1.34859,1.12,1.60
2017.03.08 17:06:41.208,1.34852,1.34859,1.00,1.60
2017.03.08 17:06:42.273,1.34853,1.34859,1.00,1.37
2017.03.08 17:06:42.324,1.34857,1.34861,1.00,1.50
2017.03.08 17:06:42.577,1.34859,1.34867,1.87,1.47
2017.03.08 17:06:42.679,1.34858,1.34866,1.12,1.87
2017.03.08 17:06:42.735,1.34858,1.34866,1.12,1.50
2017.03.08 17:06:43.284,1.34858,1.34866,1.87,2.25
2017.03.08 17:06:43.789,1.34858,1.34865,1.00,3.85
2017.03.08 17:06:44.497,1.34858,1.34866,1.12,1.37
2017.03.08 17:06:45.137,1.34858,1.34864,1.12,1.00
2017.03.08 17:06:45.659,1.34857,1.34865,2.25,1.00
2017.03.08 17:06:46.165,1.34859,1.34864,1.00,1.00
2017.03.08 17:06:46.469,1.34861,1.34867,1.00,2.62
2017.03.08 17:06:46.520,1.34861,1.34867,2.25,1.00
2017.03.08 17:06:46.621,1.34861,1.34869,1.12,1.60
2017.03.08 17:06:46.987,1.34861,1.34866,1.00,1.00
2017.03.08 17:06:47.089,1.34858,1.34867,1.50,3.10
2017.03.08 17:06:47.190,1.34858,1.34866,1.50,1.37
2017.03.08 17:06:47.494,1.34859,1.34867,1.00,4.87
2017.03.08 17:06:47.750,1.34858,1.34864,1.50,1.00
2017.03.08 17:06:47.953,1.34858,1.34866,1.50,1.87
2017.03.08 17:06:48.460,1.34857,1.34866,3.00,1.50
2017.03.08 17:06:49.003,1.34857,1.34866,3.75,1.00
2017.03.08 17:06:50.739,1.34857,1.34865,3.00,1.00
2017.03.08 17:06:51.965,1.34858,1.34867,1.50,1.50
2017.03.08 17:06:52.468,1.34856,1.34865,1.87,1.50
2017.03.08 17:06:52.974,1.34857,1.34866,1.37,1.22
2017.03.08 17:06:53.645,1.34857,1.34865,1.37,1.00
2017.03.08 17:06:54.242,1.34857,1.34866,1.37,1.22
2017.03.08 17:06:54.748,1.34857,1.34865,1.37,1.00
2017.03.08 17:06:55.281,1.34857,1.34866,1.37,1.22
2017.03.08 17:06:55.653,1.34856,1.34864,1.50,1.50
2017.03.08 17:06:56.485,1.34855,1.34863,2.25,1.00
2017.03.08 17:06:56.788,1.34861,1.34867,3.00,3.85
2017.03.08 17:06:57.093,1.34864,1.34869,1.00,1.47
2017.03.08 17:06:57.195,1.34862,1.3487,3.37,1.50
2017.03.08 17:06:57.247,1.34861,1.3487,1.87,1.50
2017.03.08 17:06:57.753,1.34861,1.3487,1.12,3.29
2017.03.08 17:06:57.856,1.34861,1.34865,1.00,1.00
2017.03.08 17:06:58.052,1.34857,1.34864,1.87,1.12
2017.03.08 17:06:58.103,1.34857,1.34864,3.37,1.00
2017.03.08 17:06:58.255,1.34858,1.34866,1.87,1.00
2017.03.08 17:06:58.559,1.3486,1.34869,3.37,2.25
2017.03.08 17:06:59.634,1.3486,1.34869,4.87,1.50
2017.03.08 17:07:00.039,1.34859,1.34867,1.37,1.50
2017.03.08 17:07:00.545,1.34858,1.34868,1.37,1.50
2017.03.08 17:07:00.800,1.34861,1.34869,1.00,1.12
2017.03.08 17:07:01.317,1.34861,1.34869,1.37,1.12
2017.03.08 17:07:01.823,1.34859,1.34868,5.62,2.72
2017.03.08 17:07:02.128,1.34858,1.34867,3.00,1.00
2017.03.08 17:07:02.179,1.34859,1.34865,1.75,1.00
2017.03.08 17:07:02.281,1.34856,1.34865,1.75,1.12
2017.03.08 17:07:02.782,1.34856,1.34865,1.37,1.50
2017.03.08 17:07:03.085,1.34855,1.34863,2.25,3.37
2017.03.08 17:07:03.592,1.34856,1.34862,1.00,1.00
2017.03.08 17:07:04.098,1.34855,1.34863,1.50,2.62
2017.03.08 17:07:04.889,1.34856,1.34863,1.00,1.87
2017.03.08 17:07:05.299,1.34857,1.34866,2.25,1.37
2017.03.08 17:07:05.401,1.34859,1.34867,1.12,2.62
2017.03.08 17:07:05.502,1.34859,1.34869,1.50,3.10
2017.03.08 17:07:05.604,1.34861,1.34866,1.00,1.00
2017.03.08 17:07:06.109,1.34858,1.34869,2.25,7.60
2017.03.08 17:07:07.107,1.34859,1.34866,1.37,1.22
2017.03.08 17:07:07.614,1.34859,1.34866,1.12,1.12
2017.03.08 17:07:08.579,1.34859,1.34867,1.37,1.60
2017.03.08 17:07:09.189,1.34857,1.34866,3.37,1.00
2017.03.08 17:07:09.719,1.34857,1.34867,2.62,2.35
2017.03.08 17:07:10.530,1.34857,1.34866,4.12,1.00
2017.03.08 17:07:11.124,1.34857,1.34867,2.62,2.35
2017.03.08 17:07:11.630,1.34857,1.34866,2.62,1.00
2017.03.08 17:07:13.568,1.34857,1.34867,2.62,3.10
2017.03.08 17:07:14.077,1.34856,1.34866,4.87,1.87
2017.03.08 17:07:14.583,1.34859,1.34867,1.00,1.97
2017.03.08 17:07:15.221,1.34859,1.34866,1.00,1.00
2017.03.08 17:07:16.313,1.34858,1.34867,1.87,3.10
2017.03.08 17:07:16.616,1.34856,1.34864,3.37,1.00
2017.03.08 17:07:17.050,1.34857,1.34866,1.75,1.60
2017.03.08 17:07:17.151,1.34856,1.34864,4.12,1.00
2017.03.08 17:07:18.009,1.34856,1.34864,1.75,1.00
2017.03.08 17:07:18.521,1.34856,1.34864,1.37,1.12
2017.03.08 17:07:19.072,1.34858,1.34865,1.00,1.37
2017.03.08 17:07:19.755,1.34856,1.34864,1.50,1.12
2017.03.08 17:07:20.288,1.34856,1.34863,1.50,1.12
2017.03.08 17:07:20.815,1.34855,1.34862,1.00,1.12
2017.03.08 17:07:23.738,1.34854,1.34862,1.00,1.12
2017.03.08 17:07:24.282,1.34854,1.34861,1.37,1.00
2017.03.08 17:07:24.900,1.34853,1.34862,1.50,3.47
2017.03.08 17:07:25.430,1.34852,1.34858,2.62,1.00
2017.03.08 17:07:25.531,1.34852,1.34857,1.00,1.00
2017.03.08 17:07:25.633,1.3485,1.34857,1.00,2.72
2017.03.08 17:07:26.005,1.3485,1.34859,1.50,4.60
2017.03.08 17:07:26.124,1.3485,1.3486,4.50,1.97
2017.03.08 17:07:26.427,1.34852,1.34858,1.00,1.47
2017.03.08 17:07:26.933,1.34849,1.34857,1.50,1.60
2017.03.08 17:07:27.497,1.34849,1.34857,1.00,3.75
2017.03.08 17:07:28.082,1.34849,1.34856,1.00,1.50
2017.03.08 17:07:28.588,1.34851,1.34857,1.00,1.12
2017.03.08 17:07:28.892,1.34854,1.34859,1.00,3.37
2017.03.08 17:07:29.397,1.34854,1.34858,1.00,1.00
2017.03.08 17:07:29.448,1.34852,1.34858,1.12,1.00
2017.03.08 17:07:29.751,1.34854,1.34859,1.00,2.62
2017.03.08 17:07:30.444,1.34854,1.34858,1.00,1.00
2017.03.08 17:07:30.494,1.34852,1.34858,2.25,1.00
2017.03.08 17:07:30.900,1.34854,1.34858,1.00,1.00
2017.03.08 17:07:31.001,1.34854,1.3486,1.00,1.00
2017.03.08 17:07:31.103,1.34856,1.34861,1.00,1.00
2017.03.08 17:07:31.356,1.34853,1.34859,1.12,1.50
2017.03.08 17:07:31.780,1.34854,1.34858,1.00,1.00
2017.03.08 17:07:31.881,1.34855,1.34859,1.00,1.50
2017.03.08 17:07:31.932,1.34855,1.34862,1.00,1.87
2017.03.08 17:07:32.859,1.34857,1.34862,1.00,1.00
2017.03.08 17:07:33.181,1.34855,1.3486,1.12,1.00
2017.03.08 17:07:33.512,1.34857,1.34861,1.00,1.50
2017.03.08 17:07:33.714,1.34856,1.34863,1.00,1.12
2017.03.08 17:07:34.220,1.34856,1.34864,1.00,3.00
2017.03.08 17:07:34.573,1.34854,1.34863,1.50,1.87
2017.03.08 17:07:35.078,1.34856,1.34863,1.00,1.87
2017.03.08 17:07:35.647,1.34855,1.34863,2.62,1.37
2017.03.08 17:07:36.189,1.34856,1.34863,1.00,1.37
2017.03.08 17:07:36.713,1.34855,1.34863,2.62,1.37
2017.03.08 17:07:37.049,1.34857,1.34863,1.00,1.37
2017.03.08 17:07:37.621,1.34855,1.34862,1.12,1.00
2017.03.08 17:07:39.159,1.34856,1.34863,1.00,1.87
2017.03.08 17:07:39.774,1.34857,1.34863,1.00,1.87
2017.03.08 17:07:40.440,1.34856,1.34863,1.50,1.87
2017.03.08 17:07:41.122,1.34855,1.34862,1.87,1.12
2017.03.08 17:07:41.780,1.34852,1.34861,4.50,1.50
2017.03.08 17:07:41.881,1.34852,1.34861,2.25,1.87
2017.03.08 17:07:42.360,1.34853,1.34862,1.50,1.12
2017.03.08 17:07:42.512,1.34855,1.34861,1.00,1.37
2017.03.08 17:07:42.614,1.34854,1.34862,2.25,1.00
2017.03.08 17:07:43.133,1.34854,1.34863,2.62,2.62
2017.03.08 17:07:43.638,1.34855,1.34863,1.00,3.37
2017.03.08 17:07:44.144,1.34854,1.34863,2.62,2.62
2017.03.08 17:07:44.698,1.34855,1.34862,1.00,1.50
2017.03.08 17:07:45.352,1.34854,1.34863,2.62,4.12
2017.03.08 17:07:46.255,1.34855,1.34862,1.00,2.25
2017.03.08 17:07:46.828,1.34854,1.34862,3.00,1.00
2017.03.08 17:07:46.879,1.34856,1.34862,1.00,1.00
2017.03.08 17:07:47.429,1.34856,1.34863,1.50,3.37
2017.03.08 17:07:48.440,1.34855,1.34859,3.00,1.00
2017.03.08 17:07:48.845,1.34856,1.34862,1.00,1.37
2017.03.08 17:07:48.946,1.34853,1.3486,1.87,1.00
2017.03.08 17:07:49.242,1.34852,1.3486,1.12,1.87
2017.03.08 17:07:49.597,1.3485,1.34858,3.37,1.00
2017.03.08 17:07:50.103,1.34852,1.34859,1.37,1.12
2017.03.08 17:07:50.511,1.34851,1.34859,1.12,1.87
2017.03.08 17:07:57.364,1.3485,1.34854,1.00,1.00
2017.03.08 17:07:57.416,1.34849,1.34854,1.50,1.00
2017.03.08 17:07:57.467,1.34849,1.34857,2.25,2.10
2017.03.08 17:07:57.619,1.34851,1.34857,1.37,1.50
2017.03.08 17:07:58.581,1.34852,1.34858,1.87,1.75
2017.03.08 17:07:58.632,1.34856,1.34861,1.00,1.12
2017.03.08 17:07:58.785,1.34854,1.34862,1.12,1.87
2017.03.08 17:07:58.836,1.34855,1.34859,1.00,1.00
2017.03.08 17:07:59.342,1.34854,1.34859,1.12,1.50
2017.03.08 17:08:01.686,1.34855,1.34859,1.00,2.25
2017.03.08 17:08:02.191,1.34856,1.3486,1.00,1.50
2017.03.08 17:08:03.662,1.34855,1.34859,1.00,1.50
2017.03.08 17:08:03.712,1.34853,1.34859,1.00,2.25
2017.03.08 17:08:05.124,1.34853,1.34858,1.00,1.00
2017.03.08 17:08:05.680,1.34853,1.34859,1.12,3.00
2017.03.08 17:08:06.185,1.34853,1.34858,1.50,1.00
2017.03.08 17:08:06.691,1.34854,1.34858,1.00,1.00
2017.03.08 17:08:07.277,1.34854,1.34859,1.00,3.00
2017.03.08 17:08:07.799,1.34854,1.34858,1.00,1.50
2017.03.08 17:08:08.339,1.34853,1.34858,1.12,1.50
2017.03.08 17:08:08.743,1.34852,1.34856,1.00,1.00
2017.03.08 17:08:09.277,1.3485,1.34857,2.62,1.00
2017.03.08 17:08:19.504,1.3485,1.34857,2.62,2.25
2017.03.08 17:08:19.555,1.3485,1.34854,2.62,1.00
2017.03.08 17:08:19.606,1.34848,1.34855,4.87,1.00
2017.03.08 17:08:19.910,1.34848,1.34856,4.12,1.50
2017.03.08 17:08:20.596,1.34848,1.34855,4.12,1.00
2017.03.08 17:08:21.141,1.34849,1.34856,1.50,1.50
2017.03.08 17:08:21.293,1.34849,1.34854,1.00,1.00
2017.03.08 17:08:21.394,1.34849,1.34856,1.00,1.50
2017.03.08 17:08:21.496,1.34848,1.34856,3.37,1.50
2017.03.08 17:08:22.008,1.34848,1.34856,2.25,1.50
2017.03.08 17:08:25.568,1.34848,1.34854,2.25,1.00
2017.03.08 17:08:26.507,1.34848,1.34855,4.87,1.00
2017.03.08 17:08:28.077,1.34848,1.34855,3.37,1.00
2017.03.08 17:08:29.102,1.3485,1.34855,1.00,1.00
2017.03.08 17:08:29.662,1.34848,1.34854,2.25,1.00
2017.03.08 17:08:30.002,1.34849,1.34856,2.62,1.00
2017.03.08 17:08:31.909,1.34849,1.34857,3.37,1.00
2017.03.08 17:08:32.416,1.3485,1.34858,1.50,1.00
2017.03.08 17:08:33.211,1.34851,1.34859,1.37,1.87
2017.03.08 17:08:33.817,1.34851,1.34858,1.75,1.00
2017.03.08 17:08:38.627,1.34852,1.34856,1.50,1.00
2017.03.08 17:08:38.677,1.34851,1.34858,1.75,1.00
2017.03.08 17:08:39.184,1.34851,1.34857,1.75,1.00
2017.03.08 17:08:40.793,1.34851,1.34857,1.75,1.00
2017.03.08 17:08:40.845,1.34851,1.34858,1.75,1.50
2017.03.08 17:08:41.502,1.34851,1.34857,1.75,1.00
2017.03.08 17:08:42.110,1.34851,1.34858,1.75,2.25
2017.03.08 17:08:42.660,1.3485,1.34857,4.87,1.00
2017.03.08 17:08:43.267,1.3485,1.34858,2.62,2.25
2017.03.08 17:08:43.772,1.34852,1.34857,1.50,1.50
2017.03.08 17:08:47.129,1.3485,1.34858,3.37,2.25
2017.03.08 17:08:47.857,1.34851,1.34857,1.75,1.00
2017.03.08 17:08:48.394,1.34851,1.34858,1.75,2.25
2017.03.08 17:08:48.987,1.34851,1.34857,1.75,1.00
2017.03.08 17:08:49.089,1.34851,1.34858,1.50,2.25
2017.03.08 17:08:49.622,1.34851,1.34857,1.50,1.00
2017.03.08 17:08:50.139,1.34851,1.34858,1.50,1.50
2017.03.08 17:08:50.341,1.34851,1.34855,1.00,1.00
2017.03.08 17:08:50.392,1.3485,1.34854,1.00,1.00
2017.03.08 17:08:50.443,1.34848,1.34853,4.50,3.60
2017.03.08 17:08:50.494,1.34848,1.34852,2.25,2.10
2017.03.08 17:08:50.654,1.34845,1.34851,1.37,3.75
2017.03.08 17:08:50.909,1.34844,1.34851,1.00,2.25
2017.03.08 17:08:51.162,1.34844,1.34851,3.37,1.00
2017.03.08 17:08:51.213,1.34844,1.34852,3.75,2.25
2017.03.08 17:08:51.727,1.34845,1.34852,2.62,2.25
2017.03.08 17:08:53.582,1.34846,1.34853,2.62,3.75
2017.03.08 17:08:54.115,1.34845,1.34852,2.62,1.50
2017.03.08 17:08:54.671,1.34845,1.34852,1.75,1.50
2017.03.08 17:08:55.179,1.34845,1.34852,1.50,1.50
2017.03.08 17:08:56.344,1.34846,1.34853,2.25,3.75
2017.03.08 17:08:56.851,1.34847,1.34851,1.00,1.00
2017.03.08 17:09:01.179,1.34847,1.34851,1.00,1.00
2017.03.08 17:09:01.810,1.34844,1.34853,3.37,2.25
2017.03.08 17:09:02.359,1.34845,1.34852,1.50,1.00
2017.03.08 17:09:06.559,1.34844,1.34851,1.50,1.00
2017.03.08 17:09:06.610,1.34842,1.34849,4.12,1.00
2017.03.08 17:09:06.864,1.3484,1.34848,1.12,1.00
2017.03.08 17:09:06.966,1.34839,1.34847,3.37,1.00
2017.03.08 17:09:07.269,1.34841,1.34849,1.50,1.00
2017.03.08 17:09:07.670,1.34843,1.34847,1.00,1.00
2017.03.08 17:09:07.926,1.34841,1.34849,6.37,1.50
2017.03.08 17:09:08.433,1.34842,1.34849,1.50,1.00
2017.03.08 17:09:12.193,1.34848,1.34852,1.00,3.37
2017.03.08 17:09:12.296,1.3485,1.34855,2.25,1.00
2017.03.08 17:09:12.347,1.34852,1.34857,1.12,1.12
2017.03.08 17:09:12.398,1.34854,1.34859,1.00,1.12
2017.03.08 17:09:12.703,1.34853,1.34857,1.00,2.25
2017.03.08 17:09:13.007,1.34851,1.34855,1.00,1.00
2017.03.08 17:09:13.508,1.34852,1.34856,1.00,1.50
2017.03.08 17:09:14.076,1.34851,1.34855,1.00,1.00
2017.03.08 17:09:14.682,1.34852,1.34856,1.00,1.50
2017.03.08 17:09:15.188,1.34849,1.34855,2.62,1.00
2017.03.08 17:09:15.290,1.34847,1.34856,3.00,3.00
2017.03.08 17:09:15.847,1.34847,1.34855,2.62,1.50
2017.03.08 17:09:18.181,1.34847,1.34854,4.12,1.00
2017.03.08 17:09:20.138,1.34847,1.34856,3.37,3.00
2017.03.08 17:09:20.681,1.34847,1.34855,3.37,1.00
2017.03.08 17:09:23.063,1.34847,1.34854,4.12,1.00
2017.03.08 17:09:23.173,1.34847,1.34854,2.62,1.50
2017.03.08 17:09:23.224,1.34847,1.34854,2.62,1.00
2017.03.08 17:09:23.758,1.34847,1.34855,2.62,3.00
2017.03.08 17:09:24.621,1.34847,1.34854,2.62,1.00
2017.03.08 17:09:26.336,1.34849,1.34853,1.00,1.00
2017.03.08 17:09:26.841,1.34848,1.34854,1.75,1.00
2017.03.08 17:09:26.998,1.34847,1.34854,2.62,1.00
2017.03.08 17:09:28.631,1.34849,1.34853,1.00,1.50
2017.03.08 17:09:29.619,1.34846,1.34853,2.62,1.50
2017.03.08 17:09:29.720,1.34844,1.34852,1.75,1.00
2017.03.08 17:09:30.327,1.34844,1.34849,1.00,1.00
2017.03.08 17:09:30.580,1.34842,1.34848,1.12,1.50
2017.03.08 17:09:30.732,1.34845,1.34849,1.00,1.00
2017.03.08 17:09:31.255,1.34843,1.3485,3.37,1.00
2017.03.08 17:09:31.610,1.34844,1.34848,1.00,1.00
2017.03.08 17:09:31.814,1.34842,1.34848,1.50,1.50
2017.03.08 17:09:32.319,1.34842,1.34847,1.00,1.00
2017.03.08 17:09:33.168,1.34842,1.34848,1.00,1.00
2017.03.08 17:09:34.720,1.34843,1.34848,1.37,1.00
2017.03.08 17:09:35.024,1.34845,1.34852,2.62,2.25
2017.03.08 17:09:35.531,1.34845,1.34852,3.37,1.50
2017.03.08 17:09:35.874,1.34844,1.34848,1.00,2.25
2017.03.08 17:09:36.837,1.34844,1.34848,1.00,1.50
2017.03.08 17:09:36.889,1.34844,1.34848,1.00,1.50
2017.03.08 17:09:37.429,1.34842,1.34848,1.50,1.50
2017.03.08 17:09:38.921,1.34842,1.3485,1.50,1.00
2017.03.08 17:09:39.124,1.34843,1.3485,2.25,1.00
2017.03.08 17:09:39.433,1.34845,1.34852,2.62,1.00
2017.03.08 17:09:40.256,1.34846,1.3485,1.00,1.00
2017.03.08 17:09:40.357,1.34842,1.3485,2.62,1.00
2017.03.08 17:09:40.459,1.34841,1.3485,3.75,1.00
2017.03.08 17:09:40.560,1.34844,1.34851,2.25,2.25
2017.03.08 17:09:41.753,1.34845,1.34852,2.62,1.00
2017.03.08 17:09:42.524,1.34847,1.34851,1.00,1.00
2017.03.08 17:09:48.768,1.34845,1.34852,2.62,1.00
2017.03.08 17:09:49.283,1.34844,1.34851,3.37,1.00
2017.03.08 17:09:49.435,1.34843,1.34849,1.87,1.00
2017.03.08 17:09:51.358,1.34845,1.34852,2.62,1.50
2017.03.08 17:09:52.101,1.34845,1.34852,2.62,1.50
2017.03.08 17:09:52.299,1.34844,1.34849,1.00,1.00
2017.03.08 17:09:52.806,1.34843,1.34848,1.37,1.00
2017.03.08 17:09:52.857,1.34843,1.34848,3.00,1.00
2017.03.08 17:09:54.127,1.34843,1.34851,4.50,1.00
2017.03.08 17:09:55.459,1.34845,1.34852,2.25,1.50
2017.03.08 17:09:55.973,1.34845,1.34852,2.62,1.50
2017.03.08 17:10:00.806,1.34845,1.34853,5.62,1.00
2017.03.08 17:10:01.110,1.34846,1.34856,4.12,4.12
2017.03.08 17:10:01.515,1.34846,1.34853,4.12,1.00
2017.03.08 17:10:01.566,1.34846,1.34851,1.00,1.00
2017.03.08 17:10:02.013,1.34845,1.34853,1.50,1.87
2017.03.08 17:10:02.537,1.34845,1.34852,2.25,1.00
2017.03.08 17:10:03.053,1.34845,1.34853,2.25,1.12
2017.03.08 17:10:06.846,1.34848,1.34855,1.00,5.25
2017.03.08 17:10:06.898,1.34847,1.34855,1.50,1.12
2017.03.08 17:10:07.409,1.34849,1.34855,1.00,1.00
2017.03.08 17:10:08.792,1.34849,1.34856,2.62,2.25
2017.03.08 17:10:12.277,1.34852,1.34857,1.37,3.00
2017.03.08 17:10:13.529,1.3485,1.34856,3.00,2.25
2017.03.08 17:10:18.018,1.3485,1.34855,1.50,1.50
2017.03.08 17:10:18.665,1.34852,1.34856,1.00,3.00
2017.03.08 17:10:19.171,1.34853,1.34857,1.00,3.00
2017.03.08 17:10:20.523,1.34851,1.34855,2.62,1.00
2017.03.08 17:10:20.847,1.34852,1.34858,2.25,3.00
2017.03.08 17:10:21.539,1.34852,1.34857,1.87,3.00
2017.03.08 17:10:22.220,1.34851,1.34855,2.62,1.00
2017.03.08 17:10:22.523,1.34854,1.34858,1.00,3.00
2017.03.08 17:10:22.935,1.34853,1.34857,1.12,1.00
2017.03.08 17:10:23.487,1.34854,1.34858,1.00,1.50
2017.03.08 17:10:24.017,1.34853,1.34857,1.12,1.00
2017.03.08 17:10:24.657,1.34854,1.34858,1.00,1.50
2017.03.08 17:10:25.321,1.34853,1.34857,1.12,1.00
2017.03.08 17:10:25.870,1.34853,1.34858,1.50,1.50
2017.03.08 17:10:26.375,1.34853,1.34857,2.62,1.00
2017.03.08 17:10:26.990,1.34854,1.34858,1.12,1.50
2017.03.08 17:10:27.584,1.34854,1.34862,2.25,1.79
2017.03.08 17:10:27.635,1.34854,1.34862,1.50,1.79
2017.03.08 17:10:27.838,1.34854,1.3486,1.50,1.67
2017.03.08 17:10:32.884,1.34852,1.3486,3.00,1.67
2017.03.08 17:10:33.389,1.34853,1.3486,1.12,1.67
2017.03.08 17:10:34.378,1.34852,1.3486,2.25,1.67
2017.03.08 17:10:35.900,1.34854,1.3486,1.00,1.04
2017.03.08 17:10:37.166,1.34854,1.3486,1.50,1.42
2017.03.08 17:10:38.529,1.34854,1.3486,1.50,1.67
2017.03.08 17:10:40.851,1.34853,1.3486,1.12,1.67
2017.03.08 17:10:41.356,1.34855,1.3486,1.00,1.79
2017.03.08 17:10:41.900,1.34853,1.3486,1.37,1.67
2017.03.08 17:10:47.615,1.34853,1.3486,2.25,2.17
2017.03.08 17:10:48.684,1.34853,1.34858,1.50,1.00
2017.03.08 17:10:49.623,1.34853,1.34857,1.12,1.00
2017.03.08 17:10:49.876,1.34851,1.34857,1.00,1.00
2017.03.08 17:10:50.448,1.3485,1.34857,3.37,1.00
2017.03.08 17:10:51.618,1.3485,1.34857,1.87,1.00
2017.03.08 17:10:55.358,1.3485,1.34857,1.87,1.67
2017.03.08 17:10:57.187,1.3485,1.34855,1.50,1.00
2017.03.08 17:10:57.440,1.34848,1.34853,2.62,1.50
2017.03.08 17:10:57.492,1.34849,1.34853,1.00,1.50
2017.03.08 17:10:57.543,1.34845,1.34849,5.25,1.00
2017.03.08 17:10:57.745,1.34843,1.34849,1.50,1.00
2017.03.08 17:10:57.897,1.34843,1.34851,1.37,1.00
2017.03.08 17:10:57.948,1.34843,1.34852,3.37,3.37
2017.03.08 17:10:58.458,1.34844,1.34852,2.62,3.00
2017.03.08 17:10:59.498,1.34844,1.34851,2.62,1.00
2017.03.08 17:11:00.868,1.34844,1.34852,2.62,3.00
2017.03.08 17:11:01.212,1.34848,1.34854,1.00,1.00
2017.03.08 17:11:01.364,1.34848,1.34854,1.50,1.00
2017.03.08 17:11:01.797,1.34848,1.34856,1.50,1.00
2017.03.08 17:11:02.820,1.34848,1.34856,1.00,7.75
2017.03.08 17:11:03.023,1.34844,1.34852,3.37,1.50
2017.03.08 17:11:03.073,1.34844,1.34852,2.25,1.00
2017.03.08 17:11:03.124,1.34844,1.34852,1.12,2.50
2017.03.08 17:11:03.772,1.34844,1.34852,1.50,3.25
2017.03.08 17:11:04.307,1.34845,1.34849,1.00,1.00
2017.03.08 17:11:05.773,1.34843,1.34852,2.62,2.25
2017.03.08 17:11:05.975,1.34844,1.34852,1.50,1.50
2017.03.08 17:11:06.143,1.34844,1.34852,1.50,1.50
2017.03.08 17:11:08.009,1.34845,1.34853,2.25,1.00
2017.03.08 17:11:08.318,1.34847,1.34853,2.25,1.00
2017.03.08 17:11:08.420,1.34847,1.34855,1.75,1.00
2017.03.08 17:11:09.468,1.34848,1.34856,1.50,1.50
2017.03.08 17:11:09.974,1.34847,1.34855,1.75,1.00
2017.03.08 17:11:11.230,1.34847,1.34856,3.75,1.50
2017.03.08 17:11:11.686,1.34853,1.34857,1.00,1.00
2017.03.08 17:11:11.787,1.34855,1.3486,1.00,1.87
2017.03.08 17:11:11.990,1.34851,1.34858,1.75,1.50
2017.03.08 17:11:12.293,1.34849,1.34858,1.50,2.87
2017.03.08 17:11:12.755,1.34849,1.34855,1.50,1.50
2017.03.08 17:11:13.069,1.34845,1.34852,1.12,2.62
2017.03.08 17:11:13.798,1.34845,1.34854,1.87,3.37
2017.03.08 17:11:13.848,1.34847,1.34854,1.00,2.62
2017.03.08 17:11:14.000,1.34847,1.34855,1.00,1.30
2017.03.08 17:11:14.203,1.34847,1.34855,1.50,1.35
2017.03.08 17:11:14.709,1.34847,1.34857,5.62,1.87
2017.03.08 17:11:17.312,1.34847,1.34854,4.12,1.00
2017.03.08 17:11:17.616,1.34845,1.34853,3.37,2.25
2017.03.08 17:11:17.717,1.34846,1.34853,1.00,1.50
2017.03.08 17:11:20.090,1.34845,1.34853,3.37,1.50
2017.03.08 17:11:32.938,1.34847,1.34853,1.75,1.50
2017.03.08 17:11:35.861,1.34846,1.34854,2.62,2.25
2017.03.08 17:11:36.367,1.34845,1.34852,2.25,1.00
2017.03.08 17:11:36.418,1.34844,1.34852,1.37,1.12
2017.03.08 17:11:37.263,1.34844,1.34853,4.50,3.37
2017.03.08 17:11:37.637,1.34846,1.34853,2.62,2.25
2017.03.08 17:11:38.042,1.34848,1.34855,2.62,3.00
2017.03.08 17:11:38.194,1.34851,1.34858,1.50,1.50
2017.03.08 17:11:38.245,1.34851,1.34855,1.50,1.00
2017.03.08 17:11:38.752,1.34853,1.34857,1.00,1.00
2017.03.08 17:11:43.577,1.34852,1.34856,1.00,2.25
2017.03.08 17:11:50.251,1.34849,1.34857,3.37,2.25
2017.03.08 17:11:50.559,1.34849,1.34855,4.12,1.00
2017.03.08 17:11:51.301,1.34849,1.34856,3.37,1.50
2017.03.08 17:11:51.892,1.34849,1.34855,3.37,1.00
2017.03.08 17:11:52.497,1.34849,1.34856,3.37,1.50
2017.03.08 17:11:53.030,1.34853,1.34857,1.00,1.50
2017.03.08 17:11:53.333,1.34851,1.34855,1.00,1.00
2017.03.08 17:11:54.039,1.34852,1.34856,1.00,1.00
2017.03.08 17:11:54.398,1.34852,1.34859,2.62,3.75
2017.03.08 17:11:55.122,1.34853,1.34857,1.50,1.00
2017.03.08 17:11:56.158,1.34852,1.34859,3.37,3.75
2017.03.08 17:11:56.700,1.34853,1.34857,1.50,1.00
2017.03.08 17:11:57.254,1.34852,1.34859,3.37,3.75
2017.03.08 17:11:57.578,1.34852,1.34856,2.62,1.50
2017.03.08 17:11:58.400,1.34851,1.34855,8.25,1.00
2017.03.08 17:11:58.908,1.34852,1.34856,3.37,1.50
2017.03.08 17:11:59.267,1.34854,1.34859,1.50,1.00
2017.03.08 17:12:01.350,1.34854,1.34862,1.50,2.62
2017.03.08 17:12:01.813,1.34853,1.3486,1.75,1.00
2017.03.08 17:12:02.117,1.34854,1.34859,1.00,1.61
2017.03.08 17:12:02.420,1.3485,1.34854,1.00,1.00
2017.03.08 17:12:02.674,1.34849,1.34857,2.62,4.12
2017.03.08 17:12:02.927,1.34851,1.34858,2.62,1.00
2017.03.08 17:12:03.454,1.3485,1.34857,3.37,1.00
2017.03.08 17:12:04.876,1.3485,1.34859,2.62,1.87
2017.03.08 17:12:05.028,1.3485,1.34857,2.62,1.00
2017.03.08 17:12:05.319,1.3485,1.34859,3.37,1.00
2017.03.08 17:12:05.829,1.3485,1.34858,2.62,1.00
2017.03.08 17:12:06.338,1.3485,1.34859,3.37,1.50
2017.03.08 17:12:06.541,1.3485,1.3486,3.37,3.11
2017.03.08 17:12:06.867,1.34851,1.34859,3.37,1.00
2017.03.08 17:12:07.323,1.34854,1.34862,1.50,1.50
2017.03.08 17:12:07.839,1.34854,1.3486,1.00,1.00
2017.03.08 17:12:08.143,1.34854,1.34859,1.00,1.11
2017.03.08 17:12:08.649,1.34854,1.34859,1.00,1.15
2017.03.08 17:12:09.465,1.34853,1.34859,1.00,1.11
2017.03.08 17:12:09.856,1.34854,1.34859,1.00,1.15
2017.03.08 17:12:10.368,1.34852,1.34859,3.37,1.15
2017.03.08 17:12:10.639,1.3485,1.34858,1.75,1.15
2017.03.08 17:12:10.742,1.34851,1.34858,2.62,1.61
2017.03.08 17:12:11.625,1.34852,1.34857,1.00,1.00
2017.03.08 17:12:12.158,1.3485,1.34859,2.62,4.61
2017.03.08 17:12:13.207,1.3485,1.34857,2.62,1.00
2017.03.08 17:12:13.995,1.34851,1.34855,1.00,1.50
2017.03.08 17:12:14.046,1.3485,1.34855,1.00,1.00
2017.03.08 17:12:15.010,1.34848,1.34855,2.62,1.00
2017.03.08 17:12:15.061,1.34849,1.34857,2.62,1.15
2017.03.08 17:12:15.303,1.34849,1.34856,2.62,1.50
2017.03.08 17:12:15.354,1.34852,1.34856,1.00,1.50
2017.03.08 17:12:15.557,1.34847,1.34855,2.62,1.00
2017.03.08 17:12:15.608,1.34847,1.34857,4.87,2.36
2017.03.08 17:12:17.238,1.34852,1.34857,1.00,1.61
2017.03.08 17:12:21.471,1.3485,1.34859,2.62,1.98
2017.03.08 17:12:21.976,1.34852,1.34859,1.00,1.23
2017.03.08 17:12:22.381,1.34852,1.34859,2.25,1.11
2017.03.08 17:12:22.533,1.34852,1.3486,2.25,1.61
2017.03.08 17:12:22.827,1.34851,1.3486,4.12,4.61
2017.03.08 17:12:22.878,1.34852,1.3486,1.00,1.61
2017.03.08 17:12:25.042,1.34851,1.3486,1.75,1.61
2017.03.08 17:12:25.801,1.34853,1.3486,1.00,1.15
2017.03.08 17:12:25.984,1.34853,1.3486,1.75,1.15
2017.03.08 17:12:26.287,1.34852,1.34859,3.37,1.15
2017.03.08 17:12:26.490,1.34852,1.3486,3.37,1.61
2017.03.08 17:12:27.866,1.34854,1.3486,1.00,1.11
2017.03.08 17:12:28.139,1.34846,1.3485,12.75,1.00
2017.03.08 17:12:28.255,1.34842,1.34849,4.12,2.10
2017.03.08 17:12:28.306,1.34842,1.3485,3.37,1.50
2017.03.08 17:12:28.814,1.34844,1.3485,1.12,1.00
2017.03.08 17:12:30.181,1.34845,1.3485,1.00,1.50
2017.03.08 17:12:30.700,1.34845,1.34853,1.00,4.12
2017.03.08 17:12:30.751,1.34847,1.34852,1.12,1.00
2017.03.08 17:12:30.802,1.34847,1.34855,1.00,2.25
2017.03.08 17:12:30.853,1.34848,1.34856,1.87,1.12
2017.03.08 17:12:30.904,1.34851,1.34856,1.00,1.50
2017.03.08 17:12:31.006,1.3485,1.34858,1.50,2.25
2017.03.08 17:12:31.057,1.3485,1.34858,1.50,2.25
2017.03.08 17:12:31.407,1.34851,1.34856,1.00,1.00
2017.03.08 17:12:31.510,1.34849,1.34856,1.00,1.00
2017.03.08 17:12:31.915,1.34849,1.34854,1.00,1.00
2017.03.08 17:12:32.421,1.34846,1.34855,4.12,1.50
2017.03.08 17:12:33.767,1.34847,1.34856,1.75,3.37
2017.03.08 17:12:34.071,1.3486,1.34867,3.37,1.69
2017.03.08 17:12:34.478,1.3486,1.34864,1.00,2.25
2017.03.08 17:12:34.580,1.34858,1.34864,1.00,2.62
2017.03.08 17:12:35.086,1.34858,1.34866,2.25,1.69
2017.03.08 17:12:35.392,1.34858,1.34865,1.00,1.26
2017.03.08 17:12:37.884,1.34858,1.34866,3.37,1.69
2017.03.08 17:12:37.986,1.34859,1.34865,1.00,1.26
2017.03.08 17:12:38.492,1.34858,1.34866,2.62,2.44
2017.03.08 17:12:38.593,1.34859,1.34866,1.12,1.69
2017.03.08 17:12:38.714,1.34859,1.34866,1.50,1.69
2017.03.08 17:12:40.122,1.34859,1.34867,1.50,2.82
2017.03.08 17:12:41.430,1.34858,1.34868,3.37,2.44
2017.03.08 17:12:41.758,1.34858,1.34866,3.37,1.19
2017.03.08 17:12:47.003,1.34858,1.34864,2.62,1.00
2017.03.08 17:12:47.105,1.34856,1.34866,3.00,3.19
2017.03.08 17:12:47.611,1.34856,1.34865,4.12,1.26
2017.03.08 17:12:48.244,1.34857,1.34866,3.37,2.44
2017.03.08 17:12:48.767,1.34859,1.34866,1.00,1.69
2017.03.08 17:12:51.031,1.34857,1.34866,2.62,1.69
2017.03.08 17:12:51.538,1.34856,1.34866,5.25,1.69
2017.03.08 17:12:58.977,1.34855,1.34865,2.25,1.69
2017.03.08 17:12:59.068,1.34855,1.34863,1.75,1.00
2017.03.08 17:12:59.780,1.34855,1.34864,3.00,1.00
2017.03.08 17:13:00.084,1.34859,1.34865,1.00,1.26
2017.03.08 17:13:00.632,1.34859,1.34864,1.00,1.00
2017.03.08 17:13:00.784,1.34857,1.34864,1.00,1.50
2017.03.08 17:13:02.284,1.34856,1.34865,1.50,1.32
2017.03.08 17:13:06.978,1.34856,1.34866,3.37,2.35
2017.03.08 17:13:08.294,1.34858,1.34865,1.37,1.50
2017.03.08 17:13:08.864,1.34858,1.34864,1.37,1.22
2017.03.08 17:13:09.674,1.34857,1.34865,1.50,3.10
2017.03.08 17:13:11.699,1.3486,1.34865,1.00,2.35
2017.03.08 17:13:11.750,1.34858,1.34867,1.12,4.97
2017.03.08 17:13:12.256,1.34857,1.34865,1.12,1.22
2017.03.08 17:13:12.792,1.34858,1.34864,1.00,1.00
2017.03.08 17:13:13.331,1.34858,1.34865,1.00,1.97
2017.03.08 17:13:14.069,1.34858,1.34864,1.00,1.00
2017.03.08 17:13:14.686,1.34858,1.34865,1.00,1.97
2017.03.08 17:13:15.959,1.34858,1.34864,1.00,1.00
2017.03.08 17:13:16.495,1.34858,1.34865,1.00,1.97
2017.03.08 17:13:16.800,1.34857,1.34865,3.00,1.00
2017.03.08 17:13:17.348,1.34859,1.34866,1.00,1.50
2017.03.08 17:13:17.895,1.34859,1.34864,1.00,1.00
2017.03.08 17:13:18.508,1.34859,1.34865,1.00,1.50
2017.03.08 17:13:19.050,1.34859,1.34864,1.00,1.50
2017.03.08 17:13:19.408,1.34857,1.34866,1.50,2.25
2017.03.08 17:13:19.459,1.34857,1.34864,1.75,1.00
2017.03.08 17:13:19.611,1.34857,1.34867,3.37,3.37
2017.03.08 17:13:20.142,1.3486,1.34866,1.12,1.00
2017.03.08 17:13:20.721,1.3486,1.34867,1.12,1.87
2017.03.08 17:13:21.221,1.3486,1.34867,4.87,1.87
2017.03.08 17:13:21.272,1.3486,1.34869,3.00,3.00
2017.03.08 17:13:21.323,1.3486,1.34869,4.50,1.87
2017.03.08 17:13:21.627,1.34859,1.34865,1.87,1.50
2017.03.08 17:13:22.238,1.34859,1.34866,1.87,1.50
2017.03.08 17:13:23.003,1.34859,1.34868,1.00,3.75
2017.03.08 17:13:23.054,1.34857,1.34865,2.25,1.00
2017.03.08 17:13:23.629,1.34857,1.34866,1.50,1.50
2017.03.08 17:13:24.247,1.34857,1.34865,1.50,1.00
2017.03.08 17:13:24.997,1.34857,1.34866,1.50,1.50
2017.03.08 17:13:25.553,1.34857,1.34865,1.50,1.00
2017.03.08 17:13:26.059,1.34857,1.34866,1.50,2.25
2017.03.08 17:13:27.108,1.34857,1.34865,1.50,1.50
2017.03.08 17:13:27.627,1.34857,1.34865,2.62,1.00
2017.03.08 17:13:28.437,1.34859,1.34867,1.37,1.50
2017.03.08 17:13:28.946,1.34859,1.34868,1.37,3.00
2017.03.08 17:13:29.452,1.34859,1.34867,1.12,1.50
2017.03.08 17:13:29.604,1.34859,1.34868,1.50,3.37
2017.03.08 17:13:29.907,1.34859,1.34867,1.12,1.00
2017.03.08 17:13:30.413,1.34857,1.34868,3.00,4.87
2017.03.08 17:13:30.514,1.34858,1.34867,2.62,1.50
2017.03.08 17:13:31.031,1.34858,1.34868,2.62,2.62
2017.03.08 17:13:31.469,1.34858,1.34866,2.62,1.50
2017.03.08 17:13:31.621,1.34857,1.34866,1.50,1.12
2017.03.08 17:13:32.025,1.34858,1.34867,4.12,1.50
2017.03.08 17:13:32.631,1.34858,1.34866,4.12,1.00
2017.03.08 17:13:33.352,1.34858,1.34867,4.12,1.50
2017.03.08 17:13:34.041,1.34858,1.34866,4.12,1.00
2017.03.08 17:13:34.550,1.34858,1.34867,4.12,1.50
2017.03.08 17:13:34.854,1.34858,1.34865,3.37,1.00
2017.03.08 17:13:34.905,1.34859,1.34865,1.00,1.00
2017.03.08 17:13:35.108,1.34858,1.34867,1.50,1.87
2017.03.08 17:13:35.412,1.34858,1.34866,2.62,1.00
2017.03.08 17:13:35.838,1.34859,1.34867,1.00,2.62
2017.03.08 17:13:36.445,1.34858,1.34866,1.50,1.00
2017.03.08 17:13:36.980,1.34858,1.34867,1.50,2.62
2017.03.08 17:13:37.485,1.34858,1.34867,1.50,3.00
2017.03.08 17:13:38.032,1.34858,1.34866,1.50,1.00
2017.03.08 17:13:38.713,1.34858,1.34866,1.00,1.00
2017.03.08 17:13:38.814,1.34861,1.34866,1.00,1.50
2017.03.08 17:13:39.320,1.34858,1.34866,2.25,1.50
2017.03.08 17:13:39.816,1.34862,1.34866,1.00,1.00
2017.03.08 17:13:40.041,1.3486,1.34866,1.00,1.50
2017.03.08 17:13:41.022,1.3486,1.34865,1.00,1.50
2017.03.08 17:13:41.074,1.34859,1.34863,1.00,1.00
2017.03.08 17:13:41.329,1.34857,1.34862,1.00,1.00
2017.03.08 17:13:41.380,1.34856,1.3486,1.50,1.00
2017.03.08 17:13:41.431,1.34854,1.34864,5.25,3.37
2017.03.08 17:13:41.958,1.34856,1.34864,3.37,1.00
2017.03.08 17:13:45.215,1.34859,1.34865,1.00,1.00
2017.03.08 17:13:46.830,1.34859,1.34864,1.00,1.00
2017.03.08 17:13:47.334,1.34857,1.34864,2.62,1.00
2017.03.08 17:13:48.367,1.34858,1.34864,1.00,1.00
2017.03.08 17:13:48.519,1.34858,1.34867,1.00,3.75
2017.03.08 17:13:48.610,1.3486,1.34866,1.00,1.00
2017.03.08 17:13:49.287,1.34858,1.34867,2.62,1.50
2017.03.08 17:13:49.905,1.34859,1.34866,1.75,1.00
2017.03.08 17:13:50.408,1.34859,1.34867,2.25,1.50
2017.03.08 17:13:51.565,1.34857,1.34866,3.37,1.00
2017.03.08 17:13:52.129,1.34858,1.34867,1.75,1.50
2017.03.08 17:13:52.702,1.34857,1.34866,2.62,1.00
2017.03.08 17:13:53.218,1.34857,1.34867,2.62,2.25
2017.03.08 17:13:54.424,1.34858,1.34866,1.75,1.00
2017.03.08 17:13:54.931,1.34858,1.34867,1.75,3.00
2017.03.08 17:13:55.576,1.34858,1.34866,1.75,1.00
2017.03.08 17:13:56.217,1.34858,1.34867,1.75,3.00
2017.03.08 17:13:57.557,1.34858,1.34866,3.00,1.00
2017.03.08 17:13:58.064,1.34858,1.34867,2.25,1.50
2017.03.08 17:13:58.367,1.34858,1.34867,4.12,2.25
2017.03.08 17:13:58.893,1.34858,1.34866,3.37,1.00
2017.03.08 17:13:59.591,1.34857,1.34867,1.75,2.62
2017.03.08 17:14:00.381,1.34858,1.34866,1.50,1.50
2017.03.08 17:14:00.764,1.34862,1.34866,1.00,1.50
2017.03.08 17:14:01.098,1.3486,1.34867,1.00,2.25
2017.03.08 17:14:01.675,1.3486,1.34866,1.00,1.00
2017.03.08 17:14:02.177,1.34859,1.34867,1.12,3.00
2017.03.08 17:14:02.788,1.3486,1.34867,1.00,1.50
2017.03.08 17:14:03.802,1.34862,1.34869,1.00,2.44
2017.03.08 17:14:04.312,1.34862,1.34871,1.12,4.32
2017.03.08 17:14:04.464,1.34862,1.34871,1.12,1.69
2017.03.08 17:14:04.566,1.34862,1.34871,1.50,3.57
2017.03.08 17:14:04.718,1.34862,1.34871,1.12,2.82
2017.03.08 17:14:04.871,1.34862,1.34871,1.12,4.69
2017.03.08 17:14:07.358,1.34864,1.34871,1.00,1.61
2017.03.08 17:14:09.307,1.3486,1.3487,4.12,1.12
2017.03.08 17:14:10.778,1.3486,1.34869,4.12,1.00
2017.03.08 17:14:11.800,1.34862,1.34872,1.37,5.36
2017.03.08 17:14:13.997,1.34863,1.34872,1.50,1.61
2017.03.08 17:14:15.253,1.34865,1.34874,1.00,3.00
2017.03.08 17:14:15.455,1.34866,1.34875,1.87,1.61
2017.03.08 17:14:15.961,1.34867,1.34875,1.12,1.15
2017.03.08 17:14:18.362,1.34867,1.34874,1.12,1.00
2017.03.08 17:14:18.413,1.34867,1.34877,1.12,3.48
2017.03.08 17:14:19.705,1.34867,1.34876,1.37,1.12
2017.03.08 17:14:21.184,1.34867,1.34877,2.62,1.15
2017.03.08 17:14:21.640,1.34868,1.34878,2.62,3.11
2017.03.08 17:14:21.953,1.34869,1.34874,1.00,1.00
2017.03.08 17:14:22.486,1.34866,1.34873,2.62,1.00
2017.03.08 17:14:23.002,1.34866,1.34874,2.62,1.00
2017.03.08 17:14:24.590,1.34866,1.34875,2.62,1.50
2017.03.08 17:14:25.790,1.34867,1.34875,2.62,1.00
2017.03.08 17:14:25.892,1.34873,1.34877,1.00,1.00
2017.03.08 17:14:25.993,1.34876,1.34881,1.50,2.25
2017.03.08 17:14:26.045,1.34876,1.34883,3.37,1.50
2017.03.08 17:14:26.096,1.34876,1.34883,4.50,1.00
2017.03.08 17:14:26.248,1.34873,1.34881,1.12,1.00
2017.03.08 17:14:26.349,1.34873,1.3488,1.00,1.00
2017.03.08 17:14:26.502,1.34872,1.34881,3.37,1.00
2017.03.08 17:14:26.603,1.34873,1.34881,1.00,1.37
2017.03.08 17:14:28.330,1.34868,1.34872,10.87,1.00
2017.03.08 17:14:28.533,1.34868,1.34873,2.87,1.00
2017.03.08 17:14:28.634,1.34867,1.34873,1.00,1.00
2017.03.08 17:14:28.822,1.34867,1.34876,1.00,1.61
2017.03.08 17:14:28.924,1.34867,1.34876,2.25,1.50
2017.03.08 17:14:29.228,1.34867,1.34874,2.25,1.00
2017.03.08 17:14:29.820,1.34867,1.34875,2.25,1.00
2017.03.08 17:14:30.357,1.34869,1.34878,1.00,2.36
2017.03.08 17:14:30.408,1.34868,1.34878,4.50,1.23
2017.03.08 17:14:30.863,1.34869,1.34876,2.62,1.00
2017.03.08 17:14:31.015,1.34869,1.34876,1.37,1.00
2017.03.08 17:14:31.518,1.34871,1.34877,1.00,1.00
2017.03.08 17:14:34.877,1.34871,1.34879,1.00,5.44
2017.03.08 17:14:36.078,1.34871,1.34879,1.50,3.75
2017.03.08 17:14:36.427,1.34871,1.34879,1.75,2.25
2017.03.08 17:14:37.459,1.34871,1.34878,1.75,1.00
2017.03.08 17:14:38.157,1.34871,1.34879,1.75,3.37
2017.03.08 17:14:39.931,1.34871,1.34878,1.75,1.00
2017.03.08 17:14:40.558,1.34871,1.34879,1.75,3.37
2017.03.08 17:14:42.248,1.3487,1.34878,4.12,1.00
2017.03.08 17:14:42.655,1.34874,1.34878,1.50,1.00
2017.03.08 17:14:42.706,1.34873,1.34879,1.00,1.50
2017.03.08 17:14:42.858,1.34873,1.34881,2.62,1.50
2017.03.08 17:14:42.960,1.34872,1.34881,2.25,2.62
2017.03.08 17:14:43.296,1.34876,1.34882,1.00,1.87
2017.03.08 17:14:43.675,1.34873,1.34882,2.25,2.25
2017.03.08 17:14:43.791,1.34874,1.3488,1.00,1.00
2017.03.08 17:14:43.994,1.34872,1.34882,2.62,3.75
2017.03.08 17:14:44.504,1.34873,1.34881,1.75,1.00
2017.03.08 17:14:44.913,1.34874,1.34882,2.62,1.00
2017.03.08 17:14:44.964,1.34873,1.34882,1.75,3.00
2017.03.08 17:14:46.025,1.34874,1.34881,2.62,1.00
2017.03.08 17:14:46.530,1.34873,1.34882,4.12,3.00
2017.03.08 17:14:46.847,1.34876,1.34882,1.50,1.00
2017.03.08 17:14:47.253,1.34875,1.34882,1.50,1.00
2017.03.08 17:14:47.809,1.34879,1.34884,1.00,2.62
2017.03.08 17:14:48.276,1.34878,1.34882,1.00,1.00
2017.03.08 17:14:48.777,1.34879,1.34883,1.12,1.00
2017.03.08 17:14:49.294,1.34877,1.34883,3.75,1.50
2017.03.08 17:14:50.850,1.34877,1.34884,4.12,3.00
2017.03.08 17:14:51.364,1.34878,1.34885,1.75,2.25
2017.03.08 17:14:51.517,1.34877,1.34884,2.62,1.00
2017.03.08 17:14:51.720,1.34878,1.34885,1.75,2.25
2017.03.08 17:14:52.271,1.34878,1.34884,1.75,1.50
2017.03.08 17:14:52.322,1.34877,1.34884,3.37,2.25
2017.03.08 17:14:52.857,1.34877,1.34883,1.75,1.00
2017.03.08 17:14:53.390,1.34877,1.34883,3.00,1.00
2017.03.08 17:14:53.917,1.34876,1.34883,1.95,1.50
2017.03.08 17:14:54.686,1.3488,1.34884,1.00,2.25
2017.03.08 17:14:55.213,1.34878,1.34884,2.25,1.50
2017.03.08 17:14:55.674,1.34878,1.34882,1.50,1.00
2017.03.08 17:14:55.775,1.34878,1.34884,2.25,1.50
2017.03.08 17:14:56.416,1.34878,1.34883,2.25,1.00
2017.03.08 17:14:56.973,1.34879,1.34885,1.87,3.75
2017.03.08 17:14:57.419,1.34879,1.34884,1.50,3.00
2017.03.08 17:14:57.774,1.34878,1.34882,1.00,1.00
2017.03.08 17:14:57.976,1.34876,1.34882,1.00,1.00
2017.03.08 17:14:58.792,1.34875,1.34882,1.00,1.00
2017.03.08 17:14:59.428,1.34874,1.34882,3.37,1.50
2017.03.08 17:14:59.937,1.34876,1.34882,1.50,1.50
2017.03.08 17:15:00.264,1.34878,1.34883,1.50,1.50
2017.03.08 17:15:00.467,1.34877,1.34882,1.12,1.00
2017.03.08 17:15:01.290,1.34878,1.34882,1.00,1.00
2017.03.08 17:15:02.390,1.34876,1.34881,1.37,1.00
2017.03.08 17:15:02.919,1.34876,1.34882,1.37,1.00
2017.03.08 17:15:03.527,1.34877,1.34882,1.50,1.00
2017.03.08 17:15:03.629,1.34879,1.34884,1.00,1.00
2017.03.08 17:15:04.155,1.34878,1.34883,1.00,1.00
2017.03.08 17:15:04.669,1.34878,1.34883,1.50,1.00
2017.03.08 17:15:07.538,1.3488,1.34884,1.00,1.00
2017.03.08 17:15:08.075,1.34877,1.34883,1.75,1.00
2017.03.08 17:15:09.524,1.34878,1.34884,1.75,1.26
2017.03.08 17:15:10.522,1.34879,1.34883,1.00,1.00
2017.03.08 17:15:10.623,1.34878,1.34885,2.62,1.00
2017.03.08 17:15:10.831,1.34879,1.34883,1.00,1.00
2017.03.08 17:15:11.402,1.34878,1.34884,1.75,1.00
2017.03.08 17:15:12.224,1.34879,1.34886,1.50,3.67
2017.03.08 17:15:12.275,1.34879,1.34883,1.00,1.00
2017.03.08 17:15:13.496,1.34878,1.34883,1.00,1.00
2017.03.08 17:15:15.610,1.34878,1.34882,1.00,1.00
2017.03.08 17:15:15.762,1.34875,1.34882,1.50,1.00
2017.03.08 17:15:16.015,1.34877,1.34883,1.37,1.00
2017.03.08 17:15:16.943,1.34875,1.34883,1.95,1.00
2017.03.08 17:15:17.481,1.34876,1.34883,1.50,1.00
2017.03.08 17:15:19.114,1.34878,1.34883,1.37,1.00
2017.03.08 17:15:20.232,1.3488,1.34886,1.00,2.17
2017.03.08 17:15:20.284,1.34884,1.34888,1.00,2.92
2017.03.08 17:15:20.335,1.34886,1.3489,1.00,3.67
2017.03.08 17:15:20.386,1.34882,1.34888,1.00,2.92
2017.03.08 17:15:20.437,1.34882,1.34889,3.37,2.25
2017.03.08 17:15:20.589,1.34882,1.34888,1.12,1.67
2017.03.08 17:15:20.738,1.34883,1.34888,1.00,1.67
2017.03.08 17:15:21.043,1.34887,1.34891,1.00,1.00
2017.03.08 17:15:21.095,1.34887,1.34891,1.00,1.00
2017.03.08 17:15:21.247,1.34885,1.34892,1.87,1.42
2017.03.08 17:15:21.703,1.34886,1.3489,1.00,1.50
2017.03.08 17:15:22.007,1.34883,1.34887,1.00,2.17
2017.03.08 17:15:22.108,1.3488,1.34888,1.87,1.04
2017.03.08 17:15:22.159,1.34881,1.34886,1.12,1.19
2017.03.08 17:15:23.021,1.34881,1.34886,1.12,2.44
2017.03.08 17:15:23.526,1.34882,1.34886,1.12,1.69
2017.03.08 17:15:24.184,1.34882,1.34887,1.00,3.19
2017.03.08 17:15:24.341,1.3488,1.34886,1.50,2.44
2017.03.08 17:15:24.797,1.34882,1.34886,1.12,2.25
2017.03.08 17:15:24.847,1.34881,1.34886,2.25,3.19
2017.03.08 17:15:25.734,1.34881,1.34886,1.37,1.26
2017.03.08 17:15:26.264,1.34882,1.34887,1.50,2.44
2017.03.08 17:15:27.926,1.34882,1.34886,1.50,1.26
2017.03.08 17:15:28.755,1.34881,1.34885,1.00,1.26
2017.03.08 17:15:29.362,1.3488,1.34886,1.00,2.44
2017.03.08 17:15:29.937,1.34881,1.34885,1.00,1.69
2017.03.08 17:15:31.337,1.34881,1.34889,3.22,1.69
2017.03.08 17:15:31.459,1.34882,1.34887,1.00,1.19
2017.03.08 17:15:31.814,1.34883,1.34887,1.87,1.00
2017.03.08 17:15:31.865,1.34882,1.34887,3.97,1.19
2017.03.08 17:15:31.966,1.34883,1.34889,1.12,2.44
2017.03.08 17:15:32.169,1.34882,1.34887,1.00,1.19
2017.03.08 17:15:32.689,1.34882,1.34887,1.12,1.19
2017.03.08 17:15:33.214,1.34881,1.34887,1.00,1.19
2017.03.08 17:15:34.751,1.34882,1.34887,1.37,1.26
2017.03.08 17:15:35.306,1.34881,1.34885,1.50,1.00
2017.03.08 17:15:35.855,1.34881,1.34886,1.50,1.50
2017.03.08 17:15:36.614,1.34881,1.34885,1.00,1.00
2017.03.08 17:15:36.715,1.3488,1.34885,1.87,1.00
2017.03.08 17:15:36.867,1.34881,1.34885,1.50,1.00
2017.03.08 17:15:37.391,1.34881,1.34885,1.50,1.00
2017.03.08 17:15:37.955,1.34881,1.34886,1.50,1.50
2017.03.08 17:15:38.636,1.34881,1.34885,1.50,1.50
2017.03.08 17:15:39.162,1.34881,1.34886,1.50,3.75
2017.03.08 17:15:39.678,1.34881,1.34885,1.50,1.50
2017.03.08 17:15:40.196,1.34881,1.34886,1.50,3.75
2017.03.08 17:15:40.740,1.34879,1.34886,1.50,3.75
2017.03.08 17:15:41.270,1.34879,1.34885,2.25,1.50
2017.03.08 17:15:42.741,1.34879,1.34886,1.50,3.75
2017.03.08 17:15:44.720,1.3488,1.34885,1.12,3.00
2017.03.08 17:15:45.306,1.3488,1.34885,1.37,1.50
2017.03.08 17:15:45.812,1.34881,1.34886,1.50,1.50
2017.03.08 17:15:46.342,1.34881,1.34885,2.25,1.00
2017.03.08 17:15:47.078,1.3488,1.34886,3.00,1.50
2017.03.08 17:15:47.611,1.34881,1.34885,1.00,1.00
2017.03.08 17:15:48.119,1.3488,1.34886,2.25,1.50
2017.03.08 17:15:48.629,1.3488,1.34885,3.00,1.00
2017.03.08 17:15:49.741,1.3488,1.34886,2.25,1.50
2017.03.08 17:15:50.379,1.34881,1.34885,1.00,1.00
2017.03.08 17:15:51.210,1.34881,1.34886,1.00,1.50
2017.03.08 17:15:51.929,1.34881,1.34885,1.00,1.00
2017.03.08 17:15:52.439,1.34881,1.34885,1.12,1.00
2017.03.08 17:15:53.007,1.34882,1.34886,1.00,1.50
2017.03.08 17:15:53.780,1.34881,1.34885,1.12,1.00
2017.03.08 17:15:54.292,1.34882,1.34886,1.00,1.50
2017.03.08 17:15:54.924,1.34881,1.34885,1.12,1.00
2017.03.08 17:15:55.485,1.3488,1.34885,1.50,1.00
2017.03.08 17:15:56.117,1.3488,1.34886,1.50,1.50
2017.03.08 17:15:56.625,1.3488,1.34886,2.25,2.50
2017.03.08 17:15:57.202,1.3488,1.34886,1.50,1.50
2017.03.08 17:15:58.481,1.3488,1.34886,2.25,2.50
2017.03.08 17:15:58.997,1.3488,1.34886,1.50,1.50
2017.03.08 17:15:59.801,1.3488,1.34886,1.50,2.50
2017.03.08 17:16:00.316,1.34879,1.34886,1.75,1.50
2017.03.08 17:16:00.967,1.3488,1.34885,1.50,1.00
2017.03.08 17:16:01.473,1.34879,1.34886,1.50,1.50
2017.03.08 17:16:02.498,1.34879,1.34885,2.25,1.00
2017.03.08 17:16:03.499,1.34879,1.34886,1.50,1.50
2017.03.08 17:16:04.761,1.34879,1.34885,1.50,1.00
2017.03.08 17:16:06.591,1.34878,1.34887,4.50,1.42
2017.03.08 17:16:07.105,1.34881,1.34888,1.00,1.67
2017.03.08 17:16:07.550,1.34879,1.34883,1.00,1.00
2017.03.08 17:16:07.830,1.34881,1.34888,1.12,3.29
2017.03.08 17:16:08.663,1.34882,1.34889,1.00,5.17
2017.03.08 17:16:09.501,1.34881,1.34888,1.12,2.17
2017.03.08 17:16:09.617,1.34881,1.34885,1.12,1.00
2017.03.08 17:16:09.871,1.3488,1.34885,1.00,2.17
2017.03.08 17:16:09.922,1.34878,1.34885,4.12,2.92
2017.03.08 17:16:10.325,1.34878,1.34886,3.37,2.25
2017.03.08 17:16:10.851,1.34879,1.34888,4.12,3.67
2017.03.08 17:16:11.794,1.34879,1.34887,1.12,1.79
2017.03.08 17:16:12.299,1.34879,1.34887,2.25,1.79
2017.03.08 17:16:12.536,1.34878,1.34882,2.25,1.00
2017.03.08 17:16:14.177,1.34877,1.34881,2.62,1.50
2017.03.08 17:16:14.329,1.34875,1.34882,3.37,1.50
2017.03.08 17:16:14.430,1.34875,1.34882,1.00,1.50
2017.03.08 17:16:14.922,1.34876,1.34881,2.25,1.00
2017.03.08 17:16:15.025,1.34876,1.34881,1.00,1.00
2017.03.08 17:16:15.817,1.34874,1.34882,2.25,1.00
2017.03.08 17:16:16.555,1.34877,1.34882,1.00,1.00
2017.03.08 17:16:17.090,1.34875,1.34882,4.87,1.00
2017.03.08 17:16:18.306,1.34875,1.34882,3.75,1.00
2017.03.08 17:16:20.304,1.34878,1.34882,1.00,1.00
2017.03.08 17:16:20.406,1.34877,1.34882,1.00,1.00
2017.03.08 17:16:20.936,1.34878,1.34882,1.00,2.25
2017.03.08 17:16:21.494,1.34875,1.34881,2.25,1.00
2017.03.08 17:16:22.010,1.34876,1.3488,1.00,1.00
2017.03.08 17:16:22.112,1.34875,1.3488,1.00,1.00
2017.03.08 17:16:22.213,1.34872,1.3488,2.25,1.12
2017.03.08 17:16:22.316,1.34872,1.3488,4.50,1.00
2017.03.08 17:16:22.925,1.34873,1.3488,1.00,1.00
2017.03.08 17:16:23.473,1.34872,1.3488,1.87,1.12
2017.03.08 17:16:24.100,1.34873,1.3488,1.00,1.87
2017.03.08 17:16:24.667,1.34872,1.3488,1.50,1.12
2017.03.08 17:16:25.368,1.34872,1.34879,1.00,1.00
2017.03.08 17:16:25.912,1.34871,1.34878,2.85,1.00
2017.03.08 17:16:26.492,1.34872,1.34879,2.10,1.87
2017.03.08 17:16:26.543,1.34871,1.34877,2.10,1.00
2017.03.08 17:16:27.086,1.34871,1.34878,2.47,2.62
2017.03.08 17:16:28.237,1.34871,1.34879,2.10,2.62
2017.03.08 17:16:29.205,1.34872,1.34876,2.10,1.00
2017.03.08 17:16:29.256,1.34871,1.34878,2.10,3.00
2017.03.08 17:16:29.459,1.34871,1.34875,2.10,1.00
2017.03.08 17:16:29.661,1.34871,1.34878,2.10,3.75
2017.03.08 17:16:29.712,1.34872,1.34876,1.50,1.50
2017.03.08 17:16:29.915,1.3487,1.34874,1.50,1.00
2017.03.08 17:16:30.118,1.34867,1.34871,1.50,1.50
2017.03.08 17:16:30.219,1.34866,1.34873,3.37,1.50
2017.03.08 17:16:30.321,1.34866,1.34873,2.47,1.00
2017.03.08 17:16:30.422,1.34865,1.34871,1.87,1.00
2017.03.08 17:16:30.798,1.34862,1.3487,2.47,2.25
2017.03.08 17:16:31.598,1.34861,1.3487,3.22,3.37
2017.03.08 17:16:31.649,1.34864,1.3487,1.50,2.62
2017.03.08 17:16:32.155,1.34866,1.3487,2.10,1.00
2017.03.08 17:16:32.699,1.34865,1.34871,2.47,1.00
2017.03.08 17:16:34.958,1.34866,1.34871,2.10,1.00
2017.03.08 17:16:36.616,1.34866,1.3487,2.10,1.00
2017.03.08 17:16:37.309,1.34865,1.3487,2.10,1.00
2017.03.08 17:16:38.261,1.34866,1.3487,2.10,1.00
2017.03.08 17:16:38.831,1.34866,1.34872,2.10,1.50
2017.03.08 17:16:39.189,1.34865,1.34869,2.47,1.00
2017.03.08 17:16:39.341,1.34866,1.34872,2.10,1.50
2017.03.08 17:16:39.644,1.34866,1.34874,3.60,2.62
2017.03.08 17:16:39.847,1.34865,1.34874,4.35,1.00
2017.03.08 17:16:39.948,1.34866,1.34875,3.60,1.50
2017.03.08 17:16:41.022,1.34867,1.34874,1.50,1.00
2017.03.08 17:16:41.428,1.34865,1.34872,5.47,1.00
2017.03.08 17:16:41.580,1.34866,1.3487,2.47,1.00
2017.03.08 17:16:42.613,1.34865,1.34869,2.10,1.00
2017.03.08 17:16:43.619,1.34866,1.3487,2.10,1.00
2017.03.08 17:16:44.181,1.34865,1.34869,2.10,1.00
2017.03.08 17:16:44.729,1.34866,1.34871,2.10,1.00
2017.03.08 17:16:45.234,1.34865,1.34869,2.10,1.00
2017.03.08 17:16:45.740,1.34866,1.3487,2.10,1.00
2017.03.08 17:16:45.842,1.34866,1.34873,2.25,1.50
2017.03.08 17:16:45.893,1.34868,1.34873,1.50,1.12
2017.03.08 17:16:46.196,1.34868,1.34875,2.25,1.50
2017.03.08 17:16:47.857,1.34869,1.34875,1.50,1.50
2017.03.08 17:16:53.385,1.34869,1.34876,2.62,3.00
2017.03.08 17:16:55.073,1.34869,1.34875,3.00,1.00
2017.03.08 17:16:55.225,1.34871,1.34878,1.00,1.50
2017.03.08 17:16:55.561,1.34871,1.34877,1.37,1.00
2017.03.08 17:16:55.865,1.3487,1.34878,1.37,1.87
2017.03.08 17:16:56.269,1.34869,1.34875,4.87,1.00
2017.03.08 17:16:57.271,1.34869,1.34876,3.37,1.50
2017.03.08 17:16:58.079,1.34869,1.34875,3.37,1.00
2017.03.08 17:16:58.620,1.34869,1.34876,3.37,1.50
2017.03.08 17:16:59.599,1.34869,1.34875,3.37,1.00
2017.03.08 17:16:59.801,1.3487,1.34875,1.00,1.00
2017.03.08 17:17:00.327,1.3487,1.34877,1.00,1.50
2017.03.08 17:17:00.580,1.34869,1.34877,2.62,1.50
2017.03.08 17:17:01.287,1.34869,1.34877,2.25,1.00
2017.03.08 17:17:01.592,1.34869,1.34875,1.50,1.50
2017.03.08 17:17:01.643,1.34869,1.34875,1.12,1.50
2017.03.08 17:17:02.145,1.3487,1.34875,1.00,1.00
2017.03.08 17:17:02.782,1.34868,1.34875,2.62,1.00
2017.03.08 17:17:03.289,1.3487,1.34875,1.00,1.50
2017.03.08 17:17:03.813,1.34869,1.34876,1.00,1.26
2017.03.08 17:17:05.213,1.3487,1.34878,1.00,1.61
2017.03.08 17:17:06.009,1.34869,1.34878,1.50,3.86
2017.03.08 17:17:06.204,1.34868,1.34877,3.37,1.61
2017.03.08 17:17:07.310,1.34869,1.34877,1.50,1.61
2017.03.08 17:17:09.925,1.34866,1.34875,4.12,1.00
2017.03.08 17:17:10.461,1.34869,1.34877,1.12,1.98
2017.03.08 17:17:10.981,1.34869,1.34877,1.50,1.61
2017.03.08 17:17:11.935,1.34867,1.34875,2.62,1.00
2017.03.08 17:17:12.438,1.34867,1.34877,2.25,1.48
2017.03.08 17:17:13.814,1.3487,1.34877,1.00,1.48
2017.03.08 17:17:14.269,1.34866,1.34875,2.25,1.00
2017.03.08 17:17:14.775,1.34869,1.34876,1.00,1.15
2017.03.08 17:17:15.180,1.34867,1.34876,1.87,1.98
2017.03.08 17:17:15.788,1.34867,1.34876,1.87,1.52
2017.03.08 17:17:16.329,1.34868,1.34876,1.12,1.61
2017.03.08 17:17:17.866,1.34869,1.34879,1.00,7.61
2017.03.08 17:17:18.119,1.3487,1.34879,1.37,4.98
2017.03.08 17:17:18.629,1.34868,1.34877,2.25,1.11
2017.03.08 17:17:18.731,1.34868,1.34876,2.25,1.15
2017.03.08 17:17:19.203,1.34869,1.34879,1.37,6.11
2017.03.08 17:17:21.502,1.34869,1.34877,1.00,1.11
2017.03.08 17:17:21.806,1.34866,1.34872,2.85,1.00
2017.03.08 17:17:21.857,1.34865,1.34873,2.62,3.11
2017.03.08 17:17:21.908,1.34863,1.34873,1.50,4.98
2017.03.08 17:17:21.959,1.34863,1.34869,1.50,1.00
2017.03.08 17:17:22.060,1.34863,1.34872,1.00,2.25
2017.03.08 17:17:22.314,1.34862,1.34871,2.85,3.37
2017.03.08 17:17:22.817,1.34862,1.3487,2.85,1.00
2017.03.08 17:17:23.429,1.34862,1.34871,3.60,1.50
2017.03.08 17:17:24.231,1.34862,1.34871,3.60,1.50
2017.03.08 17:17:24.760,1.34862,1.34871,1.50,2.25
2017.03.08 17:17:27.014,1.34862,1.3487,2.10,1.50
2017.03.08 17:17:27.703,1.34861,1.3487,3.60,1.50
2017.03.08 17:17:28.082,1.34863,1.34872,1.12,4.61
2017.03.08 17:17:30.055,1.34866,1.34872,2.10,3.86
2017.03.08 17:17:30.207,1.34866,1.34874,1.00,5.25
2017.03.08 17:17:30.762,1.34866,1.34873,2.85,1.12
2017.03.08 17:17:31.331,1.34865,1.34872,2.85,1.00
2017.03.08 17:17:33.110,1.34866,1.34873,2.10,1.50
2017.03.08 17:17:33.617,1.34865,1.34873,3.32,1.50
2017.03.08 17:17:34.047,1.34865,1.3487,2.85,1.00
2017.03.08 17:17:34.351,1.34866,1.34874,1.00,4.32
2017.03.08 17:17:34.856,1.34866,1.34874,1.12,1.37
2017.03.08 17:17:35.405,1.34866,1.34874,1.12,2.62
2017.03.08 17:17:35.911,1.34865,1.34872,3.60,1.50
2017.03.08 17:17:38.071,1.34866,1.34873,2.10,4.87
2017.03.08 17:17:40.864,1.34865,1.34873,2.10,3.37
2017.03.08 17:17:41.017,1.34867,1.34873,1.00,3.37
2017.03.08 17:17:41.118,1.34865,1.34873,4.35,3.00
2017.03.08 17:17:41.169,1.34865,1.34873,5.47,1.00
2017.03.08 17:17:41.220,1.34865,1.34873,5.85,1.00
2017.03.08 17:17:45.260,1.34865,1.34873,3.60,1.12
2017.03.08 17:17:45.665,1.34866,1.34872,2.10,1.50
2017.03.08 17:17:46.483,1.34866,1.34872,2.10,1.00
2017.03.08 17:17:47.084,1.34865,1.34872,2.10,1.00
2017.03.08 17:17:47.639,1.34866,1.34873,2.10,1.50
2017.03.08 17:17:47.943,1.34869,1.34875,1.00,1.12
2017.03.08 17:17:48.459,1.34869,1.34876,1.87,1.87
2017.03.08 17:17:50.368,1.34869,1.34875,2.62,1.00
2017.03.08 17:17:50.909,1.34869,1.34876,1.87,1.50
2017.03.08 17:17:51.411,1.34869,1.34875,2.62,1.00
2017.03.08 17:17:51.948,1.34869,1.34876,1.87,1.50
2017.03.08 17:17:52.789,1.34869,1.34875,1.12,1.00
2017.03.08 17:17:53.301,1.34868,1.34876,2.25,1.50
2017.03.08 17:17:53.850,1.34869,1.34875,1.87,1.00
2017.03.08 17:17:54.440,1.34869,1.34876,1.12,1.50
2017.03.08 17:17:54.999,1.34869,1.34875,1.12,1.00
2017.03.08 17:17:55.304,1.3487,1.34875,1.87,1.00
2017.03.08 17:17:55.840,1.3487,1.34876,1.37,1.50
2017.03.08 17:17:56.194,1.34869,1.34875,1.00,1.00
2017.03.08 17:17:57.134,1.34869,1.34876,1.00,1.50
2017.03.08 17:17:58.470,1.34869,1.34875,1.00,1.00
2017.03.08 17:17:59.337,1.34869,1.34876,1.00,1.50
2017.03.08 17:17:59.967,1.34869,1.34875,1.00,1.00
2017.03.08 17:18:00.557,1.34867,1.34876,1.50,1.87
2017.03.08 17:18:01.062,1.34869,1.34875,1.00,1.00
2017.03.08 17:18:01.584,1.34869,1.34876,1.00,1.50
2017.03.08 17:18:02.123,1.34867,1.34876,3.00,1.50
2017.03.08 17:18:03.392,1.34867,1.34876,3.00,2.25
2017.03.08 17:18:03.491,1.34867,1.34876,4.87,1.50
2017.03.08 17:18:03.840,1.34866,1.3487,2.62,1.50
2017.03.08 17:18:03.890,1.34865,1.3487,2.25,1.00
2017.03.08 17:18:04.295,1.34862,1.3487,1.87,1.87
2017.03.08 17:18:04.798,1.34862,1.3487,3.00,1.12
2017.03.08 17:18:05.977,1.34863,1.3487,1.00,1.37
2017.03.08 17:18:06.515,1.34862,1.3487,4.72,1.37
2017.03.08 17:18:06.883,1.34862,1.34866,3.97,1.00
2017.03.08 17:18:07.189,1.34856,1.34861,2.85,1.00
2017.03.08 17:18:07.392,1.34855,1.3486,3.97,1.00
2017.03.08 17:18:07.495,1.34856,1.34863,2.10,1.37
2017.03.08 17:18:08.002,1.34855,1.34863,3.60,1.00
2017.03.08 17:18:09.601,1.34856,1.34861,2.10,1.00
2017.03.08 17:18:10.167,1.34855,1.34861,2.85,1.00
2017.03.08 17:18:10.495,1.34855,1.34863,6.60,1.00
2017.03.08 17:18:11.653,1.34858,1.34863,1.00,1.00
2017.03.08 17:18:12.158,1.34858,1.34864,1.00,1.12
2017.03.08 17:18:12.968,1.34857,1.34865,1.12,1.87
2017.03.08 17:18:13.322,1.34858,1.34866,1.50,1.12
2017.03.08 17:18:13.868,1.34859,1.34867,1.00,1.00
2017.03.08 17:18:14.816,1.34859,1.34868,2.25,3.00
2017.03.08 17:18:15.371,1.3486,1.34867,1.00,1.00
2017.03.08 17:18:16.307,1.3486,1.34868,1.00,1.50
2017.03.08 17:18:16.980,1.3486,1.34867,1.00,1.00
2017.03.08 17:18:17.737,1.3486,1.34868,1.00,2.25
2017.03.08 17:18:18.046,1.34862,1.34867,1.00,1.00
2017.03.08 17:18:18.558,1.34861,1.34868,1.87,1.50
2017.03.08 17:18:19.120,1.34862,1.34867,1.00,1.00
2017.03.08 17:18:19.626,1.34862,1.34867,1.37,1.00
2017.03.08 17:18:20.152,1.34861,1.34868,1.87,1.50
2017.03.08 17:18:20.658,1.34862,1.34867,1.50,1.00
2017.03.08 17:18:21.167,1.34862,1.34866,1.12,1.50
2017.03.08 17:18:21.471,1.3486,1.34868,1.87,1.50
2017.03.08 17:18:21.522,1.34861,1.34865,1.00,1.00
2017.03.08 17:18:21.724,1.34859,1.34866,2.25,1.50
2017.03.08 17:18:24.738,1.34859,1.34865,2.25,1.00
2017.03.08 17:18:25.353,1.34859,1.34866,2.25,1.50
2017.03.08 17:18:25.865,1.34859,1.34865,1.50,1.00
2017.03.08 17:18:26.398,1.3486,1.34865,1.00,1.00
2017.03.08 17:18:27.056,1.3486,1.34866,1.00,1.50
2017.03.08 17:18:27.938,1.3486,1.34865,1.00,1.00
2017.03.08 17:18:28.141,1.34859,1.34863,1.00,1.00
2017.03.08 17:18:28.344,1.34855,1.34862,2.62,1.50
2017.03.08 17:18:28.462,1.34857,1.34862,1.00,1.50
2017.03.08 17:18:28.665,1.3486,1.34865,1.00,2.25
2017.03.08 17:18:28.766,1.34857,1.34865,1.00,1.00
2017.03.08 17:18:29.272,1.34855,1.34864,4.35,1.12
2017.03.08 17:18:29.424,1.34855,1.34864,1.72,1.87
2017.03.08 17:18:35.660,1.34856,1.34864,1.00,1.12
2017.03.08 17:18:36.166,1.34855,1.34862,1.12,1.00
2017.03.08 17:18:37.426,1.34856,1.34862,1.00,1.12
2017.03.08 17:18:41.571,1.34855,1.34862,1.00,1.00
2017.03.08 17:18:41.864,1.34855,1.34864,1.12,1.87
2017.03.08 17:18:41.966,1.34855,1.34864,2.25,1.87
2017.03.08 17:18:43.567,1.34856,1.34862,1.87,1.00
2017.03.08 17:18:43.971,1.34855,1.34862,1.00,1.00
2017.03.08 17:18:45.277,1.34855,1.34862,1.75,1.00
2017.03.08 17:18:46.261,1.34855,1.34862,2.25,1.00
2017.03.08 17:18:46.843,1.34855,1.34863,1.50,1.00
2017.03.08 17:18:47.828,1.34858,1.34863,1.00,1.00
2017.03.08 17:18:48.802,1.34858,1.34864,1.00,1.00
2017.03.08 17:18:49.624,1.34854,1.34861,3.00,2.25
2017.03.08 17:18:49.675,1.34854,1.34859,1.00,1.00
2017.03.08 17:18:49.726,1.34854,1.34861,1.00,1.50
2017.03.08 17:18:49.878,1.34856,1.34861,1.00,1.87
2017.03.08 17:18:50.074,1.34853,1.34861,3.00,1.12
2017.03.08 17:18:50.588,1.34855,1.34861,1.00,1.50
2017.03.08 17:18:51.094,1.34853,1.34861,2.25,1.00
2017.03.08 17:18:54.126,1.34855,1.34863,1.00,1.12
2017.03.08 17:18:56.711,1.34855,1.34862,1.50,1.00
2017.03.08 17:18:57.258,1.34854,1.34862,1.50,1.00
2017.03.08 17:18:58.790,1.34854,1.34862,1.50,2.25
2017.03.08 17:18:58.892,1.34853,1.3486,1.12,1.00
2017.03.08 17:18:59.450,1.34853,1.34861,1.00,1.50
2017.03.08 17:18:59.960,1.34852,1.3486,1.37,1.00
2017.03.08 17:19:00.061,1.34851,1.34861,1.87,2.25
2017.03.08 17:19:00.680,1.34852,1.34861,1.00,3.75
2017.03.08 17:19:00.782,1.34852,1.34861,1.75,1.87
2017.03.08 17:19:01.171,1.34852,1.34859,2.25,1.00
2017.03.08 17:19:02.272,1.34852,1.3486,2.25,1.00
2017.03.08 17:19:02.814,1.34855,1.34861,1.00,1.00
2017.03.08 17:19:06.980,1.34854,1.34861,1.50,1.00
2017.03.08 17:19:07.692,1.34852,1.3486,3.00,1.12
2017.03.08 17:19:08.215,1.34852,1.34861,2.25,1.12
2017.03.08 17:19:08.919,1.34854,1.34861,1.50,1.12
2017.03.08 17:19:09.592,1.34854,1.3486,1.50,1.00
2017.03.08 17:19:10.653,1.34854,1.34859,1.50,1.00
2017.03.08 17:19:11.809,1.34852,1.34859,2.25,1.00
2017.03.08 17:19:17.824,1.34854,1.3486,1.00,1.00
2017.03.08 17:19:19.859,1.34854,1.34861,1.00,1.50
2017.03.08 17:19:20.372,1.34853,1.34861,2.62,1.50
2017.03.08 17:19:20.800,1.34853,1.34861,2.25,1.50
2017.03.08 17:19:22.910,1.34853,1.34861,4.12,1.00
2017.03.08 17:19:23.620,1.34855,1.34861,1.00,1.00
2017.03.08 17:19:26.612,1.34854,1.34861,1.00,1.87
2017.03.08 17:19:29.161,1.34853,1.34861,3.00,1.00
2017.03.08 17:19:29.540,1.34852,1.34859,3.37,1.00
2017.03.08 17:19:29.642,1.34852,1.3486,1.37,1.12
2017.03.08 17:19:29.743,1.34852,1.3486,3.37,1.00
2017.03.08 17:19:30.833,1.34852,1.3486,1.50,1.00
2017.03.08 17:19:30.935,1.34852,1.3486,3.37,1.00
2017.03.08 17:19:32.450,1.34853,1.3486,1.00,1.00
2017.03.08 17:19:32.967,1.34851,1.34861,5.35,1.50
2017.03.08 17:19:37.267,1.34853,1.34861,1.00,1.50
2017.03.08 17:19:37.942,1.34854,1.34861,1.00,1.00
2017.03.08 17:19:40.060,1.34851,1.34861,3.47,1.50
2017.03.08 17:19:40.585,1.34854,1.34861,1.00,1.00
2017.03.08 17:19:41.779,1.34853,1.34861,1.00,1.50
2017.03.08 17:19:46.790,1.34853,1.3486,1.00,1.00
2017.03.08 17:19:47.851,1.34853,1.34859,1.00,1.50
2017.03.08 17:19:50.960,1.34853,1.3486,1.00,2.25
2017.03.08 17:19:51.721,1.34853,1.34859,1.00,1.00
2017.03.08 17:19:51.924,1.34853,1.34857,1.00,1.00
2017.03.08 17:19:52.472,1.3485,1.34858,1.87,2.25
2017.03.08 17:19:55.018,1.3485,1.34859,1.87,3.75
2017.03.08 17:19:55.678,1.3485,1.34858,2.62,1.50
2017.03.08 17:19:55.881,1.34852,1.3486,1.12,1.00
2017.03.08 17:19:56.537,1.34852,1.34861,1.60,1.87
2017.03.08 17:19:56.689,1.34853,1.34861,1.37,1.00
2017.03.08 17:19:58.680,1.34853,1.34861,1.50,1.87
2017.03.08 17:20:00.218,1.34853,1.34862,1.50,1.87
2017.03.08 17:20:00.975,1.34853,1.34861,2.25,1.00
2017.03.08 17:20:02.111,1.34853,1.34862,1.50,2.62
2017.03.08 17:20:02.646,1.34853,1.34861,2.25,1.00
2017.03.08 17:20:03.331,1.34853,1.34862,1.50,4.12
2017.03.08 17:20:03.840,1.34853,1.34861,2.25,1.00
2017.03.08 17:20:04.350,1.34853,1.34862,1.50,4.12
2017.03.08 17:20:04.855,1.34853,1.34861,2.25,1.00
2017.03.08 17:20:05.361,1.34853,1.34861,2.62,1.50
2017.03.08 17:20:09.112,1.34853,1.34862,1.37,1.87
2017.03.08 17:20:10.059,1.34853,1.34862,1.50,1.50
2017.03.08 17:20:10.641,1.34853,1.34861,2.25,1.00
2017.03.08 17:20:11.220,1.34853,1.34862,1.00,3.00
2017.03.08 17:20:11.820,1.34854,1.34861,1.00,1.12
2017.03.08 17:20:12.161,1.34854,1.34861,1.00,3.37
2017.03.08 17:20:17.557,1.34854,1.34862,1.00,2.25
2017.03.08 17:20:21.643,1.34854,1.34862,1.00,3.75
2017.03.08 17:20:21.948,1.34854,1.34862,1.37,1.50
2017.03.08 17:20:29.182,1.34854,1.34862,1.12,2.25
2017.03.08 17:20:35.352,1.34855,1.34862,1.00,1.50
2017.03.08 17:20:36.229,1.34854,1.34862,1.12,2.25
2017.03.08 17:20:36.931,1.34854,1.34862,4.12,1.50
2017.03.08 17:20:37.239,1.34864,1.34868,1.00,1.50
2017.03.08 17:20:39.292,1.34863,1.34867,1.00,1.50
2017.03.08 17:20:39.596,1.34865,1.34869,1.00,4.50
2017.03.08 17:20:43.814,1.34862,1.34866,2.25,1.00
2017.03.08 17:20:44.017,1.34864,1.34868,1.12,1.00
2017.03.08 17:20:44.722,1.34863,1.34867,2.62,1.00
2017.03.08 17:20:50.776,1.34864,1.34868,1.12,1.50
2017.03.08 17:20:50.878,1.34863,1.34867,1.12,1.00
2017.03.08 17:20:51.863,1.34864,1.34868,1.00,1.50
2017.03.08 17:20:52.373,1.34863,1.34867,1.00,1.00
2017.03.08 17:20:52.914,1.34864,1.34868,1.00,1.50
2017.03.08 17:20:53.430,1.34863,1.34867,1.00,1.00
2017.03.08 17:20:53.792,1.34864,1.34868,1.00,1.50
2017.03.08 17:20:53.944,1.34866,1.3487,1.00,2.62
2017.03.08 17:20:54.236,1.34864,1.34868,1.12,1.00
2017.03.08 17:20:54.750,1.34863,1.34867,3.00,1.00
2017.03.08 17:20:54.948,1.34865,1.34869,1.00,1.00
2017.03.08 17:20:56.023,1.34865,1.3487,1.00,1.00
2017.03.08 17:20:56.621,1.34865,1.34871,1.00,2.62
2017.03.08 17:20:57.552,1.34865,1.3487,1.00,1.00
2017.03.08 17:20:58.371,1.34865,1.34871,1.00,1.87
2017.03.08 17:20:58.992,1.34865,1.3487,1.00,1.00
2017.03.08 17:20:59.598,1.34865,1.34871,1.00,1.12
2017.03.08 17:21:03.793,1.34867,1.34871,1.00,1.87
2017.03.08 17:21:05.248,1.34867,1.34871,1.50,1.12
2017.03.08 17:21:08.321,1.34868,1.34872,1.00,2.25
2017.03.08 17:21:08.422,1.3487,1.34876,1.50,2.62
2017.03.08 17:21:08.937,1.34871,1.34875,1.00,1.00
2017.03.08 17:21:09.240,1.34869,1.34876,1.00,1.50
2017.03.08 17:21:09.829,1.34869,1.34875,1.00,1.00
2017.03.08 17:21:10.382,1.34869,1.34876,1.00,1.50
2017.03.08 17:21:10.962,1.34869,1.34875,1.00,1.00
2017.03.08 17:21:11.496,1.34869,1.34874,1.00,1.00
2017.03.08 17:21:11.750,1.34866,1.34872,1.00,1.00
2017.03.08 17:21:12.235,1.34864,1.34873,2.62,1.12
2017.03.08 17:21:14.829,1.34864,1.34871,1.12,1.00
2017.03.08 17:21:15.841,1.34865,1.34871,1.00,1.12
2017.03.08 17:21:16.504,1.34866,1.34873,1.00,4.87
2017.03.08 17:21:17.425,1.34869,1.34873,1.00,2.25
2017.03.08 17:21:17.628,1.34869,1.34874,1.12,1.00
2017.03.08 17:21:17.780,1.34867,1.34874,1.00,2.25
2017.03.08 17:21:17.881,1.34865,1.34874,1.87,2.62
2017.03.08 17:21:17.983,1.34865,1.34874,3.00,2.62
2017.03.08 17:21:18.287,1.3487,1.34875,1.00,3.00
2017.03.08 17:21:18.861,1.34868,1.34875,1.00,1.00
2017.03.08 17:21:19.164,1.3487,1.34876,1.00,4.87
2017.03.08 17:21:19.468,1.34867,1.34875,2.25,1.00
2017.03.08 17:21:20.027,1.34869,1.34875,1.00,1.00
2017.03.08 17:21:20.901,1.3487,1.34875,1.00,1.50
2017.03.08 17:21:21.968,1.34869,1.34875,1.00,1.00
2017.03.08 17:21:22.170,1.34871,1.34875,1.00,1.87
2017.03.08 17:21:22.676,1.34872,1.34876,1.00,2.62
2017.03.08 17:21:25.339,1.34871,1.34875,1.00,1.50
2017.03.08 17:21:26.566,1.34871,1.34876,1.50,1.32
2017.03.08 17:21:26.667,1.34874,1.34878,1.00,1.26
2017.03.08 17:21:26.870,1.34872,1.34876,1.00,1.26
2017.03.08 17:21:27.480,1.34871,1.34876,1.00,1.19
2017.03.08 17:21:27.683,1.34873,1.34879,1.00,2.44
2017.03.08 17:21:27.734,1.34872,1.34876,1.00,1.00
2017.03.08 17:21:27.987,1.34875,1.34879,1.00,2.07
2017.03.08 17:21:28.039,1.34873,1.34877,1.00,1.00
2017.03.08 17:21:28.343,1.34872,1.34876,1.12,1.69
2017.03.08 17:21:28.724,1.34873,1.34877,1.00,1.69
2017.03.08 17:21:28.775,1.34873,1.34877,1.00,1.00
2017.03.08 17:21:28.978,1.34875,1.34879,1.00,1.32
2017.03.08 17:21:29.029,1.34873,1.34877,1.00,1.00
2017.03.08 17:21:29.080,1.34876,1.3488,1.00,3.19
2017.03.08 17:21:29.232,1.34875,1.34879,1.00,1.69
2017.03.08 17:21:29.384,1.34875,1.34879,1.00,1.69
2017.03.08 17:21:29.485,1.34873,1.34877,1.12,1.00
2017.03.08 17:21:29.536,1.34871,1.34879,2.62,2.44
2017.03.08 17:21:29.588,1.34873,1.34878,1.12,1.19
2017.03.08 17:21:30.089,1.34872,1.34877,1.12,1.69
2017.03.08 17:21:30.580,1.34872,1.34877,1.12,1.00
2017.03.08 17:21:31.084,1.34873,1.34877,1.00,1.69
2017.03.08 17:21:31.440,1.34872,1.34877,1.00,1.69
2017.03.08 17:21:31.592,1.34875,1.34879,1.00,2.44
2017.03.08 17:21:31.642,1.34872,1.34876,2.62,1.00
2017.03.08 17:21:32.097,1.34875,1.34879,1.00,1.00
2017.03.08 17:21:35.606,1.34874,1.34879,1.00,1.37
2017.03.08 17:21:36.155,1.34876,1.3488,1.00,2.25
2017.03.08 17:21:38.543,1.34875,1.34879,1.00,1.00
2017.03.08 17:21:47.820,1.34875,1.34879,1.00,1.00
2017.03.08 17:21:48.225,1.34873,1.34879,1.12,1.50
2017.03.08 17:21:48.744,1.34873,1.34879,1.00,1.87
2017.03.08 17:21:49.962,1.34873,1.34879,1.00,4.12
2017.03.08 17:21:50.237,1.34873,1.34879,1.00,1.50
2017.03.08 17:21:52.661,1.34868,1.34874,5.62,1.50
2017.03.08 17:21:52.965,1.34866,1.34872,1.00,3.00
2017.03.08 17:21:53.168,1.34869,1.34873,1.00,2.25
2017.03.08 17:21:53.694,1.34868,1.34872,1.50,1.00
2017.03.08 17:21:54.259,1.34869,1.34873,1.12,1.00
2017.03.08 17:21:54.463,1.34871,1.34876,1.00,3.00
2017.03.08 17:21:54.565,1.34873,1.34877,1.00,5.62
2017.03.08 17:21:54.616,1.34871,1.34875,1.00,2.25
2017.03.08 17:21:55.149,1.3487,1.34876,1.00,2.25
2017.03.08 17:21:55.524,1.34873,1.34877,1.00,1.50
2017.03.08 17:21:55.828,1.34874,1.34879,1.00,1.50
2017.03.08 17:21:56.357,1.34875,1.34879,1.00,1.00
2017.03.08 17:21:56.883,1.34876,1.3488,1.00,1.87
2017.03.08 17:21:57.553,1.34875,1.34879,1.00,1.00
2017.03.08 17:21:59.932,1.34872,1.34879,1.50,1.12
2017.03.08 17:22:00.035,1.34876,1.3488,1.00,3.75
2017.03.08 17:22:00.541,1.34875,1.34879,1.00,1.00
2017.03.08 17:22:01.080,1.34874,1.34879,1.00,1.37
2017.03.08 17:22:03.321,1.34871,1.34875,4.12,1.00
2017.03.08 17:22:03.890,1.34872,1.34876,1.00,1.50
2017.03.08 17:22:04.392,1.34871,1.34875,2.62,1.50
2017.03.08 17:22:04.500,1.34873,1.34877,1.00,1.00
2017.03.08 17:22:04.913,1.34872,1.34876,1.00,1.00
2017.03.08 17:22:05.860,1.34871,1.34875,3.37,1.00
2017.03.08 17:22:06.371,1.34872,1.34876,1.12,1.50
2017.03.08 17:22:06.942,1.34871,1.34875,3.37,1.00
2017.03.08 17:22:07.741,1.34874,1.34878,1.00,4.50
2017.03.08 17:22:08.944,1.34873,1.34877,1.00,1.50
2017.03.08 17:22:11.022,1.34872,1.34876,1.00,1.50
2017.03.08 17:22:11.550,1.34871,1.34875,2.25,1.00
2017.03.08 17:22:12.123,1.34873,1.34877,1.00,1.00
2017.03.08 17:22:12.530,1.34871,1.34875,2.25,1.00
2017.03.08 17:22:13.223,1.34872,1.34876,1.00,1.50
2017.03.08 17:22:13.604,1.34872,1.34876,1.00,1.00
2017.03.08 17:22:13.655,1.3487,1.34875,1.50,1.00
2017.03.08 17:22:14.087,1.34871,1.34875,1.00,1.00
2017.03.08 17:22:14.809,1.34872,1.34876,1.00,1.00
2017.03.08 17:22:15.012,1.34867,1.34875,4.12,1.50
2017.03.08 17:22:15.063,1.34871,1.34875,1.00,1.00
2017.03.08 17:22:15.568,1.34872,1.34876,1.00,2.62
2017.03.08 17:22:16.422,1.34871,1.34875,1.00,1.00
2017.03.08 17:22:16.950,1.34872,1.34876,1.00,1.87
2017.03.08 17:22:18.113,1.34871,1.34876,1.00,2.62
2017.03.08 17:22:18.510,1.34871,1.34875,1.00,1.00
2017.03.08 17:22:19.040,1.34873,1.34877,1.00,3.75
2017.03.08 17:22:19.756,1.34872,1.34876,1.00,1.50
2017.03.08 17:22:23.163,1.34871,1.34875,1.00,1.00
2017.03.08 17:22:23.567,1.3487,1.34875,1.00,1.50
2017.03.08 17:22:23.821,1.34872,1.34876,1.00,3.00
2017.03.08 17:22:24.460,1.3487,1.34875,1.00,1.00
2017.03.08 17:22:24.511,1.34871,1.34875,1.00,1.50
2017.03.08 17:22:25.823,1.34873,1.34877,1.00,1.87
2017.03.08 17:22:26.076,1.34875,1.34879,1.00,2.25
2017.03.08 17:22:26.127,1.34873,1.34877,1.00,1.50
2017.03.08 17:22:26.649,1.34872,1.34876,3.00,1.00
2017.03.08 17:22:26.953,1.34873,1.34877,1.00,1.50
2017.03.08 17:22:27.464,1.34873,1.34877,1.00,3.00
2017.03.08 17:22:28.658,1.34874,1.34879,1.00,2.25
2017.03.08 17:22:28.911,1.34873,1.34877,2.25,1.00
2017.03.08 17:22:29.251,1.34873,1.34878,3.00,1.00
2017.03.08 17:22:29.302,1.34876,1.34881,1.00,1.50
2017.03.08 17:22:30.142,1.34876,1.34882,1.00,3.00
2017.03.08 17:22:31.550,1.34873,1.34877,3.00,1.00
2017.03.08 17:22:32.153,1.34873,1.34877,3.00,1.50
2017.03.08 17:22:32.750,1.34874,1.34878,1.00,1.50
2017.03.08 17:22:35.287,1.34873,1.34877,3.00,1.00
2017.03.08 17:22:36.752,1.34875,1.34879,1.00,1.50
2017.03.08 17:22:37.722,1.34874,1.34878,1.00,1.00
2017.03.08 17:22:38.225,1.34874,1.34879,1.00,1.50
2017.03.08 17:22:38.781,1.34874,1.34878,1.00,1.00
2017.03.08 17:22:39.021,1.34876,1.3488,1.00,3.00
2017.03.08 17:22:39.189,1.34873,1.34877,1.00,1.50
2017.03.08 17:22:39.241,1.3487,1.34874,3.37,1.00
2017.03.08 17:22:39.292,1.34869,1.34874,1.50,1.50
2017.03.08 17:22:39.439,1.34874,1.34879,1.00,6.00
2017.03.08 17:22:39.753,1.34871,1.34875,1.12,1.00
2017.03.08 17:22:40.157,1.34873,1.34877,1.00,1.00
2017.03.08 17:22:40.310,1.34871,1.34875,1.50,1.00
2017.03.08 17:22:40.849,1.34872,1.34876,1.00,1.50
2017.03.08 17:22:41.155,1.34872,1.34876,1.12,1.00
2017.03.08 17:22:41.681,1.34872,1.34876,1.12,1.50
2017.03.08 17:22:42.186,1.34872,1.34876,1.00,3.00
2017.03.08 17:22:42.540,1.34873,1.34877,1.00,1.00
2017.03.08 17:22:42.743,1.34871,1.34875,2.25,1.00
2017.03.08 17:22:44.057,1.34872,1.34876,1.50,1.50
2017.03.08 17:22:44.448,1.34873,1.34878,1.00,2.25
2017.03.08 17:22:44.762,1.34872,1.34876,1.50,1.50
2017.03.08 17:22:45.316,1.34871,1.34875,2.25,1.00
2017.03.08 17:22:45.565,1.34873,1.34878,1.00,1.50
2017.03.08 17:22:45.667,1.34875,1.34879,1.00,3.75
2017.03.08 17:22:45.990,1.34872,1.34876,1.12,1.00
2017.03.08 17:22:46.041,1.34874,1.34878,1.00,2.25
2017.03.08 17:22:46.244,1.34872,1.34876,1.87,1.50
2017.03.08 17:22:46.661,1.34874,1.34878,1.00,1.50
2017.03.08 17:22:47.630,1.34873,1.34877,1.00,1.00
2017.03.08 17:22:48.149,1.34874,1.34878,1.00,1.50
2017.03.08 17:22:48.752,1.34873,1.34877,1.00,1.00
2017.03.08 17:22:50.605,1.34874,1.34878,1.00,1.50
2017.03.08 17:22:52.208,1.34873,1.34877,1.00,1.00
2017.03.08 17:22:52.816,1.34874,1.34878,1.00,1.12
2017.03.08 17:22:53.547,1.34873,1.34877,1.00,1.00
2017.03.08 17:22:53.649,1.34871,1.34875,1.87,1.00
2017.03.08 17:22:53.700,1.34871,1.34876,1.50,3.00
2017.03.08 17:22:53.853,1.34871,1.34877,1.12,1.00
2017.03.08 17:22:53.904,1.34874,1.34878,1.00,1.87
2017.03.08 17:22:54.295,1.34874,1.34878,1.00,1.50
2017.03.08 17:22:54.799,1.34873,1.34877,1.00,1.00
2017.03.08 17:22:55.560,1.34874,1.34878,1.00,1.50
2017.03.08 17:22:56.099,1.34876,1.3488,1.00,2.92
2017.03.08 17:22:57.821,1.34875,1.34879,1.00,1.00
2017.03.08 17:22:57.973,1.34871,1.34877,1.50,1.00
2017.03.08 17:22:58.075,1.34872,1.34876,1.12,1.00
2017.03.08 17:22:58.126,1.34871,1.34877,1.50,2.17
2017.03.08 17:22:58.664,1.34872,1.34876,1.12,1.00
2017.03.08 17:22:59.226,1.34873,1.34877,1.00,2.17
2017.03.08 17:22:59.749,1.34872,1.34876,1.12,1.00
2017.03.08 17:23:00.302,1.34873,1.34877,1.00,2.17
2017.03.08 17:23:00.995,1.34872,1.34876,1.12,1.00
2017.03.08 17:23:01.585,1.34872,1.34877,1.00,2.17
2017.03.08 17:23:08.385,1.34872,1.34877,1.00,1.67
2017.03.08 17:23:08.668,1.34874,1.34879,1.00,1.67
2017.03.08 17:23:08.972,1.34875,1.3488,1.00,1.79
2017.03.08 17:23:09.124,1.34875,1.34881,1.00,1.42
2017.03.08 17:23:09.625,1.34872,1.34879,1.50,2.17
2017.03.08 17:23:09.777,1.34874,1.34879,1.00,2.17
2017.03.08 17:23:09.980,1.34872,1.34877,1.00,1.69
2017.03.08 17:23:10.291,1.34873,1.34878,1.00,1.69
2017.03.08 17:23:10.973,1.34874,1.34878,1.00,1.26
2017.03.08 17:23:11.499,1.34873,1.34878,1.00,1.69
2017.03.08 17:23:11.600,1.34873,1.34878,1.00,1.19
2017.03.08 17:23:12.282,1.34874,1.34878,1.00,1.26
2017.03.08 17:23:13.168,1.34872,1.34877,1.00,1.69
2017.03.08 17:23:13.219,1.34873,1.34877,1.00,1.26
2017.03.08 17:23:13.574,1.34873,1.34879,1.00,2.17
2017.03.08 17:23:13.823,1.34872,1.34879,1.00,2.17
2017.03.08 17:23:14.076,1.34875,1.34879,1.00,1.50
2017.03.08 17:23:14.178,1.34873,1.34879,1.00,2.17
2017.03.08 17:23:14.733,1.34872,1.34879,1.00,2.17
2017.03.08 17:23:15.232,1.34872,1.34879,2.25,2.17
2017.03.08 17:23:15.283,1.34875,1.34879,1.00,1.50
2017.03.08 17:23:16.801,1.34873,1.34879,1.50,1.67
2017.03.08 17:23:17.793,1.34874,1.34879,1.00,1.67
2017.03.08 17:23:18.300,1.34873,1.34879,2.25,1.67
2017.03.08 17:23:19.184,1.34875,1.34879,1.00,1.00
2017.03.08 17:23:20.561,1.34876,1.3488,1.00,1.42
2017.03.08 17:23:21.071,1.34876,1.3488,1.00,1.00
2017.03.08 17:23:23.320,1.34877,1.34881,1.00,2.54
2017.03.08 17:23:23.524,1.34875,1.3488,1.00,1.79
2017.03.08 17:23:24.030,1.34875,1.34879,1.00,1.00
2017.03.08 17:23:24.644,1.34875,1.3488,1.00,1.79
2017.03.08 17:23:25.253,1.34875,1.34879,1.00,1.00
2017.03.08 17:23:25.770,1.34875,1.3488,1.00,1.12
2017.03.08 17:23:25.821,1.34877,1.34881,1.00,2.54
2017.03.08 17:23:26.125,1.34876,1.3488,1.00,1.00
2017.03.08 17:23:26.278,1.34878,1.34883,2.25,1.87
2017.03.08 17:23:26.329,1.34879,1.34885,1.00,2.25
2017.03.08 17:23:26.482,1.34882,1.34886,1.00,1.87
2017.03.08 17:23:26.533,1.3488,1.34886,1.00,1.87
2017.03.08 17:23:26.878,1.34878,1.34885,1.12,1.00
2017.03.08 17:23:26.980,1.3488,1.34885,1.00,1.00
2017.03.08 17:23:27.182,1.34878,1.34886,1.00,3.75
2017.03.08 17:23:28.290,1.34877,1.34886,1.50,5.25
2017.03.08 17:23:28.896,1.34877,1.34884,1.00,1.00
2017.03.08 17:23:29.414,1.34878,1.34884,1.00,1.00
2017.03.08 17:23:33.855,1.34878,1.34884,1.50,1.00
2017.03.08 17:23:34.368,1.34878,1.34884,1.00,1.12
2017.03.08 17:23:36.170,1.34878,1.34884,1.50,1.00
2017.03.08 17:23:36.423,1.34879,1.34887,1.12,3.00
2017.03.08 17:23:36.574,1.34877,1.34887,1.12,3.00
2017.03.08 17:23:37.116,1.34878,1.34886,1.00,1.12
2017.03.08 17:23:39.612,1.34878,1.34885,1.50,1.00
2017.03.08 17:23:44.085,1.34877,1.34887,1.50,2.62
2017.03.08 17:23:44.599,1.34878,1.34886,1.00,1.50
2017.03.08 17:23:46.781,1.34879,1.34885,1.00,1.00
2017.03.08 17:23:46.832,1.34881,1.34885,1.00,1.00
2017.03.08 17:23:46.885,1.34877,1.34884,1.50,1.00
2017.03.08 17:23:46.979,1.34879,1.34884,1.50,1.00
2017.03.08 17:23:47.571,1.34879,1.34884,1.00,1.00
2017.03.08 17:23:48.363,1.34877,1.34884,1.00,1.00
2017.03.08 17:23:48.900,1.34876,1.34884,1.87,1.00
2017.03.08 17:23:52.922,1.34875,1.34885,4.50,1.87
2017.03.08 17:23:53.074,1.34878,1.34885,1.00,1.12
2017.03.08 17:23:53.582,1.34878,1.34886,1.37,1.12
2017.03.08 17:23:54.111,1.34878,1.34885,1.37,1.00
2017.03.08 17:23:54.618,1.34878,1.34884,1.00,1.00
2017.03.08 17:23:55.830,1.34881,1.34885,1.00,1.12
2017.03.08 17:23:56.018,1.34878,1.34885,1.12,1.12
2017.03.08 17:23:56.742,1.34877,1.34884,1.37,1.00
2017.03.08 17:23:59.521,1.34877,1.34882,1.37,1.00
2017.03.08 17:23:59.723,1.34876,1.34882,1.00,1.00
2017.03.08 17:24:05.934,1.34875,1.34882,1.50,1.00
2017.03.08 17:24:06.440,1.34876,1.34882,1.00,1.87
2017.03.08 17:24:07.952,1.34874,1.34881,1.00,3.00
2017.03.08 17:24:11.511,1.34875,1.34881,1.00,3.00
2017.03.08 17:24:12.016,1.34875,1.34881,1.00,1.50
2017.03.08 17:24:12.767,1.34875,1.34882,1.00,1.50
2017.03.08 17:24:12.969,1.34877,1.34882,1.00,1.00
2017.03.08 17:24:15.190,1.34878,1.34882,1.00,1.00
2017.03.08 17:24:15.740,1.34877,1.34882,1.00,1.50
2017.03.08 17:24:19.053,1.34876,1.34882,1.00,1.35
2017.03.08 17:24:19.386,1.34876,1.34882,1.00,4.72
2017.03.08 17:24:19.904,1.34877,1.34882,1.00,1.12
2017.03.08 17:24:20.521,1.34876,1.34882,1.00,2.47
2017.03.08 17:24:20.707,1.34878,1.34882,1.00,1.72
2017.03.08 17:24:23.383,1.34874,1.34882,1.00,2.47
2017.03.08 17:24:24.322,1.34875,1.34881,1.00,1.00
2017.03.08 17:24:25.823,1.34877,1.34881,1.00,1.00
2017.03.08 17:24:26.330,1.34877,1.34882,1.00,3.37
2017.03.08 17:24:26.930,1.34876,1.34882,1.50,1.00
2017.03.08 17:24:27.260,1.34878,1.34882,1.00,1.00
2017.03.08 17:24:27.921,1.34878,1.34884,1.00,1.12
2017.03.08 17:24:28.130,1.34881,1.34885,1.00,1.00
2017.03.08 17:24:28.181,1.34879,1.34883,1.50,1.00
2017.03.08 17:24:28.283,1.34877,1.34881,1.00,1.00
2017.03.08 17:24:28.385,1.34875,1.34881,1.50,1.00
2017.03.08 17:24:28.740,1.34874,1.34881,1.12,1.87
2017.03.08 17:24:28.841,1.34876,1.34881,1.50,1.87
2017.03.08 17:24:29.044,1.34876,1.34883,1.00,1.50
2017.03.08 17:24:29.308,1.34878,1.34883,1.00,1.50
2017.03.08 17:24:29.626,1.34877,1.34881,1.00,1.00
2017.03.08 17:24:29.792,1.34876,1.34881,1.00,1.00
2017.03.08 17:24:30.071,1.34876,1.34883,1.00,1.12
2017.03.08 17:24:34.425,1.34878,1.34883,1.00,1.12
2017.03.08 17:24:34.931,1.34877,1.34883,1.00,1.00
2017.03.08 17:24:35.812,1.34882,1.34886,1.00,1.00
2017.03.08 17:24:36.065,1.34882,1.34887,1.00,2.25
2017.03.08 17:24:36.621,1.34882,1.34886,1.00,1.00
2017.03.08 17:24:37.104,1.34878,1.34886,1.75,1.35
2017.03.08 17:24:37.205,1.34878,1.34885,1.00,1.00
2017.03.08 17:24:37.256,1.3488,1.34886,1.00,2.85
2017.03.08 17:24:37.560,1.34872,1.34876,1.00,1.72
2017.03.08 17:24:37.662,1.34869,1.34874,1.00,1.72
2017.03.08 17:24:37.713,1.34868,1.34872,1.00,1.00
2017.03.08 17:24:37.865,1.34868,1.34875,1.00,2.25
2017.03.08 17:24:38.411,1.34869,1.34875,1.00,2.62
2017.03.08 17:24:38.513,1.3487,1.34876,1.00,1.00
2017.03.08 17:24:38.766,1.3487,1.34874,1.00,1.00
2017.03.08 17:24:38.867,1.34871,1.34876,1.00,1.87
2017.03.08 17:24:39.070,1.34869,1.34878,1.12,3.37
2017.03.08 17:24:39.286,1.34873,1.34879,1.00,4.50
2017.03.08 17:24:39.488,1.34871,1.34879,1.00,4.50
2017.03.08 17:24:39.590,1.34873,1.34877,1.00,1.00
2017.03.08 17:24:40.095,1.34871,1.34878,1.00,2.62
2017.03.08 17:24:40.196,1.34871,1.34879,1.00,4.50
2017.03.08 17:24:40.449,1.34874,1.34878,1.00,1.12
2017.03.08 17:24:40.702,1.34871,1.34876,1.00,1.12
2017.03.08 17:24:40.804,1.34871,1.34878,1.00,1.87
2017.03.08 17:24:43.197,1.34869,1.34878,2.25,1.87
2017.03.08 17:24:43.551,1.34872,1.34878,2.25,2.62
2017.03.08 17:24:43.854,1.34874,1.34878,1.00,1.12
2017.03.08 17:24:44.943,1.34873,1.34878,1.00,1.12
2017.03.08 17:24:46.421,1.34874,1.3488,1.00,3.37
2017.03.08 17:24:47.055,1.34873,1.3488,1.00,2.62
2017.03.08 17:24:48.044,1.34869,1.34874,1.00,1.50
2017.03.08 17:24:48.246,1.34866,1.34873,2.25,1.37
2017.03.08 17:24:48.798,1.34864,1.34869,2.25,1.50
2017.03.08 17:24:48.884,1.34862,1.34868,1.00,3.22
2017.03.08 17:24:49.394,1.34863,1.34869,1.00,1.37
2017.03.08 17:24:50.305,1.34864,1.3487,1.00,4.50
2017.03.08 17:24:50.811,1.34864,1.3487,2.25,2.62
2017.03.08 17:24:51.797,1.34865,1.34871,1.50,3.37
2017.03.08 17:24:52.370,1.34864,1.3487,2.25,2.62
2017.03.08 17:24:53.521,1.34865,1.34872,1.50,5.25
2017.03.08 17:24:55.832,1.34866,1.34872,1.00,2.62
2017.03.08 17:24:55.934,1.34868,1.34872,1.00,1.00
2017.03.08 17:24:56.187,1.34866,1.34873,2.25,3.37
2017.03.08 17:24:59.271,1.34867,1.34873,1.00,4.12
2017.03.08 17:24:59.884,1.34868,1.34872,1.00,1.00
2017.03.08 17:25:04.900,1.34869,1.34873,1.50,1.87
2017.03.08 17:25:04.952,1.34869,1.34874,1.00,1.50
2017.03.08 17:25:05.054,1.3487,1.34876,1.00,1.50
2017.03.08 17:25:05.105,1.34873,1.34877,1.00,1.12
2017.03.08 17:25:05.409,1.34873,1.34879,1.00,2.62
2017.03.08 17:25:05.816,1.34876,1.34881,1.00,1.50
2017.03.08 17:25:06.356,1.34875,1.34881,1.00,1.50
2017.03.08 17:25:06.903,1.34876,1.34881,1.00,1.50
2017.03.08 17:25:07.481,1.34875,1.34881,1.00,3.37
2017.03.08 17:25:08.011,1.34876,1.3488,1.00,4.50
2017.03.08 17:25:08.163,1.34875,1.3488,1.00,1.00
2017.03.08 17:25:08.710,1.34875,1.34881,1.00,3.37
2017.03.08 17:25:09.573,1.34873,1.34879,1.00,2.62
2017.03.08 17:25:09.776,1.34871,1.34879,1.00,3.37
2017.03.08 17:25:09.827,1.34871,1.34878,1.00,2.25
2017.03.08 17:25:10.360,1.3487,1.34878,1.00,2.62
2017.03.08 17:25:12.950,1.34872,1.34878,1.00,2.62
2017.03.08 17:25:13.254,1.34872,1.34879,1.00,3.00
2017.03.08 17:25:13.421,1.34872,1.34878,1.00,2.25
2017.03.08 17:25:15.134,1.34869,1.34874,1.37,1.50
2017.03.08 17:25:15.438,1.34867,1.34873,1.00,1.00
2017.03.08 17:25:15.742,1.34869,1.34873,1.00,1.00
2017.03.08 17:25:16.253,1.34867,1.34873,1.00,3.00
2017.03.08 17:25:16.957,1.34866,1.34873,1.00,4.87
2017.03.08 17:25:17.674,1.34867,1.34873,1.00,4.87
2017.03.08 17:25:17.876,1.3487,1.34874,1.00,2.62
2017.03.08 17:25:18.181,1.34871,1.34877,1.00,3.37
2017.03.08 17:25:20.119,1.34871,1.34877,1.00,2.62
2017.03.08 17:25:20.221,1.34874,1.34878,1.00,1.87
2017.03.08 17:25:20.423,1.34872,1.34877,1.00,1.00
2017.03.08 17:25:21.554,1.34874,1.34878,1.00,1.00
2017.03.08 17:25:22.061,1.34874,1.34879,1.00,2.25
2017.03.08 17:25:24.750,1.34871,1.34879,1.00,3.00
2017.03.08 17:25:24.852,1.34869,1.34877,1.12,1.50
2017.03.08 17:25:24.953,1.34868,1.34875,1.00,1.00
2017.03.08 17:25:25.257,1.34866,1.34873,3.00,1.50
2017.03.08 17:25:26.097,1.34867,1.34873,1.50,2.25
2017.03.08 17:25:26.728,1.34866,1.34873,3.00,2.25
2017.03.08 17:25:27.241,1.34867,1.34873,1.50,2.25
2017.03.08 17:25:27.796,1.34868,1.34873,1.00,1.00
2017.03.08 17:25:28.251,1.34869,1.34876,1.00,1.50
2017.03.08 17:25:31.457,1.34867,1.34875,3.00,1.12
2017.03.08 17:25:32.789,1.34867,1.34876,1.12,1.12
2017.03.08 17:25:33.881,1.34867,1.34876,1.50,1.12
2017.03.08 17:25:34.083,1.34867,1.34876,1.87,1.12
2017.03.08 17:25:34.343,1.34867,1.34874,1.00,1.00
2017.03.08 17:25:34.899,1.34866,1.34875,1.12,1.87
2017.03.08 17:25:35.432,1.34867,1.34876,1.00,2.25
2017.03.08 17:25:37.538,1.34866,1.34874,6.37,1.00
2017.03.08 17:25:37.790,1.34869,1.34876,1.00,1.50
2017.03.08 17:25:41.120,1.34869,1.34873,1.00,1.00
2017.03.08 17:25:41.272,1.34866,1.34872,1.87,1.00
2017.03.08 17:25:44.377,1.34865,1.34873,6.00,1.12
2017.03.08 17:25:44.537,1.34867,1.34875,1.12,1.00
2017.03.08 17:25:45.043,1.34867,1.34876,3.00,1.00
2017.03.08 17:25:45.950,1.34869,1.34876,1.00,1.00
2017.03.08 17:25:46.509,1.34868,1.34876,1.12,1.00
2017.03.08 17:25:49.822,1.3487,1.34878,1.00,1.50
2017.03.08 17:25:50.024,1.3487,1.34879,1.12,1.50
2017.03.08 17:25:50.582,1.34871,1.34879,1.00,1.50
2017.03.08 17:25:51.158,1.3487,1.34879,1.50,1.50
2017.03.08 17:25:51.512,1.3487,1.34878,1.00,2.62
2017.03.08 17:25:51.613,1.3487,1.34879,1.12,1.50
2017.03.08 17:25:52.159,1.3487,1.34878,1.12,1.00
2017.03.08 17:25:53.465,1.34869,1.3488,3.00,4.50
2017.03.08 17:25:58.422,1.34868,1.34879,3.00,3.75
2017.03.08 17:25:59.821,1.3487,1.34879,1.00,3.11
2017.03.08 17:26:00.176,1.34871,1.3488,2.62,1.98
2017.03.08 17:26:00.227,1.34873,1.3488,1.00,2.73
2017.03.08 17:26:00.277,1.34871,1.3488,1.50,2.73
2017.03.08 17:26:00.328,1.3487,1.3488,4.12,3.48
2017.03.08 17:26:00.632,1.3487,1.34878,1.00,1.69
2017.03.08 17:26:01.574,1.3487,1.34876,1.00,1.00
2017.03.08 17:26:02.529,1.3487,1.34877,1.00,1.50
2017.03.08 17:26:03.058,1.3487,1.34876,1.00,1.00
2017.03.08 17:26:03.631,1.3487,1.34877,1.00,2.25
2017.03.08 17:26:04.148,1.3487,1.34876,1.00,1.00
2017.03.08 17:26:04.728,1.3487,1.34877,1.00,3.00
2017.03.08 17:26:05.392,1.3487,1.34876,1.00,1.00
2017.03.08 17:26:06.178,1.3487,1.34877,1.00,3.00
2017.03.08 17:26:06.752,1.3487,1.34876,1.00,1.00
2017.03.08 17:26:07.596,1.3487,1.34877,1.00,3.00
2017.03.08 17:26:08.306,1.3487,1.34874,1.00,1.00
2017.03.08 17:26:08.459,1.34865,1.34873,4.87,1.00
2017.03.08 17:26:08.661,1.34866,1.34874,1.00,1.50
2017.03.08 17:26:08.862,1.34865,1.34874,6.37,1.00
2017.03.08 17:26:09.122,1.34866,1.34874,1.12,1.00
2017.03.08 17:26:10.131,1.34865,1.34874,3.00,1.00
2017.03.08 17:26:13.558,1.34865,1.34874,4.87,1.00
2017.03.08 17:26:13.867,1.34865,1.34872,3.37,1.00
2017.03.08 17:26:13.969,1.34865,1.34872,1.00,1.00
2017.03.08 17:26:14.492,1.34864,1.34872,1.87,1.00
2017.03.08 17:26:15.034,1.34864,1.34871,1.87,1.00
2017.03.08 17:26:21.548,1.34865,1.34871,1.00,1.87
2017.03.08 17:26:22.070,1.34866,1.34871,1.00,1.87
2017.03.08 17:26:22.799,1.34865,1.34871,1.50,1.87
2017.03.08 17:26:23.330,1.34866,1.34871,1.00,1.87
2017.03.08 17:26:23.941,1.34865,1.34871,1.50,1.12
2017.03.08 17:26:24.691,1.34866,1.34871,1.00,1.12
2017.03.08 17:26:25.329,1.34865,1.34871,1.50,1.12
2017.03.08 17:26:26.055,1.34866,1.34871,1.00,1.12
2017.03.08 17:26:26.719,1.34865,1.34871,1.50,1.12
2017.03.08 17:26:27.270,1.34866,1.34871,1.00,1.12
2017.03.08 17:26:27.806,1.34865,1.34872,1.50,2.25
2017.03.08 17:26:28.848,1.34865,1.34871,1.50,1.00
2017.03.08 17:26:29.690,1.34866,1.34871,1.00,1.50
2017.03.08 17:26:30.199,1.34865,1.34871,1.50,1.00
2017.03.08 17:26:30.722,1.34866,1.34871,1.00,1.00
2017.03.08 17:26:31.449,1.34865,1.34873,1.50,4.12
2017.03.08 17:26:32.474,1.34865,1.34873,1.87,1.00
2017.03.08 17:26:32.981,1.34865,1.34874,2.62,1.12
2017.03.08 17:26:33.604,1.34866,1.34874,1.00,1.12
2017.03.08 17:26:34.011,1.34864,1.34872,1.50,1.12
2017.03.08 17:26:34.559,1.34864,1.34873,1.50,1.50
2017.03.08 17:26:39.325,1.34864,1.34872,1.00,1.50
2017.03.08 17:26:39.908,1.34864,1.34872,1.00,1.12
2017.03.08 17:26:40.821,1.34864,1.34872,1.00,3.37
2017.03.08 17:26:40.922,1.34864,1.34872,1.87,1.50
2017.03.08 17:26:41.446,1.34864,1.34873,1.00,5.25
2017.03.08 17:26:41.863,1.34866,1.34872,1.00,2.25
2017.03.08 17:26:42.379,1.34865,1.34872,1.50,1.50
2017.03.08 17:26:42.918,1.34865,1.34872,1.87,1.12
2017.03.08 17:26:43.728,1.34866,1.34872,1.00,1.12
2017.03.08 17:26:44.266,1.34865,1.34872,1.50,1.50
2017.03.08 17:26:45.979,1.34866,1.34873,1.00,3.37
2017.03.08 17:26:47.169,1.34865,1.34873,2.25,1.12
2017.03.08 17:26:47.799,1.34866,1.34873,1.00,2.62
2017.03.08 17:26:48.322,1.34865,1.34873,1.50,2.62
2017.03.08 17:26:49.059,1.34866,1.34873,1.00,2.62
2017.03.08 17:26:50.804,1.34866,1.34872,1.00,1.37
2017.03.08 17:26:50.855,1.34864,1.34872,1.12,1.37
2017.03.08 17:26:51.108,1.34865,1.34869,1.00,1.00
2017.03.08 17:26:51.563,1.34863,1.34867,1.12,1.00
2017.03.08 17:26:51.817,1.34864,1.3487,1.50,1.87
2017.03.08 17:26:52.222,1.34861,1.3487,1.37,1.37
2017.03.08 17:26:52.339,1.34864,1.3487,1.00,1.87
2017.03.08 17:26:52.873,1.34864,1.3487,1.00,1.50
2017.03.08 17:26:53.414,1.34863,1.3487,1.00,1.50
2017.03.08 17:26:53.942,1.34862,1.3487,2.25,1.50
2017.03.08 17:26:54.762,1.34863,1.3487,1.00,1.00
2017.03.08 17:26:55.292,1.34862,1.3487,2.25,1.00
2017.03.08 17:26:55.850,1.34862,1.34871,2.25,2.62
2017.03.08 17:26:56.217,1.34862,1.3487,3.00,1.00
2017.03.08 17:26:56.672,1.34862,1.3487,2.62,1.00
2017.03.08 17:26:56.723,1.34864,1.34871,1.37,1.12
2017.03.08 17:26:57.254,1.34863,1.34871,2.25,1.87
2017.03.08 17:26:58.665,1.34864,1.34871,1.19,2.25
2017.03.08 17:26:59.218,1.34864,1.34871,2.07,3.00
2017.03.08 17:26:59.985,1.34866,1.34872,1.00,1.00
2017.03.08 17:27:00.290,1.34868,1.34876,1.75,1.60
2017.03.08 17:27:00.809,1.34868,1.34877,1.75,1.50
2017.03.08 17:27:01.174,1.34868,1.34875,1.50,1.00
2017.03.08 17:27:01.957,1.34866,1.34875,1.32,1.87
2017.03.08 17:27:02.621,1.34866,1.34875,1.12,3.75
2017.03.08 17:27:02.874,1.34867,1.34875,2.62,1.00
2017.03.08 17:27:03.381,1.34867,1.34875,2.25,1.00
2017.03.08 17:27:03.844,1.34867,1.34873,1.00,1.00
2017.03.08 17:27:03.946,1.34864,1.34873,1.50,2.25
2017.03.08 17:27:07.170,1.34864,1.34871,1.00,1.00
2017.03.08 17:27:07.272,1.34864,1.34873,1.12,2.62
2017.03.08 17:27:08.034,1.34864,1.34872,1.00,1.00
2017.03.08 17:27:09.823,1.34864,1.34871,1.50,1.00
2017.03.08 17:27:09.975,1.34864,1.34871,1.26,3.37
2017.03.08 17:27:11.360,1.34863,1.34871,2.82,1.00
2017.03.08 17:27:12.387,1.34864,1.34872,1.26,2.62
2017.03.08 17:27:12.909,1.34863,1.34871,2.82,1.00
2017.03.08 17:27:13.438,1.34864,1.34872,1.26,1.12
2017.03.08 17:27:14.287,1.34864,1.34873,3.19,3.00
2017.03.08 17:27:14.489,1.34866,1.34873,1.00,1.50
2017.03.08 17:27:14.695,1.34863,1.34873,3.19,2.62
2017.03.08 17:27:17.349,1.34865,1.34873,1.00,1.12
2017.03.08 17:27:17.861,1.34864,1.34872,1.32,1.00
2017.03.08 17:27:18.614,1.34864,1.34873,1.32,1.87
2017.03.08 17:27:19.280,1.34863,1.34873,2.82,2.25
2017.03.08 17:27:20.341,1.34863,1.34871,2.82,1.00
2017.03.08 17:27:21.603,1.34865,1.34873,1.00,3.00
2017.03.08 17:27:29.671,1.34865,1.3487,1.50,1.12
2017.03.08 17:27:30.512,1.34865,1.34869,1.50,1.00
2017.03.08 17:27:31.026,1.34865,1.3487,1.00,1.00
2017.03.08 17:27:31.826,1.34865,1.34871,1.50,1.00
2017.03.08 17:27:32.705,1.34865,1.34872,1.50,1.12
2017.03.08 17:27:33.255,1.34865,1.34872,1.50,1.50
2017.03.08 17:27:33.794,1.34865,1.34872,1.00,2.25
2017.03.08 17:27:33.997,1.34865,1.34872,1.50,1.00
2017.03.08 17:27:34.201,1.34865,1.34872,1.50,3.00
2017.03.08 17:27:34.580,1.34865,1.34872,1.00,1.00
2017.03.08 17:27:35.240,1.34865,1.34871,1.50,1.00
2017.03.08 17:27:37.370,1.34866,1.34871,1.00,1.00
2017.03.08 17:27:37.421,1.34866,1.34873,1.00,1.50
2017.03.08 17:27:37.926,1.34866,1.34874,1.00,4.87
2017.03.08 17:27:45.834,1.34865,1.34873,1.87,2.25
2017.03.08 17:27:46.361,1.34865,1.34871,1.50,1.50
2017.03.08 17:27:47.173,1.34865,1.34872,1.87,2.62
2017.03.08 17:27:48.867,1.34865,1.3487,1.12,1.00
2017.03.08 17:27:49.171,1.34857,1.34861,2.62,2.25
2017.03.08 17:27:49.273,1.34854,1.3486,1.87,1.00
2017.03.08 17:27:49.779,1.34855,1.3486,1.00,1.00
2017.03.08 17:27:55.159,1.34854,1.34863,1.37,3.37
2017.03.08 17:27:58.310,1.34854,1.34863,1.87,1.50
2017.03.08 17:27:59.028,1.34857,1.34863,1.00,1.00
2017.03.08 17:27:59.547,1.34856,1.34863,2.25,1.00
2017.03.08 17:28:00.048,1.34857,1.34863,1.00,1.00
2017.03.08 17:28:00.573,1.34856,1.34863,1.00,1.00
2017.03.08 17:28:03.268,1.34857,1.34863,1.00,1.00
2017.03.08 17:28:03.811,1.34856,1.34863,3.00,1.00
2017.03.08 17:28:04.523,1.34857,1.34863,1.00,1.00
2017.03.08 17:28:05.079,1.34856,1.34863,3.00,1.00
2017.03.08 17:28:05.633,1.34857,1.34863,1.00,1.00
2017.03.08 17:28:06.348,1.34856,1.34863,3.00,1.00
2017.03.08 17:28:07.159,1.34858,1.34864,1.00,1.00
2017.03.08 17:28:07.666,1.34857,1.34865,2.25,1.12
2017.03.08 17:28:08.170,1.34857,1.34866,1.87,3.00
2017.03.08 17:28:09.451,1.34858,1.34866,1.37,1.12
2017.03.08 17:28:09.856,1.34858,1.34864,1.00,1.00
2017.03.08 17:28:10.359,1.34856,1.34864,1.37,1.12
2017.03.08 17:28:12.000,1.34857,1.34866,1.12,1.87
2017.03.08 17:28:12.051,1.34857,1.34865,3.00,1.00
2017.03.08 17:28:12.102,1.34859,1.34867,1.37,2.25
2017.03.08 17:28:12.628,1.34859,1.34867,1.00,2.62
2017.03.08 17:28:13.151,1.34859,1.34867,1.37,1.87
2017.03.08 17:28:14.671,1.34861,1.34867,1.00,1.87
2017.03.08 17:28:15.127,1.34863,1.34867,1.00,1.50
2017.03.08 17:28:15.178,1.34861,1.34867,1.12,1.00
2017.03.08 17:28:17.225,1.34863,1.34867,1.00,1.50
2017.03.08 17:28:17.639,1.34861,1.34867,1.50,1.00
2017.03.08 17:28:17.740,1.34863,1.34867,1.00,1.50
2017.03.08 17:28:18.246,1.34861,1.34867,1.37,1.00
2017.03.08 17:28:19.393,1.34862,1.34867,1.37,1.50
2017.03.08 17:28:19.495,1.34861,1.34867,2.25,1.00
2017.03.08 17:28:20.019,1.34861,1.34867,2.25,1.00
2017.03.08 17:28:20.522,1.34861,1.34867,1.50,1.00
2017.03.08 17:28:22.846,1.34862,1.34867,1.00,1.00
2017.03.08 17:28:23.811,1.34863,1.34867,1.00,1.50
2017.03.08 17:28:24.329,1.34862,1.34867,1.12,1.00
2017.03.08 17:28:24.979,1.34861,1.34866,1.37,1.00
2017.03.08 17:28:27.751,1.34862,1.34867,1.50,2.25
2017.03.08 17:28:27.853,1.34859,1.34863,7.87,1.00
2017.03.08 17:28:28.006,1.34855,1.34861,1.87,1.00
2017.03.08 17:28:28.314,1.34857,1.34862,1.50,1.12
2017.03.08 17:28:28.822,1.34857,1.34862,1.50,1.00
2017.03.08 17:28:28.873,1.34858,1.34864,1.00,1.00
2017.03.08 17:28:29.328,1.34857,1.34861,1.00,1.00
2017.03.08 17:28:29.632,1.34852,1.34857,1.50,1.00
2017.03.08 17:28:30.340,1.34852,1.3486,1.50,1.00
2017.03.08 17:28:32.948,1.34853,1.34861,1.37,1.87
2017.03.08 17:28:33.560,1.34853,1.3486,1.37,1.00
2017.03.08 17:28:33.700,1.34853,1.3486,4.12,1.50
2017.03.08 17:28:33.802,1.34853,1.3486,1.50,1.00
2017.03.08 17:28:34.510,1.34854,1.34861,1.12,1.50
2017.03.08 17:28:35.018,1.34854,1.3486,1.12,1.00
2017.03.08 17:28:35.568,1.34853,1.34861,2.62,1.50
2017.03.08 17:28:36.074,1.34853,1.3486,2.62,1.50
2017.03.08 17:28:37.497,1.34853,1.3486,1.87,1.00
2017.03.08 17:28:40.940,1.34852,1.34856,2.25,1.00
2017.03.08 17:28:41.144,1.34849,1.34856,3.37,1.00
2017.03.08 17:28:42.387,1.3485,1.34857,3.37,2.25
2017.03.08 17:28:43.410,1.34849,1.34855,4.87,1.50
2017.03.08 17:28:43.512,1.34849,1.34853,1.12,2.10
2017.03.08 17:28:43.614,1.34847,1.34851,1.12,1.50
2017.03.08 17:28:43.716,1.34845,1.3485,1.37,1.00
2017.03.08 17:28:44.265,1.34845,1.34851,3.00,3.00
2017.03.08 17:28:44.719,1.34848,1.34854,1.00,1.50
2017.03.08 17:28:44.770,1.34849,1.34856,1.37,4.12
2017.03.08 17:28:44.821,1.34849,1.34856,1.87,2.25
2017.03.08 17:28:44.923,1.3485,1.34854,1.50,1.00
2017.03.08 17:28:45.024,1.34848,1.34855,2.62,1.50
2017.03.08 17:28:45.075,1.34849,1.34853,1.00,1.00
2017.03.08 17:28:45.227,1.34847,1.34853,1.12,1.00
2017.03.08 17:28:45.749,1.34846,1.34854,3.00,1.12
2017.03.08 17:28:46.279,1.34846,1.34853,2.25,1.00
2017.03.08 17:28:46.791,1.34846,1.34853,2.25,1.00
2017.03.08 17:28:46.892,1.34846,1.34853,2.25,1.00
2017.03.08 17:28:46.943,1.34846,1.34853,2.25,1.00
2017.03.08 17:28:47.461,1.34846,1.34853,1.37,1.00
2017.03.08 17:28:51.968,1.34846,1.34855,2.62,2.62
2017.03.08 17:28:56.501,1.34846,1.34853,1.37,1.00
2017.03.08 17:28:57.068,1.34846,1.34853,1.00,1.00
2017.03.08 17:28:57.576,1.34846,1.34854,1.50,1.12
2017.03.08 17:28:58.133,1.34847,1.34855,1.00,3.00
2017.03.08 17:28:58.823,1.34846,1.34855,2.25,2.25
2017.03.08 17:28:59.389,1.34847,1.34855,1.00,3.00
2017.03.08 17:28:59.890,1.34846,1.34855,1.00,2.25
2017.03.08 17:29:01.932,1.34846,1.34855,4.50,1.50
2017.03.08 17:29:02.438,1.34848,1.34855,1.00,1.87
2017.03.08 17:29:06.463,1.34846,1.34855,1.87,1.12
2017.03.08 17:29:08.439,1.34848,1.34855,1.00,1.12
2017.03.08 17:29:09.216,1.34852,1.34856,1.00,1.50
2017.03.08 17:29:09.571,1.34852,1.34856,1.00,1.00
2017.03.08 17:29:10.360,1.34851,1.34857,4.12,1.26
2017.03.08 17:29:10.665,1.34851,1.34857,1.87,1.26
2017.03.08 17:29:12.622,1.34851,1.34856,1.12,1.00
2017.03.08 17:29:16.464,1.34851,1.3486,4.12,1.61
2017.03.08 17:29:17.391,1.34851,1.3486,4.12,1.11
2017.03.08 17:29:17.779,1.34851,1.3486,4.12,1.15
2017.03.08 17:29:20.069,1.34853,1.3486,1.00,1.11
2017.03.08 17:29:22.065,1.34853,1.34862,1.00,1.98
2017.03.08 17:29:22.172,1.34853,1.34862,1.00,1.48
2017.03.08 17:29:22.223,1.34853,1.34859,1.00,1.00
2017.03.08 17:29:22.927,1.34852,1.34859,1.12,1.00
2017.03.08 17:29:23.821,1.34853,1.34859,1.00,1.00
2017.03.08 17:29:24.590,1.34856,1.3486,1.00,1.15
2017.03.08 17:29:25.453,1.34856,1.3486,1.00,1.15
2017.03.08 17:29:25.706,1.34854,1.34861,1.00,1.23
2017.03.08 17:29:25.757,1.34854,1.34859,1.00,1.00
2017.03.08 17:29:26.719,1.34855,1.34859,1.00,1.00
2017.03.08 17:29:27.268,1.34855,1.34863,1.50,1.11
2017.03.08 17:29:28.190,1.34855,1.3486,1.00,1.11
2017.03.08 17:29:28.291,1.34853,1.34863,2.25,1.61
2017.03.08 17:29:28.813,1.34855,1.34863,1.00,3.11
2017.03.08 17:29:29.360,1.34855,1.34862,1.37,1.11
2017.03.08 17:29:29.881,1.34855,1.34863,1.00,3.11
2017.03.08 17:29:30.407,1.34853,1.3486,1.50,1.11
2017.03.08 17:29:30.510,1.34853,1.3486,1.50,1.00
2017.03.08 17:29:30.799,1.34853,1.3486,1.50,1.11
2017.03.08 17:29:30.901,1.34853,1.3486,1.50,1.11
2017.03.08 17:29:31.403,1.34853,1.3486,1.12,1.98
2017.03.08 17:29:31.826,1.34855,1.3486,1.00,1.12
2017.03.08 17:29:31.978,1.34858,1.34863,1.00,1.98
2017.03.08 17:29:32.029,1.34856,1.34863,1.00,1.12
2017.03.08 17:29:32.553,1.34856,1.34863,1.00,2.62
2017.03.08 17:29:33.321,1.34856,1.34863,1.12,2.62
2017.03.08 17:29:33.914,1.34854,1.34861,1.50,1.00
2017.03.08 17:29:34.016,1.34854,1.34861,1.12,1.12
2017.03.08 17:29:36.625,1.34856,1.34863,1.00,3.37
2017.03.08 17:29:36.929,1.34859,1.34867,1.00,1.61
2017.03.08 17:29:37.472,1.3486,1.34868,1.00,1.61
2017.03.08 17:29:38.005,1.3486,1.34867,1.00,1.11
2017.03.08 17:29:38.567,1.3486,1.34867,1.37,1.11
2017.03.08 17:29:39.408,1.3486,1.34865,1.37,1.00
2017.03.08 17:29:39.561,1.34859,1.34863,1.00,1.50
2017.03.08 17:29:39.809,1.34855,1.34862,1.12,1.32
2017.03.08 17:29:41.461,1.34855,1.34863,2.25,1.00
2017.03.08 17:29:41.970,1.34855,1.34864,1.87,4.32
2017.03.08 17:29:49.522,1.34856,1.34864,1.00,4.12
2017.03.08 17:29:49.623,1.34856,1.34865,1.87,1.37
2017.03.08 17:29:50.129,1.34857,1.34864,1.50,1.50
2017.03.08 17:29:51.234,1.34857,1.34866,1.50,3.00
2017.03.08 17:29:51.488,1.3486,1.34867,1.50,3.37
2017.03.08 17:29:51.538,1.3486,1.34868,1.12,1.87
2017.03.08 17:29:51.640,1.34859,1.34863,1.12,1.00
2017.03.08 17:29:51.944,1.34855,1.34863,3.00,4.50
2017.03.08 17:29:52.450,1.34855,1.34863,2.25,3.75
2017.03.08 17:29:52.951,1.34856,1.34862,1.12,1.00
2017.03.08 17:29:53.507,1.34855,1.34863,2.25,3.75
2017.03.08 17:29:53.913,1.34856,1.34865,1.87,3.37
2017.03.08 17:29:53.964,1.34859,1.34866,1.50,1.50
2017.03.08 17:29:54.470,1.34858,1.34866,1.00,2.25
2017.03.08 17:29:57.871,1.34858,1.34865,1.00,1.00
2017.03.08 17:29:58.394,1.34859,1.34866,1.00,1.50
2017.03.08 17:29:58.917,1.34859,1.34868,2.25,2.25
2017.03.08 17:29:59.479,1.34859,1.34867,3.00,1.00
2017.03.08 17:30:00.451,1.34859,1.34866,1.50,1.50
2017.03.08 17:30:00.984,1.34859,1.34865,1.50,1.50
2017.03.08 17:30:01.792,1.34859,1.34866,1.50,1.50
2017.03.08 17:30:01.842,1.3486,1.34864,1.00,1.00
2017.03.08 17:30:02.096,1.34857,1.34864,2.25,2.25
2017.03.08 17:30:02.147,1.34857,1.34864,1.87,2.25
2017.03.08 17:30:02.669,1.34857,1.34863,1.87,1.00
2017.03.08 17:30:03.185,1.34857,1.34864,1.12,2.25
2017.03.08 17:30:03.728,1.34857,1.34863,1.12,1.00
2017.03.08 17:30:04.234,1.34857,1.34864,1.12,1.00
2017.03.08 17:30:07.373,1.34859,1.34866,1.00,1.87
2017.03.08 17:30:07.677,1.34858,1.34866,4.87,2.25
2017.03.08 17:30:08.271,1.34858,1.34865,4.87,1.00
2017.03.08 17:30:08.373,1.34859,1.34867,2.25,1.00
2017.03.08 17:30:08.879,1.34859,1.34866,3.00,1.00
2017.03.08 17:30:09.463,1.34859,1.34867,4.87,1.50
2017.03.08 17:30:10.125,1.34859,1.34868,4.87,2.25
2017.03.08 17:30:11.168,1.34859,1.34867,4.87,1.00
2017.03.08 17:30:14.445,1.34859,1.34866,3.37,1.00
2017.03.08 17:30:17.452,1.34859,1.34867,3.37,1.00
2017.03.08 17:30:18.210,1.34859,1.34866,3.37,1.00
2017.03.08 17:30:18.404,1.3486,1.34868,1.75,1.50
2017.03.08 17:30:18.927,1.3486,1.34867,1.75,1.00
2017.03.08 17:30:21.722,1.34861,1.34868,3.00,1.00
2017.03.08 17:30:24.770,1.34861,1.34867,1.37,1.00
2017.03.08 17:30:24.821,1.3486,1.34866,1.87,1.00
2017.03.08 17:30:27.030,1.3486,1.34866,1.37,1.00
2017.03.08 17:30:27.601,1.34861,1.34867,2.25,1.00
2017.03.08 17:30:28.225,1.34859,1.34866,2.25,1.50
2017.03.08 17:30:29.180,1.34859,1.34867,1.75,2.25
2017.03.08 17:30:29.703,1.3486,1.34867,1.87,1.12
2017.03.08 17:30:30.743,1.34861,1.34868,1.00,3.75
2017.03.08 17:30:31.308,1.34862,1.34868,1.50,2.25
2017.03.08 17:30:32.183,1.34861,1.34868,2.25,1.00
2017.03.08 17:30:33.048,1.34862,1.34868,1.00,1.00
2017.03.08 17:30:33.579,1.34861,1.34868,2.25,1.00
2017.03.08 17:30:34.601,1.34862,1.34868,1.00,1.50
2017.03.08 17:30:35.136,1.34861,1.34868,3.00,1.00
2017.03.08 17:30:35.701,1.34862,1.34868,1.00,1.50
2017.03.08 17:30:36.281,1.34861,1.34868,3.00,1.00
2017.03.08 17:30:36.829,1.34862,1.34868,1.00,1.50
2017.03.08 17:30:37.351,1.34862,1.34867,1.00,1.50
2017.03.08 17:30:39.252,1.34863,1.34867,1.00,1.50
2017.03.08 17:30:39.794,1.34862,1.34867,1.12,1.00
2017.03.08 17:30:40.357,1.34866,1.3487,1.00,1.00
2017.03.08 17:30:40.408,1.34866,1.3487,1.00,1.00
2017.03.08 17:30:40.560,1.34868,1.34872,1.00,1.50
2017.03.08 17:30:41.555,1.34865,1.34872,1.50,1.50
2017.03.08 17:30:42.001,1.34864,1.34872,1.87,1.50
2017.03.08 17:30:42.052,1.34868,1.34873,1.00,3.00
2017.03.08 17:30:42.644,1.34865,1.3487,1.00,1.00
2017.03.08 17:30:43.149,1.34864,1.3487,1.12,1.00
2017.03.08 17:30:43.598,1.34863,1.34872,2.62,1.12
2017.03.08 17:30:45.324,1.34864,1.34872,1.00,1.12
2017.03.08 17:30:46.132,1.34863,1.34872,2.62,1.12
2017.03.08 17:30:46.183,1.34864,1.34871,1.37,1.00
2017.03.08 17:30:46.437,1.34864,1.3487,1.00,1.00
2017.03.08 17:30:50.532,1.34865,1.3487,1.00,1.00
2017.03.08 17:30:51.082,1.34864,1.3487,1.50,1.00
2017.03.08 17:30:51.619,1.34865,1.3487,1.00,1.50
2017.03.08 17:30:52.179,1.34864,1.3487,1.50,1.50
2017.03.08 17:30:52.713,1.34864,1.34869,1.37,1.00
2017.03.08 17:30:54.195,1.34863,1.3487,1.87,1.00
2017.03.08 17:31:00.411,1.34863,1.3487,1.37,1.50
2017.03.08 17:31:03.242,1.34863,1.34868,1.37,1.00
2017.03.08 17:31:03.650,1.34862,1.34866,1.00,1.00
2017.03.08 17:31:03.752,1.34862,1.34866,1.00,1.00
2017.03.08 17:31:04.307,1.34859,1.34866,3.37,1.00
2017.03.08 17:31:04.889,1.34859,1.34865,3.37,1.00
2017.03.08 17:31:05.699,1.3486,1.34866,1.50,1.00
2017.03.08 17:31:05.854,1.34859,1.34864,1.50,1.00
2017.03.08 17:31:05.906,1.34859,1.34863,1.50,1.00
2017.03.08 17:31:05.957,1.34858,1.34863,1.50,1.00
2017.03.08 17:31:06.111,1.34859,1.34864,1.50,1.87
2017.03.08 17:31:06.614,1.3486,1.34864,1.00,2.25
2017.03.08 17:31:07.125,1.3486,1.34864,1.00,1.50
2017.03.08 17:31:07.629,1.34858,1.34862,3.37,1.00
2017.03.08 17:31:08.238,1.3486,1.34864,1.00,1.50
2017.03.08 17:31:08.776,1.34858,1.34862,3.37,1.00
2017.03.08 17:31:08.877,1.34859,1.34864,1.50,1.00
2017.03.08 17:31:09.379,1.3486,1.34865,1.00,1.00
2017.03.08 17:31:09.895,1.34859,1.34865,2.25,1.00
2017.03.08 17:31:10.526,1.3486,1.34865,1.50,1.00
2017.03.08 17:31:12.571,1.3486,1.34864,1.00,1.00
2017.03.08 17:31:14.110,1.3486,1.34868,1.00,1.50
2017.03.08 17:31:14.480,1.3486,1.34865,1.87,1.00
2017.03.08 17:31:15.228,1.3486,1.34865,1.12,1.00
2017.03.08 17:31:18.337,1.34859,1.34863,2.62,1.00
2017.03.08 17:31:19.481,1.34859,1.34863,1.87,1.00
2017.03.08 17:31:20.001,1.3486,1.34864,1.50,1.50
2017.03.08 17:31:21.669,1.34858,1.34863,1.50,1.00
2017.03.08 17:31:21.872,1.34855,1.34862,3.00,1.00
2017.03.08 17:31:21.973,1.34856,1.3486,1.00,1.00
2017.03.08 17:31:22.505,1.34855,1.34859,1.00,1.00
2017.03.08 17:31:24.051,1.34854,1.3486,1.75,1.00
2017.03.08 17:31:25.033,1.34853,1.3486,2.62,1.00
2017.03.08 17:31:25.563,1.34853,1.3486,1.87,1.00
2017.03.08 17:31:26.437,1.34853,1.3486,4.87,1.00
2017.03.08 17:31:27.324,1.34855,1.34859,1.00,1.00
2017.03.08 17:31:29.110,1.34855,1.3486,1.00,1.00
2017.03.08 17:31:29.650,1.34855,1.34859,1.00,2.25
2017.03.08 17:31:31.837,1.34854,1.34859,1.12,2.25
2017.03.08 17:31:32.377,1.34853,1.34859,1.50,2.25
2017.03.08 17:31:32.680,1.34853,1.34859,1.50,2.25
2017.03.08 17:31:33.217,1.34852,1.34859,2.25,1.00
2017.03.08 17:31:33.268,1.34852,1.34859,2.25,1.00
2017.03.08 17:31:34.057,1.34852,1.3486,2.25,3.00
2017.03.08 17:31:34.851,1.34852,1.3486,1.12,3.75
2017.03.08 17:31:37.563,1.34852,1.3486,1.50,2.25
2017.03.08 17:31:38.853,1.34853,1.3486,1.37,1.50
2017.03.08 17:31:39.056,1.34852,1.34859,1.00,1.00
2017.03.08 17:31:39.843,1.34852,1.3486,1.00,1.50
2017.03.08 17:31:43.304,1.34852,1.3486,1.50,1.50
2017.03.08 17:31:43.355,1.34852,1.34857,1.50,2.25
2017.03.08 17:31:43.406,1.34852,1.34856,1.50,1.50
2017.03.08 17:31:43.457,1.3485,1.34854,7.87,2.25
2017.03.08 17:31:43.610,1.34848,1.34853,1.00,1.50
2017.03.08 17:31:43.661,1.3485,1.34854,1.00,1.00
2017.03.08 17:31:43.815,1.34851,1.34857,2.25,1.00
2017.03.08 17:31:43.867,1.34852,1.34859,1.87,1.00
2017.03.08 17:31:44.132,1.3485,1.34859,3.00,2.25
2017.03.08 17:31:44.640,1.34851,1.34858,1.00,2.25
2017.03.08 17:31:45.173,1.3485,1.34857,2.25,1.50
2017.03.08 17:31:45.759,1.34851,1.34857,1.00,1.12
2017.03.08 17:31:46.262,1.3485,1.34857,3.37,1.00
2017.03.08 17:31:46.365,1.3485,1.34859,4.50,3.37
2017.03.08 17:31:46.517,1.3485,1.34858,3.37,1.50
2017.03.08 17:31:47.048,1.34851,1.34858,1.00,1.00
2017.03.08 17:31:47.352,1.34851,1.3486,1.00,7.12
2017.03.08 17:31:47.805,1.34851,1.34858,1.00,1.00
2017.03.08 17:31:51.149,1.34852,1.3486,1.00,3.37
2017.03.08 17:31:51.301,1.34851,1.3486,3.00,1.50
2017.03.08 17:31:54.916,1.34854,1.3486,1.00,1.00
2017.03.08 17:31:55.461,1.34853,1.34862,2.62,5.62
2017.03.08 17:31:55.995,1.34854,1.34861,1.00,1.37
2017.03.08 17:31:58.332,1.34853,1.34862,1.87,4.87
2017.03.08 17:31:58.848,1.34852,1.34861,2.25,1.12
2017.03.08 17:32:00.167,1.34852,1.3486,1.50,1.00
2017.03.08 17:32:00.750,1.34852,1.34858,1.50,1.00
2017.03.08 17:32:01.298,1.34851,1.34859,4.12,2.25
2017.03.08 17:32:01.927,1.34851,1.34858,4.87,1.00
2017.03.08 17:32:02.206,1.34851,1.34859,1.87,2.25
2017.03.08 17:32:02.718,1.34851,1.34858,1.87,1.00
2017.03.08 17:32:03.239,1.34851,1.34859,1.87,2.25
2017.03.08 17:32:04.060,1.34851,1.34858,1.87,1.00
2017.03.08 17:32:04.262,1.34853,1.34859,1.00,2.25
2017.03.08 17:32:04.889,1.34852,1.34859,1.00,1.22
2017.03.08 17:32:05.829,1.34853,1.34859,1.00,1.97
2017.03.08 17:32:08.830,1.34854,1.34859,1.00,1.00
2017.03.08 17:32:09.575,1.34855,1.34859,1.00,1.00
2017.03.08 17:32:10.241,1.34853,1.34859,2.62,1.00
2017.03.08 17:32:11.416,1.34855,1.34863,1.00,2.54
2017.03.08 17:32:11.467,1.34855,1.34863,1.00,1.79
2017.03.08 17:32:12.026,1.34855,1.34862,1.00,1.00
2017.03.08 17:32:12.561,1.34853,1.34861,2.25,1.00
2017.03.08 17:32:13.072,1.34853,1.3486,3.00,1.00
2017.03.08 17:32:19.635,1.34853,1.34861,2.25,1.42
2017.03.08 17:32:20.151,1.34855,1.34862,1.12,1.87
2017.03.08 17:32:29.094,1.34854,1.34862,1.00,1.00
2017.03.08 17:32:32.791,1.34854,1.34863,1.00,3.75
2017.03.08 17:32:41.129,1.34855,1.34863,1.00,2.25
2017.03.08 17:32:45.809,1.34854,1.34863,1.00,2.25
2017.03.08 17:32:45.962,1.34854,1.34861,1.00,1.00
2017.03.08 17:32:46.520,1.34854,1.34862,1.00,2.25
2017.03.08 17:32:47.284,1.34854,1.34861,1.00,1.00
2017.03.08 17:32:48.139,1.34854,1.34862,1.00,2.25
2017.03.08 17:32:48.668,1.34854,1.34861,1.00,1.00
2017.03.08 17:32:49.184,1.34853,1.34862,2.25,3.00
2017.03.08 17:32:50.698,1.34853,1.34862,2.25,3.75
2017.03.08 17:32:51.001,1.34849,1.34853,4.50,1.00
2017.03.08 17:32:51.103,1.34845,1.34853,4.87,1.00
2017.03.08 17:32:51.204,1.34845,1.34854,2.25,1.00
2017.03.08 17:32:52.713,1.3485,1.34857,2.62,2.62
2017.03.08 17:32:52.916,1.3485,1.34857,1.87,1.50
2017.03.08 17:32:53.457,1.3485,1.34856,1.37,1.00
2017.03.08 17:33:04.558,1.34852,1.34856,1.00,1.50
2017.03.08 17:33:04.710,1.34852,1.34858,1.12,1.22
2017.03.08 17:33:05.459,1.34852,1.34857,1.12,1.00
2017.03.08 17:33:06.099,1.34852,1.34858,1.12,1.22
2017.03.08 17:33:09.644,1.34852,1.3486,1.00,1.79
2017.03.08 17:33:10.833,1.34851,1.3486,1.12,1.04
2017.03.08 17:33:11.447,1.34851,1.34859,1.12,1.67
2017.03.08 17:33:11.989,1.34851,1.34859,1.12,1.39
2017.03.08 17:33:14.422,1.34851,1.34861,1.87,2.64
2017.03.08 17:33:19.441,1.34852,1.34861,1.00,2.64
2017.03.08 17:33:19.964,1.34852,1.34861,2.25,1.50
2017.03.08 17:33:20.481,1.34852,1.34861,1.87,1.12
2017.03.08 17:33:21.308,1.34852,1.3486,1.87,1.00
2017.03.08 17:33:21.987,1.34852,1.34862,1.87,3.37
2017.03.08 17:33:29.261,1.34852,1.3486,1.87,1.14
2017.03.08 17:33:30.481,1.34852,1.3486,1.12,1.39
2017.03.08 17:33:31.833,1.34852,1.3486,1.12,1.00
2017.03.08 17:33:32.829,1.34853,1.34862,1.00,3.01
2017.03.08 17:33:32.975,1.34853,1.34862,2.25,1.89
2017.03.08 17:33:34.892,1.34853,1.34862,2.25,1.67
2017.03.08 17:33:35.210,1.34859,1.34866,1.50,1.67
2017.03.08 17:33:35.514,1.34857,1.34864,3.37,1.00
2017.03.08 17:33:39.723,1.34856,1.34862,2.62,1.00
2017.03.08 17:33:40.473,1.34856,1.3486,1.00,1.00
2017.03.08 17:33:40.524,1.34854,1.34861,2.25,1.00
2017.03.08 17:33:40.828,1.34854,1.34859,1.00,1.00
2017.03.08 17:33:41.334,1.34854,1.3486,1.37,2.72
2017.03.08 17:33:41.738,1.34853,1.3486,2.25,2.72
2017.03.08 17:33:42.839,1.34854,1.34859,1.00,1.00
2017.03.08 17:33:44.322,1.34853,1.34859,1.00,1.00
2017.03.08 17:33:46.362,1.34853,1.3486,1.00,1.50
2017.03.08 17:33:46.919,1.34852,1.3486,1.87,1.50
2017.03.08 17:33:48.656,1.3485,1.34859,3.00,1.00
2017.03.08 17:33:49.172,1.3485,1.34859,3.00,1.50
2017.03.08 17:33:51.600,1.3485,1.34858,1.50,1.00
2017.03.08 17:34:00.507,1.34853,1.34858,1.00,1.50
2017.03.08 17:34:01.499,1.34852,1.3486,2.62,1.12
2017.03.08 17:34:02.006,1.34854,1.3486,1.00,1.12
2017.03.08 17:34:02.997,1.34853,1.34861,1.12,2.62
2017.03.08 17:34:05.057,1.34851,1.34857,1.00,1.00
2017.03.08 17:34:05.571,1.34849,1.34856,1.75,1.00
2017.03.08 17:34:05.837,1.34848,1.34854,1.12,1.00
2017.03.08 17:34:06.672,1.34847,1.34853,1.50,1.00
2017.03.08 17:34:06.925,1.34847,1.34855,3.00,1.00
2017.03.08 17:34:10.824,1.34848,1.34853,1.12,1.00
2017.03.08 17:34:11.535,1.34849,1.34855,1.00,1.12
2017.03.08 17:34:11.866,1.34847,1.34855,1.50,1.00
2017.03.08 17:34:12.827,1.34848,1.34856,1.12,1.12
2017.03.08 17:34:12.878,1.34848,1.34857,1.50,1.87
2017.03.08 17:34:13.454,1.34849,1.34856,1.37,1.00
2017.03.08 17:34:17.860,1.34847,1.34853,4.12,1.00
2017.03.08 17:34:18.165,1.34847,1.34852,1.00,1.50
2017.03.08 17:34:18.885,1.34848,1.34853,1.00,1.00
2017.03.08 17:34:19.496,1.34848,1.34852,1.00,1.00
2017.03.08 17:34:19.969,1.34844,1.34852,1.12,1.00
2017.03.08 17:34:20.969,1.34843,1.34852,6.75,1.00
2017.03.08 17:34:21.513,1.34844,1.34853,1.75,3.37
2017.03.08 17:34:23.508,1.34843,1.34852,5.25,1.00
2017.03.08 17:34:23.795,1.34843,1.34851,4.50,1.00
2017.03.08 17:34:27.797,1.34843,1.34851,2.62,1.00
2017.03.08 17:34:33.454,1.34843,1.34852,3.37,1.87
2017.03.08 17:34:42.861,1.34847,1.34853,1.00,3.00
2017.03.08 17:34:43.064,1.34848,1.34856,1.87,2.62
2017.03.08 17:34:43.115,1.34848,1.34857,2.62,1.87
2017.03.08 17:34:43.678,1.34848,1.34857,4.50,2.25
2017.03.08 17:34:45.699,1.34848,1.34857,4.12,2.25
2017.03.08 17:34:49.285,1.34848,1.34857,4.12,1.50
2017.03.08 17:34:49.539,1.34851,1.34857,1.50,1.50
2017.03.08 17:34:49.844,1.34849,1.34857,2.02,1.00
2017.03.08 17:34:50.711,1.34849,1.34857,1.50,1.00
2017.03.08 17:34:51.015,1.34848,1.34857,1.12,2.62
2017.03.08 17:34:55.076,1.3485,1.34857,1.00,1.12
2017.03.08 17:35:00.814,1.3485,1.34857,1.50,1.87
2017.03.08 17:35:01.353,1.3485,1.34857,1.75,1.00
2017.03.08 17:35:01.658,1.34856,1.34861,1.00,1.87
2017.03.08 17:35:01.975,1.34856,1.34863,4.50,1.00
2017.03.08 17:35:02.076,1.34856,1.34863,1.87,1.00
2017.03.08 17:35:02.583,1.34855,1.34862,1.87,1.00
2017.03.08 17:35:03.114,1.34855,1.34862,1.87,1.69
2017.03.08 17:35:03.165,1.34855,1.34863,1.87,1.50
2017.03.08 17:35:03.677,1.34854,1.34863,2.25,1.87
2017.03.08 17:35:10.336,1.34856,1.34862,1.00,1.00
2017.03.08 17:35:10.839,1.34853,1.34863,5.25,1.87
2017.03.08 17:35:11.245,1.34854,1.34861,1.50,1.00
2017.03.08 17:35:11.551,1.3485,1.34857,3.37,2.25
2017.03.08 17:35:11.653,1.34849,1.34857,3.00,1.50
2017.03.08 17:35:11.755,1.34849,1.34857,1.12,1.50
2017.03.08 17:35:12.671,1.34849,1.34858,1.87,1.12
2017.03.08 17:35:12.859,1.34849,1.34857,3.37,1.00
2017.03.08 17:35:12.960,1.34852,1.34859,1.00,1.00
2017.03.08 17:35:14.412,1.34852,1.3486,1.50,2.36
2017.03.08 17:35:16.060,1.34852,1.3486,4.12,1.50
2017.03.08 17:35:20.816,1.34853,1.34859,1.87,1.00
2017.03.08 17:35:20.867,1.34853,1.34857,1.12,2.25
2017.03.08 17:35:20.919,1.34851,1.34857,1.00,2.25
2017.03.08 17:35:21.071,1.34848,1.34857,3.00,2.25
2017.03.08 17:35:21.676,1.34849,1.34857,1.87,1.87
2017.03.08 17:35:21.728,1.34851,1.34859,1.00,1.12
2017.03.08 17:35:21.981,1.34849,1.34858,2.25,1.87
2017.03.08 17:35:22.639,1.3485,1.34858,1.00,1.12
2017.03.08 17:35:23.190,1.34849,1.34858,3.75,1.12
2017.03.08 17:35:23.692,1.3485,1.34858,1.00,1.12
2017.03.08 17:35:25.133,1.34849,1.34858,3.00,1.12
2017.03.08 17:35:25.672,1.3485,1.34858,1.00,1.12
2017.03.08 17:35:27.059,1.34849,1.34858,3.00,1.12
2017.03.08 17:35:27.731,1.3485,1.34858,1.00,1.12
2017.03.08 17:35:29.597,1.34849,1.34858,1.87,1.37
2017.03.08 17:35:30.235,1.34849,1.34858,2.25,1.00
2017.03.08 17:35:33.824,1.34849,1.34858,2.40,2.25
2017.03.08 17:35:34.699,1.34848,1.34852,2.25,1.50
2017.03.08 17:35:35.004,1.34847,1.34851,1.00,2.25
2017.03.08 17:35:35.558,1.34846,1.3485,2.25,1.12
2017.03.08 17:35:38.815,1.34845,1.34849,2.25,1.00
2017.03.08 17:35:39.341,1.34846,1.3485,1.00,1.12
2017.03.08 17:35:40.148,1.34846,1.34851,1.50,2.62
2017.03.08 17:35:44.239,1.34842,1.34847,1.37,1.50
2017.03.08 17:35:44.392,1.34839,1.34847,1.37,1.50
2017.03.08 17:35:44.444,1.34839,1.34847,1.87,1.00
2017.03.08 17:35:44.495,1.34839,1.34845,1.87,1.00
2017.03.08 17:35:44.858,1.34839,1.34843,1.87,1.00
2017.03.08 17:35:45.099,1.3484,1.34845,1.00,1.00
2017.03.08 17:35:45.308,1.34839,1.34843,1.87,1.00
2017.03.08 17:35:45.715,1.34839,1.34848,1.87,2.62
2017.03.08 17:35:46.219,1.3484,1.34848,1.00,2.62
2017.03.08 17:35:46.843,1.34839,1.34848,1.87,2.62
2017.03.08 17:35:47.009,1.34839,1.34846,1.87,1.00
2017.03.08 17:35:47.362,1.3484,1.34848,1.00,1.12
2017.03.08 17:35:47.464,1.34845,1.34849,1.00,2.62
2017.03.08 17:35:47.970,1.34844,1.34849,1.50,1.12
2017.03.08 17:35:48.479,1.34845,1.34849,1.00,1.00
2017.03.08 17:35:49.053,1.34845,1.3485,1.00,1.50
2017.03.08 17:35:49.718,1.34845,1.34849,1.50,1.00
2017.03.08 17:35:49.997,1.34841,1.34848,1.00,1.00
2017.03.08 17:35:50.509,1.3484,1.34847,1.50,1.00
2017.03.08 17:35:51.418,1.34841,1.34847,1.00,1.00
2017.03.08 17:35:51.777,1.34839,1.34847,4.12,1.00
2017.03.08 17:35:53.400,1.3484,1.34847,1.00,1.00
2017.03.08 17:35:53.919,1.34839,1.34847,4.12,1.00
2017.03.08 17:35:55.205,1.3484,1.34847,1.00,1.00
2017.03.08 17:35:55.563,1.34846,1.3485,1.00,6.00
2017.03.08 17:35:56.164,1.34846,1.3485,1.00,3.37
2017.03.08 17:35:56.709,1.34844,1.34849,1.50,1.00
2017.03.08 17:35:57.214,1.34845,1.3485,1.00,1.12
2017.03.08 17:35:57.816,1.34844,1.3485,1.50,1.00
2017.03.08 17:35:57.918,1.34846,1.3485,1.00,3.37
2017.03.08 17:35:58.019,1.34842,1.34849,3.00,1.12
2017.03.08 17:35:59.022,1.34843,1.34849,1.00,1.12
2017.03.08 17:35:59.918,1.34842,1.34849,1.50,1.12
2017.03.08 17:36:00.468,1.34843,1.34849,1.00,1.12
2017.03.08 17:36:01.319,1.34842,1.34849,1.50,1.12
2017.03.08 17:36:01.886,1.34843,1.34849,1.87,1.00
2017.03.08 17:36:02.896,1.34842,1.34848,2.62,1.50
2017.03.08 17:36:03.869,1.34842,1.34848,1.50,1.00
2017.03.08 17:36:04.438,1.34842,1.34849,1.50,1.87
2017.03.08 17:36:06.598,1.34842,1.3485,3.37,1.00
2017.03.08 17:36:09.130,1.34843,1.3485,1.12,1.00
2017.03.08 17:36:14.304,1.34848,1.34852,1.00,4.50
2017.03.08 17:36:14.558,1.34851,1.34857,1.50,2.62
2017.03.08 17:36:14.610,1.34852,1.3486,1.00,2.62
2017.03.08 17:36:14.712,1.3485,1.3486,3.00,1.12
2017.03.08 17:36:15.619,1.34852,1.34861,1.00,2.25
2017.03.08 17:36:17.641,1.34851,1.34861,3.37,2.25
2017.03.08 17:36:18.161,1.34852,1.34861,1.50,2.25
2017.03.08 17:36:19.109,1.34851,1.34861,4.12,1.50
2017.03.08 17:36:20.258,1.34852,1.34861,1.00,2.25
2017.03.08 17:36:20.760,1.34851,1.3486,1.87,2.25
2017.03.08 17:36:21.314,1.3485,1.34859,1.50,1.50
2017.03.08 17:36:25.965,1.34852,1.34859,1.00,1.00
2017.03.08 17:36:26.536,1.34851,1.34859,1.12,1.00
2017.03.08 17:36:29.219,1.34852,1.34859,1.00,1.50
2017.03.08 17:36:29.733,1.34851,1.34859,1.00,1.50
2017.03.08 17:36:30.324,1.34852,1.34859,1.00,1.50
2017.03.08 17:36:30.859,1.34851,1.34859,1.50,1.50
2017.03.08 17:36:31.404,1.34852,1.34859,1.00,1.50
2017.03.08 17:36:31.970,1.34851,1.34859,1.50,1.50
2017.03.08 17:36:34.883,1.34853,1.34859,1.00,1.00
2017.03.08 17:36:35.160,1.34853,1.34861,1.00,1.50
2017.03.08 17:36:35.711,1.34852,1.34861,1.50,1.50
2017.03.08 17:36:36.389,1.34853,1.34861,1.00,1.50
2017.03.08 17:36:36.921,1.34852,1.34861,1.00,2.25
2017.03.08 17:36:37.022,1.34852,1.34859,1.00,1.00
2017.03.08 17:36:37.539,1.3485,1.34859,2.25,2.25
2017.03.08 17:36:38.073,1.3485,1.34858,2.25,1.00
2017.03.08 17:36:41.063,1.34851,1.34859,1.00,1.00
2017.03.08 17:36:41.599,1.3485,1.34859,2.62,1.12
2017.03.08 17:36:44.815,1.34852,1.34858,1.00,1.50
2017.03.08 17:36:45.189,1.3485,1.34859,4.12,3.37
2017.03.08 17:36:45.802,1.34851,1.34858,1.00,1.50
2017.03.08 17:36:47.975,1.34851,1.34858,3.00,1.50
2017.03.08 17:36:48.691,1.34852,1.3486,1.12,1.50
2017.03.08 17:36:49.205,1.34853,1.3486,1.50,1.00
2017.03.08 17:36:49.750,1.34853,1.34861,1.50,3.00
2017.03.08 17:36:50.356,1.34855,1.34862,1.00,2.25
2017.03.08 17:36:50.879,1.34854,1.34862,1.87,1.50
2017.03.08 17:36:51.523,1.34855,1.34862,1.50,1.00
2017.03.08 17:36:52.042,1.34854,1.34862,4.12,1.00
2017.03.08 17:36:52.643,1.34855,1.34862,1.50,1.00
2017.03.08 17:36:53.231,1.34854,1.34862,4.12,1.00
2017.03.08 17:36:53.860,1.34855,1.34862,1.50,1.00
2017.03.08 17:36:54.382,1.34854,1.34862,4.12,1.00
2017.03.08 17:36:54.909,1.34855,1.34863,1.50,2.62
2017.03.08 17:36:55.431,1.34854,1.34863,4.87,1.87
2017.03.08 17:36:55.735,1.34857,1.34863,1.00,2.25
2017.03.08 17:36:56.241,1.34855,1.34863,4.12,1.50
2017.03.08 17:36:58.393,1.34855,1.34862,4.12,1.00
2017.03.08 17:36:58.494,1.34856,1.34862,1.00,2.25
2017.03.08 17:36:58.747,1.34854,1.34862,1.00,3.75
2017.03.08 17:36:59.255,1.34853,1.34862,1.87,4.50
2017.03.08 17:37:03.018,1.34854,1.34861,1.00,1.12
2017.03.08 17:37:06.694,1.34854,1.34862,1.12,1.00
2017.03.08 17:37:07.208,1.34854,1.34862,1.87,1.50
2017.03.08 17:37:08.312,1.34855,1.34862,1.00,1.37
2017.03.08 17:37:08.821,1.34854,1.34862,3.37,1.00
2017.03.08 17:37:09.135,1.34854,1.34862,4.12,1.00
2017.03.08 17:37:15.101,1.34856,1.34862,1.37,2.25
2017.03.08 17:37:15.152,1.34855,1.34862,1.50,1.50
2017.03.08 17:37:21.750,1.34856,1.34862,1.00,1.00
2017.03.08 17:37:22.264,1.34855,1.34862,1.75,1.00
2017.03.08 17:37:23.280,1.34855,1.34862,1.87,1.50
2017.03.08 17:37:27.657,1.34854,1.34863,3.00,2.62
2017.03.08 17:37:27.759,1.34854,1.34862,3.75,1.00
2017.03.08 17:37:27.810,1.34857,1.34862,1.00,1.00
2017.03.08 17:37:27.861,1.34856,1.34864,1.00,1.50
2017.03.08 17:37:28.453,1.34855,1.34864,2.25,1.00
2017.03.08 17:37:29.018,1.34857,1.34864,1.00,1.00
2017.03.08 17:37:29.069,1.34855,1.34864,3.00,1.00
2017.03.08 17:37:29.608,1.34854,1.34863,4.12,1.12
2017.03.08 17:37:30.141,1.34855,1.34865,1.00,6.37
2017.03.08 17:37:30.831,1.34854,1.34863,3.37,1.87
2017.03.08 17:37:31.360,1.34855,1.34863,1.00,1.87
2017.03.08 17:37:34.051,1.34854,1.34863,2.62,1.12
2017.03.08 17:37:34.203,1.34852,1.34859,3.00,1.00
2017.03.08 17:37:34.305,1.34852,1.34859,1.12,1.00
2017.03.08 17:37:34.811,1.34852,1.3486,1.00,5.62
2017.03.08 17:37:37.512,1.34851,1.34858,1.87,1.12
2017.03.08 17:37:37.614,1.34853,1.34859,1.00,1.50
2017.03.08 17:37:38.120,1.34849,1.34857,8.07,1.00
2017.03.08 17:37:38.614,1.34849,1.34856,4.32,1.00
2017.03.08 17:37:38.817,1.34849,1.34855,1.00,1.12
2017.03.08 17:37:38.868,1.34848,1.34852,1.87,1.00
2017.03.08 17:37:39.173,1.34845,1.3485,1.63,1.00
2017.03.08 17:37:39.476,1.34842,1.34846,1.00,1.00
2017.03.08 17:37:39.825,1.34844,1.34849,1.00,1.12
2017.03.08 17:37:40.338,1.34844,1.3485,1.50,1.12
2017.03.08 17:37:40.878,1.34843,1.34851,2.62,1.37
2017.03.08 17:37:41.884,1.34844,1.3485,1.50,1.00
2017.03.08 17:37:42.420,1.34844,1.34849,1.50,1.00
2017.03.08 17:37:43.262,1.34843,1.3485,3.00,1.00
2017.03.08 17:37:43.363,1.34846,1.3485,1.00,1.00
2017.03.08 17:37:43.414,1.34844,1.3485,1.87,1.00
2017.03.08 17:37:43.851,1.34847,1.34853,1.50,2.25
2017.03.08 17:37:43.902,1.34849,1.34855,1.00,1.50
2017.03.08 17:37:43.953,1.34851,1.34856,1.12,2.25
2017.03.08 17:37:44.004,1.34852,1.34857,1.12,1.00
2017.03.08 17:37:44.535,1.34852,1.34858,1.12,1.00
2017.03.08 17:37:45.041,1.34852,1.34858,1.37,1.00
2017.03.08 17:37:46.799,1.34852,1.34859,2.62,1.00
2017.03.08 17:37:56.626,1.34853,1.34859,1.37,1.00
2017.03.08 17:37:56.829,1.34851,1.34858,3.37,1.00
2017.03.08 17:37:57.032,1.3485,1.34856,1.12,1.00
2017.03.08 17:37:57.234,1.34848,1.34856,2.25,1.50
2017.03.08 17:37:57.853,1.34848,1.34855,2.25,1.00
2017.03.08 17:37:58.438,1.34849,1.34855,1.00,1.00
2017.03.08 17:37:59.146,1.34848,1.34855,2.25,1.00
2017.03.08 17:37:59.457,1.34849,1.34853,1.00,1.50
2017.03.08 17:37:59.659,1.34847,1.34852,1.12,1.00
2017.03.08 17:37:59.761,1.34849,1.34853,1.00,2.62
2017.03.08 17:37:59.914,1.34849,1.34855,1.50,1.00
2017.03.08 17:38:00.420,1.34849,1.34856,1.50,1.00
2017.03.08 17:38:01.209,1.34849,1.34854,1.00,1.00
2017.03.08 17:38:02.960,1.34849,1.34855,1.00,1.00
2017.03.08 17:38:05.032,1.34849,1.34854,1.50,1.00
2017.03.08 17:38:05.575,1.34849,1.34855,3.00,1.00
2017.03.08 17:38:14.513,1.34847,1.34855,4.50,1.50
2017.03.08 17:38:14.564,1.34849,1.34855,1.50,1.50
2017.03.08 17:38:15.079,1.34848,1.34856,3.00,2.25
2017.03.08 17:38:15.583,1.34849,1.34856,1.50,2.25
2017.03.08 17:38:16.118,1.34848,1.34856,3.00,2.25
2017.03.08 17:38:16.906,1.34852,1.34857,1.50,1.37
2017.03.08 17:38:17.059,1.3485,1.34858,1.87,1.00
2017.03.08 17:38:17.212,1.3485,1.34856,1.12,1.00
2017.03.08 17:38:17.819,1.34848,1.34856,3.00,1.00
2017.03.08 17:38:18.616,1.34848,1.34857,1.50,3.00
2017.03.08 17:38:19.253,1.34849,1.34857,1.00,3.75
2017.03.08 17:38:20.857,1.34849,1.34856,1.00,1.00
2017.03.08 17:38:21.383,1.34849,1.34857,2.25,1.50
2017.03.08 17:38:27.520,1.34851,1.34857,1.00,1.12
2017.03.08 17:38:27.622,1.34851,1.3486,1.87,1.87
2017.03.08 17:38:28.127,1.34852,1.3486,1.00,1.12
2017.03.08 17:38:28.459,1.34855,1.3486,1.00,1.12
2017.03.08 17:38:31.017,1.34855,1.34861,1.50,1.50
2017.03.08 17:38:31.663,1.34855,1.34861,1.00,1.37
2017.03.08 17:38:32.168,1.34855,1.34861,1.00,1.12
2017.03.08 17:38:32.775,1.34855,1.34861,1.50,2.25
2017.03.08 17:38:33.299,1.34855,1.34861,1.00,1.12
2017.03.08 17:38:37.935,1.34855,1.3486,1.50,1.00
2017.03.08 17:38:39.014,1.34854,1.3486,2.25,2.62
2017.03.08 17:38:39.522,1.34855,1.3486,1.00,1.37
2017.03.08 17:38:40.110,1.34855,1.3486,1.00,1.12
2017.03.08 17:38:45.811,1.34856,1.34861,1.00,1.00
2017.03.08 17:38:45.862,1.34857,1.34864,1.50,1.37
2017.03.08 17:38:46.115,1.34854,1.34862,2.25,1.00
2017.03.08 17:38:46.691,1.34854,1.34863,3.00,1.12
2017.03.08 17:38:47.006,1.34855,1.34862,1.50,2.25
2017.03.08 17:38:47.520,1.34854,1.3486,1.50,1.00
2017.03.08 17:38:48.032,1.34854,1.34861,1.87,1.12
2017.03.08 17:38:48.541,1.34855,1.34861,1.00,1.00
2017.03.08 17:38:48.870,1.34858,1.34862,1.00,1.00
2017.03.08 17:38:49.123,1.34858,1.34863,1.00,1.00
2017.03.08 17:38:49.670,1.34857,1.34864,1.50,1.12
2017.03.08 17:38:50.188,1.34858,1.34864,1.00,1.12
2017.03.08 17:38:50.540,1.3486,1.34866,1.00,3.37
2017.03.08 17:38:50.693,1.3486,1.34867,1.00,1.12
2017.03.08 17:38:50.946,1.3486,1.34864,1.00,1.00
2017.03.08 17:38:51.465,1.3486,1.34866,1.00,1.00
2017.03.08 17:38:54.758,1.34858,1.34866,1.12,1.00
2017.03.08 17:38:54.810,1.34857,1.34862,1.87,1.00
2017.03.08 17:38:54.961,1.34857,1.34864,1.50,1.50
2017.03.08 17:38:55.751,1.34858,1.34864,1.00,1.50
2017.03.08 17:38:56.520,1.34857,1.34864,1.50,1.50
2017.03.08 17:38:57.342,1.34858,1.34863,1.00,1.12
2017.03.08 17:38:57.940,1.34857,1.34864,1.50,1.50
2017.03.08 17:38:58.470,1.34858,1.34864,1.00,2.25
2017.03.08 17:38:59.050,1.34857,1.34864,1.50,1.50
2017.03.08 17:38:59.683,1.34856,1.34864,1.50,1.50
2017.03.08 17:39:00.203,1.34857,1.34862,1.00,1.00
2017.03.08 17:39:00.800,1.34856,1.34862,1.50,1.00
2017.03.08 17:39:01.516,1.34857,1.34862,1.00,1.00
2017.03.08 17:39:01.962,1.34859,1.34863,1.00,1.12
2017.03.08 17:39:02.063,1.34856,1.34864,2.25,1.50
2017.03.08 17:39:02.210,1.34859,1.34865,1.00,2.25
2017.03.08 17:39:02.261,1.34859,1.34866,1.00,3.37
2017.03.08 17:39:02.465,1.34857,1.34865,1.50,1.00
2017.03.08 17:39:02.970,1.34857,1.34867,2.62,2.62
2017.03.08 17:39:03.547,1.34858,1.34867,2.25,1.87
2017.03.08 17:39:03.751,1.34859,1.34868,1.87,2.25
2017.03.08 17:39:04.310,1.34859,1.34867,1.12,1.00
2017.03.08 17:39:05.074,1.34859,1.34868,1.12,1.12
2017.03.08 17:39:05.580,1.34858,1.34866,2.62,1.00
2017.03.08 17:39:06.151,1.34858,1.34867,3.37,1.50
2017.03.08 17:39:06.751,1.34859,1.34868,1.87,1.87
2017.03.08 17:39:07.257,1.3486,1.34868,1.00,2.62
2017.03.08 17:39:07.786,1.34859,1.34868,1.12,1.12
2017.03.08 17:39:11.311,1.3486,1.34868,1.00,1.12
2017.03.08 17:39:11.858,1.34859,1.34869,3.37,3.00
2017.03.08 17:39:12.390,1.3486,1.34868,1.00,1.12
2017.03.08 17:39:12.954,1.34859,1.34869,3.37,3.00
2017.03.08 17:39:13.489,1.3486,1.34867,1.00,1.00
2017.03.08 17:39:14.162,1.3486,1.34869,1.50,3.75
2017.03.08 17:39:20.261,1.3486,1.34867,1.50,1.50
2017.03.08 17:39:20.565,1.34856,1.3486,1.12,1.00
2017.03.08 17:39:23.628,1.34856,1.34862,1.00,1.00
2017.03.08 17:39:23.826,1.34856,1.34864,1.87,1.87
2017.03.08 17:39:23.877,1.34856,1.34864,1.00,4.12
2017.03.08 17:39:24.231,1.34855,1.34859,2.62,1.00
2017.03.08 17:39:24.737,1.34853,1.34858,1.00,1.00
2017.03.08 17:39:25.182,1.34853,1.3486,1.00,1.50
2017.03.08 17:39:30.395,1.34853,1.34859,1.00,1.00
2017.03.08 17:39:30.903,1.34853,1.3486,1.00,1.50
2017.03.08 17:39:32.735,1.34853,1.34858,1.00,1.00
2017.03.08 17:39:34.931,1.34851,1.34857,1.50,1.00
2017.03.08 17:39:35.437,1.34851,1.34858,1.50,1.00
2017.03.08 17:39:36.160,1.34851,1.34859,1.50,1.50
2017.03.08 17:39:36.262,1.34853,1.34859,1.00,1.50
2017.03.08 17:39:36.616,1.3485,1.34858,3.75,1.00
2017.03.08 17:39:36.717,1.3485,1.34858,1.50,1.50
2017.03.08 17:39:37.276,1.3485,1.34858,1.87,1.12
2017.03.08 17:39:37.801,1.3485,1.34857,1.37,1.00
2017.03.08 17:39:38.480,1.34852,1.34857,1.00,1.00
2017.03.08 17:39:39.415,1.34852,1.34858,1.00,1.12
2017.03.08 17:39:39.936,1.34851,1.34858,1.87,1.12
2017.03.08 17:39:40.646,1.34852,1.34858,1.00,1.12
2017.03.08 17:39:41.180,1.34851,1.34858,1.87,1.12
2017.03.08 17:39:41.485,1.3486,1.34865,2.62,3.37
2017.03.08 17:39:41.536,1.34863,1.34867,1.00,8.25
2017.03.08 17:39:41.701,1.34859,1.34867,3.00,2.25
2017.03.08 17:39:41.753,1.34859,1.34867,1.00,2.62
2017.03.08 17:39:41.804,1.34859,1.34864,1.00,1.00
2017.03.08 17:39:42.108,1.34858,1.34866,2.25,1.00
2017.03.08 17:39:42.715,1.34859,1.34866,1.50,1.00
2017.03.08 17:39:43.400,1.34858,1.34866,2.25,1.50
2017.03.08 17:39:43.451,1.34858,1.34863,1.00,1.00
2017.03.08 17:39:43.982,1.34859,1.34864,1.00,1.37
2017.03.08 17:39:44.134,1.34859,1.34866,1.00,1.12
2017.03.08 17:39:44.541,1.34856,1.34866,2.62,3.37
2017.03.08 17:39:44.845,1.34859,1.34866,1.00,2.62
2017.03.08 17:39:45.403,1.34858,1.34866,1.00,2.25
2017.03.08 17:39:45.455,1.34857,1.34867,1.50,2.07
2017.03.08 17:39:46.526,1.34857,1.34866,1.87,2.62
2017.03.08 17:39:47.348,1.34857,1.34863,1.87,1.00
2017.03.08 17:39:47.891,1.34856,1.34863,1.50,1.00
2017.03.08 17:39:48.195,1.34859,1.34865,2.25,1.50
2017.03.08 17:39:48.701,1.34859,1.34865,1.00,1.00
2017.03.08 17:39:49.539,1.34859,1.34867,1.00,1.50
2017.03.08 17:39:49.842,1.34857,1.34867,2.62,1.50
2017.03.08 17:39:50.449,1.34858,1.34866,1.00,1.12
2017.03.08 17:39:50.986,1.34859,1.34866,1.00,1.12
2017.03.08 17:39:53.979,1.34858,1.34866,1.00,1.12
2017.03.08 17:39:54.616,1.34859,1.34865,1.00,1.00
2017.03.08 17:39:55.189,1.34858,1.34865,1.50,1.00
2017.03.08 17:39:55.721,1.34859,1.34865,1.00,1.12
2017.03.08 17:39:56.301,1.34857,1.34865,1.37,1.12
2017.03.08 17:39:57.606,1.34857,1.34864,1.87,1.00
2017.03.08 17:39:58.125,1.34858,1.34865,1.87,1.12
2017.03.08 17:39:58.707,1.34859,1.34865,1.00,1.12
2017.03.08 17:39:59.345,1.34858,1.34865,2.62,1.12
2017.03.08 17:40:00.284,1.34859,1.34865,1.50,1.12
2017.03.08 17:40:00.823,1.34857,1.34865,1.37,1.12
2017.03.08 17:40:00.925,1.34856,1.34862,1.50,1.00
2017.03.08 17:40:01.076,1.34853,1.34862,3.00,1.50
2017.03.08 17:40:01.127,1.34853,1.34859,3.00,1.00
2017.03.08 17:40:01.178,1.34853,1.34862,3.00,1.50
2017.03.08 17:40:01.725,1.34854,1.34862,1.50,1.50
2017.03.08 17:40:02.407,1.34854,1.3486,1.50,1.00
2017.03.08 17:40:02.692,1.34853,1.34862,4.50,2.25
2017.03.08 17:40:02.995,1.34853,1.34859,3.00,1.00
2017.03.08 17:40:03.300,1.34849,1.34855,1.37,1.00
2017.03.08 17:40:03.452,1.34848,1.34854,3.00,1.00
2017.03.08 17:40:04.165,1.34849,1.34854,1.00,1.00
2017.03.08 17:40:04.701,1.34848,1.34853,1.50,1.00
2017.03.08 17:40:04.752,1.34847,1.34854,2.62,1.00
2017.03.08 17:40:04.854,1.34847,1.34853,1.50,1.00
2017.03.08 17:40:05.006,1.34845,1.34853,3.37,1.00
2017.03.08 17:40:05.518,1.34846,1.34853,1.00,1.00
2017.03.08 17:40:06.248,1.34845,1.34853,1.87,1.00
2017.03.08 17:40:06.768,1.34845,1.34853,1.50,1.50
2017.03.08 17:40:07.295,1.34846,1.34853,1.00,1.50
2017.03.08 17:40:07.838,1.34845,1.34853,2.25,1.50
2017.03.08 17:40:08.402,1.34846,1.34853,1.00,1.50
2017.03.08 17:40:16.270,1.34846,1.34854,1.12,1.37
2017.03.08 17:40:16.473,1.34847,1.34856,3.00,3.00
2017.03.08 17:40:17.039,1.34848,1.34856,1.50,3.00
2017.03.08 17:40:17.578,1.34847,1.34855,3.75,1.00
2017.03.08 17:40:18.110,1.34848,1.34855,1.50,1.00
2017.03.08 17:40:18.711,1.34847,1.34855,3.00,1.50
2017.03.08 17:40:18.762,1.34847,1.34853,3.00,1.00
2017.03.08 17:40:19.368,1.34848,1.34853,1.00,1.00
2017.03.08 17:40:19.901,1.34847,1.34853,1.50,1.00
2017.03.08 17:40:20.844,1.34847,1.34855,3.00,1.50
2017.03.08 17:40:21.299,1.34849,1.34855,1.00,1.00
2017.03.08 17:40:21.842,1.34848,1.34855,1.50,1.00
2017.03.08 17:40:22.145,1.34848,1.34855,2.25,1.00
2017.03.08 17:40:22.424,1.34851,1.34857,1.00,1.00
2017.03.08 17:40:22.475,1.34853,1.34857,1.00,1.00
2017.03.08 17:40:22.584,1.34853,1.34859,1.50,1.50
2017.03.08 17:40:22.636,1.34853,1.34861,1.00,1.50
2017.03.08 17:40:23.142,1.34853,1.3486,1.50,1.50
2017.03.08 17:40:23.664,1.34853,1.34859,1.00,1.00
2017.03.08 17:40:25.423,1.34853,1.3486,1.00,1.00
2017.03.08 17:40:26.275,1.34851,1.3486,1.50,1.50
2017.03.08 17:40:26.427,1.34852,1.34858,1.00,1.00
2017.03.08 17:40:26.933,1.34853,1.34858,1.00,1.00
2017.03.08 17:40:27.035,1.34851,1.34858,1.50,1.00
2017.03.08 17:40:27.397,1.34851,1.34858,2.25,1.00
2017.03.08 17:40:27.903,1.34852,1.34858,1.00,1.50
2017.03.08 17:40:28.828,1.34851,1.34858,1.50,1.00
2017.03.08 17:40:29.336,1.34851,1.34857,1.50,1.50
2017.03.08 17:40:29.881,1.34851,1.34858,2.25,1.00
2017.03.08 17:40:30.185,1.34851,1.34858,2.25,1.00
2017.03.08 17:40:31.007,1.34851,1.34858,1.12,1.00
2017.03.08 17:40:31.705,1.34851,1.34857,1.87,1.00
2017.03.08 17:40:33.544,1.34851,1.34857,1.50,1.00
2017.03.08 17:40:38.452,1.34851,1.3486,2.25,1.50
2017.03.08 17:40:38.955,1.34851,1.3486,1.87,1.87
2017.03.08 17:40:39.480,1.34852,1.3486,1.00,1.12
2017.03.08 17:40:39.990,1.34851,1.3486,1.87,1.12
2017.03.08 17:40:41.268,1.34852,1.3486,1.00,1.12
2017.03.08 17:40:42.302,1.34851,1.3486,1.87,1.12
2017.03.08 17:40:42.808,1.34852,1.3486,1.00,1.87
2017.03.08 17:40:42.960,1.34854,1.3486,1.00,1.87
2017.03.08 17:40:43.465,1.34853,1.3486,1.12,1.00
2017.03.08 17:40:44.032,1.34854,1.34861,1.37,1.00
2017.03.08 17:41:00.446,1.34858,1.34864,1.50,1.00
2017.03.08 17:41:00.599,1.34861,1.34868,1.00,1.00
2017.03.08 17:41:00.903,1.34858,1.34866,3.00,1.00
2017.03.08 17:41:01.409,1.34858,1.34865,1.50,1.00
2017.03.08 17:41:02.159,1.34858,1.34864,1.50,1.00
2017.03.08 17:41:03.170,1.34858,1.34865,1.50,1.00
2017.03.08 17:41:03.778,1.34858,1.34865,1.75,1.00
2017.03.08 17:41:04.284,1.34858,1.34865,1.50,1.00
2017.03.08 17:41:04.993,1.34858,1.34865,3.00,1.00
2017.03.08 17:41:05.230,1.34859,1.34868,2.25,1.12
2017.03.08 17:41:05.281,1.34861,1.34867,1.00,1.00
2017.03.08 17:41:08.149,1.34859,1.34868,3.00,1.00
2017.03.08 17:41:08.636,1.3486,1.34864,1.00,1.50
2017.03.08 17:41:08.891,1.34859,1.34865,2.62,1.00
2017.03.08 17:41:09.913,1.34859,1.34867,1.50,1.50
2017.03.08 17:41:10.014,1.34859,1.34867,1.75,1.00
2017.03.08 17:41:10.188,1.34859,1.34867,1.50,1.00
2017.03.08 17:41:11.539,1.34851,1.34855,17.02,1.00
2017.03.08 17:41:11.643,1.34844,1.34851,1.00,1.00
2017.03.08 17:41:12.160,1.34844,1.3485,1.50,1.00
2017.03.08 17:41:12.413,1.34844,1.3485,1.75,1.00
2017.03.08 17:41:13.769,1.34845,1.34849,1.00,1.00
2017.03.08 17:41:13.922,1.34843,1.34849,1.37,1.50
2017.03.08 17:41:14.423,1.34842,1.34848,1.37,1.00
2017.03.08 17:41:15.423,1.34843,1.34849,1.12,1.00
2017.03.08 17:41:17.018,1.34843,1.34849,1.37,1.00
2017.03.08 17:41:21.122,1.34843,1.3485,1.50,1.00
2017.03.08 17:41:21.639,1.34843,1.34851,1.50,2.25
2017.03.08 17:41:22.163,1.34843,1.3485,1.87,1.00
2017.03.08 17:41:22.803,1.34843,1.34852,2.62,1.50
2017.03.08 17:41:22.947,1.34844,1.34852,1.00,3.37
2017.03.08 17:41:23.067,1.34844,1.34852,1.12,1.00
2017.03.08 17:41:23.601,1.34844,1.34853,1.12,2.62
2017.03.08 17:41:25.621,1.34844,1.34853,5.62,2.25
2017.03.08 17:41:25.925,1.34847,1.34854,3.00,3.00
2017.03.08 17:41:26.431,1.34847,1.34853,1.50,1.00
2017.03.08 17:41:27.135,1.34847,1.34854,1.50,2.25
2017.03.08 17:41:27.791,1.34847,1.34853,1.50,1.00
2017.03.08 17:41:28.311,1.34846,1.34854,4.12,2.25
2017.03.08 17:41:29.021,1.34847,1.34853,1.50,1.00
2017.03.08 17:41:29.651,1.34846,1.34854,4.12,2.25
2017.03.08 17:41:31.027,1.34847,1.34853,1.50,1.00
2017.03.08 17:41:31.547,1.34846,1.34854,4.12,1.50
2017.03.08 17:41:32.087,1.34847,1.34853,1.50,1.00
2017.03.08 17:41:32.645,1.34846,1.34854,4.12,1.50
2017.03.08 17:41:33.211,1.34846,1.34853,4.12,1.00
2017.03.08 17:41:33.743,1.34846,1.34854,4.12,1.50
2017.03.08 17:41:34.283,1.34846,1.34853,4.87,1.00
2017.03.08 17:41:34.788,1.34846,1.34854,4.12,1.50
2017.03.08 17:41:35.396,1.34846,1.34853,4.12,1.00
2017.03.08 17:41:35.973,1.34846,1.34854,3.37,1.50
2017.03.08 17:41:36.533,1.34846,1.34853,3.37,1.00
2017.03.08 17:41:37.059,1.34846,1.34854,3.37,1.50
2017.03.08 17:41:37.889,1.34846,1.34853,4.12,1.00
2017.03.08 17:41:38.251,1.34848,1.34854,4.12,1.00
2017.03.08 17:41:38.815,1.34848,1.34854,1.75,1.50
2017.03.08 17:41:39.384,1.34848,1.34854,1.12,1.00
2017.03.08 17:41:39.986,1.34848,1.34853,1.12,1.00
2017.03.08 17:41:40.038,1.34848,1.34854,1.50,1.50
2017.03.08 17:41:40.088,1.34848,1.34856,3.37,1.50
2017.03.08 17:41:40.696,1.3485,1.34857,1.50,1.00
2017.03.08 17:41:40.747,1.3485,1.34855,1.50,1.00
2017.03.08 17:41:41.367,1.34852,1.34857,1.00,1.00
2017.03.08 17:41:41.873,1.34852,1.34858,1.00,1.50
2017.03.08 17:41:42.378,1.34853,1.34858,1.00,1.50
2017.03.08 17:41:42.631,1.34852,1.34856,1.50,1.00
2017.03.08 17:41:43.151,1.34851,1.34855,1.50,1.00
2017.03.08 17:41:43.607,1.34851,1.34857,2.25,1.00
2017.03.08 17:41:43.760,1.34851,1.34855,1.50,1.00
2017.03.08 17:41:44.274,1.34852,1.34856,1.12,3.00
2017.03.08 17:41:44.835,1.34853,1.34857,1.00,2.25
2017.03.08 17:41:44.886,1.3485,1.34857,3.00,1.00
2017.03.08 17:41:45.392,1.34851,1.34858,1.87,1.50
2017.03.08 17:41:45.940,1.34851,1.34857,2.62,1.00
2017.03.08 17:41:46.544,1.34852,1.34858,1.12,1.50
2017.03.08 17:41:47.080,1.34852,1.34858,1.50,1.50
2017.03.08 17:41:47.953,1.34852,1.34857,1.87,1.00
2017.03.08 17:41:48.557,1.34852,1.34858,1.37,1.50
2017.03.08 17:41:49.068,1.34852,1.34859,1.37,1.50
2017.03.08 17:41:49.624,1.34854,1.34858,1.00,1.00
2017.03.08 17:41:50.112,1.34851,1.34855,3.00,1.00
2017.03.08 17:41:50.226,1.34852,1.34858,1.37,2.25
2017.03.08 17:41:52.868,1.34852,1.34859,1.37,1.00
2017.03.08 17:41:54.003,1.34851,1.34859,1.87,1.00
2017.03.08 17:41:54.800,1.34852,1.34859,1.00,1.00
2017.03.08 17:41:55.462,1.34853,1.34859,1.50,1.00
2017.03.08 17:41:55.979,1.34852,1.34859,1.00,1.00
2017.03.08 17:41:56.484,1.34853,1.34859,1.00,1.67
2017.03.08 17:41:56.586,1.34853,1.34859,1.00,1.00
2017.03.08 17:41:59.476,1.34853,1.34859,1.00,1.67
2017.03.08 17:41:59.577,1.34853,1.34859,1.00,1.00
2017.03.08 17:42:00.531,1.34853,1.34859,1.50,1.00
2017.03.08 17:42:00.682,1.34853,1.34859,1.50,1.67
2017.03.08 17:42:00.784,1.34853,1.34859,1.50,1.00
2017.03.08 17:42:01.096,1.34853,1.34859,2.25,1.67
2017.03.08 17:42:01.197,1.34853,1.34859,1.50,1.00
2017.03.08 17:42:03.581,1.34853,1.34862,1.50,4.42
2017.03.08 17:42:04.131,1.34853,1.3486,1.50,1.00
2017.03.08 17:42:04.641,1.34853,1.34861,1.50,1.87
2017.03.08 17:42:04.945,1.34853,1.3486,1.00,1.50
2017.03.08 17:42:05.317,1.34853,1.34861,1.12,1.00
2017.03.08 17:42:06.743,1.34853,1.34862,1.12,3.29
2017.03.08 17:42:08.619,1.34858,1.34862,1.00,1.79
2017.03.08 17:42:08.670,1.34856,1.34862,1.50,1.04
2017.03.08 17:42:08.722,1.34859,1.34863,1.00,1.00
2017.03.08 17:42:09.047,1.34865,1.34872,1.87,2.17
2017.03.08 17:42:09.150,1.34865,1.34872,1.12,2.17
2017.03.08 17:42:12.468,1.34865,1.34871,1.12,1.00
2017.03.08 17:42:12.970,1.34865,1.34872,1.87,1.00
2017.03.08 17:42:14.790,1.34867,1.34873,1.12,1.69
2017.03.08 17:42:14.942,1.34868,1.34876,1.37,1.69
2017.03.08 17:42:15.448,1.34868,1.34876,1.87,2.07
2017.03.08 17:42:16.965,1.34868,1.34876,1.50,1.69
2017.03.08 17:42:17.493,1.34868,1.34874,2.25,1.26
2017.03.08 17:42:18.041,1.34868,1.34876,2.25,1.69
2017.03.08 17:42:19.632,1.3487,1.34876,1.12,1.00
2017.03.08 17:42:20.139,1.34869,1.34878,1.87,4.79
2017.03.08 17:42:21.495,1.3487,1.34878,1.00,4.04
2017.03.08 17:42:21.697,1.3487,1.34879,1.12,1.79
2017.03.08 17:42:21.799,1.34871,1.34879,1.50,1.12
2017.03.08 17:42:22.549,1.3487,1.34879,1.75,1.79
2017.03.08 17:42:23.060,1.3487,1.34877,2.25,1.50
2017.03.08 17:42:23.726,1.3487,1.34874,1.00,1.00
2017.03.08 17:42:23.878,1.34867,1.34875,1.75,1.50
2017.03.08 17:42:23.979,1.34866,1.34874,2.25,1.50
2017.03.08 17:42:24.550,1.34866,1.34874,1.50,1.00
2017.03.08 17:42:24.834,1.34869,1.34874,1.00,1.00
2017.03.08 17:42:25.355,1.3487,1.34876,1.87,1.50
2017.03.08 17:42:25.406,1.34869,1.34876,4.12,1.00
2017.03.08 17:42:25.508,1.3487,1.34876,1.00,1.00
2017.03.08 17:42:25.559,1.3487,1.34877,2.62,2.25
2017.03.08 17:42:27.616,1.3487,1.34876,1.37,1.00
2017.03.08 17:42:27.857,1.3487,1.34878,1.37,1.04
2017.03.08 17:42:28.368,1.3487,1.34879,1.50,2.54
2017.03.08 17:42:28.788,1.3487,1.34874,1.00,1.00
2017.03.08 17:42:28.890,1.34868,1.34876,2.25,1.42
2017.03.08 17:42:28.941,1.34868,1.34873,1.87,1.00
2017.03.08 17:42:28.992,1.34868,1.34876,2.62,1.42
2017.03.08 17:42:29.195,1.34868,1.34877,4.12,1.67
2017.03.08 17:42:29.805,1.34869,1.34876,1.87,1.67
2017.03.08 17:42:30.209,1.34871,1.34878,1.00,1.79
2017.03.08 17:42:30.260,1.34871,1.34878,1.00,1.04
2017.03.08 17:42:30.777,1.3487,1.34879,1.50,2.92
2017.03.08 17:42:30.949,1.3487,1.34879,1.50,5.92
2017.03.08 17:42:31.489,1.34869,1.34877,1.00,1.79
2017.03.08 17:42:34.024,1.34869,1.34877,2.25,1.42
2017.03.08 17:42:37.559,1.3487,1.34878,1.50,2.54
2017.03.08 17:42:37.762,1.3487,1.34878,1.50,2.54
2017.03.08 17:42:38.155,1.3487,1.34878,1.50,1.79
2017.03.08 17:42:38.660,1.3487,1.34878,2.25,1.04
2017.03.08 17:42:39.202,1.3487,1.34879,2.25,1.67
2017.03.08 17:42:39.253,1.3487,1.3488,3.75,1.00
2017.03.08 17:42:39.961,1.3487,1.3488,3.00,1.12
2017.03.08 17:42:40.572,1.3487,1.34879,3.00,1.00
2017.03.08 17:42:42.065,1.3487,1.34877,3.00,1.00
2017.03.08 17:42:42.622,1.3487,1.34878,2.25,1.00
2017.03.08 17:42:43.126,1.3487,1.34877,3.00,1.00
2017.03.08 17:42:44.179,1.3487,1.34878,2.25,1.00
2017.03.08 17:42:44.763,1.3487,1.34877,3.00,1.00
2017.03.08 17:42:46.354,1.3487,1.34878,3.00,1.00
2017.03.08 17:42:47.159,1.3487,1.34879,1.00,2.17
2017.03.08 17:42:51.974,1.3487,1.34879,1.87,3.94
2017.03.08 17:42:52.829,1.34871,1.34879,1.00,2.44
2017.03.08 17:42:56.099,1.34872,1.3488,1.00,1.12
2017.03.08 17:42:56.605,1.34872,1.34879,1.87,1.12
2017.03.08 17:42:58.826,1.34872,1.34878,1.12,1.00
2017.03.08 17:42:59.739,1.34871,1.34878,3.00,1.00
2017.03.08 17:43:00.278,1.34872,1.34878,1.00,1.00
2017.03.08 17:43:01.771,1.34872,1.34879,1.00,1.50
2017.03.08 17:43:02.281,1.34872,1.34879,1.00,1.37
2017.03.08 17:43:02.895,1.34871,1.34879,1.87,1.37
2017.03.08 17:43:04.572,1.34872,1.34879,1.00,1.37
2017.03.08 17:43:06.804,1.34871,1.34879,1.87,1.37
2017.03.08 17:43:07.512,1.34872,1.34879,1.00,1.37
2017.03.08 17:43:11.526,1.34871,1.34879,1.87,1.37
2017.03.08 17:43:12.951,1.34872,1.3488,1.00,2.62
2017.03.08 17:43:13.103,1.34872,1.3488,1.37,1.00
2017.03.08 17:43:16.239,1.34871,1.34879,3.00,1.00
2017.03.08 17:43:16.385,1.34871,1.34879,2.62,1.37
2017.03.08 17:43:17.037,1.34872,1.34879,1.00,1.37
2017.03.08 17:43:17.792,1.34871,1.34879,2.62,1.37
2017.03.08 17:43:19.480,1.34872,1.34879,1.00,1.37
2017.03.08 17:43:20.026,1.3487,1.34878,1.87,1.12
2017.03.08 17:43:20.988,1.34871,1.34877,1.12,1.00
2017.03.08 17:43:22.880,1.3487,1.34877,1.87,1.12
2017.03.08 17:43:24.648,1.34871,1.34877,1.00,1.12
2017.03.08 17:43:26.740,1.34868,1.34874,1.50,1.00
2017.03.08 17:43:26.842,1.34868,1.34875,1.00,1.50
2017.03.08 17:43:27.359,1.34867,1.34874,1.87,1.00
2017.03.08 17:43:30.891,1.34867,1.34875,1.87,1.00
2017.03.08 17:43:31.145,1.34869,1.34877,1.50,1.50
2017.03.08 17:43:31.746,1.3487,1.34877,1.00,1.00
2017.03.08 17:43:33.637,1.3487,1.34876,1.12,1.00
2017.03.08 17:43:34.172,1.34869,1.34877,1.12,1.37
2017.03.08 17:43:35.443,1.34868,1.34875,1.37,1.50
2017.03.08 17:43:35.944,1.34867,1.34877,3.00,4.12
2017.03.08 17:43:38.451,1.34869,1.34877,1.00,3.37
2017.03.08 17:43:38.654,1.34869,1.34878,2.25,1.50
2017.03.08 17:43:40.501,1.34869,1.34877,1.50,1.50
2017.03.08 17:43:40.552,1.34869,1.34874,1.00,1.00
2017.03.08 17:43:41.081,1.34868,1.34877,1.12,5.25
2017.03.08 17:43:53.672,1.34869,1.34877,1.00,3.75
2017.03.08 17:43:53.774,1.34869,1.34878,1.50,3.00
2017.03.08 17:43:54.379,1.34869,1.34877,1.50,1.00
2017.03.08 17:43:54.903,1.34869,1.34878,1.50,3.00
2017.03.08 17:43:55.809,1.34869,1.34877,1.12,1.00
2017.03.08 17:43:56.507,1.34869,1.34878,1.12,2.62
2017.03.08 17:43:57.049,1.34869,1.34877,1.12,1.00
2017.03.08 17:44:00.936,1.34869,1.34875,1.12,1.00
2017.03.08 17:44:01.479,1.34869,1.34876,1.12,1.50
2017.03.08 17:44:02.048,1.34869,1.34875,1.12,1.00
2017.03.08 17:44:02.622,1.34869,1.34876,1.12,1.00
2017.03.08 17:44:02.971,1.34868,1.34873,1.50,1.00
2017.03.08 17:44:03.276,1.34865,1.3487,1.50,2.32
2017.03.08 17:44:03.876,1.34867,1.34871,1.50,1.94
2017.03.08 17:44:04.079,1.34867,1.34872,1.50,1.12
2017.03.08 17:44:04.585,1.34866,1.34873,3.37,1.12
2017.03.08 17:44:04.687,1.34866,1.34873,3.00,3.37
2017.03.08 17:44:05.357,1.34867,1.34872,1.50,1.50
2017.03.08 17:44:05.865,1.34866,1.34873,3.00,3.37
2017.03.08 17:44:06.400,1.34867,1.34873,1.50,4.12
2017.03.08 17:44:07.749,1.34866,1.34873,3.00,3.37
2017.03.08 17:44:08.944,1.34867,1.34873,1.50,3.00
2017.03.08 17:44:08.995,1.34867,1.34873,3.00,1.12
2017.03.08 17:44:09.500,1.34867,1.34872,1.50,1.00
2017.03.08 17:44:10.166,1.34866,1.34873,3.00,1.50
2017.03.08 17:44:10.929,1.34867,1.34873,1.50,1.50
2017.03.08 17:44:11.440,1.34866,1.34873,3.00,1.50
2017.03.08 17:44:12.239,1.34867,1.34873,1.50,1.50
2017.03.08 17:44:12.745,1.34866,1.34873,3.00,1.50
2017.03.08 17:44:13.309,1.34867,1.34873,1.50,1.50
2017.03.08 17:44:13.850,1.34866,1.34873,3.00,1.50
2017.03.08 17:44:14.581,1.34867,1.34873,1.50,1.50
2017.03.08 17:44:15.157,1.34866,1.34873,3.00,1.50
2017.03.08 17:44:16.199,1.34867,1.34873,1.50,1.50
2017.03.08 17:44:16.811,1.34866,1.34873,3.00,1.50
2017.03.08 17:44:17.368,1.34867,1.34873,1.50,1.50
2017.03.08 17:44:18.150,1.34866,1.34873,3.00,1.50
2017.03.08 17:44:18.651,1.34867,1.34873,1.50,1.50
2017.03.08 17:44:19.592,1.34866,1.34873,3.00,1.50
2017.03.08 17:44:20.128,1.34867,1.34873,1.50,1.50
2017.03.08 17:44:21.171,1.34866,1.34872,3.00,1.12
2017.03.08 17:44:21.704,1.34866,1.34871,3.00,1.00
2017.03.08 17:44:22.552,1.34867,1.34872,1.50,1.87
2017.03.08 17:44:23.679,1.34865,1.34872,3.00,1.87
2017.03.08 17:44:24.180,1.34866,1.34871,1.50,1.00
2017.03.08 17:44:24.719,1.34865,1.34872,3.00,1.87
2017.03.08 17:44:24.885,1.34867,1.34871,3.00,1.50
2017.03.08 17:44:25.474,1.34866,1.3487,3.00,1.00
2017.03.08 17:44:30.079,1.34866,1.3487,3.00,1.00
2017.03.08 17:44:31.078,1.34867,1.34871,1.00,1.12
2017.03.08 17:44:33.830,1.34867,1.34872,1.00,2.25
2017.03.08 17:44:33.932,1.34866,1.3487,1.50,1.00
2017.03.08 17:44:34.437,1.34867,1.34871,1.00,1.00
2017.03.08 17:44:35.758,1.34867,1.34873,3.00,1.87
2017.03.08 17:44:38.469,1.34869,1.34873,1.50,1.00
2017.03.08 17:44:38.677,1.34866,1.34874,3.00,1.87
2017.03.08 17:44:38.829,1.34868,1.34874,1.50,1.87
2017.03.08 17:44:39.335,1.34868,1.34873,3.00,1.00
2017.03.08 17:44:40.028,1.34869,1.34873,1.50,1.00
2017.03.08 17:44:42.316,1.34868,1.34873,3.00,1.00
2017.03.08 17:44:43.842,1.34869,1.34873,1.50,1.00
2017.03.08 17:44:44.481,1.34868,1.34873,1.50,1.00
2017.03.08 17:44:45.025,1.34869,1.34873,1.00,1.00
2017.03.08 17:44:45.567,1.34868,1.34873,1.50,1.00
2017.03.08 17:44:46.201,1.34869,1.34873,1.00,1.00
2017.03.08 17:44:46.730,1.34868,1.34873,1.50,1.00
2017.03.08 17:44:47.236,1.34868,1.34873,1.50,1.37
2017.03.08 17:44:47.748,1.34869,1.34873,1.00,1.12
2017.03.08 17:44:48.298,1.34869,1.34873,1.00,1.12
2017.03.08 17:44:48.841,1.34867,1.34875,3.00,3.37
2017.03.08 17:44:49.450,1.34868,1.34875,1.50,2.62
2017.03.08 17:44:49.980,1.34867,1.34875,3.00,2.62
2017.03.08 17:44:50.611,1.34868,1.34875,1.50,2.62
2017.03.08 17:44:51.138,1.34867,1.34874,1.00,1.50
2017.03.08 17:44:52.080,1.34866,1.34875,1.12,5.62
2017.03.08 17:44:52.931,1.34867,1.34874,1.00,1.50
2017.03.08 17:44:53.568,1.34866,1.34875,1.87,4.50
2017.03.08 17:44:54.368,1.34867,1.34874,1.00,1.50
2017.03.08 17:44:54.887,1.34866,1.34875,1.87,4.50
2017.03.08 17:44:56.797,1.34867,1.34874,1.00,1.50
2017.03.08 17:44:57.347,1.34866,1.34875,1.87,4.50
2017.03.08 17:44:57.914,1.34867,1.34874,1.00,1.50
2017.03.08 17:44:58.419,1.34866,1.34875,1.87,4.50
2017.03.08 17:44:59.320,1.34866,1.34875,2.25,2.25
2017.03.08 17:44:59.835,1.34866,1.34874,2.25,1.00
2017.03.08 17:45:00.801,1.34866,1.34875,3.75,1.12
2017.03.08 17:45:01.313,1.34867,1.34874,1.87,1.00
2017.03.08 17:45:01.842,1.34867,1.34875,1.37,1.87
2017.03.08 17:45:02.530,1.34866,1.34874,3.00,1.00
2017.03.08 17:45:02.736,1.34868,1.34878,1.87,7.50
2017.03.08 17:45:03.272,1.34868,1.34877,1.00,1.50
2017.03.08 17:45:03.746,1.34868,1.34878,2.25,1.37
2017.03.08 17:45:03.847,1.34868,1.34878,1.87,1.37
2017.03.08 17:45:06.102,1.34868,1.34876,1.12,1.00
2017.03.08 17:45:06.153,1.34868,1.34874,1.12,1.00
2017.03.08 17:45:07.104,1.34868,1.34875,1.12,1.50
2017.03.08 17:45:18.401,1.34869,1.34875,1.00,1.00
2017.03.08 17:45:20.723,1.3487,1.34875,1.00,1.50
2017.03.08 17:45:23.103,1.3487,1.34877,1.00,1.00
2017.03.08 17:45:23.617,1.3487,1.34878,1.00,1.50
2017.03.08 17:45:31.630,1.34869,1.34876,1.12,1.00
2017.03.08 17:45:32.035,1.34869,1.34873,1.12,1.00
2017.03.08 17:45:32.086,1.34869,1.34875,1.12,1.00
2017.03.08 17:45:32.793,1.34869,1.34876,1.50,1.00
2017.03.08 17:45:32.895,1.34869,1.34878,1.12,3.37
2017.03.08 17:45:32.996,1.34869,1.34877,1.87,2.25
2017.03.08 17:45:42.831,1.34869,1.34878,3.00,1.50
2017.03.08 17:45:43.335,1.3487,1.34878,1.00,1.00
2017.03.08 17:45:50.998,1.34869,1.34878,2.25,3.00
2017.03.08 17:45:51.516,1.34869,1.34878,2.25,2.25
2017.03.08 17:45:52.060,1.34869,1.34878,2.25,4.50
2017.03.08 17:45:53.551,1.34869,1.34878,2.25,3.00
2017.03.08 17:45:55.828,1.34869,1.34875,2.25,1.00
2017.03.08 17:45:56.032,1.34869,1.34878,2.25,1.87
2017.03.08 17:45:57.670,1.34869,1.34878,2.25,1.87
2017.03.08 17:46:07.003,1.34869,1.34877,2.25,1.00
2017.03.08 17:46:07.531,1.34869,1.34878,1.50,2.62
2017.03.08 17:46:11.945,1.34869,1.34878,2.25,1.50
2017.03.08 17:46:18.145,1.34871,1.34878,1.00,1.50
2017.03.08 17:46:19.440,1.34869,1.34878,3.00,1.50
2017.03.08 17:46:20.319,1.34869,1.34878,3.00,1.87
2017.03.08 17:46:20.675,1.34879,1.34884,1.37,3.75
2017.03.08 17:46:20.726,1.34879,1.34885,1.37,1.00
2017.03.08 17:46:20.879,1.34875,1.34882,3.75,1.50
2017.03.08 17:46:21.081,1.34873,1.34881,2.25,1.00
2017.03.08 17:46:21.435,1.34874,1.34883,2.99,1.00
2017.03.08 17:46:21.941,1.34874,1.34882,2.25,1.00
2017.03.08 17:46:22.270,1.34875,1.34884,3.37,3.00
2017.03.08 17:46:22.927,1.34874,1.34883,1.87,1.50
2017.03.08 17:46:23.434,1.34876,1.34883,1.00,1.00
2017.03.08 17:46:23.485,1.34874,1.34883,1.87,1.12
2017.03.08 17:46:23.638,1.34875,1.34883,1.87,1.00
2017.03.08 17:46:24.158,1.34875,1.34883,1.12,1.00
2017.03.08 17:46:25.602,1.34875,1.34884,1.12,1.04
2017.03.08 17:46:27.265,1.34877,1.34884,1.00,1.12
2017.03.08 17:46:27.316,1.34872,1.34883,9.75,3.75
2017.03.08 17:46:27.468,1.34873,1.3488,1.50,1.50
2017.03.08 17:46:27.974,1.34874,1.34881,1.50,1.00
2017.03.08 17:46:28.592,1.34875,1.34881,1.00,1.00
2017.03.08 17:46:28.923,1.34873,1.34881,1.00,1.00
2017.03.08 17:46:29.383,1.34871,1.34881,1.50,2.25
2017.03.08 17:46:29.485,1.34873,1.34882,1.00,8.25
2017.03.08 17:46:29.587,1.34871,1.3488,1.12,1.12
2017.03.08 17:46:32.084,1.3487,1.3488,2.62,2.25
2017.03.08 17:46:32.620,1.34871,1.34881,1.00,5.17
2017.03.08 17:46:32.722,1.34873,1.3488,1.00,2.25
2017.03.08 17:46:32.874,1.3487,1.34879,1.12,3.00
2017.03.08 17:46:33.446,1.3487,1.34878,1.12,1.87
2017.03.08 17:46:35.020,1.34871,1.34879,1.00,2.62
2017.03.08 17:46:35.172,1.34873,1.34879,1.00,2.62
2017.03.08 17:46:35.274,1.3487,1.34879,1.87,2.62
2017.03.08 17:46:35.527,1.34872,1.34879,1.00,2.62
2017.03.08 17:46:35.679,1.3487,1.34879,1.87,2.62
2017.03.08 17:46:36.835,1.34872,1.34879,1.50,2.62
2017.03.08 17:46:37.343,1.34873,1.34879,1.00,2.62
2017.03.08 17:46:37.889,1.34872,1.34879,2.25,2.62
2017.03.08 17:46:38.672,1.34873,1.34879,1.00,2.62
2017.03.08 17:46:38.824,1.34872,1.34881,2.25,5.62
2017.03.08 17:46:39.458,1.34873,1.3488,1.00,1.50
2017.03.08 17:46:40.161,1.34872,1.34881,2.25,4.87
2017.03.08 17:46:41.062,1.34873,1.3488,1.00,1.50
2017.03.08 17:46:41.265,1.34872,1.34879,1.50,2.62
2017.03.08 17:46:41.861,1.34873,1.34879,1.00,2.62
2017.03.08 17:46:42.082,1.34869,1.34877,1.50,1.87
2017.03.08 17:46:42.333,1.34868,1.34878,2.62,3.00
2017.03.08 17:46:42.536,1.34868,1.34876,1.12,1.37
2017.03.08 17:46:43.045,1.34868,1.34876,1.00,4.12
2017.03.08 17:46:44.606,1.34867,1.34872,2.62,1.00
2017.03.08 17:46:44.860,1.34868,1.34876,1.50,2.62
2017.03.08 17:46:44.961,1.34868,1.34876,1.50,1.00
2017.03.08 17:46:45.598,1.34869,1.34876,1.00,1.00
2017.03.08 17:46:46.248,1.34869,1.34877,1.87,1.00
2017.03.08 17:46:46.663,1.34867,1.34875,5.25,1.00
2017.03.08 17:46:47.120,1.34868,1.34873,1.37,1.00
2017.03.08 17:46:47.221,1.34866,1.34871,1.12,1.00
2017.03.08 17:46:47.686,1.34862,1.3487,1.00,1.00
2017.03.08 17:46:48.192,1.34863,1.3487,1.00,1.00
2017.03.08 17:46:48.294,1.34861,1.3487,1.50,1.37
2017.03.08 17:46:48.598,1.34863,1.34871,1.00,1.37
2017.03.08 17:46:49.214,1.34862,1.3487,1.50,1.00
2017.03.08 17:46:49.820,1.34863,1.3487,1.00,1.00
2017.03.08 17:46:50.326,1.34862,1.3487,1.50,1.00
2017.03.08 17:46:51.051,1.34863,1.3487,1.00,1.00
2017.03.08 17:46:51.556,1.34863,1.34869,1.00,1.00
2017.03.08 17:46:52.209,1.34862,1.34869,1.50,1.00
2017.03.08 17:46:52.739,1.34863,1.34871,1.00,4.12
2017.03.08 17:46:52.941,1.34861,1.34869,3.75,1.00
2017.03.08 17:46:52.992,1.34863,1.34869,1.00,1.00
2017.03.08 17:46:53.506,1.34862,1.34871,2.25,1.50
2017.03.08 17:46:54.120,1.34863,1.34871,1.00,1.50
2017.03.08 17:46:54.784,1.34862,1.34871,2.25,1.50
2017.03.08 17:46:55.442,1.34863,1.34872,2.25,3.37
2017.03.08 17:46:55.746,1.34863,1.34872,1.50,1.12
2017.03.08 17:46:56.891,1.34864,1.34873,2.25,1.50
2017.03.08 17:46:57.210,1.34864,1.34872,3.00,2.62
2017.03.08 17:46:57.718,1.34865,1.34872,1.00,2.62
2017.03.08 17:46:59.344,1.34864,1.34872,1.50,2.25
2017.03.08 17:46:59.395,1.34864,1.34873,1.00,3.00
2017.03.08 17:46:59.496,1.34864,1.34871,1.00,2.62
2017.03.08 17:46:59.850,1.34863,1.34871,1.50,1.00
2017.03.08 17:47:00.400,1.34863,1.34872,2.25,3.37
2017.03.08 17:47:00.638,1.34868,1.34872,1.00,3.37
2017.03.08 17:47:00.790,1.34865,1.34872,1.50,2.62
2017.03.08 17:47:00.891,1.34865,1.34874,3.37,2.25
2017.03.08 17:47:00.993,1.34864,1.34873,1.00,2.25
2017.03.08 17:47:01.145,1.34863,1.34871,2.62,1.12
2017.03.08 17:47:01.768,1.34863,1.34872,1.00,4.12
2017.03.08 17:47:02.072,1.34857,1.34866,3.00,1.50
2017.03.08 17:47:02.420,1.34857,1.34865,2.25,2.25
2017.03.08 17:47:02.933,1.34858,1.34865,1.00,1.50
2017.03.08 17:47:03.237,1.34861,1.34866,1.87,2.62
2017.03.08 17:47:03.288,1.34862,1.34866,1.50,1.00
2017.03.08 17:47:03.389,1.34862,1.34871,2.25,2.62
2017.03.08 17:47:03.491,1.34863,1.34871,1.37,1.87
2017.03.08 17:47:03.592,1.34862,1.3487,1.50,1.00
2017.03.08 17:47:04.057,1.34862,1.3487,1.00,3.37
2017.03.08 17:47:04.513,1.3486,1.34869,2.62,1.87
2017.03.08 17:47:04.919,1.34862,1.34869,1.00,1.50
2017.03.08 17:47:05.831,1.34863,1.3487,1.00,5.62
2017.03.08 17:47:06.388,1.34862,1.3487,1.50,4.12
2017.03.08 17:47:06.908,1.34863,1.3487,1.00,4.12
2017.03.08 17:47:07.421,1.34862,1.3487,1.50,4.12
2017.03.08 17:47:07.952,1.34863,1.34868,1.00,1.12
2017.03.08 17:47:08.457,1.34862,1.34868,1.50,1.00
2017.03.08 17:47:09.003,1.34863,1.34868,1.00,1.00
2017.03.08 17:47:09.519,1.34862,1.3487,1.50,3.37
2017.03.08 17:47:10.204,1.34862,1.34869,1.87,1.12
2017.03.08 17:47:10.842,1.34863,1.34871,1.00,5.62
2017.03.08 17:47:11.372,1.34862,1.3487,1.50,2.62
2017.03.08 17:47:11.907,1.34863,1.3487,1.00,2.62
2017.03.08 17:47:12.447,1.34862,1.3487,1.50,2.62
2017.03.08 17:47:13.408,1.34863,1.3487,1.00,2.62
2017.03.08 17:47:14.268,1.34862,1.3487,1.50,2.62
2017.03.08 17:47:14.792,1.34863,1.3487,1.50,2.62
2017.03.08 17:47:15.297,1.34862,1.3487,3.00,2.62
2017.03.08 17:47:16.012,1.34863,1.3487,1.00,2.62
2017.03.08 17:47:16.319,1.34868,1.34872,1.50,6.00
2017.03.08 17:47:16.522,1.34876,1.34881,1.00,3.37
2017.03.08 17:47:16.725,1.34873,1.34881,1.50,1.00
2017.03.08 17:47:16.776,1.34873,1.3488,1.12,2.25
2017.03.08 17:47:16.879,1.34873,1.34879,1.50,1.50
2017.03.08 17:47:19.125,1.34873,1.34879,1.50,1.12
2017.03.08 17:47:20.140,1.34874,1.34878,1.50,1.00
2017.03.08 17:47:20.667,1.34874,1.34879,1.00,1.12
2017.03.08 17:47:21.169,1.34874,1.34878,1.50,1.00
2017.03.08 17:47:21.674,1.34874,1.34879,1.00,1.12
2017.03.08 17:47:22.209,1.34873,1.34879,3.00,1.12
2017.03.08 17:47:22.758,1.34874,1.34878,1.50,1.00
2017.03.08 17:47:23.393,1.34873,1.34879,3.00,1.12
2017.03.08 17:47:23.930,1.34874,1.34878,1.50,1.00
2017.03.08 17:47:24.453,1.34874,1.34879,1.00,1.12
2017.03.08 17:47:25.018,1.34874,1.34878,1.50,1.00
2017.03.08 17:47:25.539,1.34874,1.34879,1.00,1.12
2017.03.08 17:47:26.045,1.34874,1.34878,3.00,1.00
2017.03.08 17:47:26.559,1.34874,1.34879,1.50,1.12
2017.03.08 17:47:27.090,1.34874,1.34878,3.00,1.00
2017.03.08 17:47:30.244,1.34874,1.34879,3.00,1.00
2017.03.08 17:47:30.563,1.34873,1.34879,3.00,2.62
2017.03.08 17:47:32.007,1.34874,1.34879,1.50,1.00
2017.03.08 17:47:32.515,1.34874,1.3488,1.50,4.12
2017.03.08 17:47:33.066,1.34875,1.3488,1.00,4.12
2017.03.08 17:47:34.629,1.34875,1.34879,1.00,1.00
2017.03.08 17:47:35.535,1.34874,1.3488,2.25,4.87
2017.03.08 17:47:43.873,1.34873,1.34879,3.00,1.50
2017.03.08 17:47:44.179,1.34874,1.3488,1.50,1.12
2017.03.08 17:47:44.230,1.34876,1.34882,1.75,6.37
2017.03.08 17:47:44.485,1.34885,1.34892,2.62,1.00
2017.03.08 17:47:44.587,1.34885,1.34891,1.12,1.00
2017.03.08 17:47:44.791,1.34883,1.34889,2.25,1.12
2017.03.08 17:47:44.842,1.34881,1.34889,4.87,1.00
2017.03.08 17:47:45.347,1.34882,1.34889,1.50,1.50
2017.03.08 17:47:45.862,1.34881,1.34889,1.00,1.00
2017.03.08 17:47:47.036,1.34881,1.34891,1.37,3.37
2017.03.08 17:47:47.087,1.34882,1.34891,1.00,3.00
2017.03.08 17:47:49.631,1.34886,1.34891,2.25,1.50
2017.03.08 17:47:49.895,1.34889,1.34897,1.50,2.62
2017.03.08 17:47:50.255,1.34892,1.34897,1.12,1.37
2017.03.08 17:47:50.458,1.34892,1.349,1.12,2.82
2017.03.08 17:47:51.076,1.34892,1.34898,1.12,1.19
2017.03.08 17:47:51.613,1.34893,1.34898,1.00,1.69
2017.03.08 17:47:52.122,1.34892,1.34898,1.12,1.26
2017.03.08 17:47:52.633,1.34892,1.34898,1.12,1.19
2017.03.08 17:47:53.141,1.34892,1.349,1.12,2.92
2017.03.08 17:48:00.017,1.34893,1.349,1.00,3.67
2017.03.08 17:48:00.625,1.34893,1.349,1.00,3.67
2017.03.08 17:48:06.706,1.34891,1.349,2.25,2.17
2017.03.08 17:48:07.010,1.34892,1.349,2.62,1.42
2017.03.08 17:48:07.364,1.34892,1.34899,1.00,1.12
2017.03.08 17:48:07.712,1.34891,1.34895,1.50,1.00
2017.03.08 17:48:07.865,1.34882,1.3489,1.75,1.00
2017.03.08 17:48:08.017,1.34881,1.3489,4.50,1.00
2017.03.08 17:48:08.776,1.34882,1.34891,1.37,1.50
2017.03.08 17:48:09.283,1.34882,1.34892,1.50,5.62
2017.03.08 17:48:10.249,1.34882,1.34889,2.25,1.00
2017.03.08 17:48:10.991,1.34881,1.3489,3.75,1.12
2017.03.08 17:48:11.630,1.34882,1.34889,1.50,1.00
2017.03.08 17:48:12.131,1.34881,1.3489,3.75,1.12
2017.03.08 17:48:15.885,1.34883,1.34889,1.87,1.00
2017.03.08 17:48:16.038,1.3488,1.34888,2.25,1.50
2017.03.08 17:48:16.541,1.3488,1.34887,2.25,1.00
2017.03.08 17:48:16.806,1.34883,1.34888,1.00,1.00
2017.03.08 17:48:16.858,1.3488,1.34888,1.50,1.00
2017.03.08 17:48:17.487,1.3488,1.34889,1.87,1.12
2017.03.08 17:48:18.819,1.34882,1.3489,1.50,2.62
2017.03.08 17:48:19.324,1.34883,1.34889,3.00,1.12
2017.03.08 17:48:19.958,1.34883,1.34888,3.00,1.00
2017.03.08 17:48:20.468,1.34882,1.34889,3.00,1.12
2017.03.08 17:48:20.991,1.34882,1.34888,3.00,1.00
2017.03.08 17:48:21.496,1.34883,1.34887,1.50,1.00
2017.03.08 17:48:21.547,1.34882,1.34889,1.50,2.62
2017.03.08 17:48:21.599,1.3488,1.34889,4.12,6.00
2017.03.08 17:48:22.120,1.3488,1.34887,3.00,1.50
2017.03.08 17:48:22.377,1.3488,1.34888,1.50,3.22
2017.03.08 17:48:22.774,1.3488,1.34885,1.50,1.50
2017.03.08 17:48:23.079,1.34877,1.34884,2.62,1.12
2017.03.08 17:48:23.282,1.3488,1.34884,1.50,1.00
2017.03.08 17:48:23.752,1.34879,1.34886,3.00,1.87
2017.03.08 17:48:24.410,1.34878,1.34886,3.00,1.00
2017.03.08 17:48:24.562,1.3488,1.34886,1.50,1.00
2017.03.08 17:48:24.969,1.3488,1.34888,3.00,2.25
2017.03.08 17:48:25.574,1.34881,1.34887,1.50,1.00
2017.03.08 17:48:26.482,1.3488,1.34888,3.00,2.25
2017.03.08 17:48:27.109,1.3488,1.34888,3.00,2.25
2017.03.08 17:48:28.126,1.34881,1.34887,1.50,1.12
2017.03.08 17:48:28.871,1.3488,1.34887,3.00,1.00
2017.03.08 17:48:29.659,1.3488,1.34888,4.50,2.62
2017.03.08 17:48:30.114,1.3488,1.34887,3.75,2.25
2017.03.08 17:48:30.266,1.3488,1.34887,3.75,1.00
2017.03.08 17:48:30.818,1.34881,1.34887,1.50,1.50
2017.03.08 17:48:31.392,1.3488,1.34887,3.75,1.00
2017.03.08 17:48:32.237,1.34881,1.34887,1.50,1.00
2017.03.08 17:48:32.858,1.3488,1.34887,3.75,1.00
2017.03.08 17:48:33.938,1.34881,1.34889,1.00,4.12
2017.03.08 17:48:34.518,1.3488,1.34889,2.62,4.12
2017.03.08 17:48:39.012,1.34879,1.34884,2.25,1.00
2017.03.08 17:48:39.155,1.34879,1.34885,1.87,1.00
2017.03.08 17:48:39.358,1.34879,1.34887,1.50,1.87
2017.03.08 17:48:39.871,1.3488,1.34887,1.00,1.50
2017.03.08 17:48:40.434,1.34879,1.34887,3.00,1.00
2017.03.08 17:48:41.084,1.3488,1.34886,1.00,1.00
2017.03.08 17:48:42.688,1.34879,1.34886,2.25,1.00
2017.03.08 17:48:43.450,1.3488,1.34888,1.00,1.50
2017.03.08 17:48:44.046,1.34879,1.34888,2.25,3.37
2017.03.08 17:48:44.586,1.3488,1.34888,1.00,3.37
2017.03.08 17:48:45.112,1.34879,1.34888,2.25,3.37
2017.03.08 17:48:45.263,1.3488,1.34888,1.00,1.12
2017.03.08 17:48:45.890,1.34879,1.34889,2.62,2.25
2017.03.08 17:48:46.485,1.3488,1.3489,1.00,7.50
2017.03.08 17:48:47.071,1.3488,1.34889,1.00,2.62
2017.03.08 17:48:47.197,1.34886,1.3489,1.00,4.50
2017.03.08 17:48:47.350,1.34888,1.34894,1.00,1.37
2017.03.08 17:48:47.473,1.34889,1.34896,1.00,1.50
2017.03.08 17:48:47.976,1.34888,1.34896,1.00,1.50
2017.03.08 17:48:48.439,1.34888,1.34892,1.00,1.00
2017.03.08 17:48:48.642,1.34881,1.34891,5.62,1.12
2017.03.08 17:48:48.743,1.34883,1.34891,1.00,2.62
2017.03.08 17:48:48.946,1.34884,1.34893,1.50,2.25
2017.03.08 17:48:49.497,1.34884,1.34892,1.00,1.12
2017.03.08 17:48:51.689,1.34882,1.34893,3.75,2.25
2017.03.08 17:48:55.263,1.34885,1.34891,1.00,1.00
2017.03.08 17:48:55.415,1.34883,1.34893,2.25,2.62
2017.03.08 17:48:55.720,1.34883,1.3489,1.50,1.00
2017.03.08 17:48:55.872,1.34882,1.34892,2.25,1.50
2017.03.08 17:48:56.427,1.34883,1.34892,1.00,1.50
2017.03.08 17:48:57.163,1.34884,1.34892,1.00,1.50
2017.03.08 17:48:58.640,1.34883,1.34891,1.50,1.00
2017.03.08 17:48:59.145,1.34883,1.34892,1.50,2.25
2017.03.08 17:49:00.049,1.34884,1.34892,1.00,1.50
2017.03.08 17:49:00.775,1.34884,1.34892,1.37,1.50
2017.03.08 17:49:02.089,1.34885,1.34892,1.00,1.37
2017.03.08 17:49:02.342,1.34885,1.34893,2.25,1.00
2017.03.08 17:49:02.443,1.34887,1.34895,1.50,1.12
2017.03.08 17:49:02.949,1.34887,1.34892,1.12,1.50
2017.03.08 17:49:03.222,1.34883,1.3489,2.25,1.00
2017.03.08 17:49:03.273,1.34883,1.34892,4.50,1.00
2017.03.08 17:49:03.324,1.34888,1.34892,1.50,1.00
2017.03.08 17:49:03.477,1.34888,1.34896,1.37,2.25
2017.03.08 17:49:03.679,1.34887,1.34894,1.12,1.00
2017.03.08 17:49:04.134,1.34884,1.34895,3.75,2.25
2017.03.08 17:49:04.185,1.34884,1.34895,5.62,1.87
2017.03.08 17:49:04.746,1.34885,1.34894,1.75,1.00
2017.03.08 17:49:05.673,1.34885,1.34895,1.50,1.87
2017.03.08 17:49:05.774,1.34885,1.34895,1.37,2.25
2017.03.08 17:49:06.424,1.34884,1.34892,3.37,1.00
2017.03.08 17:49:06.627,1.34881,1.3489,3.37,1.00
2017.03.08 17:49:06.829,1.34881,1.3489,1.50,1.50
2017.03.08 17:49:08.060,1.34883,1.3489,1.50,1.50
2017.03.08 17:49:08.890,1.34883,1.3489,1.87,1.12
2017.03.08 17:49:10.037,1.34883,1.34891,1.12,1.00
2017.03.08 17:49:10.543,1.34883,1.34892,2.25,1.87
2017.03.08 17:49:11.607,1.34883,1.34891,2.25,1.00
2017.03.08 17:49:11.709,1.34883,1.34889,1.00,1.12
2017.03.08 17:49:12.215,1.34881,1.3489,1.87,4.12
2017.03.08 17:49:12.368,1.34883,1.3489,1.00,4.12
2017.03.08 17:49:12.662,1.34881,1.3489,1.87,5.62
2017.03.08 17:49:12.814,1.34881,1.3489,1.12,3.37
2017.03.08 17:49:13.016,1.34881,1.3489,1.12,5.62
2017.03.08 17:49:14.555,1.34879,1.34886,1.50,1.50
2017.03.08 17:49:14.606,1.34879,1.34885,1.50,1.00
2017.03.08 17:49:15.014,1.3488,1.34887,1.00,1.00
2017.03.08 17:49:15.538,1.3488,1.34888,1.00,3.37
2017.03.08 17:49:16.069,1.3488,1.34888,1.12,1.50
2017.03.08 17:49:17.830,1.34879,1.34888,1.87,1.12
2017.03.08 17:49:19.032,1.34879,1.34889,5.62,1.87
2017.03.08 17:49:19.134,1.3488,1.34889,1.50,1.12
2017.03.08 17:49:20.126,1.3488,1.34889,3.37,1.12
2017.03.08 17:49:20.488,1.3488,1.34889,1.87,3.37
2017.03.08 17:49:20.989,1.3488,1.34889,3.37,1.37
2017.03.08 17:49:25.338,1.34879,1.34888,2.25,1.12
2017.03.08 17:49:26.525,1.34879,1.34884,1.37,1.00
2017.03.08 17:49:26.576,1.3488,1.34887,1.00,1.15
2017.03.08 17:49:27.082,1.34879,1.34887,1.12,1.00
2017.03.08 17:49:27.618,1.34879,1.34888,1.50,1.50
2017.03.08 17:49:29.132,1.34879,1.34888,1.50,3.00
2017.03.08 17:49:43.520,1.34879,1.34888,2.25,2.62
2017.03.08 17:49:45.951,1.3488,1.34888,1.00,2.62
2017.03.08 17:49:47.038,1.34879,1.34888,1.87,1.50
2017.03.08 17:49:47.771,1.34879,1.34888,2.62,2.62
2017.03.08 17:49:48.393,1.3488,1.34888,1.00,2.25
2017.03.08 17:49:50.663,1.3488,1.34888,1.00,2.62
2017.03.08 17:49:54.611,1.34881,1.34888,1.00,1.87
2017.03.08 17:49:54.712,1.34883,1.3489,1.00,1.87
2017.03.08 17:49:54.864,1.34881,1.3489,1.87,3.37
2017.03.08 17:49:56.387,1.3488,1.34888,1.37,3.75
2017.03.08 17:49:56.898,1.3488,1.34888,1.00,5.25
2017.03.08 17:49:57.465,1.3488,1.34887,1.00,1.00
2017.03.08 17:49:57.996,1.34879,1.34887,1.12,1.50
2017.03.08 17:49:58.885,1.34879,1.34886,1.12,1.00
2017.03.08 17:50:00.298,1.34879,1.34887,1.12,1.50
2017.03.08 17:50:00.888,1.34878,1.34886,3.00,1.00
2017.03.08 17:50:01.586,1.34879,1.34887,1.12,1.50
2017.03.08 17:50:02.500,1.34879,1.34886,1.12,1.00
2017.03.08 17:50:04.293,1.34879,1.34887,1.12,1.00
2017.03.08 17:50:04.849,1.34879,1.34886,1.12,1.00
2017.03.08 17:50:06.020,1.34879,1.34887,1.12,1.00
2017.03.08 17:50:07.072,1.34879,1.34886,1.12,1.00
2017.03.08 17:50:07.889,1.34878,1.34888,2.25,1.69
2017.03.08 17:50:16.300,1.34879,1.34887,1.12,1.00
2017.03.08 17:50:16.996,1.34879,1.34888,1.12,2.25
2017.03.08 17:50:18.420,1.34879,1.34887,1.12,1.00
2017.03.08 17:50:19.342,1.34879,1.34888,1.12,2.25
2017.03.08 17:50:19.940,1.34879,1.34887,1.50,1.00
2017.03.08 17:50:20.629,1.34879,1.34888,1.12,3.00
2017.03.08 17:50:21.233,1.34879,1.34887,1.12,1.00
2017.03.08 17:50:22.143,1.34879,1.34888,1.12,3.00
2017.03.08 17:50:22.659,1.34879,1.34887,1.12,1.00
2017.03.08 17:50:23.180,1.34879,1.34888,1.12,4.87
2017.03.08 17:50:28.991,1.34878,1.34885,1.37,1.00
2017.03.08 17:50:29.244,1.34876,1.34884,1.12,1.00
2017.03.08 17:50:29.850,1.34875,1.34884,1.50,1.00
2017.03.08 17:50:30.476,1.34875,1.34882,1.00,1.00
2017.03.08 17:50:30.981,1.34875,1.34883,1.50,1.50
2017.03.08 17:50:33.699,1.34875,1.34884,1.50,1.50
2017.03.08 17:50:38.540,1.34875,1.34883,1.50,1.00
2017.03.08 17:50:40.869,1.34875,1.34884,1.50,3.00
2017.03.08 17:50:42.264,1.34876,1.34883,1.00,1.50
2017.03.08 17:50:42.618,1.34873,1.34881,3.37,1.00
2017.03.08 17:50:43.144,1.34873,1.34882,1.50,1.50
2017.03.08 17:50:44.237,1.34876,1.34882,1.50,1.12
2017.03.08 17:50:44.288,1.34876,1.34884,1.50,2.62
2017.03.08 17:50:44.339,1.34879,1.34884,1.00,1.00
2017.03.08 17:50:44.542,1.3488,1.34887,1.12,1.50
2017.03.08 17:50:45.049,1.34879,1.34886,1.12,1.00
2017.03.08 17:50:45.151,1.34877,1.34883,3.37,1.00
2017.03.08 17:50:45.203,1.34878,1.34884,1.00,2.25
2017.03.08 17:50:45.405,1.34876,1.34884,2.25,2.25
2017.03.08 17:50:46.051,1.34876,1.34883,2.25,1.50
2017.03.08 17:50:46.460,1.34876,1.34883,2.25,1.50
2017.03.08 17:50:47.121,1.34878,1.34884,1.00,2.25
2017.03.08 17:50:47.689,1.34876,1.34884,1.87,2.62
2017.03.08 17:50:48.199,1.34876,1.34883,1.87,1.50
2017.03.08 17:50:48.732,1.34876,1.34884,1.37,2.62
2017.03.08 17:50:51.230,1.34876,1.34883,1.37,1.50
2017.03.08 17:50:51.637,1.34879,1.34884,1.00,1.00
2017.03.08 17:50:51.688,1.34879,1.34886,1.00,1.50
2017.03.08 17:50:52.290,1.34878,1.34886,1.12,3.00
2017.03.08 17:50:52.811,1.3488,1.34886,1.00,3.37
2017.03.08 17:50:52.862,1.3488,1.34887,1.00,1.12
2017.03.08 17:50:53.418,1.34879,1.34886,1.00,1.50
2017.03.08 17:50:53.987,1.3488,1.34886,1.00,3.00
2017.03.08 17:50:54.360,1.3488,1.34889,1.87,3.75
2017.03.08 17:50:54.576,1.34879,1.34886,2.25,1.50
2017.03.08 17:50:55.082,1.34879,1.34887,2.25,3.00
2017.03.08 17:50:55.602,1.3488,1.34887,1.50,3.00
2017.03.08 17:50:56.126,1.3488,1.34888,2.62,1.50
2017.03.08 17:50:56.707,1.3488,1.34888,1.50,1.50
2017.03.08 17:50:57.310,1.34879,1.34888,1.12,1.87
2017.03.08 17:50:58.182,1.34878,1.34886,1.87,1.00
2017.03.08 17:50:58.485,1.34876,1.34882,1.75,1.00
2017.03.08 17:50:58.638,1.34876,1.3488,1.00,1.00
2017.03.08 17:50:58.739,1.34874,1.3488,1.00,1.00
2017.03.08 17:51:00.041,1.34874,1.34881,1.00,1.00
2017.03.08 17:51:02.224,1.34875,1.34883,1.50,1.00
2017.03.08 17:51:02.325,1.34876,1.34881,1.00,1.00
2017.03.08 17:51:02.781,1.34873,1.34881,3.00,1.00
2017.03.08 17:51:03.328,1.34873,1.34881,2.62,1.00
2017.03.08 17:51:03.530,1.34873,1.34881,2.25,1.00
2017.03.08 17:51:06.633,1.34875,1.34881,1.00,1.00
2017.03.08 17:51:06.734,1.34873,1.34881,1.87,1.00
2017.03.08 17:51:08.281,1.34872,1.34882,3.00,1.12
2017.03.08 17:51:09.608,1.34873,1.34879,1.12,1.00
2017.03.08 17:51:10.339,1.34873,1.34882,1.12,1.12
2017.03.08 17:51:10.879,1.34875,1.34881,1.00,1.50
2017.03.08 17:51:11.031,1.34873,1.34883,1.75,1.12
2017.03.08 17:51:11.536,1.34873,1.34883,1.50,1.37
2017.03.08 17:51:13.061,1.34876,1.34883,1.00,1.37
2017.03.08 17:51:13.352,1.34873,1.34883,3.75,4.50
2017.03.08 17:51:13.403,1.34873,1.34883,1.50,1.12
2017.03.08 17:51:14.446,1.34875,1.34883,1.00,2.25
2017.03.08 17:51:14.948,1.34874,1.34882,1.00,1.00
2017.03.08 17:51:16.817,1.34874,1.34884,1.50,5.62
2017.03.08 17:51:17.331,1.34876,1.34882,1.00,1.50
2017.03.08 17:51:17.432,1.34874,1.34882,1.00,1.50
2017.03.08 17:51:17.962,1.34874,1.34881,1.00,1.00
2017.03.08 17:51:18.712,1.34873,1.34881,2.25,1.00
2017.03.08 17:51:19.555,1.34876,1.34881,1.00,1.00
2017.03.08 17:51:19.707,1.34874,1.34882,1.00,1.50
2017.03.08 17:51:20.258,1.34875,1.34882,1.00,1.50
2017.03.08 17:51:21.061,1.34874,1.34882,1.00,1.50
2017.03.08 17:51:21.112,1.34873,1.3488,1.50,1.00
2017.03.08 17:51:21.618,1.34874,1.34882,1.50,1.00
2017.03.08 17:51:22.032,1.3488,1.34884,1.00,1.12
2017.03.08 17:51:22.085,1.34878,1.34885,2.25,2.25
2017.03.08 17:51:22.136,1.34878,1.34886,3.00,1.87
2017.03.08 17:51:22.440,1.34876,1.34885,1.87,1.50
2017.03.08 17:51:22.954,1.34878,1.34885,1.12,1.12
2017.03.08 17:51:23.481,1.34877,1.34883,1.50,1.00
2017.03.08 17:51:23.582,1.34877,1.34885,1.50,1.12
2017.03.08 17:51:25.976,1.34879,1.34886,1.00,3.75
2017.03.08 17:51:26.128,1.34879,1.34888,1.87,1.12
2017.03.08 17:51:26.709,1.34878,1.34889,2.62,7.12
2017.03.08 17:51:26.760,1.3488,1.34889,1.00,5.62
2017.03.08 17:51:27.265,1.3488,1.34888,1.37,1.12
2017.03.08 17:51:29.313,1.3488,1.34889,1.00,3.75
2017.03.08 17:51:29.616,1.34879,1.34886,1.00,1.00
2017.03.08 17:51:30.131,1.34879,1.34885,1.00,1.00
2017.03.08 17:51:30.681,1.34879,1.34886,1.00,2.25
2017.03.08 17:51:31.253,1.34879,1.34885,1.00,1.00
2017.03.08 17:51:31.768,1.34879,1.34886,1.00,2.25
2017.03.08 17:51:35.372,1.34879,1.34886,1.12,1.50
2017.03.08 17:51:35.948,1.34879,1.34887,1.12,1.00
2017.03.08 17:51:40.595,1.3488,1.34887,1.00,1.00
2017.03.08 17:51:41.780,1.34879,1.34887,1.87,1.00
2017.03.08 17:51:44.314,1.3488,1.34886,1.00,1.50
2017.03.08 17:51:45.176,1.3488,1.34887,1.00,3.00
2017.03.08 17:51:45.750,1.3488,1.34886,1.00,1.50
2017.03.08 17:51:46.441,1.3488,1.34887,1.00,3.00
2017.03.08 17:51:46.994,1.3488,1.34886,1.50,1.50
2017.03.08 17:51:47.507,1.34879,1.34887,1.87,3.00
2017.03.08 17:51:48.092,1.34879,1.34886,1.87,1.50
2017.03.08 17:51:48.610,1.34879,1.34887,1.87,3.00
2017.03.08 17:51:49.980,1.34879,1.34886,1.87,1.50
2017.03.08 17:51:50.482,1.34879,1.34887,1.87,3.00
2017.03.08 17:51:51.030,1.34879,1.34886,1.87,1.50
2017.03.08 17:51:51.650,1.34881,1.34886,1.00,1.50
2017.03.08 17:51:51.802,1.34879,1.34887,1.12,4.50
2017.03.08 17:51:52.452,1.34879,1.34887,1.12,4.87
2017.03.08 17:51:54.971,1.34878,1.34886,1.50,1.26
2017.03.08 17:52:03.793,1.34879,1.34886,2.25,1.26
2017.03.08 17:52:08.706,1.34879,1.34886,3.00,2.07
2017.03.08 17:52:08.807,1.34879,1.34886,2.25,1.26
2017.03.08 17:52:14.059,1.34879,1.34888,1.50,1.32
2017.03.08 17:52:15.824,1.34879,1.34887,2.25,1.00
2017.03.08 17:52:16.485,1.34879,1.34886,2.25,1.00
2017.03.08 17:52:16.789,1.34877,1.34886,2.25,1.00
2017.03.08 17:52:17.349,1.34879,1.34889,1.00,5.07
2017.03.08 17:52:20.408,1.34879,1.34889,1.37,3.19
2017.03.08 17:52:20.919,1.34879,1.34889,1.50,2.82
2017.03.08 17:52:22.936,1.34879,1.34888,1.50,1.00
2017.03.08 17:52:23.856,1.34877,1.34886,4.87,2.25
2017.03.08 17:52:23.957,1.34878,1.34886,1.12,1.00
2017.03.08 17:52:24.463,1.34879,1.34886,1.00,1.00
2017.03.08 17:52:24.969,1.34878,1.34887,1.00,1.00
2017.03.08 17:52:25.652,1.34879,1.34887,1.00,1.50
2017.03.08 17:52:26.811,1.34878,1.34886,2.25,1.00
2017.03.08 17:52:27.570,1.34879,1.34886,1.00,1.00
2017.03.08 17:52:28.230,1.34878,1.34886,2.62,1.00
2017.03.08 17:52:30.083,1.34878,1.34887,2.62,1.00
2017.03.08 17:52:30.134,1.34878,1.34888,2.62,1.00
2017.03.08 17:52:30.438,1.34878,1.34887,2.62,1.00
2017.03.08 17:52:30.607,1.34878,1.34887,2.62,1.00
2017.03.08 17:52:31.120,1.34878,1.34886,4.50,1.00
2017.03.08 17:52:33.937,1.34878,1.34886,2.62,1.00
2017.03.08 17:52:40.079,1.3488,1.34888,1.00,1.12
2017.03.08 17:52:40.722,1.34881,1.34887,1.00,1.00
2017.03.08 17:52:41.315,1.34881,1.34886,1.00,1.00
2017.03.08 17:52:41.990,1.3488,1.34886,1.00,1.00
2017.03.08 17:52:44.305,1.34879,1.34884,1.00,1.00
2017.03.08 17:52:44.406,1.34878,1.34886,1.75,1.15
2017.03.08 17:52:44.558,1.34877,1.34883,2.25,1.50
2017.03.08 17:52:44.609,1.34879,1.34883,1.00,1.00
2017.03.08 17:52:44.711,1.34877,1.34881,1.87,1.00
2017.03.08 17:52:44.762,1.34874,1.3488,3.00,1.00
2017.03.08 17:52:44.813,1.34875,1.34882,1.50,1.00
2017.03.08 17:52:44.916,1.34875,1.34879,1.00,1.00
2017.03.08 17:52:44.966,1.34873,1.34879,1.50,1.00
2017.03.08 17:52:45.494,1.34872,1.3488,1.75,1.00
2017.03.08 17:52:46.354,1.34873,1.3488,1.75,1.00
2017.03.08 17:52:47.643,1.34873,1.3488,2.25,1.12
2017.03.08 17:52:48.183,1.34873,1.3488,1.50,1.00
2017.03.08 17:52:52.071,1.34872,1.3488,3.37,1.00
2017.03.08 17:52:52.252,1.34873,1.3488,1.50,1.12
2017.03.08 17:52:52.771,1.34871,1.34879,1.50,1.00
2017.03.08 17:52:53.318,1.34871,1.3488,1.50,1.87
2017.03.08 17:52:53.844,1.34871,1.34879,1.50,1.00
2017.03.08 17:52:54.834,1.34871,1.3488,1.50,1.98
2017.03.08 17:52:56.458,1.34872,1.3488,3.75,1.00
2017.03.08 17:52:56.508,1.34873,1.34882,2.25,3.00
2017.03.08 17:52:56.882,1.34878,1.34884,1.00,2.62
2017.03.08 17:52:57.085,1.34879,1.34888,1.50,1.32
2017.03.08 17:52:57.590,1.34879,1.34886,1.50,1.32
2017.03.08 17:52:58.744,1.34879,1.34883,1.50,1.50
2017.03.08 17:52:59.098,1.34875,1.34881,1.00,1.00
2017.03.08 17:52:59.618,1.34874,1.34881,1.00,1.50
2017.03.08 17:53:00.282,1.34874,1.3488,1.87,1.00
2017.03.08 17:53:00.333,1.34874,1.34883,1.12,1.00
2017.03.08 17:53:00.384,1.34876,1.34882,1.00,1.00
2017.03.08 17:53:00.587,1.3488,1.34887,1.50,1.00
2017.03.08 17:53:01.120,1.34878,1.34886,1.75,1.00
2017.03.08 17:53:01.222,1.34878,1.34884,2.25,1.00
2017.03.08 17:53:01.490,1.34878,1.34886,2.25,1.00
2017.03.08 17:53:01.993,1.34878,1.34887,3.00,1.00
2017.03.08 17:53:02.513,1.34878,1.34886,1.75,1.00
2017.03.08 17:53:03.197,1.34877,1.34885,4.87,1.00
2017.03.08 17:53:03.720,1.34878,1.34884,1.75,1.00
2017.03.08 17:53:03.771,1.34877,1.34881,4.12,1.00
2017.03.08 17:53:03.974,1.34876,1.3488,1.00,1.00
2017.03.08 17:53:04.025,1.34874,1.3488,1.75,1.00
2017.03.08 17:53:04.582,1.34874,1.3488,2.25,1.00
2017.03.08 17:53:05.510,1.34874,1.34881,1.37,1.00
2017.03.08 17:53:06.199,1.34874,1.34882,1.37,1.12
2017.03.08 17:53:06.731,1.34874,1.34881,1.37,1.00
2017.03.08 17:53:07.326,1.34874,1.34882,1.37,1.12
2017.03.08 17:53:07.479,1.34873,1.3488,3.75,1.00
2017.03.08 17:53:12.788,1.34875,1.34883,1.12,1.37
2017.03.08 17:53:12.940,1.34876,1.34884,1.12,1.00
2017.03.08 17:53:13.562,1.34878,1.34885,1.00,1.12
2017.03.08 17:53:14.058,1.34876,1.34883,1.75,1.00
2017.03.08 17:53:14.109,1.34876,1.34883,2.62,1.00
2017.03.08 17:53:17.851,1.34873,1.3488,4.12,1.00
2017.03.08 17:53:17.952,1.34873,1.3488,2.25,1.00
2017.03.08 17:53:18.458,1.34873,1.34879,1.12,1.00
2017.03.08 17:53:18.983,1.34874,1.34879,1.00,1.00
2017.03.08 17:53:19.521,1.34873,1.34879,1.12,1.00
2017.03.08 17:53:20.081,1.34874,1.3488,1.00,1.00
2017.03.08 17:53:22.391,1.34874,1.34881,1.00,1.50
2017.03.08 17:53:22.811,1.34875,1.34881,1.37,1.00
2017.03.08 17:53:22.862,1.34875,1.34884,1.50,2.25
2017.03.08 17:53:23.137,1.34878,1.34886,1.87,1.50
2017.03.08 17:53:24.257,1.34878,1.34887,1.50,1.50
2017.03.08 17:53:24.308,1.34878,1.34884,1.50,1.00
2017.03.08 17:53:24.816,1.34876,1.34884,3.00,1.00
2017.03.08 17:53:25.174,1.34878,1.34886,1.00,1.12
2017.03.08 17:53:25.689,1.34877,1.34886,2.62,1.12
2017.03.08 17:53:25.942,1.34879,1.34886,1.00,1.00
2017.03.08 17:53:26.467,1.34879,1.34885,1.00,1.00
2017.03.08 17:53:28.170,1.34879,1.34887,1.00,2.25
2017.03.08 17:53:28.690,1.34879,1.34886,1.00,1.00
2017.03.08 17:53:29.226,1.3488,1.34886,1.00,1.00
2017.03.08 17:53:30.350,1.3488,1.34887,1.00,1.50
2017.03.08 17:53:30.929,1.34879,1.34886,1.50,1.00
2017.03.08 17:53:31.451,1.34879,1.34887,1.50,2.25
2017.03.08 17:53:31.970,1.34879,1.34886,1.50,1.00
2017.03.08 17:53:32.484,1.34879,1.34887,1.50,2.25
2017.03.08 17:53:33.041,1.34879,1.34886,1.50,1.00
2017.03.08 17:53:33.631,1.34879,1.34887,1.50,3.00
2017.03.08 17:53:34.400,1.34879,1.34886,1.50,1.00
2017.03.08 17:53:34.989,1.34879,1.34887,1.50,2.25
2017.03.08 17:53:35.940,1.34879,1.34886,1.50,1.00
2017.03.08 17:53:36.633,1.34879,1.34887,1.50,3.00
2017.03.08 17:53:37.635,1.34879,1.34886,1.50,1.00
2017.03.08 17:53:38.240,1.34879,1.34885,1.00,1.00
2017.03.08 17:53:38.291,1.34877,1.34881,1.00,1.00
2017.03.08 17:53:38.443,1.34875,1.34881,1.12,1.00
2017.03.08 17:53:38.716,1.34871,1.34876,2.25,1.00
2017.03.08 17:53:38.767,1.34867,1.34872,1.50,1.00
2017.03.08 17:53:38.969,1.34866,1.3487,2.25,1.00
2017.03.08 17:53:39.121,1.34867,1.34873,1.00,1.00
2017.03.08 17:53:39.324,1.34869,1.34875,1.00,1.50
2017.03.08 17:53:39.526,1.34866,1.34874,3.00,1.00
2017.03.08 17:53:39.779,1.34868,1.34872,1.00,1.00
2017.03.08 17:53:41.362,1.34867,1.34873,1.00,1.50
2017.03.08 17:53:41.767,1.34869,1.34873,1.00,1.00
2017.03.08 17:53:41.817,1.34869,1.34875,1.00,1.12
2017.03.08 17:53:41.970,1.34869,1.34877,1.00,1.00
2017.03.08 17:53:42.223,1.34869,1.34875,1.00,1.00
2017.03.08 17:53:42.425,1.34869,1.34877,1.00,1.00
2017.03.08 17:53:42.489,1.34869,1.34875,1.00,1.00
2017.03.08 17:53:42.641,1.34869,1.34877,1.00,1.50
2017.03.08 17:53:42.793,1.34868,1.34875,1.12,1.00
2017.03.08 17:53:43.096,1.34867,1.34877,3.00,5.25
2017.03.08 17:53:43.147,1.34867,1.34874,3.00,1.00
2017.03.08 17:53:43.584,1.34869,1.34876,1.87,1.00
2017.03.08 17:53:43.938,1.34867,1.34874,2.25,1.00
2017.03.08 17:53:44.090,1.34867,1.34876,3.75,1.50
2017.03.08 17:53:44.545,1.34868,1.34878,3.75,2.25
2017.03.08 17:53:44.596,1.34868,1.34877,3.00,1.50
2017.03.08 17:53:46.533,1.34868,1.34875,2.25,1.00
2017.03.08 17:53:46.584,1.34868,1.34877,2.25,1.00
2017.03.08 17:53:47.684,1.34869,1.34876,1.87,1.50
2017.03.08 17:53:47.836,1.34868,1.34874,2.25,1.00
2017.03.08 17:53:48.139,1.34867,1.34871,1.00,1.00
2017.03.08 17:53:48.676,1.34867,1.34872,1.00,1.00
2017.03.08 17:53:51.062,1.34867,1.34875,1.00,2.25
2017.03.08 17:53:51.113,1.34867,1.34873,1.00,1.00
2017.03.08 17:53:51.416,1.34869,1.34874,1.50,1.00
2017.03.08 17:53:51.618,1.34869,1.34876,1.50,1.00
2017.03.08 17:53:51.834,1.34868,1.34874,3.75,1.00
2017.03.08 17:53:52.087,1.34869,1.34876,1.50,1.00
2017.03.08 17:53:52.609,1.34868,1.34876,4.50,1.00
2017.03.08 17:53:53.064,1.34866,1.34873,2.25,1.00
2017.03.08 17:53:53.222,1.34866,1.34872,1.50,1.50
2017.03.08 17:53:53.757,1.34867,1.34872,1.00,1.50
2017.03.08 17:53:54.561,1.34866,1.34872,1.50,1.50
2017.03.08 17:53:55.377,1.34867,1.34872,1.00,1.50
2017.03.08 17:53:56.567,1.34866,1.34872,1.50,1.00
2017.03.08 17:53:57.416,1.34867,1.34872,1.00,1.00
2017.03.08 17:53:57.919,1.34866,1.34872,1.50,1.00
2017.03.08 17:53:58.273,1.34866,1.3487,1.50,1.00
2017.03.08 17:53:58.574,1.34862,1.34867,1.12,1.00
2017.03.08 17:53:58.626,1.34862,1.34869,1.12,1.12
2017.03.08 17:53:58.727,1.34861,1.34867,1.00,1.00
2017.03.08 17:53:59.083,1.34859,1.34868,1.12,1.12
2017.03.08 17:53:59.593,1.3486,1.34868,1.00,1.12
2017.03.08 17:54:00.223,1.34859,1.34868,2.25,1.00
2017.03.08 17:54:00.771,1.34862,1.34869,2.25,1.00
2017.03.08 17:54:02.744,1.34861,1.3487,1.50,1.00
2017.03.08 17:54:03.355,1.34861,1.3487,1.50,1.50
2017.03.08 17:54:05.453,1.34863,1.3487,1.00,1.50
2017.03.08 17:54:06.703,1.34863,1.3487,1.12,1.12
2017.03.08 17:54:07.313,1.34864,1.3487,1.00,1.00
2017.03.08 17:54:08.005,1.34863,1.3487,2.62,1.12
2017.03.08 17:54:08.579,1.34864,1.3487,1.00,1.12
2017.03.08 17:54:09.236,1.34863,1.3487,2.62,1.00
2017.03.08 17:54:10.090,1.34864,1.3487,1.00,1.00
2017.03.08 17:54:10.763,1.34864,1.34873,1.00,1.87
2017.03.08 17:54:10.864,1.34866,1.34873,1.00,1.87
2017.03.08 17:54:11.171,1.34866,1.3487,1.00,1.00
2017.03.08 17:54:16.654,1.34864,1.3487,1.00,1.00
2017.03.08 17:54:20.520,1.34864,1.3487,2.62,1.50
2017.03.08 17:54:23.374,1.34864,1.34869,2.25,1.00
2017.03.08 17:54:23.476,1.34863,1.34867,1.50,1.00
2017.03.08 17:54:23.730,1.34857,1.34862,3.00,1.00
2017.03.08 17:54:25.573,1.34857,1.34864,1.50,1.50
2017.03.08 17:54:26.087,1.34858,1.34863,1.12,1.00
2017.03.08 17:54:26.139,1.34858,1.34865,1.12,1.12
2017.03.08 17:54:26.899,1.34858,1.34866,1.50,1.00
2017.03.08 17:54:26.952,1.3486,1.34866,1.00,1.00
2017.03.08 17:54:27.471,1.3486,1.34867,1.00,1.50
2017.03.08 17:54:28.049,1.34862,1.34867,1.00,1.00
2017.03.08 17:54:28.616,1.34862,1.34868,1.00,1.12
2017.03.08 17:54:28.921,1.34862,1.3487,1.37,1.12
2017.03.08 17:54:36.086,1.34864,1.3487,1.00,1.00
2017.03.08 17:54:36.851,1.34863,1.3487,3.00,1.00
2017.03.08 17:54:37.739,1.34863,1.34871,3.00,1.00
2017.03.08 17:54:38.956,1.34864,1.34871,1.50,1.00
2017.03.08 17:54:39.523,1.34865,1.34871,1.50,1.00
2017.03.08 17:54:45.877,1.34865,1.34873,2.25,1.00
2017.03.08 17:54:46.424,1.34865,1.34872,2.25,1.50
2017.03.08 17:54:46.475,1.34865,1.3487,1.50,1.00
2017.03.08 17:54:46.577,1.34864,1.3487,1.00,1.50
2017.03.08 17:54:46.679,1.34866,1.3487,1.00,1.00
2017.03.08 17:54:46.883,1.34864,1.3487,1.00,1.00
2017.03.08 17:54:49.214,1.34863,1.3487,2.25,1.00
2017.03.08 17:54:49.722,1.34863,1.34871,2.25,1.50
2017.03.08 17:54:50.223,1.34863,1.34871,1.12,2.62
2017.03.08 17:54:51.025,1.34862,1.3487,1.75,1.00
2017.03.08 17:54:55.531,1.34862,1.3487,1.37,1.12
2017.03.08 17:54:56.849,1.34866,1.3487,1.00,1.12
2017.03.08 17:54:57.001,1.34867,1.34872,1.00,1.00
2017.03.08 17:54:57.052,1.34869,1.34873,1.00,1.12
2017.03.08 17:54:57.103,1.34869,1.34875,1.12,1.00
2017.03.08 17:54:57.154,1.34869,1.34877,1.87,1.00
2017.03.08 17:54:57.205,1.3487,1.34877,1.50,1.00
2017.03.08 17:54:57.307,1.34869,1.34876,1.50,1.00
2017.03.08 17:54:57.922,1.34868,1.34876,1.50,1.00
2017.03.08 17:54:58.426,1.3487,1.34877,1.12,1.12
2017.03.08 17:54:58.933,1.34869,1.34877,1.00,1.12
2017.03.08 17:54:59.488,1.34869,1.34876,1.00,1.00
2017.03.08 17:55:00.038,1.3487,1.34878,1.50,1.12
2017.03.08 17:55:00.545,1.34875,1.34879,1.00,1.50
2017.03.08 17:55:00.597,1.34875,1.3488,1.50,1.00
2017.03.08 17:55:00.951,1.34873,1.3488,1.00,1.50
2017.03.08 17:55:01.551,1.34873,1.34878,1.50,1.00
2017.03.08 17:55:02.081,1.34872,1.34877,1.00,1.00
2017.03.08 17:55:02.576,1.34872,1.34879,1.00,1.00
2017.03.08 17:55:03.082,1.34873,1.34878,1.12,1.50
2017.03.08 17:55:03.692,1.34872,1.34878,1.50,1.00
2017.03.08 17:55:05.080,1.34871,1.34878,1.87,1.00
2017.03.08 17:55:05.600,1.34872,1.34879,1.00,1.00
2017.03.08 17:55:06.118,1.34871,1.34879,1.87,1.00
2017.03.08 17:55:06.648,1.34872,1.34879,1.00,1.00
2017.03.08 17:55:07.170,1.34871,1.34879,1.87,1.00
2017.03.08 17:55:07.682,1.34872,1.34879,1.00,1.00
2017.03.08 17:55:09.109,1.34871,1.34879,2.25,1.00
2017.03.08 17:55:11.085,1.34871,1.34878,2.25,1.00
2017.03.08 17:55:11.230,1.34872,1.34876,1.12,1.00
2017.03.08 17:55:11.282,1.34872,1.34878,1.12,1.00
2017.03.08 17:55:11.789,1.34871,1.34877,1.50,1.00
2017.03.08 17:55:12.294,1.3487,1.34877,2.25,1.00
2017.03.08 17:55:12.396,1.34871,1.34875,1.50,1.00
2017.03.08 17:55:12.590,1.34871,1.34878,2.25,1.50
2017.03.08 17:55:12.741,1.34871,1.34877,1.50,2.25
2017.03.08 17:55:13.059,1.3487,1.34874,3.75,1.00
2017.03.08 17:55:13.224,1.34871,1.34878,1.50,1.50
2017.03.08 17:55:13.277,1.34871,1.34875,1.00,1.00
2017.03.08 17:55:13.875,1.3487,1.34876,2.25,1.00
2017.03.08 17:55:14.393,1.3487,1.34878,1.50,1.00
2017.03.08 17:55:14.898,1.3487,1.34877,1.87,1.12
2017.03.08 17:55:15.653,1.3487,1.34876,1.12,1.00
2017.03.08 17:55:17.137,1.34869,1.34878,1.37,1.37
2017.03.08 17:55:17.440,1.34868,1.34877,1.50,1.50
2017.03.08 17:55:18.019,1.34869,1.34877,1.00,1.00
2017.03.08 17:55:20.905,1.34872,1.34877,1.00,1.00
2017.03.08 17:55:25.053,1.34871,1.34879,3.00,4.87
2017.03.08 17:55:25.561,1.34872,1.34878,1.50,1.37
2017.03.08 17:55:26.067,1.34874,1.34879,1.50,2.62
2017.03.08 17:55:26.371,1.34877,1.34881,1.50,3.37
2017.03.08 17:55:26.921,1.34877,1.34881,1.50,3.37
2017.03.08 17:55:27.073,1.34873,1.3488,3.00,1.00
2017.03.08 17:55:27.275,1.34874,1.3488,1.50,3.37
2017.03.08 17:55:27.478,1.34876,1.34881,1.50,1.50
2017.03.08 17:55:28.792,1.34874,1.34881,1.50,1.00
2017.03.08 17:55:29.333,1.34874,1.3488,1.50,1.00
2017.03.08 17:55:30.572,1.34873,1.3488,3.00,1.00
2017.03.08 17:55:31.099,1.34874,1.3488,1.50,1.00
2017.03.08 17:55:31.687,1.34873,1.3488,3.00,1.00
2017.03.08 17:55:32.457,1.34874,1.3488,1.50,1.00
2017.03.08 17:55:33.010,1.34873,1.3488,3.00,1.00
2017.03.08 17:55:33.668,1.34874,1.3488,1.50,1.00
2017.03.08 17:55:34.826,1.34873,1.3488,3.00,1.00
2017.03.08 17:55:34.927,1.34877,1.34881,1.50,1.50
2017.03.08 17:55:35.585,1.34877,1.34883,1.50,5.25
2017.03.08 17:55:36.091,1.34877,1.34883,1.50,1.87
2017.03.08 17:55:36.571,1.34876,1.34882,3.00,3.37
2017.03.08 17:55:36.875,1.34877,1.34882,1.50,1.00
2017.03.08 17:55:37.784,1.34877,1.34883,1.50,1.50
2017.03.08 17:55:40.359,1.34877,1.34883,3.37,1.00
2017.03.08 17:55:40.613,1.34878,1.34885,3.00,1.50
2017.03.08 17:55:41.118,1.34878,1.34884,3.00,1.00
2017.03.08 17:55:41.876,1.34879,1.34884,1.50,1.00
2017.03.08 17:55:42.588,1.34878,1.34884,3.00,1.00
2017.03.08 17:55:43.145,1.34879,1.34885,1.50,2.25
2017.03.08 17:55:43.754,1.34878,1.34884,3.00,1.12
2017.03.08 17:55:44.262,1.34879,1.34884,1.50,3.00
2017.03.08 17:55:44.921,1.34878,1.34884,3.00,3.37
2017.03.08 17:55:45.522,1.34879,1.34884,1.50,3.37
2017.03.08 17:55:46.403,1.34878,1.34884,3.75,2.62
2017.03.08 17:55:46.606,1.34881,1.34887,1.50,1.50
2017.03.08 17:55:48.487,1.34881,1.34888,2.25,3.37
2017.03.08 17:55:48.691,1.34881,1.34888,2.62,1.12
2017.03.08 17:55:49.155,1.34884,1.34889,1.50,3.37
2017.03.08 17:55:50.224,1.34884,1.34889,3.00,1.50
2017.03.08 17:55:52.191,1.34882,1.34889,3.00,1.00
2017.03.08 17:55:52.702,1.34882,1.34891,4.12,1.37
2017.03.08 17:55:52.804,1.34884,1.34892,1.00,1.00
2017.03.08 17:55:53.306,1.34883,1.34892,1.50,2.62
2017.03.08 17:55:55.314,1.34883,1.34892,6.75,1.50
2017.03.08 17:55:55.992,1.34885,1.34892,3.37,1.00
2017.03.08 17:55:56.231,1.34888,1.34894,1.00,1.12
2017.03.08 17:55:57.835,1.34885,1.34892,1.87,1.00
2017.03.08 17:56:00.181,1.34887,1.34894,1.00,1.12
2017.03.08 17:56:00.494,1.34887,1.34892,1.00,1.00
2017.03.08 17:56:00.836,1.34889,1.34895,1.00,1.37
2017.03.08 17:56:00.937,1.3489,1.34898,1.50,2.62
2017.03.08 17:56:01.038,1.3489,1.34899,1.50,1.00
2017.03.08 17:56:01.089,1.3489,1.34897,1.50,1.00
2017.03.08 17:56:01.597,1.3489,1.34898,1.00,2.62
2017.03.08 17:56:02.114,1.3489,1.34899,1.37,1.87
2017.03.08 17:56:03.177,1.34889,1.34897,2.25,1.00
2017.03.08 17:56:03.228,1.34889,1.34897,1.50,1.12
2017.03.08 17:56:05.333,1.34888,1.34896,6.00,1.50
2017.03.08 17:56:05.384,1.34888,1.34892,3.00,1.00
2017.03.08 17:56:05.891,1.34888,1.34895,4.50,3.00
2017.03.08 17:56:05.942,1.34889,1.34896,2.25,2.25
2017.03.08 17:56:06.145,1.34889,1.34897,1.50,1.50
2017.03.08 17:56:06.652,1.34888,1.34896,4.87,1.00
2017.03.08 17:56:07.264,1.34889,1.34896,2.25,1.50
2017.03.08 17:56:07.809,1.34888,1.34896,4.87,1.00
2017.03.08 17:56:08.334,1.34889,1.34894,2.25,1.00
2017.03.08 17:56:08.868,1.34888,1.34895,4.87,1.50
2017.03.08 17:56:09.430,1.34889,1.34894,2.25,1.00
2017.03.08 17:56:09.989,1.34888,1.34895,4.87,1.50
2017.03.08 17:56:10.711,1.34889,1.34894,2.25,1.00
2017.03.08 17:56:11.217,1.34889,1.34893,2.62,1.00
2017.03.08 17:56:11.873,1.34888,1.34894,4.87,1.00
2017.03.08 17:56:12.395,1.34889,1.34893,2.25,1.00
2017.03.08 17:56:12.900,1.34888,1.34894,4.87,1.00
2017.03.08 17:56:13.423,1.34889,1.34893,2.62,1.00
2017.03.08 17:56:13.928,1.34888,1.34894,4.87,1.00
2017.03.08 17:56:14.468,1.34889,1.34894,1.50,1.00
2017.03.08 17:56:14.519,1.34888,1.34897,3.00,3.37
2017.03.08 17:56:15.040,1.34888,1.34897,3.37,3.25
2017.03.08 17:56:15.550,1.34888,1.34898,3.37,2.25
2017.03.08 17:56:16.113,1.34889,1.34898,1.50,4.00
2017.03.08 17:56:16.371,1.34888,1.34897,3.37,1.87
2017.03.08 17:56:16.890,1.34889,1.34896,1.50,1.87
2017.03.08 17:56:17.431,1.34889,1.34896,1.50,3.00
2017.03.08 17:56:17.973,1.34888,1.34895,3.00,1.50
2017.03.08 17:56:18.524,1.34889,1.34893,1.50,1.50
2017.03.08 17:56:19.030,1.34888,1.34893,3.00,1.00
2017.03.08 17:56:19.581,1.34889,1.34893,1.50,1.50
2017.03.08 17:56:20.091,1.34888,1.34893,3.00,1.00
2017.03.08 17:56:20.601,1.34889,1.34893,1.50,1.50
2017.03.08 17:56:21.191,1.34888,1.34893,3.00,1.00
2017.03.08 17:56:21.764,1.34889,1.34893,1.50,1.50
2017.03.08 17:56:22.274,1.34888,1.34893,1.87,1.50
2017.03.08 17:56:22.982,1.34886,1.34893,2.25,1.50
2017.03.08 17:56:23.644,1.34886,1.34893,1.00,1.12
2017.03.08 17:56:24.852,1.34887,1.34893,1.50,1.87
2017.03.08 17:56:35.990,1.34887,1.34894,1.12,1.12
2017.03.08 17:56:36.192,1.34888,1.34896,1.50,1.00
2017.03.08 17:56:36.395,1.34891,1.34899,1.00,3.00
2017.03.08 17:56:36.920,1.3489,1.34899,1.87,1.37
2017.03.08 17:56:38.241,1.34892,1.349,1.00,3.37
2017.03.08 17:56:38.393,1.34892,1.34901,1.87,3.00
2017.03.08 17:56:38.899,1.34892,1.34899,1.00,1.37
2017.03.08 17:56:39.422,1.34891,1.34899,1.12,1.00
2017.03.08 17:56:45.722,1.34891,1.349,1.87,4.12
2017.03.08 17:56:46.127,1.34897,1.34901,1.12,1.12
2017.03.08 17:56:46.228,1.34898,1.34903,1.12,1.00
2017.03.08 17:56:46.280,1.34899,1.34905,1.00,2.62
2017.03.08 17:56:46.385,1.34899,1.34903,1.00,1.00
2017.03.08 17:56:46.436,1.34895,1.34901,3.37,1.00
2017.03.08 17:56:46.487,1.34895,1.34901,3.75,1.00
2017.03.08 17:56:46.976,1.34894,1.34902,2.25,1.50
2017.03.08 17:56:47.027,1.34894,1.349,2.25,1.00
2017.03.08 17:56:47.381,1.34895,1.34903,2.25,1.12
2017.03.08 17:56:47.432,1.34898,1.34904,1.50,4.12
2017.03.08 17:56:47.534,1.34898,1.34904,1.50,2.25
2017.03.08 17:56:48.132,1.34899,1.34904,1.00,1.50
2017.03.08 17:56:48.412,1.34898,1.34906,2.25,1.50
2017.03.08 17:56:48.930,1.34899,1.34906,1.00,2.25
2017.03.08 17:56:50.122,1.34902,1.34906,1.50,1.12
2017.03.08 17:56:50.688,1.34901,1.34906,3.00,1.12
2017.03.08 17:56:51.013,1.34897,1.34901,1.50,1.50
2017.03.08 17:56:51.115,1.34893,1.34899,1.00,1.00
2017.03.08 17:56:51.216,1.34892,1.34899,2.62,1.00
2017.03.08 17:56:51.523,1.34893,1.34898,1.00,1.00
2017.03.08 17:56:52.028,1.34891,1.34898,4.50,1.00
2017.03.08 17:56:52.536,1.34891,1.34898,3.37,1.12
2017.03.08 17:56:52.831,1.34893,1.34898,1.50,1.87
2017.03.08 17:56:53.338,1.34894,1.34898,1.50,1.50
2017.03.08 17:56:54.121,1.34893,1.34897,3.00,1.00
2017.03.08 17:56:55.618,1.34894,1.34898,1.50,1.12
2017.03.08 17:56:56.589,1.34893,1.34897,3.00,1.00
2017.03.08 17:56:58.225,1.34894,1.34899,1.50,1.59
2017.03.08 17:56:58.763,1.34893,1.34898,3.00,1.00
2017.03.08 17:56:59.742,1.34891,1.34898,2.25,1.00
2017.03.08 17:56:59.981,1.34891,1.34896,1.50,1.00
2017.03.08 17:57:00.548,1.34892,1.34897,1.50,1.00
2017.03.08 17:57:02.074,1.34894,1.34898,1.50,1.00
2017.03.08 17:57:02.579,1.34894,1.34898,1.50,1.00
2017.03.08 17:57:03.109,1.34895,1.34899,1.50,1.00
2017.03.08 17:57:07.915,1.34895,1.349,1.00,1.12
2017.03.08 17:57:08.243,1.34895,1.34902,1.37,1.87
2017.03.08 17:57:08.828,1.34896,1.34901,1.00,1.00
2017.03.08 17:57:09.330,1.34895,1.34902,1.50,1.00
2017.03.08 17:57:09.831,1.34894,1.34902,3.75,1.00
2017.03.08 17:57:10.335,1.34894,1.34901,3.75,1.00
2017.03.08 17:57:10.437,1.34896,1.34901,1.50,1.00
2017.03.08 17:57:11.006,1.34896,1.34902,3.00,1.00
2017.03.08 17:57:11.310,1.34901,1.34905,1.50,1.00
2017.03.08 17:57:11.855,1.349,1.34906,3.37,1.00
2017.03.08 17:57:12.979,1.34901,1.34906,3.00,1.00
2017.03.08 17:57:13.764,1.34902,1.34906,1.50,1.00
2017.03.08 17:57:14.346,1.34903,1.34907,1.00,1.87
2017.03.08 17:57:15.059,1.34902,1.34906,1.50,1.50
2017.03.08 17:57:15.769,1.34903,1.34907,1.00,1.87
2017.03.08 17:57:16.358,1.34902,1.34906,1.50,1.50
2017.03.08 17:57:17.360,1.34898,1.34906,1.87,1.00
2017.03.08 17:57:17.411,1.34898,1.34905,2.62,1.12
2017.03.08 17:57:18.953,1.34899,1.34905,1.00,1.87
2017.03.08 17:57:19.460,1.34898,1.34904,2.25,1.00
2017.03.08 17:57:19.991,1.34899,1.34904,1.00,1.00
2017.03.08 17:57:21.077,1.34898,1.34904,3.75,1.00
2017.03.08 17:57:21.608,1.34901,1.34906,1.00,1.50
2017.03.08 17:57:22.116,1.34902,1.34907,1.00,2.62
2017.03.08 17:57:22.522,1.34903,1.34908,1.00,1.50
2017.03.08 17:57:22.876,1.34903,1.34909,1.00,1.12
2017.03.08 17:57:23.495,1.34903,1.34908,1.00,1.00
2017.03.08 17:57:24.034,1.34903,1.34909,1.00,1.87
2017.03.08 17:57:24.237,1.34903,1.34908,1.00,2.25
2017.03.08 17:57:24.743,1.34902,1.34907,1.00,1.37
2017.03.08 17:57:24.945,1.34901,1.34907,1.00,1.37
2017.03.08 17:57:25.148,1.34899,1.34903,1.12,1.00
2017.03.08 17:57:25.250,1.34897,1.34903,2.25,1.50
2017.03.08 17:57:25.754,1.34898,1.34902,1.00,1.00
2017.03.08 17:57:26.259,1.34899,1.34903,1.00,1.12
2017.03.08 17:57:26.462,1.34897,1.34902,3.75,1.00
2017.03.08 17:57:26.969,1.34898,1.34902,1.50,1.00
2017.03.08 17:57:27.476,1.34897,1.34902,3.75,1.00
2017.03.08 17:57:27.990,1.34898,1.34902,1.50,1.00
2017.03.08 17:57:28.528,1.34897,1.34902,4.12,1.00
2017.03.08 17:57:28.949,1.34898,1.34905,1.50,1.87
2017.03.08 17:57:29.495,1.34899,1.34905,1.00,1.50
2017.03.08 17:57:30.008,1.349,1.34905,1.00,1.50
2017.03.08 17:57:37.100,1.349,1.34904,1.00,1.00
2017.03.08 17:57:37.628,1.34899,1.34904,1.00,1.00
2017.03.08 17:57:38.153,1.34899,1.34905,1.00,1.00
2017.03.08 17:57:38.457,1.34901,1.34905,1.00,1.00
2017.03.08 17:57:38.729,1.34897,1.34902,3.00,1.00
2017.03.08 17:57:39.259,1.34896,1.34902,3.75,1.00
2017.03.08 17:57:39.761,1.34897,1.34902,1.00,1.00
2017.03.08 17:57:50.374,1.34898,1.34905,1.00,4.12
2017.03.08 17:57:50.861,1.34902,1.34907,1.00,2.62
2017.03.08 17:57:51.065,1.34902,1.34908,1.00,1.50
2017.03.08 17:57:51.470,1.34901,1.34905,2.25,1.00
2017.03.08 17:57:51.672,1.34896,1.34902,1.87,3.00
2017.03.08 17:57:51.723,1.34897,1.34901,1.50,2.25
2017.03.08 17:57:52.883,1.34897,1.34902,1.50,1.50
2017.03.08 17:57:53.449,1.34898,1.34904,1.50,1.00
2017.03.08 17:57:54.061,1.34899,1.34904,1.50,2.25
2017.03.08 17:57:54.617,1.34898,1.34904,3.00,1.50
2017.03.08 17:57:54.919,1.34901,1.34905,1.50,1.00
2017.03.08 17:57:55.071,1.34901,1.34907,1.50,1.87
2017.03.08 17:57:55.759,1.34905,1.34909,1.50,2.62
2017.03.08 17:57:55.810,1.34905,1.34911,3.00,3.75
2017.03.08 17:57:55.912,1.34906,1.34911,1.00,1.12
2017.03.08 17:57:56.419,1.34907,1.34911,3.00,1.00
2017.03.08 17:57:57.789,1.34907,1.34915,3.75,3.00
2017.03.08 17:57:57.840,1.34907,1.34911,1.50,1.00
2017.03.08 17:58:00.644,1.34907,1.34915,3.75,3.00
2017.03.08 17:58:01.115,1.34907,1.34912,1.50,1.00
2017.03.08 17:58:01.620,1.34906,1.34912,1.00,2.25
2017.03.08 17:58:02.170,1.34906,1.34912,1.12,1.00
2017.03.08 17:58:02.913,1.34907,1.34912,3.00,1.00
2017.03.08 17:58:07.044,1.34906,1.34914,3.37,1.12
2017.03.08 17:58:07.246,1.34909,1.34916,1.50,3.75
2017.03.08 17:58:07.904,1.34909,1.34916,2.25,2.62
2017.03.08 17:58:08.410,1.3491,1.34915,3.00,1.50
2017.03.08 17:58:08.824,1.34912,1.34917,1.50,2.25
2017.03.08 17:58:09.343,1.34913,1.34918,1.00,1.50
2017.03.08 17:58:09.886,1.34911,1.34918,3.75,1.50
2017.03.08 17:58:10.861,1.34912,1.34919,1.00,2.62
2017.03.08 17:58:10.963,1.34914,1.34919,1.00,2.25
2017.03.08 17:58:11.113,1.34914,1.34921,3.00,3.00
2017.03.08 17:58:11.316,1.34915,1.34922,1.00,1.00
2017.03.08 17:58:13.661,1.34916,1.34922,2.25,1.00
2017.03.08 17:58:14.191,1.34915,1.34922,4.12,1.00
2017.03.08 17:58:14.709,1.34916,1.34922,1.50,1.00
2017.03.08 17:58:15.421,1.34915,1.34922,1.12,1.00
2017.03.08 17:58:15.945,1.34916,1.34922,1.00,1.00
2017.03.08 17:58:16.450,1.34915,1.34922,1.12,1.00
2017.03.08 17:58:16.972,1.34916,1.34922,1.00,1.50
2017.03.08 17:58:19.560,1.34916,1.3492,1.00,1.00
2017.03.08 17:58:19.813,1.34916,1.34922,1.00,1.87
2017.03.08 17:58:21.621,1.34915,1.34919,2.62,1.00
2017.03.08 17:58:21.875,1.34911,1.34915,1.50,1.00
2017.03.08 17:58:22.393,1.34912,1.34916,1.50,2.25
2017.03.08 17:58:24.736,1.34914,1.34919,2.25,1.37
2017.03.08 17:58:24.837,1.34915,1.34921,2.25,1.00
2017.03.08 17:58:25.344,1.34915,1.3492,1.00,1.00
2017.03.08 17:58:25.959,1.34916,1.34921,1.00,1.50
2017.03.08 17:58:26.111,1.34914,1.34921,1.00,1.50
2017.03.08 17:58:26.263,1.34914,1.34918,1.00,1.00
2017.03.08 17:58:26.770,1.34913,1.3492,1.00,1.37
2017.03.08 17:58:27.258,1.34913,1.34917,1.00,1.00
2017.03.08 17:58:27.461,1.34913,1.34921,1.00,4.87
2017.03.08 17:58:27.664,1.34912,1.34917,3.37,1.00
2017.03.08 17:58:28.360,1.34913,1.34918,1.50,1.00
2017.03.08 17:58:28.941,1.34913,1.34919,1.50,1.12
2017.03.08 17:58:29.454,1.34913,1.34918,1.50,1.12
2017.03.08 17:58:29.936,1.34912,1.3492,1.87,1.00
2017.03.08 17:58:30.037,1.34914,1.3492,1.00,1.00
2017.03.08 17:58:30.543,1.34915,1.34921,1.00,1.12
2017.03.08 17:58:30.644,1.34913,1.34921,2.25,1.12
2017.03.08 17:58:31.302,1.34914,1.3492,1.00,1.00
2017.03.08 17:58:31.934,1.34913,1.34921,1.50,1.12
2017.03.08 17:58:32.961,1.34914,1.3492,1.00,1.00
2017.03.08 17:58:33.502,1.34913,1.3492,1.00,1.00
2017.03.08 17:58:34.018,1.34914,1.3492,1.00,1.00
2017.03.08 17:58:34.630,1.34914,1.34921,1.00,1.12
2017.03.08 17:58:35.289,1.34914,1.3492,1.00,1.00
2017.03.08 17:58:35.883,1.34914,1.34921,1.00,1.12
2017.03.08 17:58:36.726,1.34914,1.3492,1.00,1.00
2017.03.08 17:58:37.252,1.34913,1.34921,1.00,1.12
2017.03.08 17:58:37.790,1.34913,1.3492,1.50,1.00
2017.03.08 17:58:38.473,1.34913,1.34921,1.00,1.12
2017.03.08 17:58:39.183,1.34913,1.3492,1.50,1.00
2017.03.08 17:58:39.689,1.34913,1.34921,1.00,1.12
2017.03.08 17:58:40.240,1.34913,1.3492,1.50,1.00
2017.03.08 17:58:40.849,1.34913,1.34921,1.00,1.12
2017.03.08 17:58:41.396,1.34914,1.34921,1.00,1.12
2017.03.08 17:58:41.785,1.34915,1.34922,1.37,1.50
2017.03.08 17:58:41.887,1.34913,1.34922,1.00,1.50
2017.03.08 17:58:41.988,1.34915,1.34922,1.00,1.50
2017.03.08 17:58:42.533,1.34914,1.34922,1.00,1.50
2017.03.08 17:58:44.294,1.34914,1.34922,2.25,1.00
2017.03.08 17:58:45.706,1.34915,1.34922,1.87,1.00
2017.03.08 17:58:54.592,1.34915,1.34919,1.12,1.00
2017.03.08 17:58:54.744,1.34915,1.34921,2.25,1.00
2017.03.08 17:58:54.795,1.34915,1.34921,1.00,2.62
2017.03.08 17:58:54.947,1.34916,1.34922,1.12,1.00
2017.03.08 17:58:55.049,1.34918,1.34924,1.00,1.50
2017.03.08 17:58:55.353,1.34917,1.34922,2.25,1.00
2017.03.08 17:58:56.013,1.34916,1.3492,1.12,1.00
2017.03.08 17:58:56.115,1.34915,1.34919,1.00,1.00
2017.03.08 17:58:56.218,1.34913,1.34919,1.00,1.12
2017.03.08 17:58:56.724,1.34914,1.3492,1.00,1.00
2017.03.08 17:58:57.214,1.34914,1.34922,1.87,1.87
2017.03.08 17:58:57.265,1.34917,1.34922,1.00,1.87
2017.03.08 17:58:57.534,1.34915,1.34922,1.12,1.87
2017.03.08 17:58:58.350,1.34915,1.34921,1.12,1.00
2017.03.08 17:58:58.858,1.34915,1.34922,1.87,1.12
2017.03.08 17:59:01.563,1.34914,1.34919,1.37,1.00
2017.03.08 17:59:02.169,1.34915,1.34921,1.00,1.37
2017.03.08 17:59:02.372,1.34913,1.34921,1.12,1.37
2017.03.08 17:59:02.878,1.34913,1.34919,1.12,1.00
2017.03.08 17:59:03.131,1.34916,1.34921,1.00,1.37
2017.03.08 17:59:03.233,1.34915,1.34922,1.87,1.12
2017.03.08 17:59:03.435,1.34914,1.34919,1.00,1.00
2017.03.08 17:59:03.638,1.34915,1.34921,1.50,1.00
2017.03.08 17:59:04.044,1.34916,1.34921,1.50,1.00
2017.03.08 17:59:04.549,1.34916,1.34921,1.50,1.00
2017.03.08 17:59:06.760,1.34916,1.34925,1.50,3.19
2017.03.08 17:59:06.862,1.34918,1.34924,1.00,1.37
2017.03.08 17:59:07.165,1.3492,1.34925,1.00,1.00
2017.03.08 17:59:07.797,1.3492,1.34926,1.00,1.00
2017.03.08 17:59:08.108,1.34919,1.34923,1.00,1.50
2017.03.08 17:59:08.159,1.34919,1.34923,1.00,1.50
2017.03.08 17:59:08.211,1.34916,1.34923,1.87,1.00
2017.03.08 17:59:08.784,1.3492,1.34924,1.00,1.00
2017.03.08 17:59:08.885,1.34918,1.34923,1.00,1.00
2017.03.08 17:59:08.987,1.34916,1.34924,3.00,1.50
2017.03.08 17:59:09.089,1.34917,1.34922,1.00,1.00
2017.03.08 17:59:09.142,1.34918,1.34924,1.00,1.12
2017.03.08 17:59:09.448,1.34922,1.34926,1.00,2.25
2017.03.08 17:59:09.651,1.34922,1.34926,1.50,1.00
2017.03.08 17:59:10.160,1.34922,1.34926,1.50,1.00
2017.03.08 17:59:12.321,1.34921,1.34927,3.00,2.62
2017.03.08 17:59:12.920,1.34922,1.34927,1.50,3.00
2017.03.08 17:59:12.972,1.34922,1.34927,1.50,1.12
2017.03.08 17:59:14.132,1.34921,1.34928,2.25,2.25
2017.03.08 17:59:14.658,1.34922,1.34929,1.00,3.00
2017.03.08 17:59:14.760,1.34923,1.3493,2.25,1.87
2017.03.08 17:59:14.913,1.34923,1.34927,1.00,1.00
2017.03.08 17:59:15.419,1.34923,1.34928,1.50,1.12
2017.03.08 17:59:16.151,1.34922,1.34929,3.75,1.50
2017.03.08 17:59:16.734,1.34923,1.34928,1.50,1.12
2017.03.08 17:59:17.239,1.34922,1.34929,3.75,1.50
2017.03.08 17:59:17.758,1.34923,1.34928,3.00,1.12
2017.03.08 17:59:18.460,1.34924,1.34929,1.00,1.50
2017.03.08 17:59:18.861,1.34922,1.34928,1.50,1.50
2017.03.08 17:59:19.367,1.34921,1.34929,3.00,4.12
2017.03.08 17:59:19.871,1.34922,1.34929,3.00,4.12
2017.03.08 17:59:20.498,1.34922,1.34929,1.50,1.00
2017.03.08 17:59:20.600,1.34922,1.34928,2.25,2.62
2017.03.08 17:59:20.701,1.34922,1.34929,3.75,1.00
2017.03.08 17:59:21.211,1.34922,1.3493,1.50,3.37
2017.03.08 17:59:21.739,1.34923,1.34929,1.00,1.50
2017.03.08 17:59:21.843,1.34921,1.34929,2.25,1.50
2017.03.08 17:59:22.365,1.34922,1.3493,3.00,3.37
2017.03.08 17:59:23.076,1.34921,1.3493,4.50,3.75
2017.03.08 17:59:23.948,1.34922,1.3493,1.50,4.50
2017.03.08 17:59:24.548,1.34921,1.34929,4.50,1.50
2017.03.08 17:59:25.067,1.34922,1.34928,1.50,1.12
2017.03.08 17:59:25.582,1.34921,1.34929,4.50,1.50
2017.03.08 17:59:27.313,1.34922,1.34928,1.50,1.12
2017.03.08 17:59:28.620,1.34921,1.34929,4.50,1.50
2017.03.08 17:59:29.174,1.34921,1.34929,4.50,1.12
2017.03.08 17:59:30.300,1.34922,1.34928,1.50,1.00
2017.03.08 17:59:30.862,1.34921,1.34929,4.50,1.12
2017.03.08 17:59:31.199,1.34923,1.3493,1.00,1.37
2017.03.08 17:59:31.402,1.34924,1.34932,1.87,2.62
2017.03.08 17:59:31.706,1.34922,1.34931,3.00,3.37
2017.03.08 17:59:31.807,1.34922,1.34931,3.37,1.87
2017.03.08 17:59:32.353,1.34923,1.3493,1.00,1.12
2017.03.08 17:59:33.802,1.34924,1.3493,1.00,1.12
2017.03.08 17:59:36.162,1.34926,1.34932,1.00,4.87
2017.03.08 17:59:36.409,1.34924,1.34932,1.12,1.87
2017.03.08 17:59:36.680,1.34925,1.34931,1.37,1.12
2017.03.08 17:59:37.186,1.34925,1.34931,1.75,1.00
2017.03.08 17:59:37.880,1.34925,1.34932,1.75,1.50
2017.03.08 17:59:38.478,1.34925,1.34931,1.75,1.00
2017.03.08 17:59:39.699,1.34924,1.34932,4.12,1.50
2017.03.08 17:59:40.762,1.34924,1.34931,3.37,1.00
2017.03.08 17:59:41.318,1.34924,1.34932,3.37,2.25
2017.03.08 17:59:41.622,1.34924,1.34929,1.12,1.00
2017.03.08 17:59:41.673,1.34924,1.34931,1.12,1.00
2017.03.08 17:59:42.179,1.34925,1.34932,1.00,1.00
2017.03.08 17:59:43.235,1.34926,1.3493,1.00,1.00
2017.03.08 17:59:43.738,1.34925,1.34929,1.00,1.00
2017.03.08 17:59:44.060,1.34922,1.34927,1.50,1.00
2017.03.08 17:59:44.212,1.3492,1.34927,4.12,1.00
2017.03.08 17:59:44.423,1.34921,1.34929,1.00,2.25
2017.03.08 17:59:44.525,1.34921,1.34929,3.00,1.87
2017.03.08 17:59:44.626,1.34921,1.34928,2.62,1.12
2017.03.08 17:59:44.829,1.34922,1.34926,1.00,3.00
2017.03.08 17:59:44.880,1.3492,1.34926,4.12,2.25
2017.03.08 17:59:44.932,1.3492,1.34924,2.62,3.60
2017.03.08 17:59:45.236,1.34913,1.3492,2.62,2.25
2017.03.08 17:59:45.338,1.34911,1.34919,2.62,1.00
2017.03.08 17:59:45.592,1.34913,1.34919,1.00,1.00
2017.03.08 17:59:45.895,1.34918,1.34925,2.25,1.00
2017.03.08 17:59:46.134,1.3492,1.34927,1.00,1.87
2017.03.08 17:59:46.236,1.34921,1.34927,1.00,3.37
2017.03.08 17:59:46.287,1.34919,1.34927,2.62,3.00
2017.03.08 17:59:46.338,1.3492,1.34927,1.12,1.00
2017.03.08 17:59:46.744,1.34921,1.34929,1.00,1.00
2017.03.08 17:59:47.385,1.3492,1.34929,2.25,1.00
2017.03.08 17:59:48.533,1.3492,1.34926,1.50,1.00
2017.03.08 17:59:48.685,1.34919,1.34928,2.62,2.25
2017.03.08 17:59:48.787,1.3492,1.34928,1.87,1.37
2017.03.08 17:59:49.292,1.3492,1.3493,3.37,4.87
2017.03.08 17:59:49.813,1.34922,1.34929,1.12,1.12
2017.03.08 17:59:50.320,1.34922,1.34929,2.25,1.12
2017.03.08 17:59:50.689,1.34925,1.34929,1.00,1.12
2017.03.08 17:59:50.841,1.34924,1.34931,1.00,1.87
2017.03.08 17:59:51.044,1.34924,1.3493,1.00,1.37
2017.03.08 17:59:51.550,1.34923,1.34931,1.87,2.25
2017.03.08 17:59:52.196,1.34922,1.34931,1.50,3.00
2017.03.08 17:59:54.281,1.34923,1.34931,1.00,3.75
2017.03.08 17:59:54.810,1.34922,1.3493,1.00,1.12
2017.03.08 17:59:55.592,1.34923,1.3493,1.00,1.12
2017.03.08 17:59:56.101,1.34925,1.34931,1.00,1.37
2017.03.08 17:59:56.608,1.34925,1.34931,1.12,1.00
2017.03.08 17:59:57.449,1.34925,1.34931,1.87,1.00
2017.03.08 17:59:57.652,1.34925,1.34931,1.12,1.00
2017.03.08 17:59:57.956,1.34928,1.34932,1.00,1.00
2017.03.08 17:59:58.007,1.34928,1.34934,1.00,1.12
2017.03.08 17:59:58.058,1.34931,1.34935,1.00,1.50
2017.03.08 17:59:58.567,1.34929,1.34935,1.37,1.50
2017.03.08 17:59:59.070,1.34929,1.34934,3.00,1.50
2017.03.08 17:59:59.630,1.34928,1.34937,6.75,1.50
2017.03.08 17:59:59.833,1.34933,1.34938,1.00,1.00
2017.03.08 17:59:59.986,1.34933,1.3494,1.00,1.12
