2015.07.31 14:00:00.114,1.29851,1.29878,2.25,1.50
2015.07.31 14:00:00.216,1.29851,1.2987,1.00,1.00
2015.07.31 14:00:00.522,1.29848,1.29858,1.00,1.00
2015.07.31 14:00:00.624,1.29847,1.29862,1.00,1.00
2015.07.31 14:00:00.675,1.29847,1.29864,1.00,1.00
2015.07.31 14:00:01.107,1.29847,1.29868,1.00,1.00
2015.07.31 14:00:01.632,1.29847,1.29865,1.00,1.00
2015.07.31 14:00:02.174,1.29847,1.29863,1.00,1.00
2015.07.31 14:00:02.480,1.29847,1.29859,1.00,1.00
2015.07.31 14:00:03.141,1.29847,1.29857,1.00,1.00
2015.07.31 14:00:03.649,1.29847,1.29857,1.00,1.37
2015.07.31 14:00:03.751,1.29847,1.29856,1.00,1.00
2015.07.31 14:00:03.802,1.29847,1.29857,1.00,1.47
2015.07.31 14:00:04.333,1.29847,1.29854,1.00,1.37
2015.07.31 14:00:04.384,1.29848,1.29854,1.00,1.00
2015.07.31 14:00:04.856,1.29847,1.29854,1.00,1.12
2015.07.31 14:00:05.161,1.29836,1.29854,1.57,1.12
2015.07.31 14:00:05.638,1.29839,1.29854,1.00,1.75
2015.07.31 14:00:06.056,1.29838,1.29853,1.00,3.75
2015.07.31 14:00:06.157,1.29835,1.29853,1.12,3.75
2015.07.31 14:00:06.310,1.29832,1.29838,1.12,1.50
2015.07.31 14:00:06.698,1.29831,1.29839,1.00,1.00
2015.07.31 14:00:06.750,1.29831,1.29844,1.00,1.00
2015.07.31 14:00:06.802,1.29831,1.29849,1.00,1.50
2015.07.31 14:00:07.209,1.29836,1.29851,1.00,1.12
2015.07.31 14:00:07.708,1.29838,1.29851,1.00,1.37
2015.07.31 14:00:08.063,1.29838,1.29854,1.00,1.37
2015.07.31 14:00:09.200,1.29839,1.29857,1.37,1.12
2015.07.31 14:00:09.251,1.29839,1.29857,1.00,1.87
2015.07.31 14:00:09.353,1.29838,1.29855,1.50,1.12
2015.07.31 14:00:09.760,1.2984,1.29855,1.00,3.00
2015.07.31 14:00:10.208,1.29838,1.29852,1.00,1.12
2015.07.31 14:00:11.165,1.2984,1.29851,1.50,1.12
2015.07.31 14:00:11.470,1.29846,1.29852,1.00,1.12
2015.07.31 14:00:12.360,1.29846,1.29855,1.50,2.25
2015.07.31 14:00:12.666,1.29844,1.29854,1.50,4.12
2015.07.31 14:00:13.116,1.29848,1.29855,1.00,1.37
2015.07.31 14:00:14.187,1.29847,1.29857,1.00,1.75
2015.07.31 14:00:14.752,1.29847,1.29858,1.00,1.75
2015.07.31 14:00:15.520,1.29848,1.29858,1.00,2.25
2015.07.31 14:00:15.572,1.29858,1.29864,1.00,1.47
2015.07.31 14:00:15.928,1.29861,1.29871,1.00,3.37
2015.07.31 14:00:16.604,1.2986,1.29874,1.50,1.00
2015.07.31 14:00:17.112,1.29862,1.29876,1.00,1.35
2015.07.31 14:00:17.620,1.2987,1.29874,1.00,1.00
2015.07.31 14:00:17.671,1.29884,1.29899,1.00,1.75
2015.07.31 14:00:17.723,1.29884,1.29902,1.00,1.00
2015.07.31 14:00:18.334,1.29884,1.29903,1.50,1.87
2015.07.31 14:00:19.120,1.29883,1.29892,1.50,2.10
2015.07.31 14:00:19.223,1.29883,1.29894,1.00,1.35
2015.07.31 14:00:19.325,1.29882,1.29893,1.00,2.47
2015.07.31 14:00:19.430,1.29879,1.29891,1.50,1.30
2015.07.31 14:00:19.583,1.29881,1.29892,1.00,1.30
2015.07.31 14:00:20.169,1.29886,1.29894,1.00,1.35
2015.07.31 14:00:20.680,1.29887,1.29892,1.50,1.30
2015.07.31 14:00:21.776,1.29888,1.29895,1.00,2.85
2015.07.31 14:00:22.425,1.29895,1.299,1.00,1.37
2015.07.31 14:00:22.477,1.29897,1.29909,1.00,3.19
2015.07.31 14:00:22.528,1.29902,1.29909,1.00,1.69
2015.07.31 14:00:22.835,1.29912,1.29917,3.00,1.50
2015.07.31 14:00:22.937,1.29916,1.29926,1.00,1.20
2015.07.31 14:00:23.393,1.29918,1.29923,1.00,1.00
2015.07.31 14:00:23.444,1.29918,1.29928,1.00,1.52
2015.07.31 14:00:23.496,1.29915,1.29924,1.50,1.00
2015.07.31 14:00:23.802,1.29914,1.29921,1.00,1.35
2015.07.31 14:00:23.854,1.29908,1.29921,1.00,1.35
2015.07.31 14:00:23.911,1.29907,1.29919,1.50,1.00
2015.07.31 14:00:24.446,1.29906,1.29922,1.35,1.37
2015.07.31 14:00:24.498,1.29906,1.29922,1.35,1.00
2015.07.31 14:00:25.016,1.29907,1.29922,1.35,1.37
2015.07.31 14:00:25.914,1.29907,1.2992,1.35,1.50
2015.07.31 14:00:26.832,1.29908,1.2992,1.50,1.37
2015.07.31 14:00:27.138,1.29906,1.29911,1.00,1.05
2015.07.31 14:00:27.594,1.29906,1.29915,1.00,1.12
2015.07.31 14:00:27.696,1.29909,1.29917,1.00,1.50
2015.07.31 14:00:28.049,1.29912,1.29917,3.75,1.00
2015.07.31 14:00:28.100,1.29918,1.29928,1.00,1.45
2015.07.31 14:00:28.203,1.29915,1.29926,1.00,2.02
2015.07.31 14:00:28.407,1.29917,1.29931,1.60,1.37
2015.07.31 14:00:28.561,1.29916,1.29927,2.25,1.37
2015.07.31 14:00:28.664,1.29916,1.2993,1.00,1.45
2015.07.31 14:00:28.766,1.29916,1.2993,1.00,1.37
2015.07.31 14:00:29.596,1.2992,1.2993,1.00,1.37
2015.07.31 14:00:29.671,1.2992,1.29934,1.50,1.37
2015.07.31 14:00:29.773,1.29923,1.29934,1.00,1.37
2015.07.31 14:00:29.977,1.29915,1.29926,1.00,1.12
2015.07.31 14:00:30.182,1.29913,1.29921,2.25,1.00
2015.07.31 14:00:30.284,1.29911,1.29921,1.00,1.00
2015.07.31 14:00:30.386,1.29909,1.29921,1.50,1.37
2015.07.31 14:00:30.787,1.29911,1.29921,1.50,1.37
2015.07.31 14:00:31.267,1.29916,1.29925,2.10,3.15
2015.07.31 14:00:31.471,1.29922,1.29933,2.85,5.25
2015.07.31 14:00:31.624,1.29924,1.29934,1.00,4.50
2015.07.31 14:00:32.051,1.29924,1.29935,1.00,1.50
2015.07.31 14:00:32.762,1.29923,1.29935,1.00,2.10
2015.07.31 14:00:33.239,1.29919,1.29923,1.00,1.00
2015.07.31 14:00:33.292,1.29914,1.29923,1.57,1.60
2015.07.31 14:00:33.343,1.29914,1.29923,1.00,2.10
2015.07.31 14:00:33.597,1.29911,1.29922,1.00,1.30
2015.07.31 14:00:34.156,1.29909,1.29921,1.42,2.25
2015.07.31 14:00:34.462,1.29909,1.29918,1.00,1.75
2015.07.31 14:00:35.449,1.2991,1.29918,1.00,1.57
2015.07.31 14:00:36.375,1.29906,1.29918,1.00,1.80
2015.07.31 14:00:37.532,1.29912,1.29917,1.35,1.47
2015.07.31 14:00:37.583,1.29911,1.29916,1.60,1.00
2015.07.31 14:00:37.635,1.29916,1.29922,2.85,1.00
2015.07.31 14:00:37.686,1.29918,1.29924,2.10,4.12
2015.07.31 14:00:37.737,1.29918,1.29925,2.85,1.35
2015.07.31 14:00:37.890,1.29917,1.29921,1.00,2.10
2015.07.31 14:00:37.992,1.29908,1.29919,1.50,2.10
2015.07.31 14:00:38.145,1.29906,1.29918,1.00,2.10
2015.07.31 14:00:38.511,1.29906,1.29914,1.00,1.00
2015.07.31 14:00:38.669,1.29904,1.29914,1.10,1.00
2015.07.31 14:00:38.771,1.29904,1.29912,1.42,1.00
2015.07.31 14:00:39.178,1.29904,1.29912,2.17,1.50
2015.07.31 14:00:40.142,1.29903,1.29912,1.07,1.50
2015.07.31 14:00:40.245,1.29902,1.2991,1.27,1.00
2015.07.31 14:00:40.450,1.29901,1.29912,2.10,1.50
2015.07.31 14:00:41.255,1.29894,1.299,1.12,1.60
2015.07.31 14:00:41.359,1.29893,1.29897,1.00,1.50
2015.07.31 14:00:41.562,1.29895,1.29899,1.00,1.12
2015.07.31 14:00:41.614,1.29895,1.299,1.00,1.95
2015.07.31 14:00:41.869,1.29895,1.29899,1.00,1.35
2015.07.31 14:00:42.390,1.29894,1.29898,1.00,1.00
2015.07.31 14:00:42.493,1.29895,1.29899,1.00,1.00
2015.07.31 14:00:42.545,1.29894,1.29898,1.00,1.00
2015.07.31 14:00:42.647,1.29898,1.29903,1.00,3.75
2015.07.31 14:00:42.699,1.29896,1.29902,1.00,3.75
2015.07.31 14:00:42.854,1.29894,1.29904,1.00,1.00
2015.07.31 14:00:42.957,1.29893,1.29897,1.10,1.00
2015.07.31 14:00:43.383,1.29895,1.299,1.00,3.75
2015.07.31 14:00:43.895,1.29893,1.29899,1.00,2.25
2015.07.31 14:00:44.470,1.29894,1.29898,1.00,1.00
2015.07.31 14:00:44.522,1.29897,1.29902,1.00,1.12
2015.07.31 14:00:44.678,1.29896,1.299,1.00,1.00
2015.07.31 14:00:44.881,1.29896,1.29902,1.00,1.00
2015.07.31 14:00:45.485,1.29896,1.299,1.00,1.00
2015.07.31 14:00:46.010,1.29896,1.299,1.00,1.00
2015.07.31 14:00:46.061,1.29896,1.29902,1.00,3.00
2015.07.31 14:00:46.367,1.29896,1.299,1.00,1.00
2015.07.31 14:00:46.830,1.29896,1.29902,1.00,1.00
2015.07.31 14:00:46.983,1.29896,1.29904,1.00,2.62
2015.07.31 14:00:47.356,1.29896,1.29902,1.00,1.00
2015.07.31 14:00:47.877,1.29896,1.29903,1.00,1.00
2015.07.31 14:00:48.383,1.29895,1.29903,1.00,1.00
2015.07.31 14:00:48.998,1.29896,1.29903,1.00,1.00
2015.07.31 14:00:49.508,1.29895,1.29903,1.00,1.00
2015.07.31 14:00:50.673,1.29895,1.29902,1.00,1.37
2015.07.31 14:00:51.874,1.29895,1.29902,1.00,2.25
2015.07.31 14:00:52.389,1.29895,1.29899,1.00,1.50
2015.07.31 14:00:52.998,1.29891,1.29899,1.00,1.50
2015.07.31 14:00:53.364,1.29892,1.29897,1.00,1.00
2015.07.31 14:00:55.797,1.29892,1.29898,1.00,1.00
2015.07.31 14:00:55.899,1.29892,1.299,1.00,1.12
2015.07.31 14:00:56.581,1.29895,1.29904,1.00,1.35
2015.07.31 14:00:56.784,1.29895,1.29904,1.00,1.72
2015.07.31 14:00:57.290,1.29895,1.29904,1.00,1.12
2015.07.31 14:00:57.885,1.29894,1.29902,1.00,1.12
2015.07.31 14:00:58.088,1.29894,1.29904,1.00,1.12
2015.07.31 14:00:58.597,1.29895,1.29905,1.00,1.50
2015.07.31 14:00:59.046,1.29891,1.29899,1.00,1.00
2015.07.31 14:00:59.097,1.29888,1.29899,1.00,1.50
2015.07.31 14:00:59.858,1.29888,1.29898,1.00,1.00
2015.07.31 14:00:59.909,1.29888,1.29896,1.00,1.00
2015.07.31 14:01:00.749,1.29887,1.29896,1.00,3.75
2015.07.31 14:01:00.801,1.29883,1.29895,1.12,1.00
2015.07.31 14:01:00.852,1.29883,1.29893,1.12,3.00
2015.07.31 14:01:01.156,1.29882,1.29887,1.37,3.00
2015.07.31 14:01:01.310,1.29875,1.29885,1.00,3.00
2015.07.31 14:01:01.740,1.29875,1.29881,1.00,3.37
2015.07.31 14:01:01.793,1.2987,1.2988,1.00,1.37
2015.07.31 14:01:01.997,1.29868,1.2988,3.00,1.37
2015.07.31 14:01:02.760,1.29868,1.2988,4.35,1.00
2015.07.31 14:01:03.286,1.29868,1.2988,5.10,1.00
2015.07.31 14:01:03.818,1.29868,1.29881,4.35,4.50
2015.07.31 14:01:04.224,1.29871,1.29881,1.00,4.12
2015.07.31 14:01:04.848,1.2987,1.29881,2.10,1.00
2015.07.31 14:01:06.045,1.2987,1.2988,1.00,1.12
2015.07.31 14:01:06.352,1.29858,1.29867,2.40,1.37
2015.07.31 14:01:07.229,1.29855,1.29868,2.25,1.37
2015.07.31 14:01:07.280,1.29855,1.29867,1.00,1.50
2015.07.31 14:01:07.534,1.29855,1.29865,1.00,1.00
2015.07.31 14:01:08.413,1.29855,1.29866,1.00,1.00
2015.07.31 14:01:08.921,1.29855,1.29868,1.50,1.50
2015.07.31 14:01:09.530,1.29859,1.29872,3.00,1.00
2015.07.31 14:01:09.682,1.29863,1.29875,1.00,1.50
2015.07.31 14:01:11.149,1.29862,1.29874,1.12,1.00
2015.07.31 14:01:11.507,1.29861,1.29869,1.00,4.50
2015.07.31 14:01:11.660,1.29856,1.29869,1.50,4.50
2015.07.31 14:01:11.711,1.29856,1.29867,1.00,1.00
2015.07.31 14:01:12.017,1.29854,1.29865,1.50,1.00
2015.07.31 14:01:12.487,1.29856,1.29866,1.00,1.00
2015.07.31 14:01:13.199,1.29853,1.29866,3.30,1.00
2015.07.31 14:01:13.825,1.29855,1.29865,1.72,1.00
2015.07.31 14:01:13.892,1.29856,1.29868,1.35,1.00
2015.07.31 14:01:14.097,1.29855,1.29867,2.47,1.00
2015.07.31 14:01:14.353,1.29855,1.29867,2.47,1.00
2015.07.31 14:01:15.093,1.29855,1.29868,2.62,3.75
2015.07.31 14:01:15.602,1.29854,1.29867,2.25,1.00
2015.07.31 14:01:16.622,1.29852,1.29866,2.70,1.00
2015.07.31 14:01:16.673,1.29852,1.29863,2.70,3.75
2015.07.31 14:01:16.775,1.29854,1.29866,1.30,1.00
2015.07.31 14:01:17.367,1.29855,1.29867,2.10,1.12
2015.07.31 14:01:17.470,1.29854,1.29867,1.72,1.12
2015.07.31 14:01:17.623,1.29854,1.29869,1.50,3.75
2015.07.31 14:01:17.877,1.29857,1.2987,1.00,1.37
2015.07.31 14:01:18.408,1.29858,1.2987,1.00,5.62
2015.07.31 14:01:18.563,1.29855,1.29868,1.50,4.50
2015.07.31 14:01:18.616,1.29855,1.29868,1.00,4.87
2015.07.31 14:01:18.922,1.29851,1.29861,1.95,1.00
2015.07.31 14:01:18.974,1.2985,1.29863,3.45,4.50
2015.07.31 14:01:19.472,1.29854,1.29863,2.10,3.75
2015.07.31 14:01:19.980,1.29854,1.29864,2.10,1.87
2015.07.31 14:01:20.031,1.29852,1.29864,1.87,1.87
2015.07.31 14:01:20.951,1.29852,1.29863,1.37,1.87
2015.07.31 14:01:21.155,1.29849,1.29862,3.07,3.00
2015.07.31 14:01:21.409,1.2985,1.29862,1.12,4.12
2015.07.31 14:01:21.963,1.2985,1.29862,1.37,1.37
2015.07.31 14:01:22.015,1.29851,1.29864,2.25,1.37
2015.07.31 14:01:22.371,1.29851,1.29861,1.50,1.00
2015.07.31 14:01:23.008,1.29851,1.2986,1.00,1.00
2015.07.31 14:01:23.161,1.29851,1.29862,1.00,1.00
2015.07.31 14:01:23.672,1.29851,1.29862,1.50,1.12
2015.07.31 14:01:25.289,1.29852,1.29863,1.00,1.12
2015.07.31 14:01:25.550,1.2985,1.29862,2.62,1.30
2015.07.31 14:01:26.271,1.29852,1.29863,1.00,1.50
2015.07.31 14:01:26.577,1.29854,1.29864,1.00,1.00
2015.07.31 14:01:26.890,1.29855,1.29866,1.00,1.35
2015.07.31 14:01:27.417,1.29857,1.29867,1.12,1.00
2015.07.31 14:01:27.723,1.2986,1.2987,1.00,1.12
2015.07.31 14:01:28.027,1.29864,1.29875,1.00,2.25
2015.07.31 14:01:28.485,1.29867,1.29876,1.00,2.25
2015.07.31 14:01:28.693,1.29867,1.29876,1.50,1.87
2015.07.31 14:01:28.797,1.29867,1.29876,1.50,1.50
2015.07.31 14:01:29.303,1.29869,1.29876,1.00,1.00
2015.07.31 14:01:29.721,1.29871,1.29876,1.00,1.00
2015.07.31 14:01:30.329,1.2987,1.29876,1.50,1.00
2015.07.31 14:01:31.269,1.2987,1.29874,1.00,1.00
2015.07.31 14:01:31.639,1.29872,1.29876,1.00,1.00
2015.07.31 14:01:31.892,1.29872,1.29879,1.00,1.57
2015.07.31 14:01:31.943,1.29869,1.29879,1.12,1.57
2015.07.31 14:01:32.322,1.29867,1.29876,1.12,1.00
2015.07.31 14:01:32.627,1.2986,1.29871,1.87,2.10
2015.07.31 14:01:32.780,1.2986,1.29871,1.00,2.10
2015.07.31 14:01:33.385,1.29868,1.29873,1.12,1.00
2015.07.31 14:01:33.539,1.29865,1.29871,1.87,1.00
2015.07.31 14:01:33.692,1.29858,1.29872,1.50,3.97
2015.07.31 14:01:34.505,1.29859,1.29873,3.37,2.25
2015.07.31 14:01:34.610,1.29861,1.29873,1.00,2.85
2015.07.31 14:01:34.916,1.29859,1.29868,1.50,1.35
2015.07.31 14:01:35.170,1.29857,1.29868,1.50,5.47
2015.07.31 14:01:35.736,1.29856,1.29868,1.00,7.72
2015.07.31 14:01:36.345,1.29856,1.29867,1.50,1.00
2015.07.31 14:01:36.447,1.29856,1.29862,1.50,1.00
2015.07.31 14:01:36.551,1.29853,1.29862,1.00,5.10
2015.07.31 14:01:36.602,1.29853,1.2986,1.00,3.00
2015.07.31 14:01:36.993,1.29849,1.29859,1.87,1.00
2015.07.31 14:01:37.424,1.29849,1.29857,1.87,1.00
2015.07.31 14:01:37.578,1.29849,1.29859,1.87,1.57
2015.07.31 14:01:38.336,1.2985,1.29858,1.00,2.62
2015.07.31 14:01:38.489,1.29844,1.29852,1.50,1.60
2015.07.31 14:01:38.591,1.2984,1.29852,1.00,1.37
2015.07.31 14:01:38.693,1.29837,1.29849,1.00,1.37
2015.07.31 14:01:38.795,1.29833,1.29847,3.37,1.87
2015.07.31 14:01:39.339,1.29833,1.29846,1.00,1.87
2015.07.31 14:01:39.847,1.29833,1.29845,1.50,1.00
2015.07.31 14:01:40.468,1.29843,1.29849,1.50,1.87
2015.07.31 14:01:40.824,1.29843,1.29856,1.00,1.12
2015.07.31 14:01:41.938,1.29845,1.29857,1.87,1.07
2015.07.31 14:01:42.598,1.29845,1.29859,3.37,2.25
2015.07.31 14:01:42.965,1.29845,1.29859,3.37,1.12
2015.07.31 14:01:43.067,1.29845,1.29859,3.00,1.00
2015.07.31 14:01:43.616,1.29848,1.29858,1.00,1.50
2015.07.31 14:01:44.167,1.29849,1.29859,1.00,1.12
2015.07.31 14:01:44.670,1.2985,1.29862,1.00,2.70
2015.07.31 14:01:45.215,1.29849,1.29861,1.87,1.50
2015.07.31 14:01:45.525,1.29853,1.29861,2.10,1.50
2015.07.31 14:01:45.679,1.29855,1.29863,2.10,1.00
2015.07.31 14:01:45.781,1.29858,1.29867,2.10,1.12
2015.07.31 14:01:45.832,1.29856,1.29865,1.72,1.00
2015.07.31 14:01:45.884,1.29858,1.29865,1.60,1.00
2015.07.31 14:01:45.935,1.29858,1.29867,1.60,1.00
2015.07.31 14:01:46.338,1.29859,1.2987,1.00,1.00
2015.07.31 14:01:46.592,1.29859,1.29872,2.47,1.00
2015.07.31 14:01:46.745,1.29859,1.29868,1.00,1.00
2015.07.31 14:01:47.382,1.29865,1.29872,2.10,1.50
2015.07.31 14:01:47.439,1.29863,1.2987,1.00,1.00
2015.07.31 14:01:47.928,1.29863,1.29872,1.00,1.00
2015.07.31 14:01:48.081,1.29863,1.29869,1.00,1.00
2015.07.31 14:01:48.183,1.2986,1.29869,1.12,1.00
2015.07.31 14:01:48.285,1.2986,1.29866,1.12,1.00
2015.07.31 14:01:48.728,1.29856,1.2986,1.00,1.00
2015.07.31 14:01:48.829,1.29851,1.29862,2.55,1.00
2015.07.31 14:01:48.931,1.29855,1.29862,2.10,1.00
2015.07.31 14:01:49.033,1.29855,1.29865,2.47,1.00
2015.07.31 14:01:49.286,1.29856,1.29868,1.00,1.87
2015.07.31 14:01:49.786,1.29858,1.29868,1.00,1.00
2015.07.31 14:01:49.840,1.29858,1.2987,1.00,2.10
2015.07.31 14:01:50.349,1.29858,1.29869,1.00,3.00
2015.07.31 14:01:51.184,1.29858,1.29867,2.25,1.00
2015.07.31 14:01:51.285,1.29858,1.29869,2.25,1.50
2015.07.31 14:01:51.539,1.29858,1.29868,1.50,1.00
2015.07.31 14:01:52.512,1.29868,1.29879,2.25,1.35
2015.07.31 14:01:52.869,1.29866,1.29877,1.00,1.37
2015.07.31 14:01:53.477,1.29863,1.29873,1.12,1.00
2015.07.31 14:01:53.786,1.29859,1.29867,1.87,1.00
2015.07.31 14:01:53.939,1.29851,1.29863,1.12,1.00
2015.07.31 14:01:54.195,1.29851,1.29863,3.22,1.12
2015.07.31 14:01:54.614,1.29854,1.29861,1.00,1.00
2015.07.31 14:01:55.020,1.29852,1.29861,1.35,1.00
2015.07.31 14:01:55.729,1.29853,1.2986,1.00,1.00
2015.07.31 14:01:55.780,1.29851,1.2986,1.12,1.50
2015.07.31 14:01:56.288,1.2985,1.2986,1.35,1.00
2015.07.31 14:01:56.918,1.29851,1.29861,1.00,1.00
2015.07.31 14:01:57.328,1.29853,1.29862,1.00,1.00
2015.07.31 14:01:58.095,1.29854,1.29862,1.00,1.00
2015.07.31 14:01:58.599,1.29854,1.29861,1.12,1.00
2015.07.31 14:01:59.564,1.29853,1.29861,1.12,1.00
2015.07.31 14:02:00.072,1.2985,1.29862,2.55,1.50
2015.07.31 14:02:00.593,1.29852,1.29861,1.12,1.00
2015.07.31 14:02:02.001,1.29851,1.29862,1.72,1.87
2015.07.31 14:02:02.507,1.2985,1.29861,2.92,1.00
2015.07.31 14:02:03.579,1.29851,1.29862,1.60,1.12
2015.07.31 14:02:04.087,1.29851,1.29862,1.35,1.87
2015.07.31 14:02:04.895,1.29851,1.29861,1.35,1.00
2015.07.31 14:02:05.364,1.29851,1.29861,1.60,1.00
2015.07.31 14:02:05.466,1.29852,1.29864,1.72,2.62
2015.07.31 14:02:06.006,1.29853,1.29864,1.00,2.25
2015.07.31 14:02:06.520,1.29853,1.29863,1.12,1.00
2015.07.31 14:02:07.113,1.29866,1.2987,1.50,3.60
2015.07.31 14:02:07.165,1.29866,1.29877,1.50,1.12
2015.07.31 14:02:07.371,1.29867,1.29875,2.10,1.00
2015.07.31 14:02:07.625,1.29868,1.29879,1.42,1.00
2015.07.31 14:02:08.303,1.29869,1.29879,1.00,2.62
2015.07.31 14:02:08.406,1.29869,1.29876,1.00,1.00
2015.07.31 14:02:08.459,1.29865,1.29876,1.00,1.00
2015.07.31 14:02:08.511,1.29865,1.29873,1.00,1.00
2015.07.31 14:02:09.124,1.29863,1.29872,1.37,1.50
2015.07.31 14:02:09.576,1.29864,1.29874,1.00,1.00
2015.07.31 14:02:09.629,1.29863,1.2987,1.37,1.60
2015.07.31 14:02:09.731,1.29861,1.2987,1.00,3.30
2015.07.31 14:02:09.782,1.29858,1.29867,1.50,1.00
2015.07.31 14:02:09.934,1.29856,1.29865,1.50,1.00
2015.07.31 14:02:10.087,1.29854,1.29865,1.12,1.00
2015.07.31 14:02:10.704,1.29854,1.29864,1.12,1.00
2015.07.31 14:02:11.211,1.29856,1.29864,1.00,1.50
2015.07.31 14:02:12.288,1.29854,1.29866,1.87,1.47
2015.07.31 14:02:13.534,1.29856,1.29864,1.00,1.87
2015.07.31 14:02:14.047,1.29855,1.29864,1.00,1.87
2015.07.31 14:02:14.769,1.29857,1.29868,1.00,1.50
2015.07.31 14:02:14.823,1.29857,1.29868,1.60,1.00
2015.07.31 14:02:14.976,1.29859,1.29871,2.47,1.12
2015.07.31 14:02:15.077,1.29862,1.29871,1.00,1.12
2015.07.31 14:02:15.179,1.29859,1.29871,1.12,1.87
2015.07.31 14:02:16.034,1.29857,1.2987,2.25,1.37
2015.07.31 14:02:16.542,1.29861,1.2987,1.35,1.37
2015.07.31 14:02:16.695,1.29862,1.29871,1.35,1.12
2015.07.31 14:02:18.145,1.29861,1.29872,1.50,1.37
2015.07.31 14:02:18.830,1.29862,1.29873,1.00,1.87
2015.07.31 14:02:19.064,1.29861,1.29871,1.00,1.50
2015.07.31 14:02:19.217,1.29859,1.29871,1.00,1.87
2015.07.31 14:02:19.268,1.29858,1.29869,1.00,1.00
2015.07.31 14:02:20.852,1.29858,1.2987,3.22,1.87
2015.07.31 14:02:21.055,1.2986,1.29872,1.35,1.50
2015.07.31 14:02:21.106,1.29862,1.29872,1.00,1.50
2015.07.31 14:02:21.711,1.29864,1.29873,1.00,1.87
2015.07.31 14:02:21.863,1.29861,1.29873,1.37,1.87
2015.07.31 14:02:22.370,1.29863,1.29872,1.00,1.00
2015.07.31 14:02:22.921,1.29861,1.29872,1.87,1.00
2015.07.31 14:02:22.972,1.29863,1.29872,1.00,1.00
2015.07.31 14:02:24.658,1.29864,1.29873,1.00,3.00
2015.07.31 14:02:24.709,1.29862,1.29873,1.12,2.25
2015.07.31 14:02:25.235,1.29863,1.29873,1.00,2.25
2015.07.31 14:02:25.776,1.29864,1.29875,1.50,1.37
2015.07.31 14:02:25.879,1.29864,1.29877,3.22,1.20
2015.07.31 14:02:25.982,1.29866,1.29879,1.87,1.00
2015.07.31 14:02:26.084,1.29868,1.29879,1.35,1.00
2015.07.31 14:02:26.456,1.29869,1.29882,1.50,3.00
2015.07.31 14:02:26.945,1.29869,1.29882,1.87,2.10
2015.07.31 14:02:27.352,1.2987,1.29882,1.00,1.12
2015.07.31 14:02:28.124,1.29872,1.29882,1.00,1.00
2015.07.31 14:02:28.635,1.29873,1.29883,1.00,1.00
2015.07.31 14:02:29.348,1.29872,1.29883,1.00,1.37
2015.07.31 14:02:29.658,1.29868,1.2988,2.25,1.00
2015.07.31 14:02:30.597,1.29869,1.2988,1.12,1.00
2015.07.31 14:02:30.648,1.29871,1.29883,1.00,1.12
2015.07.31 14:02:30.800,1.29869,1.29883,2.25,3.22
2015.07.31 14:02:31.327,1.29871,1.29883,1.00,5.25
2015.07.31 14:02:31.797,1.29873,1.29884,1.50,2.10
2015.07.31 14:02:32.101,1.29876,1.29884,1.00,1.37
2015.07.31 14:02:32.152,1.29876,1.29884,1.00,1.00
2015.07.31 14:02:32.897,1.29876,1.29887,1.00,1.42
2015.07.31 14:02:33.201,1.29875,1.29887,1.00,3.67
2015.07.31 14:02:33.405,1.29876,1.29887,1.00,1.42
2015.07.31 14:02:33.507,1.29876,1.29886,1.00,2.10
2015.07.31 14:02:34.471,1.29876,1.29887,4.50,2.17
2015.07.31 14:02:34.787,1.29878,1.2989,1.87,1.87
2015.07.31 14:02:34.939,1.29883,1.2989,1.50,1.12
2015.07.31 14:02:35.465,1.29897,1.29901,1.00,1.50
2015.07.31 14:02:35.517,1.29897,1.29909,4.50,2.32
2015.07.31 14:02:35.568,1.29897,1.29909,4.50,1.57
2015.07.31 14:02:35.773,1.29899,1.29909,2.25,1.00
2015.07.31 14:02:35.824,1.299,1.29912,1.00,1.50
2015.07.31 14:02:35.977,1.29903,1.29912,1.00,1.00
2015.07.31 14:02:36.028,1.29903,1.29914,1.00,1.00
2015.07.31 14:02:36.547,1.29901,1.29913,1.42,3.00
2015.07.31 14:02:36.955,1.29904,1.29916,3.00,1.00
2015.07.31 14:02:37.482,1.29906,1.29917,1.00,1.00
2015.07.31 14:02:37.990,1.29905,1.29918,3.00,1.87
2015.07.31 14:02:38.655,1.29905,1.29913,1.00,1.50
2015.07.31 14:02:38.959,1.29902,1.29912,1.00,2.10
2015.07.31 14:02:39.727,1.29903,1.29911,1.00,2.10
2015.07.31 14:02:40.184,1.29903,1.29914,1.00,2.10
2015.07.31 14:02:41.056,1.29903,1.29913,1.00,2.10
2015.07.31 14:02:41.107,1.29903,1.29915,1.00,2.47
2015.07.31 14:02:41.927,1.29903,1.29913,1.00,2.10
2015.07.31 14:02:42.435,1.29903,1.29915,1.00,2.47
2015.07.31 14:02:42.983,1.29904,1.29914,1.00,2.10
2015.07.31 14:02:43.187,1.29904,1.29915,1.00,1.30
2015.07.31 14:02:43.240,1.29906,1.29915,1.00,1.30
2015.07.31 14:02:43.746,1.29906,1.29916,1.00,2.47
2015.07.31 14:02:44.657,1.29905,1.29914,1.00,1.30
2015.07.31 14:02:44.873,1.29905,1.29917,1.00,1.70
2015.07.31 14:02:45.628,1.29905,1.29917,1.00,2.10
2015.07.31 14:02:45.984,1.29907,1.29918,1.00,2.10
2015.07.31 14:02:46.298,1.29907,1.29916,1.37,2.10
2015.07.31 14:02:46.754,1.29907,1.29918,1.00,2.10
2015.07.31 14:02:46.907,1.29907,1.29916,1.00,2.10
2015.07.31 14:02:46.959,1.29907,1.29918,1.00,2.85
2015.07.31 14:02:47.010,1.29907,1.29915,1.00,2.10
2015.07.31 14:02:47.213,1.29907,1.29917,1.00,2.10
2015.07.31 14:02:47.971,1.29906,1.29916,1.00,2.10
2015.07.31 14:02:48.023,1.29906,1.29918,1.00,2.10
2015.07.31 14:02:48.278,1.29907,1.29917,1.50,1.35
2015.07.31 14:02:48.582,1.29909,1.29917,1.00,2.85
2015.07.31 14:02:49.162,1.29906,1.29916,1.75,2.10
2015.07.31 14:02:49.220,1.29908,1.29918,1.12,1.00
2015.07.31 14:02:50.050,1.29908,1.29922,1.50,1.00
2015.07.31 14:02:50.537,1.29913,1.29924,1.00,2.47
2015.07.31 14:02:50.865,1.29913,1.29924,1.00,3.60
2015.07.31 14:02:50.966,1.29913,1.29924,1.00,2.10
2015.07.31 14:02:51.169,1.29911,1.29924,1.87,1.60
2015.07.31 14:02:51.271,1.29913,1.29924,1.00,1.00
2015.07.31 14:02:51.769,1.29916,1.29929,1.50,1.57
2015.07.31 14:02:51.922,1.29919,1.29929,1.00,1.57
2015.07.31 14:02:52.377,1.29917,1.29929,1.00,2.17
2015.07.31 14:02:52.479,1.29919,1.29929,1.00,2.17
2015.07.31 14:02:53.130,1.29918,1.29929,1.00,1.10
2015.07.31 14:02:53.588,1.2992,1.2993,1.00,1.20
2015.07.31 14:02:54.720,1.2992,1.2993,1.12,1.20
2015.07.31 14:02:55.031,1.29921,1.29933,2.85,1.87
2015.07.31 14:02:55.235,1.29926,1.2994,1.72,1.87
2015.07.31 14:02:55.645,1.2993,1.29942,1.00,1.87
2015.07.31 14:02:55.696,1.29931,1.29947,1.00,1.12
2015.07.31 14:02:55.849,1.29934,1.29948,1.00,1.00
2015.07.31 14:02:56.407,1.29935,1.29948,1.00,1.00
2015.07.31 14:02:56.921,1.29935,1.29941,1.00,1.00
2015.07.31 14:02:56.972,1.29925,1.2994,2.62,1.00
2015.07.31 14:02:57.025,1.29925,1.29933,3.37,1.00
2015.07.31 14:02:57.077,1.29925,1.29933,1.00,1.00
2015.07.31 14:02:57.281,1.29922,1.29933,1.80,1.00
2015.07.31 14:02:57.940,1.29924,1.29937,1.00,1.00
2015.07.31 14:02:57.992,1.29925,1.2994,1.00,1.12
2015.07.31 14:02:58.043,1.29927,1.29941,1.00,1.37
2015.07.31 14:02:58.553,1.29927,1.29941,1.00,1.37
2015.07.31 14:02:59.109,1.29928,1.29941,1.37,1.00
2015.07.31 14:02:59.161,1.29928,1.29943,2.62,1.10
2015.07.31 14:02:59.266,1.29934,1.29946,1.00,1.12
2015.07.31 14:02:59.521,1.29934,1.2995,1.00,1.37
2015.07.31 14:03:00.325,1.29934,1.2995,1.87,1.50
2015.07.31 14:03:00.377,1.29937,1.2995,1.00,1.50
2015.07.31 14:03:00.765,1.29939,1.29952,1.00,1.75
2015.07.31 14:03:03.889,1.29938,1.29953,1.00,2.25
2015.07.31 14:03:04.551,1.29936,1.2995,1.50,1.75
2015.07.31 14:03:05.331,1.29936,1.29951,1.50,1.75
2015.07.31 14:03:06.797,1.29937,1.29952,1.00,1.75
2015.07.31 14:03:07.101,1.29937,1.2995,1.00,1.50
2015.07.31 14:03:07.676,1.29935,1.29949,1.50,1.37
2015.07.31 14:03:08.390,1.29935,1.29949,1.00,1.75
2015.07.31 14:03:09.007,1.29934,1.2995,1.12,2.25
2015.07.31 14:03:09.212,1.29936,1.29946,1.00,1.00
2015.07.31 14:03:10.720,1.29934,1.29946,1.12,1.37
2015.07.31 14:03:11.299,1.29935,1.29947,1.00,1.37
2015.07.31 14:03:11.805,1.29934,1.29945,1.00,1.37
2015.07.31 14:03:12.364,1.29934,1.29946,1.00,1.12
2015.07.31 14:03:13.494,1.29936,1.29949,1.00,1.50
2015.07.31 14:03:14.001,1.29937,1.2995,1.00,1.75
2015.07.31 14:03:15.017,1.29937,1.29952,1.00,2.25
2015.07.31 14:03:15.476,1.29935,1.29947,1.87,1.00
2015.07.31 14:03:16.021,1.29937,1.29947,1.00,1.12
2015.07.31 14:03:17.354,1.29936,1.29947,1.00,1.12
2015.07.31 14:03:17.862,1.29935,1.29948,2.25,1.12
2015.07.31 14:03:18.647,1.29936,1.29948,1.00,1.12
2015.07.31 14:03:19.155,1.29937,1.29949,1.00,1.37
2015.07.31 14:03:19.711,1.29934,1.29947,1.50,1.37
2015.07.31 14:03:20.068,1.29936,1.29948,1.00,1.87
2015.07.31 14:03:20.616,1.29937,1.29946,1.00,1.12
2015.07.31 14:03:21.228,1.29937,1.29945,1.00,1.00
2015.07.31 14:03:21.330,1.29935,1.29947,2.25,1.87
2015.07.31 14:03:21.737,1.29934,1.29946,1.50,1.12
2015.07.31 14:03:23.251,1.29935,1.29947,1.00,1.37
2015.07.31 14:03:23.766,1.29935,1.29948,1.37,1.50
2015.07.31 14:03:23.868,1.29934,1.29948,1.50,1.50
2015.07.31 14:03:24.375,1.29935,1.29948,1.00,1.75
2015.07.31 14:03:25.353,1.29937,1.29949,1.12,1.75
2015.07.31 14:03:25.659,1.29949,1.29959,1.50,1.00
2015.07.31 14:03:26.321,1.2995,1.29961,1.00,2.70
2015.07.31 14:03:26.833,1.2995,1.2996,1.00,5.10
2015.07.31 14:03:26.885,1.29948,1.29958,1.00,1.35
2015.07.31 14:03:27.496,1.29947,1.29958,1.00,2.92
2015.07.31 14:03:28.635,1.29949,1.29959,1.00,1.05
2015.07.31 14:03:28.737,1.29949,1.2996,2.62,2.17
2015.07.31 14:03:29.204,1.29949,1.2996,1.87,3.67
2015.07.31 14:03:29.726,1.2995,1.29959,1.50,2.47
2015.07.31 14:03:30.031,1.29941,1.29946,1.00,1.00
2015.07.31 14:03:30.082,1.29939,1.29946,1.00,1.37
2015.07.31 14:03:30.185,1.29938,1.29945,1.00,1.37
2015.07.31 14:03:30.287,1.29936,1.29942,1.00,1.00
2015.07.31 14:03:30.673,1.29934,1.29943,1.00,2.10
2015.07.31 14:03:30.726,1.29932,1.29943,1.00,1.50
2015.07.31 14:03:31.363,1.2993,1.29939,2.25,1.30
2015.07.31 14:03:31.619,1.29926,1.29938,2.25,1.37
2015.07.31 14:03:32.004,1.29929,1.29939,1.00,1.37
2015.07.31 14:03:32.511,1.2993,1.29937,1.00,1.00
2015.07.31 14:03:32.764,1.2993,1.29939,1.00,1.87
2015.07.31 14:03:33.177,1.29927,1.29939,1.00,1.87
2015.07.31 14:03:33.228,1.29927,1.29937,1.00,1.00
2015.07.31 14:03:33.279,1.29925,1.29937,1.00,1.50
2015.07.31 14:03:33.431,1.29924,1.29937,1.00,4.50
2015.07.31 14:03:33.685,1.29916,1.29927,1.00,1.00
2015.07.31 14:03:34.212,1.29914,1.29925,1.35,1.37
2015.07.31 14:03:34.466,1.29911,1.29922,1.05,1.00
2015.07.31 14:03:34.517,1.29911,1.29922,2.55,1.00
2015.07.31 14:03:35.024,1.29913,1.29921,2.10,1.00
2015.07.31 14:03:35.916,1.29912,1.29926,1.12,1.37
2015.07.31 14:03:36.071,1.29914,1.29926,1.87,1.00
2015.07.31 14:03:36.223,1.29916,1.29929,1.00,1.37
2015.07.31 14:03:36.276,1.29919,1.29929,1.00,1.37
2015.07.31 14:03:36.429,1.29919,1.29931,1.37,1.50
2015.07.31 14:03:36.946,1.29925,1.29937,1.72,1.00
2015.07.31 14:03:37.000,1.29927,1.29939,3.37,1.50
2015.07.31 14:03:37.762,1.29928,1.2994,1.50,1.12
2015.07.31 14:03:38.309,1.29929,1.29939,1.00,1.00
2015.07.31 14:03:38.411,1.29929,1.29937,1.00,1.00
2015.07.31 14:03:38.564,1.29928,1.2994,1.00,1.87
2015.07.31 14:03:39.076,1.29927,1.29941,1.00,1.37
2015.07.31 14:03:39.536,1.29928,1.29938,1.00,1.00
2015.07.31 14:03:39.690,1.29926,1.2994,2.47,2.25
2015.07.31 14:03:39.846,1.29928,1.29939,3.22,1.00
2015.07.31 14:03:40.151,1.29934,1.29945,1.00,1.50
2015.07.31 14:03:40.563,1.29936,1.29946,1.00,2.07
2015.07.31 14:03:41.217,1.29935,1.29945,1.00,1.72
2015.07.31 14:03:41.734,1.29932,1.29938,1.00,1.50
2015.07.31 14:03:41.785,1.29928,1.29937,1.00,1.00
2015.07.31 14:03:42.293,1.29926,1.2994,1.00,3.37
2015.07.31 14:03:42.914,1.29928,1.29937,1.50,1.00
2015.07.31 14:03:43.017,1.29928,1.29941,1.12,2.62
2015.07.31 14:03:43.223,1.2993,1.29941,1.00,1.50
2015.07.31 14:03:43.428,1.2993,1.29941,1.00,1.00
2015.07.31 14:03:43.581,1.29932,1.29942,1.00,1.50
2015.07.31 14:03:44.018,1.29933,1.29944,1.50,1.00
2015.07.31 14:03:44.120,1.29935,1.29945,1.00,1.12
2015.07.31 14:03:44.626,1.29934,1.29945,1.50,1.72
2015.07.31 14:03:45.583,1.29933,1.29946,1.50,3.97
2015.07.31 14:03:45.892,1.29935,1.29945,1.00,1.72
2015.07.31 14:03:46.655,1.29933,1.29945,1.00,1.30
2015.07.31 14:03:46.910,1.29935,1.29945,1.00,2.10
2015.07.31 14:03:48.230,1.29936,1.29947,1.00,2.55
2015.07.31 14:03:48.334,1.29937,1.29947,1.00,1.20
2015.07.31 14:03:49.040,1.29941,1.29947,1.00,1.00
2015.07.31 14:03:49.093,1.2994,1.29951,1.50,1.50
2015.07.31 14:03:51.285,1.2994,1.29952,1.87,1.95
2015.07.31 14:03:51.790,1.2994,1.29952,1.87,1.95
2015.07.31 14:03:52.404,1.29942,1.29954,1.50,3.37
2015.07.31 14:03:53.013,1.2994,1.29951,1.50,2.10
2015.07.31 14:03:53.219,1.29938,1.2995,1.20,2.85
2015.07.31 14:03:53.625,1.29937,1.2995,1.87,2.17
2015.07.31 14:03:54.171,1.29935,1.29948,4.72,1.37
2015.07.31 14:03:54.728,1.29938,1.29948,3.00,1.37
2015.07.31 14:03:55.751,1.29937,1.29949,1.87,1.95
2015.07.31 14:03:56.212,1.2994,1.2995,1.00,1.07
2015.07.31 14:03:56.718,1.29941,1.2995,1.75,1.10
2015.07.31 14:03:56.870,1.29944,1.29954,1.12,1.87
2015.07.31 14:03:56.972,1.29946,1.29954,1.00,1.87
2015.07.31 14:03:57.125,1.29946,1.29957,3.00,1.95
2015.07.31 14:03:57.738,1.29947,1.29959,1.50,1.07
2015.07.31 14:03:57.891,1.29946,1.29959,1.87,1.72
2015.07.31 14:03:58.195,1.29949,1.29961,3.37,1.42
2015.07.31 14:03:58.713,1.29949,1.29961,3.37,1.67
2015.07.31 14:03:59.277,1.2995,1.29961,1.12,2.55
2015.07.31 14:03:59.828,1.2995,1.29961,1.00,1.20
2015.07.31 14:04:00.132,1.29951,1.29964,1.50,1.82
2015.07.31 14:04:00.285,1.29953,1.29965,1.12,1.37
2015.07.31 14:04:00.754,1.29957,1.29969,1.50,2.55
2015.07.31 14:04:01.267,1.29957,1.29968,1.00,1.80
2015.07.31 14:04:01.815,1.29957,1.29968,1.50,1.57
2015.07.31 14:04:02.359,1.29956,1.29968,1.00,3.82
2015.07.31 14:04:03.068,1.29955,1.29967,1.12,1.57
2015.07.31 14:04:04.287,1.29955,1.29967,2.25,1.10
2015.07.31 14:04:04.592,1.29955,1.29967,3.00,1.10
2015.07.31 14:04:06.240,1.29956,1.29968,1.12,1.45
2015.07.31 14:04:07.328,1.29957,1.29968,3.75,1.45
2015.07.31 14:04:07.872,1.29957,1.29969,2.25,2.85
2015.07.31 14:04:08.449,1.29958,1.29969,1.00,1.67
2015.07.31 14:04:08.972,1.29957,1.29969,1.00,2.32
2015.07.31 14:04:11.102,1.29956,1.29968,1.50,2.17
2015.07.31 14:04:11.153,1.29954,1.29966,6.00,1.12
2015.07.31 14:04:11.204,1.29956,1.29966,1.00,1.12
2015.07.31 14:04:11.559,1.29958,1.29968,3.00,1.87
2015.07.31 14:04:12.309,1.29958,1.29968,3.00,1.12
2015.07.31 14:04:12.360,1.29956,1.29968,1.87,1.12
2015.07.31 14:04:12.412,1.29958,1.29968,3.00,1.12
2015.07.31 14:04:12.938,1.29959,1.29968,3.00,1.87
2015.07.31 14:04:13.597,1.29957,1.29968,3.75,1.00
2015.07.31 14:04:14.293,1.2996,1.29968,3.00,1.12
2015.07.31 14:04:14.875,1.29957,1.29967,1.00,1.00
2015.07.31 14:04:15.078,1.29956,1.29967,3.00,1.97
2015.07.31 14:04:15.382,1.29953,1.29961,3.00,1.00
2015.07.31 14:04:16.153,1.29951,1.29962,3.37,1.00
2015.07.31 14:04:16.662,1.29951,1.29961,3.00,1.12
2015.07.31 14:04:17.689,1.2995,1.29961,1.00,1.20
2015.07.31 14:04:18.168,1.2995,1.29959,1.00,1.00
2015.07.31 14:04:18.779,1.29943,1.29948,6.00,1.00
2015.07.31 14:04:18.843,1.29936,1.29946,1.12,1.00
2015.07.31 14:04:19.351,1.29935,1.29946,3.37,1.37
2015.07.31 14:04:19.911,1.29935,1.29944,3.00,1.00
2015.07.31 14:04:20.418,1.29934,1.29944,1.10,1.50
2015.07.31 14:04:21.139,1.29932,1.29944,1.20,1.12
2015.07.31 14:04:21.545,1.29934,1.29944,2.10,1.00
2015.07.31 14:04:22.061,1.29933,1.29943,7.05,1.00
2015.07.31 14:04:22.564,1.29934,1.29944,5.85,1.00
2015.07.31 14:04:22.718,1.29934,1.29945,3.60,1.50
2015.07.31 14:04:22.820,1.29934,1.29945,5.10,1.50
2015.07.31 14:04:23.200,1.29934,1.29943,2.10,1.00
2015.07.31 14:04:23.253,1.29933,1.29943,4.20,1.00
2015.07.31 14:04:23.981,1.29935,1.29943,1.30,1.00
2015.07.31 14:04:24.083,1.29935,1.29945,1.30,1.87
2015.07.31 14:04:24.856,1.29933,1.29945,1.10,1.87
2015.07.31 14:04:25.310,1.29933,1.29943,1.10,1.00
2015.07.31 14:04:25.462,1.29933,1.29945,1.10,2.25
2015.07.31 14:04:25.513,1.29934,1.29945,2.10,2.25
2015.07.31 14:04:25.868,1.29935,1.29948,3.97,3.75
2015.07.31 14:04:26.072,1.29941,1.29949,3.00,1.37
2015.07.31 14:04:26.428,1.29945,1.2995,3.00,1.00
2015.07.31 14:04:26.480,1.29945,1.29955,3.00,2.25
2015.07.31 14:04:26.988,1.29946,1.29956,3.00,1.37
2015.07.31 14:04:27.986,1.29947,1.29956,1.00,2.47
2015.07.31 14:04:28.039,1.29944,1.29956,1.00,1.72
2015.07.31 14:04:28.091,1.29944,1.29956,1.00,3.22
2015.07.31 14:04:28.398,1.29947,1.29955,1.00,1.00
2015.07.31 14:04:28.450,1.29947,1.29957,1.00,1.95
2015.07.31 14:04:29.145,1.29948,1.29959,2.25,1.42
2015.07.31 14:04:29.553,1.2995,1.2996,1.00,1.72
2015.07.31 14:04:31.034,1.2995,1.29961,1.50,1.72
2015.07.31 14:04:31.546,1.2995,1.2996,1.50,1.00
2015.07.31 14:04:31.850,1.29953,1.2996,1.00,1.00
2015.07.31 14:04:32.358,1.29952,1.29961,1.50,1.00
2015.07.31 14:04:32.965,1.29952,1.29962,1.50,2.47
2015.07.31 14:04:33.513,1.29952,1.29962,1.50,3.97
2015.07.31 14:04:33.819,1.29955,1.29962,1.00,2.47
2015.07.31 14:04:35.101,1.29955,1.29962,1.00,3.97
2015.07.31 14:04:35.304,1.29953,1.2996,1.50,1.60
2015.07.31 14:04:35.812,1.29953,1.29962,1.00,3.60
2015.07.31 14:04:37.067,1.29953,1.29961,1.00,1.30
2015.07.31 14:04:37.118,1.29953,1.2996,1.00,1.67
2015.07.31 14:04:37.169,1.2995,1.29959,2.25,1.30
2015.07.31 14:04:37.526,1.2995,1.29957,1.00,1.30
2015.07.31 14:04:38.600,1.29948,1.29957,1.00,1.12
2015.07.31 14:04:39.109,1.29949,1.2996,1.50,1.47
2015.07.31 14:04:39.812,1.29949,1.2996,2.25,1.80
2015.07.31 14:04:40.319,1.2995,1.2996,1.00,1.10
2015.07.31 14:04:40.820,1.2995,1.29962,1.37,2.55
2015.07.31 14:04:40.876,1.29953,1.29962,1.50,2.55
2015.07.31 14:04:41.384,1.29954,1.29962,1.00,4.05
2015.07.31 14:04:42.141,1.29953,1.29961,1.00,1.00
2015.07.31 14:04:42.651,1.29953,1.29962,2.25,2.55
2015.07.31 14:04:43.158,1.29953,1.29961,1.50,1.35
2015.07.31 14:04:43.677,1.29953,1.29962,1.50,1.05
2015.07.31 14:04:44.595,1.29953,1.29962,1.50,1.05
2015.07.31 14:04:46.873,1.29961,1.29965,1.00,1.50
2015.07.31 14:04:46.928,1.29965,1.2997,1.00,1.12
2015.07.31 14:04:47.133,1.29965,1.29973,1.00,1.50
2015.07.31 14:04:47.940,1.29971,1.29975,1.00,3.00
2015.07.31 14:04:47.991,1.29971,1.29981,1.00,1.00
2015.07.31 14:04:48.194,1.29973,1.29984,1.00,1.00
2015.07.31 14:04:48.296,1.29976,1.29988,1.00,2.70
2015.07.31 14:04:48.398,1.29977,1.29988,1.00,1.50
2015.07.31 14:04:48.602,1.29979,1.29991,1.00,1.37
2015.07.31 14:04:49.503,1.29979,1.29989,1.00,1.00
2015.07.31 14:04:50.725,1.29979,1.29992,1.00,2.25
2015.07.31 14:04:51.232,1.29979,1.29992,1.00,1.87
2015.07.31 14:04:51.435,1.29979,1.2999,1.00,1.00
2015.07.31 14:04:51.638,1.29979,1.29992,1.00,1.00
2015.07.31 14:04:52.129,1.29978,1.29988,1.00,1.37
2015.07.31 14:04:52.484,1.29978,1.29992,1.00,1.87
2015.07.31 14:04:52.536,1.2998,1.29995,1.00,2.25
2015.07.31 14:04:53.200,1.29979,1.29993,1.00,3.22
2015.07.31 14:04:53.507,1.29981,1.29995,1.00,2.47
2015.07.31 14:04:54.420,1.29979,1.29993,1.00,1.37
2015.07.31 14:04:54.675,1.29981,1.29995,1.00,2.10
2015.07.31 14:04:55.034,1.2999,1.29997,1.00,1.00
2015.07.31 14:04:55.086,1.2999,1.30002,1.00,1.37
2015.07.31 14:04:55.475,1.29988,1.30002,1.00,1.37
2015.07.31 14:04:55.526,1.29986,1.3,1.00,1.37
2015.07.31 14:04:56.032,1.29985,1.29997,1.00,1.00
2015.07.31 14:04:56.826,1.29986,1.29999,1.00,1.37
2015.07.31 14:04:57.131,1.29986,1.29998,1.00,1.37
2015.07.31 14:04:57.233,1.29986,1.29998,1.00,1.12
2015.07.31 14:04:57.435,1.29991,1.30002,1.00,1.75
2015.07.31 14:04:57.537,1.29987,1.3,1.00,1.75
2015.07.31 14:04:57.639,1.2999,1.30002,1.00,1.37
2015.07.31 14:04:58.019,1.2999,1.30002,1.00,1.12
2015.07.31 14:04:58.275,1.29996,1.30006,1.00,1.85
2015.07.31 14:04:58.376,1.29998,1.30009,1.00,1.00
2015.07.31 14:04:58.478,1.29998,1.30012,1.00,1.12
2015.07.31 14:04:58.529,1.3,1.30011,1.00,1.00
2015.07.31 14:04:58.631,1.3,1.30014,1.00,1.00
2015.07.31 14:04:59.497,1.30001,1.30016,1.00,2.10
2015.07.31 14:04:59.548,1.30008,1.30016,1.00,1.37
2015.07.31 14:04:59.752,1.3001,1.30019,1.00,1.12
2015.07.31 14:04:59.804,1.30015,1.30021,1.00,1.67
2015.07.31 14:04:59.856,1.30014,1.30023,1.00,1.50
2015.07.31 14:05:00.505,1.30014,1.30024,1.50,1.00
2015.07.31 14:05:00.556,1.30017,1.30031,1.50,3.75
2015.07.31 14:05:00.709,1.30019,1.30032,1.00,1.35
2015.07.31 14:05:01.219,1.3002,1.30033,1.12,1.35
2015.07.31 14:05:01.729,1.30019,1.3003,1.00,1.00
2015.07.31 14:05:02.491,1.30019,1.30032,1.00,1.35
2015.07.31 14:05:03.093,1.3002,1.30033,1.00,1.35
2015.07.31 14:05:03.601,1.30021,1.30034,1.00,1.35
2015.07.31 14:05:05.508,1.3002,1.3003,1.00,1.30
2015.07.31 14:05:05.609,1.30016,1.30029,1.87,1.00
2015.07.31 14:05:05.660,1.30016,1.30023,1.00,7.50
2015.07.31 14:05:05.965,1.30018,1.30023,1.00,7.87
2015.07.31 14:05:06.559,1.3002,1.30026,1.00,2.10
2015.07.31 14:05:06.612,1.30015,1.30031,3.97,2.25
2015.07.31 14:05:06.815,1.30015,1.30022,1.87,1.00
2015.07.31 14:05:07.221,1.30016,1.3002,1.00,1.00
2015.07.31 14:05:07.827,1.30013,1.30019,2.55,1.00
2015.07.31 14:05:08.031,1.30012,1.30018,2.55,1.00
2015.07.31 14:05:08.082,1.3001,1.30016,1.95,1.00
2015.07.31 14:05:08.388,1.30011,1.30017,1.37,1.00
2015.07.31 14:05:08.439,1.30011,1.30016,1.37,1.00
2015.07.31 14:05:09.407,1.30007,1.30011,1.00,1.00
2015.07.31 14:05:09.458,1.29998,1.30004,1.37,1.00
2015.07.31 14:05:09.510,1.29998,1.30003,1.12,1.00
2015.07.31 14:05:10.625,1.29996,1.30002,2.85,1.00
2015.07.31 14:05:10.677,1.29995,1.30001,1.87,1.00
2015.07.31 14:05:10.981,1.29994,1.29998,1.00,1.00
2015.07.31 14:05:11.033,1.29994,1.3,1.00,1.00
2015.07.31 14:05:11.539,1.29993,1.3,1.50,1.00
2015.07.31 14:05:11.590,1.29993,1.3,3.00,1.00
2015.07.31 14:05:11.989,1.29994,1.30002,1.37,1.00
2015.07.31 14:05:12.206,1.29995,1.3,1.00,1.00
2015.07.31 14:05:12.409,1.29994,1.30001,1.12,1.00
2015.07.31 14:05:12.460,1.29996,1.30001,1.00,1.00
2015.07.31 14:05:12.665,1.29994,1.30001,1.87,1.00
2015.07.31 14:05:12.716,1.29994,1.30001,1.87,1.00
2015.07.31 14:05:12.819,1.29996,1.30003,1.12,1.00
2015.07.31 14:05:12.870,1.29999,1.30003,1.12,1.00
2015.07.31 14:05:13.259,1.29999,1.30005,1.72,1.00
2015.07.31 14:05:13.566,1.30002,1.30006,1.00,1.00
2015.07.31 14:05:13.873,1.3,1.30004,1.00,1.00
2015.07.31 14:05:14.557,1.29995,1.3,1.00,1.00
2015.07.31 14:05:14.611,1.29994,1.29999,1.00,1.00
2015.07.31 14:05:15.001,1.29991,1.29995,1.00,1.00
2015.07.31 14:05:15.306,1.29988,1.29993,2.10,1.00
2015.07.31 14:05:15.358,1.29989,1.29993,2.10,1.00
2015.07.31 14:05:17.379,1.29986,1.29993,1.30,1.00
2015.07.31 14:05:17.531,1.29991,1.29997,2.10,1.00
2015.07.31 14:05:17.582,1.2999,1.29996,1.60,1.00
2015.07.31 14:05:17.633,1.29992,1.29998,2.10,1.00
2015.07.31 14:05:17.684,1.29991,1.30001,2.47,1.00
2015.07.31 14:05:17.836,1.29988,1.30001,1.50,1.00
2015.07.31 14:05:17.887,1.29988,1.29997,2.25,1.00
2015.07.31 14:05:18.526,1.29987,1.29997,2.25,1.00
2015.07.31 14:05:19.034,1.29988,1.29996,1.12,1.00
2015.07.31 14:05:20.659,1.29986,1.29997,2.85,1.00
2015.07.31 14:05:21.065,1.29986,1.29997,1.30,1.00
2015.07.31 14:05:21.558,1.29987,1.29995,1.72,1.00
2015.07.31 14:05:22.276,1.29987,1.29998,1.00,1.00
2015.07.31 14:05:23.118,1.29986,1.29998,1.12,1.00
2015.07.31 14:05:23.169,1.29986,1.29995,1.37,1.00
2015.07.31 14:05:23.777,1.29985,1.29994,1.72,1.00
2015.07.31 14:05:24.234,1.29984,1.29994,2.10,1.00
2015.07.31 14:05:24.602,1.29984,1.29992,1.67,1.00
2015.07.31 14:05:24.656,1.29983,1.29992,1.12,1.00
2015.07.31 14:05:25.452,1.29983,1.29995,1.00,1.87
2015.07.31 14:05:25.953,1.29983,1.29995,1.37,1.00
2015.07.31 14:05:26.460,1.29984,1.29996,1.12,1.00
2015.07.31 14:05:26.917,1.29984,1.29994,1.00,1.37
2015.07.31 14:05:27.223,1.29982,1.29986,1.00,1.00
2015.07.31 14:05:27.426,1.29974,1.29985,1.12,1.72
2015.07.31 14:05:28.013,1.29973,1.29985,1.37,2.85
2015.07.31 14:05:28.065,1.2997,1.29982,1.12,1.12
2015.07.31 14:05:29.676,1.29973,1.29982,1.00,1.50
2015.07.31 14:05:29.881,1.29976,1.29986,1.00,1.00
2015.07.31 14:05:29.932,1.29978,1.29986,1.00,1.00
2015.07.31 14:05:29.984,1.29978,1.2999,1.00,2.62
2015.07.31 14:05:30.136,1.29976,1.29987,2.62,1.00
2015.07.31 14:05:30.390,1.2998,1.29994,1.87,2.62
2015.07.31 14:05:31.220,1.29979,1.29993,1.87,1.00
2015.07.31 14:05:31.272,1.29979,1.29991,1.50,1.00
2015.07.31 14:05:31.932,1.29981,1.29994,1.00,1.00
2015.07.31 14:05:32.034,1.29983,1.29994,1.00,1.00
2015.07.31 14:05:32.441,1.29981,1.29993,1.50,1.00
2015.07.31 14:05:33.243,1.2998,1.29991,1.00,1.00
2015.07.31 14:05:33.345,1.29978,1.2999,1.50,1.00
2015.07.31 14:05:33.856,1.29976,1.2999,2.47,1.50
2015.07.31 14:05:34.061,1.29975,1.29988,2.10,1.00
2015.07.31 14:05:34.589,1.29975,1.29989,3.60,1.00
2015.07.31 14:05:34.792,1.29975,1.29989,2.10,1.00
2015.07.31 14:05:34.996,1.29975,1.29989,3.60,1.00
2015.07.31 14:05:35.318,1.2998,1.29985,1.00,1.72
2015.07.31 14:05:35.370,1.29973,1.29982,1.00,1.50
2015.07.31 14:05:35.421,1.29971,1.29982,1.87,1.50
2015.07.31 14:05:35.926,1.2997,1.2998,1.12,1.50
2015.07.31 14:05:36.433,1.29968,1.29979,3.60,1.00
2015.07.31 14:05:37.105,1.29969,1.29979,1.72,1.00
2015.07.31 14:05:37.615,1.29969,1.29979,2.10,1.00
2015.07.31 14:05:38.287,1.29969,1.29979,4.35,1.00
2015.07.31 14:05:38.793,1.29969,1.29979,2.85,1.00
2015.07.31 14:05:39.251,1.29968,1.29979,1.72,1.00
2015.07.31 14:05:40.144,1.29968,1.29973,1.12,1.35
2015.07.31 14:05:40.478,1.29956,1.29964,1.37,1.00
2015.07.31 14:05:41.191,1.29952,1.29964,3.30,1.00
2015.07.31 14:05:41.698,1.29953,1.29964,1.05,1.00
2015.07.31 14:05:41.851,1.29953,1.29964,3.30,1.00
2015.07.31 14:05:42.408,1.29953,1.29965,4.42,1.50
2015.07.31 14:05:42.712,1.29955,1.29967,4.72,1.00
2015.07.31 14:05:42.968,1.29961,1.29971,1.00,1.50
2015.07.31 14:05:43.069,1.29961,1.29969,1.00,1.00
2015.07.31 14:05:43.121,1.2996,1.29971,2.62,1.50
2015.07.31 14:05:43.591,1.29958,1.2997,2.55,1.10
2015.07.31 14:05:44.099,1.2996,1.29971,1.00,1.00
2015.07.31 14:05:44.842,1.29959,1.29967,1.35,1.00
2015.07.31 14:05:44.893,1.29958,1.2997,1.30,1.87
2015.07.31 14:05:45.046,1.29958,1.29971,2.47,1.50
2015.07.31 14:05:45.350,1.29968,1.29975,1.00,1.37
2015.07.31 14:05:45.401,1.29966,1.29977,1.00,1.57
2015.07.31 14:05:46.151,1.29967,1.29977,1.00,1.00
2015.07.31 14:05:46.658,1.29967,1.29978,1.12,1.20
2015.07.31 14:05:47.486,1.29968,1.29979,1.00,2.32
2015.07.31 14:05:47.638,1.29968,1.29979,1.87,1.20
2015.07.31 14:05:47.790,1.2997,1.29982,1.00,2.25
2015.07.31 14:05:47.892,1.29971,1.29983,1.50,1.87
2015.07.31 14:05:47.944,1.29971,1.29985,2.62,1.50
2015.07.31 14:05:48.296,1.29975,1.29985,1.37,1.00
2015.07.31 14:05:48.347,1.29978,1.29989,1.35,1.00
2015.07.31 14:05:49.964,1.29976,1.29988,1.60,1.50
2015.07.31 14:05:50.220,1.29975,1.29987,1.72,1.00
2015.07.31 14:05:50.729,1.29976,1.29986,1.00,1.12
2015.07.31 14:05:51.238,1.29979,1.29986,1.12,1.00
2015.07.31 14:05:51.341,1.29979,1.29988,1.67,1.00
2015.07.31 14:05:51.393,1.2998,1.29991,1.50,1.50
2015.07.31 14:05:51.446,1.29981,1.29992,4.12,1.00
2015.07.31 14:05:51.498,1.29983,1.29994,1.00,1.00
2015.07.31 14:05:51.857,1.29983,1.29997,4.87,2.32
2015.07.31 14:05:52.407,1.29985,1.29997,1.00,1.87
2015.07.31 14:05:52.916,1.29986,1.29998,1.00,1.12
2015.07.31 14:05:54.562,1.29987,1.29999,2.85,1.00
2015.07.31 14:05:55.071,1.29989,1.3,1.00,1.12
2015.07.31 14:05:55.969,1.29988,1.3,1.12,1.37
2015.07.31 14:05:57.386,1.29986,1.3,2.85,3.00
2015.07.31 14:05:57.640,1.29986,1.3,2.25,3.00
2015.07.31 14:06:00.260,1.29985,1.29998,3.00,2.85
2015.07.31 14:06:00.566,1.29982,1.29992,1.07,3.22
2015.07.31 14:06:00.617,1.29982,1.29991,1.00,1.60
2015.07.31 14:06:01.172,1.29977,1.29985,1.00,1.50
2015.07.31 14:06:01.275,1.29973,1.29985,1.50,3.97
2015.07.31 14:06:01.633,1.2997,1.29984,1.87,1.87
2015.07.31 14:06:02.157,1.29968,1.29982,1.87,1.75
2015.07.31 14:06:02.680,1.29968,1.29982,4.50,2.25
2015.07.31 14:06:03.577,1.29968,1.2998,1.50,1.00
2015.07.31 14:06:04.085,1.29968,1.29981,1.12,2.25
2015.07.31 14:06:05.615,1.29967,1.29981,1.50,2.25
2015.07.31 14:06:06.067,1.29969,1.29981,1.12,2.25
2015.07.31 14:06:06.472,1.29965,1.29976,1.72,1.00
2015.07.31 14:06:06.523,1.29962,1.29973,1.95,1.00
2015.07.31 14:06:06.574,1.29962,1.29972,1.07,1.00
2015.07.31 14:06:07.032,1.29961,1.29972,1.00,1.00
2015.07.31 14:06:07.083,1.29961,1.29973,2.85,3.00
2015.07.31 14:06:07.285,1.29966,1.29978,1.60,2.62
2015.07.31 14:06:07.956,1.29966,1.29978,5.10,1.50
2015.07.31 14:06:08.007,1.29968,1.2998,1.30,1.50
2015.07.31 14:06:08.516,1.29969,1.2998,1.00,1.00
2015.07.31 14:06:09.572,1.2997,1.29981,1.00,1.00
2015.07.31 14:06:10.235,1.2997,1.29984,1.50,2.25
2015.07.31 14:06:10.337,1.29972,1.29984,1.00,2.25
2015.07.31 14:06:10.439,1.2997,1.29984,1.50,3.00
2015.07.31 14:06:10.978,1.29971,1.29985,1.50,3.60
2015.07.31 14:06:11.434,1.29971,1.29984,1.87,2.10
2015.07.31 14:06:12.239,1.2997,1.29983,2.25,1.00
2015.07.31 14:06:12.858,1.29972,1.29984,1.50,1.30
2015.07.31 14:06:14.606,1.29971,1.29982,2.25,1.00
2015.07.31 14:06:14.657,1.29971,1.29982,1.12,1.12
2015.07.31 14:06:15.163,1.29967,1.29981,2.85,1.87
2015.07.31 14:06:15.703,1.29967,1.29981,1.87,1.87
2015.07.31 14:06:16.209,1.2997,1.29981,1.20,1.12
2015.07.31 14:06:18.761,1.29968,1.29982,1.37,2.25
2015.07.31 14:06:19.268,1.29968,1.2998,1.50,1.50
2015.07.31 14:06:20.124,1.29971,1.2998,1.75,1.00
2015.07.31 14:06:20.179,1.29972,1.29984,2.25,1.00
2015.07.31 14:06:20.710,1.29972,1.29984,1.45,1.87
2015.07.31 14:06:21.290,1.29973,1.29984,2.55,1.00
2015.07.31 14:06:21.342,1.29975,1.29986,1.60,2.32
2015.07.31 14:06:21.851,1.29977,1.29987,2.70,1.00
2015.07.31 14:06:22.575,1.29979,1.29988,1.00,1.12
2015.07.31 14:06:23.082,1.29977,1.29988,1.12,1.87
2015.07.31 14:06:23.133,1.29977,1.29986,1.12,1.00
2015.07.31 14:06:23.866,1.29983,1.29991,1.00,4.42
2015.07.31 14:06:23.973,1.29987,1.29997,1.50,2.25
2015.07.31 14:06:24.125,1.29986,1.29992,1.00,1.00
2015.07.31 14:06:24.177,1.29983,1.29992,1.00,2.10
2015.07.31 14:06:24.228,1.29981,1.29992,1.00,2.10
2015.07.31 14:06:24.279,1.2998,1.29991,1.00,2.10
2015.07.31 14:06:24.533,1.2998,1.29991,1.00,1.35
2015.07.31 14:06:24.584,1.2998,1.29991,1.00,2.85
2015.07.31 14:06:24.686,1.2998,1.29991,1.00,1.00
2015.07.31 14:06:25.224,1.2998,1.29991,1.00,1.07
2015.07.31 14:06:25.862,1.29976,1.29989,1.75,1.50
2015.07.31 14:06:25.914,1.29976,1.29989,1.50,2.32
2015.07.31 14:06:26.167,1.29974,1.29986,1.37,1.87
2015.07.31 14:06:26.218,1.29974,1.29986,1.00,3.00
2015.07.31 14:06:26.707,1.29973,1.29982,3.75,1.00
2015.07.31 14:06:26.758,1.2997,1.29982,1.50,1.87
2015.07.31 14:06:26.911,1.2997,1.29982,1.12,2.25
2015.07.31 14:06:27.114,1.29974,1.29985,2.25,3.75
2015.07.31 14:06:27.420,1.29978,1.29986,1.00,1.57
2015.07.31 14:06:27.971,1.29975,1.29987,4.87,1.00
2015.07.31 14:06:28.327,1.29979,1.2999,1.12,1.07
2015.07.31 14:06:28.378,1.29979,1.29991,1.12,1.87
2015.07.31 14:06:28.783,1.29979,1.29991,1.50,1.12
2015.07.31 14:06:29.805,1.2998,1.29991,1.50,1.00
2015.07.31 14:06:31.041,1.29981,1.29991,1.00,2.10
2015.07.31 14:06:31.365,1.29986,1.29995,1.00,1.57
2015.07.31 14:06:31.517,1.29987,1.29999,2.25,1.87
2015.07.31 14:06:31.568,1.29988,1.29999,1.12,1.50
2015.07.31 14:06:31.873,1.29988,1.29999,1.87,1.50
2015.07.31 14:06:32.389,1.29991,1.3,1.72,1.00
2015.07.31 14:06:32.695,1.29997,1.30009,1.87,1.50
2015.07.31 14:06:33.293,1.3,1.3001,1.37,1.00
2015.07.31 14:06:33.599,1.3,1.30011,2.62,1.00
2015.07.31 14:06:34.419,1.30001,1.30013,1.00,1.87
2015.07.31 14:06:34.574,1.30003,1.30013,1.00,1.87
2015.07.31 14:06:35.888,1.30003,1.30013,1.00,1.50
2015.07.31 14:06:36.454,1.30001,1.30013,1.50,1.00
2015.07.31 14:06:37.948,1.30001,1.30013,1.87,1.35
2015.07.31 14:06:38.455,1.30001,1.30013,1.00,7.35
2015.07.31 14:06:39.137,1.29999,1.30012,1.37,1.87
2015.07.31 14:06:39.644,1.29999,1.30011,1.37,2.25
2015.07.31 14:06:40.410,1.30001,1.30009,1.12,1.00
2015.07.31 14:06:40.716,1.30004,1.30016,3.00,1.37
2015.07.31 14:06:41.797,1.30004,1.30016,3.00,2.47
2015.07.31 14:06:41.848,1.30005,1.30017,1.00,2.55
2015.07.31 14:06:41.899,1.30007,1.30017,1.00,2.55
2015.07.31 14:06:42.356,1.30006,1.30016,1.00,2.10
2015.07.31 14:06:42.458,1.30006,1.30017,1.00,2.47
2015.07.31 14:06:42.509,1.30008,1.30017,1.00,1.72
2015.07.31 14:06:43.055,1.30008,1.3002,2.62,1.87
2015.07.31 14:06:43.360,1.30009,1.3002,1.87,1.87
2015.07.31 14:06:44.225,1.3002,1.3003,1.27,1.37
2015.07.31 14:06:44.278,1.30021,1.30033,1.07,2.62
2015.07.31 14:06:45.642,1.30023,1.30033,1.10,1.37
2015.07.31 14:06:46.933,1.30026,1.30036,1.37,1.75
2015.07.31 14:06:47.035,1.30026,1.30036,1.00,1.75
2015.07.31 14:06:47.297,1.30024,1.30036,1.50,1.37
2015.07.31 14:06:47.401,1.30026,1.30036,1.37,1.37
2015.07.31 14:06:47.704,1.30031,1.30042,1.12,1.37
2015.07.31 14:06:48.318,1.30034,1.30043,1.10,1.75
2015.07.31 14:06:48.622,1.30035,1.30043,1.00,1.37
2015.07.31 14:06:49.130,1.30035,1.30043,1.00,1.12
2015.07.31 14:06:49.737,1.30036,1.30043,1.00,1.00
2015.07.31 14:06:50.845,1.30036,1.30044,1.00,1.00
2015.07.31 14:06:51.360,1.30035,1.30044,1.50,1.00
2015.07.31 14:06:52.690,1.30035,1.30041,1.12,1.00
2015.07.31 14:06:53.147,1.30035,1.30044,1.12,1.00
2015.07.31 14:06:56.258,1.30032,1.30044,1.82,1.12
2015.07.31 14:06:56.910,1.30033,1.30044,1.10,1.37
2015.07.31 14:06:57.367,1.30033,1.30045,2.17,1.00
2015.07.31 14:06:57.765,1.30036,1.30045,1.50,1.00
2015.07.31 14:06:57.817,1.30036,1.30045,1.12,1.00
2015.07.31 14:06:58.429,1.30036,1.30045,1.75,1.00
2015.07.31 14:07:00.118,1.30038,1.30046,1.87,1.00
2015.07.31 14:07:00.625,1.30038,1.30044,1.87,1.00
2015.07.31 14:07:01.926,1.30036,1.30044,1.75,1.00
2015.07.31 14:07:02.028,1.30037,1.30044,1.00,1.00
2015.07.31 14:07:02.129,1.30036,1.30042,1.37,1.00
2015.07.31 14:07:02.180,1.30034,1.30042,2.32,1.00
2015.07.31 14:07:03.030,1.30033,1.30041,1.57,1.00
2015.07.31 14:07:03.082,1.30031,1.30045,1.75,2.85
2015.07.31 14:07:06.042,1.30033,1.30045,1.12,1.60
2015.07.31 14:07:06.549,1.30033,1.30045,1.37,1.60
2015.07.31 14:07:07.250,1.30035,1.30046,1.00,2.10
2015.07.31 14:07:07.555,1.30034,1.30047,1.75,2.25
2015.07.31 14:07:07.659,1.30035,1.30043,1.12,1.00
2015.07.31 14:07:08.161,1.30035,1.30043,1.50,1.00
2015.07.31 14:07:08.711,1.30033,1.30043,1.45,1.37
2015.07.31 14:07:09.218,1.30032,1.30043,1.87,1.00
2015.07.31 14:07:10.068,1.30032,1.30044,1.87,1.00
2015.07.31 14:07:10.881,1.30034,1.30045,1.12,2.10
2015.07.31 14:07:11.279,1.30036,1.30047,1.00,3.22
2015.07.31 14:07:11.789,1.30037,1.30047,1.12,1.12
2015.07.31 14:07:11.840,1.30037,1.30045,1.50,1.00
2015.07.31 14:07:12.968,1.30039,1.30047,1.50,1.35
2015.07.31 14:07:13.273,1.30039,1.30049,1.50,1.60
2015.07.31 14:07:13.477,1.30036,1.30049,1.37,2.85
2015.07.31 14:07:13.629,1.30038,1.30049,1.37,1.35
2015.07.31 14:07:14.159,1.3004,1.3005,1.12,1.72
2015.07.31 14:07:14.669,1.3004,1.30051,1.12,2.47
2015.07.31 14:07:15.459,1.30047,1.30052,1.50,1.60
2015.07.31 14:07:15.510,1.30049,1.30058,1.00,1.00
2015.07.31 14:07:15.561,1.30049,1.3006,1.00,1.50
2015.07.31 14:07:15.663,1.30057,1.30064,1.00,1.57
2015.07.31 14:07:15.919,1.30078,1.30082,2.10,1.12
2015.07.31 14:07:15.971,1.30078,1.30083,2.10,1.00
2015.07.31 14:07:16.073,1.3008,1.30088,1.35,1.00
2015.07.31 14:07:16.125,1.3008,1.30088,3.60,2.01
2015.07.31 14:07:16.532,1.30083,1.30095,1.00,1.00
2015.07.31 14:07:16.583,1.30088,1.30097,2.10,1.37
2015.07.31 14:07:16.735,1.30087,1.30099,2.47,1.00
2015.07.31 14:07:17.245,1.30084,1.30093,3.30,1.00
2015.07.31 14:07:17.814,1.30072,1.30076,1.12,1.00
2015.07.31 14:07:17.866,1.30071,1.30076,1.12,1.00
2015.07.31 14:07:18.653,1.30067,1.30074,1.75,1.00
2015.07.31 14:07:19.152,1.30065,1.30071,1.50,1.00
2015.07.31 14:07:19.457,1.30064,1.30069,1.12,1.00
2015.07.31 14:07:19.763,1.30058,1.30064,1.50,1.00
2015.07.31 14:07:20.257,1.30053,1.30058,1.80,1.00
2015.07.31 14:07:20.359,1.30055,1.30065,2.10,1.37
2015.07.31 14:07:20.410,1.30054,1.30059,1.35,1.00
2015.07.31 14:07:20.714,1.30054,1.30061,1.97,1.00
2015.07.31 14:07:21.506,1.30064,1.30068,1.00,1.00
2015.07.31 14:07:21.557,1.30062,1.30069,1.50,1.00
2015.07.31 14:07:21.862,1.30056,1.30063,1.50,1.00
2015.07.31 14:07:21.913,1.30056,1.30063,1.72,1.00
2015.07.31 14:07:21.964,1.30055,1.30062,2.47,1.00
2015.07.31 14:07:23.061,1.30057,1.30062,1.30,1.00
2015.07.31 14:07:23.117,1.30049,1.30059,1.35,1.00
2015.07.31 14:07:24.432,1.30048,1.30054,2.05,1.00
2015.07.31 14:07:24.484,1.30048,1.30055,1.12,1.00
2015.07.31 14:07:24.587,1.30045,1.30052,1.37,1.00
2015.07.31 14:07:24.638,1.30044,1.3005,1.47,1.00
2015.07.31 14:07:24.791,1.30044,1.30049,1.87,1.00
2015.07.31 14:07:25.348,1.30042,1.30052,1.97,1.00
2015.07.31 14:07:25.653,1.30044,1.30053,2.47,1.00
2015.07.31 14:07:25.806,1.30043,1.30053,1.37,1.00
2015.07.31 14:07:25.960,1.30042,1.30052,1.12,1.00
2015.07.31 14:07:26.978,1.30042,1.3005,1.12,1.00
2015.07.31 14:07:27.486,1.3004,1.3005,1.72,1.00
2015.07.31 14:07:28.070,1.3004,1.3005,3.30,1.00
2015.07.31 14:07:28.840,1.30042,1.30046,1.30,1.00
2015.07.31 14:07:29.244,1.30044,1.30051,1.00,1.00
2015.07.31 14:07:29.296,1.30047,1.30051,1.00,1.00
2015.07.31 14:07:30.649,1.30046,1.30051,1.00,1.00
2015.07.31 14:07:30.952,1.30043,1.30049,1.05,1.00
2015.07.31 14:07:31.560,1.30042,1.30049,1.80,1.00
2015.07.31 14:07:32.045,1.30037,1.30043,1.87,1.00
2015.07.31 14:07:32.349,1.30036,1.3004,1.10,1.00
2015.07.31 14:07:32.552,1.30031,1.30037,1.50,1.00
2015.07.31 14:07:32.603,1.30032,1.30037,1.00,1.00
2015.07.31 14:07:32.654,1.30028,1.30035,1.12,1.00
2015.07.31 14:07:33.478,1.30025,1.30035,1.35,1.00
2015.07.31 14:07:33.580,1.30028,1.30035,2.10,1.00
2015.07.31 14:07:33.631,1.30029,1.30037,2.10,1.00
2015.07.31 14:07:33.682,1.30029,1.30037,2.47,1.00
2015.07.31 14:07:34.807,1.30036,1.3004,2.10,1.00
2015.07.31 14:07:34.960,1.30036,1.30042,2.85,1.00
2015.07.31 14:07:35.377,1.30038,1.30044,2.10,1.00
2015.07.31 14:07:35.921,1.30037,1.30043,3.60,1.00
2015.07.31 14:07:35.973,1.30037,1.30042,2.10,1.00
2015.07.31 14:07:36.279,1.3004,1.30046,2.10,1.00
2015.07.31 14:07:36.381,1.30041,1.30045,1.30,1.00
2015.07.31 14:07:36.535,1.30044,1.3005,2.10,1.00
2015.07.31 14:07:36.940,1.30049,1.30053,1.00,1.00
2015.07.31 14:07:36.992,1.30049,1.30058,1.00,2.39
2015.07.31 14:07:37.043,1.30042,1.30056,1.50,3.97
2015.07.31 14:07:37.095,1.30042,1.30055,1.12,1.30
2015.07.31 14:07:37.147,1.30042,1.30051,1.12,1.00
2015.07.31 14:07:37.250,1.30037,1.30051,3.67,1.00
2015.07.31 14:07:37.605,1.30038,1.30049,2.92,1.00
2015.07.31 14:07:38.064,1.30038,1.30042,2.10,1.00
2015.07.31 14:07:38.120,1.30037,1.30044,3.22,1.00
2015.07.31 14:07:38.172,1.30039,1.30045,2.10,1.00
2015.07.31 14:07:38.682,1.30039,1.3005,2.55,2.25
2015.07.31 14:07:38.734,1.30045,1.3005,2.10,1.50
2015.07.31 14:07:39.333,1.30047,1.30054,3.22,1.00
2015.07.31 14:07:39.384,1.3005,1.30056,2.10,1.00
2015.07.31 14:07:39.435,1.3005,1.30056,2.47,1.00
2015.07.31 14:07:39.790,1.30049,1.30058,1.35,1.00
2015.07.31 14:07:40.389,1.30052,1.3006,1.00,1.00
2015.07.31 14:07:40.542,1.30053,1.30061,2.47,1.00
2015.07.31 14:07:41.638,1.30054,1.30061,1.67,1.00
2015.07.31 14:07:43.035,1.30055,1.30064,2.25,1.00
2015.07.31 14:07:43.188,1.30057,1.30067,1.50,1.00
2015.07.31 14:07:43.392,1.30065,1.30072,1.30,1.00
2015.07.31 14:07:43.443,1.30065,1.30072,2.47,1.00
2015.07.31 14:07:44.120,1.3006,1.30068,1.12,1.00
2015.07.31 14:07:44.171,1.30058,1.30066,3.00,1.00
2015.07.31 14:07:44.388,1.30058,1.30065,1.12,1.00
2015.07.31 14:07:45.279,1.30058,1.30063,1.30,1.00
2015.07.31 14:07:45.432,1.3006,1.30068,1.30,1.00
2015.07.31 14:07:45.483,1.3006,1.30068,2.85,1.00
2015.07.31 14:07:45.788,1.30069,1.30074,2.10,1.00
2015.07.31 14:07:45.839,1.30068,1.30075,2.10,1.00
2015.07.31 14:07:45.890,1.30068,1.30078,2.47,1.00
2015.07.31 14:07:46.474,1.30068,1.30078,1.72,1.00
2015.07.31 14:07:46.984,1.30067,1.30077,2.10,1.00
2015.07.31 14:07:47.880,1.30076,1.30084,3.00,2.25
2015.07.31 14:07:48.185,1.30076,1.30085,5.25,1.00
2015.07.31 14:07:49.279,1.30076,1.30086,5.86,1.00
2015.07.31 14:07:49.684,1.30077,1.30085,1.75,1.00
2015.07.31 14:07:49.786,1.30076,1.3008,1.36,1.00
2015.07.31 14:07:49.888,1.30073,1.30079,1.10,1.00
2015.07.31 14:07:50.448,1.30072,1.30078,1.05,1.00
2015.07.31 14:07:50.955,1.30072,1.30081,1.05,1.00
2015.07.31 14:07:51.006,1.30074,1.30083,1.67,1.00
2015.07.31 14:07:51.469,1.30076,1.30082,1.50,1.00
2015.07.31 14:07:51.622,1.30076,1.30083,1.75,1.00
2015.07.31 14:07:52.078,1.30076,1.30085,1.75,1.00
2015.07.31 14:07:52.995,1.30076,1.30084,2.25,1.00
2015.07.31 14:07:53.046,1.30077,1.30088,1.37,1.00
2015.07.31 14:07:53.098,1.30076,1.30088,1.00,1.35
2015.07.31 14:07:53.251,1.30074,1.30086,1.57,1.00
2015.07.31 14:07:53.352,1.30075,1.30089,3.22,1.95
2015.07.31 14:07:53.607,1.30075,1.30087,3.60,1.00
2015.07.31 14:07:53.996,1.30074,1.30085,1.35,1.00
2015.07.31 14:07:54.149,1.30071,1.30082,1.75,1.00
2015.07.31 14:07:54.252,1.30072,1.30084,1.05,1.00
2015.07.31 14:07:54.611,1.30073,1.30084,2.47,1.00
2015.07.31 14:07:55.208,1.30077,1.30088,1.00,1.95
2015.07.31 14:07:56.795,1.30075,1.30089,1.35,1.87
2015.07.31 14:07:57.543,1.30077,1.30089,1.00,1.50
2015.07.31 14:07:58.058,1.30078,1.3009,1.12,1.87
2015.07.31 14:07:58.313,1.3008,1.3009,1.00,1.00
2015.07.31 14:07:58.934,1.30078,1.30088,1.00,1.00
2015.07.31 14:07:59.652,1.30075,1.30087,4.35,1.00
2015.07.31 14:08:00.414,1.30077,1.30087,1.00,1.00
2015.07.31 14:08:00.921,1.30076,1.30088,1.50,1.00
2015.07.31 14:08:01.659,1.30076,1.30089,1.75,1.00
2015.07.31 14:08:02.369,1.30074,1.30088,1.75,1.00
2015.07.31 14:08:03.392,1.30074,1.30086,1.50,1.00
2015.07.31 14:08:03.444,1.30076,1.30088,1.35,1.10
2015.07.31 14:08:03.800,1.30075,1.30088,4.35,1.00
2015.07.31 14:08:04.469,1.30075,1.30086,4.35,1.00
2015.07.31 14:08:04.824,1.30073,1.30085,2.92,1.00
2015.07.31 14:08:05.886,1.30072,1.30081,1.75,1.00
2015.07.31 14:08:06.192,1.3007,1.30081,1.42,1.00
2015.07.31 14:08:06.294,1.3007,1.30079,1.42,1.00
2015.07.31 14:08:06.946,1.30069,1.30077,1.42,1.00
2015.07.31 14:08:07.100,1.30067,1.30078,1.12,1.00
2015.07.31 14:08:07.152,1.30066,1.30076,1.75,1.00
2015.07.31 14:08:07.609,1.30063,1.30076,1.07,1.50
2015.07.31 14:08:08.327,1.3006,1.30071,1.00,1.00
2015.07.31 14:08:08.722,1.30056,1.30067,1.75,1.00
2015.07.31 14:08:09.230,1.30055,1.30066,1.67,1.50
2015.07.31 14:08:09.333,1.30054,1.30064,2.92,1.50
2015.07.31 14:08:09.797,1.30054,1.3006,1.05,1.00
2015.07.31 14:08:10.102,1.30065,1.30072,2.10,5.40
2015.07.31 14:08:10.153,1.30067,1.30071,2.10,1.00
2015.07.31 14:08:10.204,1.30067,1.30073,2.10,3.15
2015.07.31 14:08:10.307,1.30063,1.30073,3.97,4.65
2015.07.31 14:08:10.359,1.30063,1.30075,1.87,1.00
2015.07.31 14:08:10.411,1.30063,1.30073,1.37,1.00
2015.07.31 14:08:10.513,1.30063,1.30075,1.45,2.25
2015.07.31 14:08:10.917,1.30065,1.30072,2.47,1.00
2015.07.31 14:08:10.970,1.30066,1.30074,1.05,1.00
2015.07.31 14:08:11.173,1.30066,1.30075,1.42,1.00
2015.07.31 14:08:11.679,1.30066,1.30075,1.70,1.00
2015.07.31 14:08:12.181,1.30066,1.30075,1.10,1.00
2015.07.31 14:08:12.435,1.30063,1.30073,1.12,1.00
2015.07.31 14:08:12.537,1.3006,1.30071,1.00,1.00
2015.07.31 14:08:12.790,1.30057,1.30069,2.85,1.00
2015.07.31 14:08:13.640,1.30058,1.30069,1.60,2.25
2015.07.31 14:08:14.249,1.30057,1.30067,2.85,1.00
2015.07.31 14:08:14.856,1.30057,1.30066,1.37,1.00
2015.07.31 14:08:15.161,1.30055,1.30059,1.50,1.00
2015.07.31 14:08:15.998,1.3005,1.30058,1.00,1.50
2015.07.31 14:08:16.049,1.3005,1.30056,1.00,1.00
2015.07.31 14:08:16.558,1.30047,1.30056,1.87,1.00
2015.07.31 14:08:17.646,1.30047,1.30056,2.47,1.00
2015.07.31 14:08:18.255,1.30047,1.30054,1.12,1.00
2015.07.31 14:08:18.650,1.30043,1.30047,7.12,1.00
2015.07.31 14:08:18.703,1.30037,1.30047,1.00,1.00
2015.07.31 14:08:19.160,1.30035,1.30046,1.00,1.00
2015.07.31 14:08:19.394,1.30034,1.30043,3.30,1.00
2015.07.31 14:08:19.698,1.30036,1.30043,2.47,1.00
2015.07.31 14:08:20.379,1.30036,1.30042,1.30,1.00
2015.07.31 14:08:20.633,1.30036,1.3004,1.30,1.00
2015.07.31 14:08:21.140,1.30036,1.30042,2.47,2.25
2015.07.31 14:08:21.646,1.30036,1.3004,1.30,1.00
2015.07.31 14:08:21.950,1.30033,1.30039,2.17,1.00
2015.07.31 14:08:22.457,1.30034,1.30038,2.47,1.00
2015.07.31 14:08:23.706,1.30035,1.30041,2.10,2.25
2015.07.31 14:08:23.870,1.30034,1.30039,2.10,1.00
2015.07.31 14:08:23.972,1.30036,1.30042,2.10,2.25
2015.07.31 14:08:24.124,1.30034,1.3004,2.10,1.00
2015.07.31 14:08:25.347,1.30034,1.30039,2.10,1.00
2015.07.31 14:08:25.398,1.30037,1.30041,2.10,1.00
2015.07.31 14:08:25.552,1.30036,1.3004,2.10,1.00
2015.07.31 14:08:25.655,1.30035,1.3004,2.10,1.00
2015.07.31 14:08:26.327,1.30035,1.30041,2.10,1.00
2015.07.31 14:08:26.531,1.30032,1.30038,1.75,1.00
2015.07.31 14:08:26.838,1.30034,1.3004,1.05,1.00
2015.07.31 14:08:26.890,1.30038,1.30045,1.00,1.00
2015.07.31 14:08:27.046,1.30044,1.3005,2.47,1.50
2015.07.31 14:08:27.098,1.30044,1.3005,2.47,1.50
2015.07.31 14:08:27.150,1.30044,1.3005,2.47,1.00
2015.07.31 14:08:27.202,1.30044,1.30052,2.47,1.00
2015.07.31 14:08:27.747,1.30045,1.30053,1.72,1.00
2015.07.31 14:08:28.052,1.30045,1.30053,2.10,1.00
2015.07.31 14:08:28.305,1.30046,1.30055,1.35,1.00
2015.07.31 14:08:28.721,1.30042,1.30051,1.82,1.00
2015.07.31 14:08:28.976,1.30037,1.30048,2.10,1.00
2015.07.31 14:08:29.079,1.30041,1.30048,2.47,1.00
2015.07.31 14:08:29.487,1.30036,1.30047,3.60,1.00
2015.07.31 14:08:30.033,1.30038,1.30048,1.72,1.00
2015.07.31 14:08:30.089,1.30043,1.30049,2.10,1.00
2015.07.31 14:08:30.191,1.30043,1.30051,2.10,2.25
2015.07.31 14:08:30.395,1.30042,1.30051,2.92,1.00
2015.07.31 14:08:30.606,1.30042,1.30054,3.67,1.50
2015.07.31 14:08:31.113,1.30043,1.30054,3.30,1.50
2015.07.31 14:08:33.133,1.30045,1.30054,2.85,1.00
2015.07.31 14:08:38.554,1.30047,1.30057,1.50,1.00
2015.07.31 14:08:38.915,1.30047,1.30058,1.50,1.00
2015.07.31 14:08:39.220,1.30047,1.30055,1.50,1.00
2015.07.31 14:08:39.423,1.30047,1.30057,1.50,1.00
2015.07.31 14:08:40.907,1.30049,1.30057,1.37,1.00
2015.07.31 14:08:41.392,1.30049,1.30059,1.37,1.00
2015.07.31 14:08:42.042,1.30049,1.30059,1.12,1.00
2015.07.31 14:08:42.563,1.30049,1.3006,1.12,1.50
2015.07.31 14:08:42.664,1.30051,1.3006,1.00,1.50
2015.07.31 14:08:43.265,1.30051,1.30061,1.00,1.72
2015.07.31 14:08:43.823,1.30051,1.30061,1.00,1.50
2015.07.31 14:08:44.602,1.30051,1.30064,1.12,1.12
2015.07.31 14:08:46.217,1.30059,1.30063,1.00,1.00
2015.07.31 14:08:46.269,1.30062,1.3007,1.00,1.87
2015.07.31 14:08:46.320,1.30062,1.30072,1.50,1.37
2015.07.31 14:08:46.372,1.30065,1.30074,1.00,1.57
2015.07.31 14:08:46.424,1.30065,1.30076,1.00,2.25
2015.07.31 14:08:46.477,1.30065,1.30077,1.37,1.87
2015.07.31 14:08:46.528,1.30067,1.30079,2.47,1.87
2015.07.31 14:08:47.337,1.30069,1.30082,1.30,1.50
2015.07.31 14:08:47.390,1.30068,1.30082,2.47,1.12
2015.07.31 14:08:47.800,1.30069,1.30082,1.72,1.50
2015.07.31 14:08:47.953,1.30071,1.30082,1.00,1.50
2015.07.31 14:08:48.688,1.3007,1.30084,1.00,1.75
2015.07.31 14:08:49.403,1.3007,1.30084,1.00,1.75
2015.07.31 14:08:51.686,1.3007,1.30084,2.62,1.37
2015.07.31 14:08:52.193,1.30072,1.30085,1.00,2.10
2015.07.31 14:08:52.939,1.30073,1.30084,2.47,1.12
2015.07.31 14:08:54.222,1.30081,1.30087,1.37,1.47
2015.07.31 14:08:54.273,1.30083,1.30088,1.00,1.07
2015.07.31 14:08:54.325,1.30083,1.30092,1.00,1.75
2015.07.31 14:08:54.376,1.30083,1.30092,1.00,1.00
2015.07.31 14:08:54.882,1.30083,1.30092,1.12,1.00
2015.07.31 14:08:56.169,1.30083,1.30094,2.25,1.37
2015.07.31 14:08:56.423,1.3009,1.30094,1.50,1.00
2015.07.31 14:08:56.525,1.30092,1.30097,1.00,1.47
2015.07.31 14:08:56.628,1.30095,1.30104,1.00,1.47
2015.07.31 14:08:56.934,1.30097,1.30106,2.10,1.50
2015.07.31 14:08:57.350,1.301,1.30114,1.37,2.25
2015.07.31 14:08:57.402,1.30101,1.30114,1.12,1.37
2015.07.31 14:08:57.555,1.30099,1.30113,1.87,1.37
2015.07.31 14:08:57.657,1.30099,1.30112,2.47,1.00
2015.07.31 14:08:58.398,1.30101,1.30113,1.00,1.12
2015.07.31 14:08:58.703,1.30101,1.30111,1.00,1.00
2015.07.31 14:08:58.755,1.30101,1.30113,1.00,1.12
2015.07.31 14:08:58.858,1.301,1.30113,1.12,1.50
2015.07.31 14:08:59.631,1.301,1.30113,1.00,1.12
2015.07.31 14:09:00.138,1.30101,1.30115,1.00,1.37
2015.07.31 14:09:00.190,1.30103,1.30116,1.50,1.42
2015.07.31 14:09:00.624,1.30104,1.30117,1.70,1.85
2015.07.31 14:09:00.929,1.3011,1.30119,1.00,3.00
2015.07.31 14:09:00.981,1.3011,1.30119,1.00,1.50
2015.07.31 14:09:01.483,1.3011,1.30119,1.87,1.37
2015.07.31 14:09:01.836,1.30117,1.30122,1.00,1.37
2015.07.31 14:09:01.889,1.3012,1.30132,1.00,1.37
2015.07.31 14:09:02.092,1.30118,1.30132,1.87,1.47
2015.07.31 14:09:02.194,1.30119,1.30133,1.37,1.07
2015.07.31 14:09:02.397,1.30122,1.30134,1.12,1.12
2015.07.31 14:09:03.116,1.30122,1.30136,1.87,1.87
2015.07.31 14:09:03.471,1.30123,1.30132,1.00,1.75
2015.07.31 14:09:04.025,1.30129,1.30139,1.00,1.00
2015.07.31 14:09:04.229,1.30131,1.3014,1.00,1.00
2015.07.31 14:09:04.534,1.30133,1.30145,1.00,1.50
2015.07.31 14:09:05.299,1.30133,1.30142,1.00,1.12
2015.07.31 14:09:05.350,1.30123,1.30135,1.87,1.00
2015.07.31 14:09:05.475,1.30125,1.30137,1.00,1.10
2015.07.31 14:09:05.680,1.30124,1.30136,1.87,1.37
2015.07.31 14:09:06.308,1.30124,1.30137,1.35,1.85
2015.07.31 14:09:06.461,1.30124,1.30136,1.60,1.00
2015.07.31 14:09:06.765,1.30123,1.30136,1.80,1.50
2015.07.31 14:09:07.273,1.30123,1.30135,1.70,1.12
2015.07.31 14:09:07.680,1.3012,1.30133,2.47,1.00
2015.07.31 14:09:08.190,1.30121,1.30135,2.55,2.25
2015.07.31 14:09:08.952,1.30122,1.30135,1.05,1.87
2015.07.31 14:09:09.257,1.30126,1.3014,1.72,2.32
2015.07.31 14:09:09.562,1.30127,1.3014,2.47,1.37
2015.07.31 14:09:09.664,1.30129,1.30141,1.60,1.20
2015.07.31 14:09:10.214,1.30127,1.3014,2.47,1.00
2015.07.31 14:09:10.265,1.30127,1.30139,1.30,1.00
2015.07.31 14:09:10.316,1.30123,1.30136,2.92,1.00
2015.07.31 14:09:10.367,1.30123,1.30136,2.92,1.00
2015.07.31 14:09:11.351,1.30122,1.30136,1.72,1.37
2015.07.31 14:09:12.414,1.30122,1.30134,1.12,1.00
2015.07.31 14:09:12.975,1.30123,1.30134,2.17,1.00
2015.07.31 14:09:13.485,1.30122,1.30134,3.22,1.00
2015.07.31 14:09:13.536,1.30129,1.3014,2.10,1.00
2015.07.31 14:09:13.689,1.3013,1.30142,2.10,1.00
2015.07.31 14:09:14.198,1.30128,1.30142,2.47,1.00
2015.07.31 14:09:14.988,1.30128,1.30142,2.47,1.00
2015.07.31 14:09:15.041,1.30131,1.30145,1.00,1.00
2015.07.31 14:09:15.194,1.30128,1.30139,1.50,1.00
2015.07.31 14:09:15.500,1.30125,1.30135,1.00,1.00
2015.07.31 14:09:16.008,1.30132,1.30138,1.37,1.50
2015.07.31 14:09:16.061,1.30132,1.30147,1.37,1.37
2015.07.31 14:09:16.366,1.30131,1.30146,2.47,1.00
2015.07.31 14:09:16.671,1.30137,1.30148,2.10,1.37
2015.07.31 14:09:17.532,1.30137,1.30149,2.85,1.00
2015.07.31 14:09:17.735,1.30137,1.30147,1.60,1.00
2015.07.31 14:09:17.837,1.30137,1.30149,1.30,1.12
2015.07.31 14:09:18.387,1.30137,1.30149,1.60,1.12
2015.07.31 14:09:18.795,1.30137,1.30152,3.60,1.50
2015.07.31 14:09:18.999,1.30138,1.30152,2.85,1.50
2015.07.31 14:09:19.558,1.30141,1.30152,1.00,1.00
2015.07.31 14:09:20.121,1.30141,1.30153,1.00,1.00
2015.07.31 14:09:20.932,1.3014,1.30153,1.00,1.50
2015.07.31 14:09:21.439,1.30141,1.30153,1.00,1.87
2015.07.31 14:09:21.642,1.30138,1.30153,1.87,1.87
2015.07.31 14:09:22.262,1.3014,1.30151,1.00,1.00
2015.07.31 14:09:22.769,1.30139,1.30151,1.12,1.12
2015.07.31 14:09:23.072,1.3014,1.30153,3.22,1.87
2015.07.31 14:09:23.828,1.30141,1.30153,1.00,1.00
2015.07.31 14:09:25.279,1.30144,1.30153,2.92,1.00
2015.07.31 14:09:25.534,1.30144,1.30153,1.10,1.00
2015.07.31 14:09:26.041,1.30144,1.30152,2.10,1.00
2015.07.31 14:09:26.544,1.30146,1.30152,1.00,1.00
2015.07.31 14:09:26.595,1.30144,1.30152,1.00,1.00
2015.07.31 14:09:27.256,1.30141,1.30152,2.85,1.00
2015.07.31 14:09:27.460,1.3014,1.30153,1.87,1.50
2015.07.31 14:09:27.905,1.3014,1.30153,1.00,2.25
2015.07.31 14:09:28.261,1.30139,1.30152,1.00,1.75
2015.07.31 14:09:28.567,1.30139,1.30146,1.00,1.00
2015.07.31 14:09:29.118,1.30138,1.30146,1.00,1.00
2015.07.31 14:09:29.423,1.30137,1.30144,1.00,1.00
2015.07.31 14:09:30.368,1.30137,1.30146,1.00,1.00
2015.07.31 14:09:30.571,1.30137,1.30149,1.72,1.47
2015.07.31 14:09:30.912,1.30138,1.3015,1.35,1.00
2015.07.31 14:09:30.963,1.3014,1.3015,1.00,1.00
2015.07.31 14:09:31.915,1.30138,1.3015,1.35,1.00
2015.07.31 14:09:31.966,1.30138,1.30145,1.72,1.00
2015.07.31 14:09:32.474,1.30135,1.30143,1.37,1.00
2015.07.31 14:09:32.626,1.30131,1.30138,1.00,1.00
2015.07.31 14:09:33.085,1.30128,1.30138,1.00,1.20
2015.07.31 14:09:33.137,1.30126,1.30137,2.25,1.00
2015.07.31 14:09:33.669,1.30125,1.30136,1.50,1.12
2015.07.31 14:09:33.924,1.30122,1.30134,1.37,1.12
2015.07.31 14:09:34.442,1.3012,1.30133,2.25,1.12
2015.07.31 14:09:34.856,1.3012,1.30133,2.25,1.37
2015.07.31 14:09:35.373,1.30121,1.30133,1.50,1.37
2015.07.31 14:09:36.284,1.30122,1.30134,1.00,2.25
2015.07.31 14:09:36.589,1.30122,1.30134,1.00,2.25
2015.07.31 14:09:37.099,1.30123,1.30135,1.00,2.25
2015.07.31 14:09:37.608,1.3013,1.30139,1.00,1.85
2015.07.31 14:09:37.660,1.30127,1.30138,1.12,1.60
2015.07.31 14:09:38.168,1.30126,1.30138,1.12,1.50
2015.07.31 14:09:38.877,1.30127,1.3014,1.87,2.32
2015.07.31 14:09:39.182,1.30129,1.30141,1.00,2.62
2015.07.31 14:09:39.793,1.30136,1.30143,1.00,1.00
2015.07.31 14:09:39.844,1.30136,1.30145,1.87,1.00
2015.07.31 14:09:40.201,1.30138,1.30145,1.00,1.00
2015.07.31 14:09:40.901,1.30138,1.30145,1.87,1.00
2015.07.31 14:09:40.953,1.3014,1.30151,1.37,1.10
2015.07.31 14:09:41.156,1.30143,1.30153,1.00,1.87
2015.07.31 14:09:41.461,1.30145,1.30153,1.00,1.00
2015.07.31 14:09:41.981,1.30143,1.30152,1.87,1.00
2015.07.31 14:09:42.430,1.3015,1.30154,1.00,1.00
2015.07.31 14:09:42.740,1.30148,1.30152,1.00,1.00
2015.07.31 14:09:43.822,1.30151,1.30155,1.00,1.00
2015.07.31 14:09:43.873,1.30153,1.30157,1.00,1.00
2015.07.31 14:09:43.975,1.30154,1.30158,1.00,1.00
2015.07.31 14:09:44.026,1.30152,1.30159,1.00,1.00
2015.07.31 14:09:44.077,1.30154,1.30159,1.00,1.00
2015.07.31 14:09:44.381,1.30155,1.3016,1.00,1.10
2015.07.31 14:09:44.685,1.30156,1.3016,1.00,1.00
2015.07.31 14:09:45.111,1.30158,1.30164,1.00,1.50
2015.07.31 14:09:45.520,1.30155,1.30162,1.00,1.12
2015.07.31 14:09:45.622,1.30153,1.30161,1.00,1.12
2015.07.31 14:09:45.673,1.30155,1.30161,1.00,1.12
2015.07.31 14:09:46.684,1.30157,1.30164,1.00,1.00
2015.07.31 14:09:46.737,1.30159,1.30165,1.00,1.00
2015.07.31 14:09:46.788,1.30158,1.30165,1.00,1.35
2015.07.31 14:09:46.839,1.30157,1.30162,1.00,1.00
2015.07.31 14:09:47.043,1.30156,1.3016,1.00,1.00
2015.07.31 14:09:47.094,1.30154,1.3016,1.00,1.00
2015.07.31 14:09:47.145,1.30154,1.30158,1.00,1.00
2015.07.31 14:09:47.752,1.30148,1.30154,1.00,1.37
2015.07.31 14:09:47.803,1.30148,1.30154,1.00,1.87
2015.07.31 14:09:48.011,1.30141,1.30154,2.25,1.37
2015.07.31 14:09:48.063,1.30141,1.30154,2.25,1.00
2015.07.31 14:09:49.336,1.30141,1.30149,2.62,1.00
2015.07.31 14:09:49.884,1.30142,1.30149,1.00,1.00
2015.07.31 14:09:50.485,1.3014,1.30149,2.62,1.00
2015.07.31 14:09:50.891,1.3014,1.30152,1.87,1.87
2015.07.31 14:09:50.943,1.3014,1.30152,1.00,3.22
2015.07.31 14:09:51.451,1.30139,1.30152,1.87,5.10
2015.07.31 14:09:52.113,1.30138,1.3015,3.00,1.00
2015.07.31 14:09:52.634,1.30137,1.30149,2.62,1.12
2015.07.31 14:09:55.157,1.30138,1.30149,1.00,1.12
2015.07.31 14:09:56.351,1.30139,1.3015,1.50,1.37
2015.07.31 14:09:56.657,1.30149,1.30159,1.00,1.00
2015.07.31 14:09:57.175,1.30149,1.30161,1.50,1.95
2015.07.31 14:09:57.742,1.3015,1.30161,1.00,1.12
2015.07.31 14:09:58.272,1.30151,1.30161,1.00,1.12
2015.07.31 14:09:59.195,1.3015,1.30161,1.00,1.87
2015.07.31 14:09:59.246,1.30148,1.30161,3.00,1.37
2015.07.31 14:09:59.551,1.30151,1.30161,1.00,1.00
2015.07.31 14:10:02.248,1.30151,1.30163,1.50,1.95
2015.07.31 14:10:05.516,1.30152,1.30162,1.00,1.30
2015.07.31 14:10:06.034,1.30152,1.30163,1.00,2.92
2015.07.31 14:10:06.793,1.30152,1.30163,1.00,2.85
2015.07.31 14:10:07.299,1.30152,1.30163,1.50,2.10
2015.07.31 14:10:08.127,1.30152,1.30164,1.00,3.00
2015.07.31 14:10:08.178,1.30152,1.30163,1.37,1.00
2015.07.31 14:10:08.687,1.30151,1.30164,1.87,6.60
2015.07.31 14:10:09.868,1.30152,1.30163,1.12,2.10
2015.07.31 14:10:10.375,1.30152,1.30162,1.12,1.30
2015.07.31 14:10:11.229,1.30151,1.30163,1.87,2.10
2015.07.31 14:10:12.071,1.30151,1.30162,2.25,1.35
2015.07.31 14:10:12.427,1.30157,1.30162,1.00,1.35
2015.07.31 14:10:14.589,1.30157,1.30163,1.00,3.60
2015.07.31 14:10:16.455,1.30156,1.3016,1.00,1.00
2015.07.31 14:10:16.995,1.30157,1.30162,1.00,1.72
2015.07.31 14:10:17.502,1.30157,1.30162,1.00,1.30
2015.07.31 14:10:18.792,1.30157,1.30162,1.00,1.30
2015.07.31 14:10:19.658,1.30157,1.30162,1.00,1.35
2015.07.31 14:10:20.384,1.30157,1.30162,1.00,1.60
2015.07.31 14:10:21.599,1.30158,1.30163,1.00,3.22
2015.07.31 14:10:22.797,1.30157,1.30163,1.00,3.22
2015.07.31 14:10:23.394,1.30157,1.30162,1.00,1.30
2015.07.31 14:10:24.033,1.30157,1.30163,1.00,3.22
2015.07.31 14:10:24.739,1.30157,1.30162,1.00,1.30
2015.07.31 14:10:25.413,1.30157,1.30163,1.00,3.22
2015.07.31 14:10:25.465,1.30157,1.30163,1.00,2.47
2015.07.31 14:10:25.971,1.30157,1.30162,1.00,1.00
2015.07.31 14:10:27.166,1.30157,1.30162,1.00,1.72
2015.07.31 14:10:28.215,1.30157,1.30162,1.00,1.30
2015.07.31 14:10:28.965,1.30157,1.30163,1.00,3.60
2015.07.31 14:10:29.672,1.30157,1.30162,1.00,1.72
2015.07.31 14:10:30.230,1.30157,1.30162,1.00,1.72
2015.07.31 14:10:30.988,1.30157,1.30162,1.00,1.12
2015.07.31 14:10:31.631,1.30157,1.30162,1.00,1.60
2015.07.31 14:10:31.885,1.30157,1.30163,1.00,3.97
2015.07.31 14:10:32.744,1.30157,1.30163,1.00,3.22
2015.07.31 14:10:33.369,1.30159,1.30164,1.00,5.17
2015.07.31 14:10:34.179,1.30158,1.30163,1.00,3.22
2015.07.31 14:10:34.686,1.30159,1.30164,1.00,4.80
2015.07.31 14:10:35.192,1.30158,1.30163,1.00,1.60
2015.07.31 14:10:36.309,1.30158,1.30162,1.00,1.00
2015.07.31 14:10:37.396,1.30159,1.30164,1.00,1.72
2015.07.31 14:10:37.700,1.30172,1.30179,1.00,1.80
2015.07.31 14:10:37.751,1.30174,1.30183,1.00,2.62
2015.07.31 14:10:37.852,1.30176,1.30183,1.00,1.12
2015.07.31 14:10:37.904,1.30177,1.30185,1.00,1.75
2015.07.31 14:10:38.005,1.30177,1.30188,1.00,1.87
2015.07.31 14:10:38.864,1.30177,1.3019,1.00,4.72
2015.07.31 14:10:38.916,1.30179,1.30187,1.00,1.00
2015.07.31 14:10:39.222,1.30181,1.30187,1.00,1.00
2015.07.31 14:10:39.628,1.30181,1.3019,1.00,1.87
2015.07.31 14:10:40.250,1.30185,1.3019,1.00,1.47
2015.07.31 14:10:40.302,1.30185,1.30194,1.00,1.12
2015.07.31 14:10:40.353,1.30187,1.30195,1.00,1.87
2015.07.31 14:10:40.556,1.30186,1.30197,1.00,1.20
2015.07.31 14:10:40.608,1.30189,1.30195,1.00,1.67
2015.07.31 14:10:40.659,1.30189,1.30196,1.00,1.57
2015.07.31 14:10:41.609,1.30192,1.30196,1.00,1.00
2015.07.31 14:10:41.863,1.30192,1.30197,1.00,1.00
2015.07.31 14:10:42.371,1.30193,1.302,1.00,1.87
2015.07.31 14:10:42.985,1.30192,1.302,1.00,1.37
2015.07.31 14:10:45.086,1.30192,1.30201,1.00,2.62
2015.07.31 14:10:45.592,1.30192,1.30199,1.00,1.00
2015.07.31 14:10:46.099,1.30191,1.30199,1.00,1.50
2015.07.31 14:10:46.794,1.30191,1.30196,1.00,1.00
2015.07.31 14:10:48.532,1.30191,1.30199,1.00,1.12
2015.07.31 14:10:49.304,1.30191,1.30199,1.00,2.47
2015.07.31 14:10:49.356,1.30188,1.30198,1.50,2.47
2015.07.31 14:10:49.884,1.30188,1.30196,1.00,1.35
2015.07.31 14:10:49.935,1.30184,1.30193,2.62,2.47
2015.07.31 14:10:50.139,1.30179,1.30186,1.00,1.00
2015.07.31 14:10:50.393,1.30175,1.30185,1.00,1.72
2015.07.31 14:10:51.187,1.30175,1.30184,1.00,1.75
2015.07.31 14:10:51.717,1.30175,1.30184,1.00,1.37
2015.07.31 14:10:52.413,1.30173,1.30184,1.00,1.50
2015.07.31 14:10:55.194,1.30175,1.30186,1.00,1.50
2015.07.31 14:10:55.654,1.30178,1.30186,1.00,1.37
2015.07.31 14:10:56.161,1.30177,1.30189,1.00,2.10
2015.07.31 14:10:56.617,1.30179,1.3019,1.00,1.87
2015.07.31 14:10:57.122,1.3018,1.30189,1.00,1.00
2015.07.31 14:10:57.173,1.30182,1.3019,1.00,1.00
2015.07.31 14:10:58.193,1.30182,1.3019,1.00,1.37
2015.07.31 14:10:58.997,1.30182,1.30188,1.00,1.50
2015.07.31 14:10:59.048,1.3018,1.30188,1.00,1.50
2015.07.31 14:11:00.356,1.30177,1.30189,1.00,1.50
2015.07.31 14:11:00.871,1.30175,1.30184,1.87,1.00
2015.07.31 14:11:01.175,1.30177,1.30185,1.00,1.50
2015.07.31 14:11:02.231,1.30177,1.30187,1.00,1.30
2015.07.31 14:11:03.023,1.30176,1.30188,1.00,3.60
2015.07.31 14:11:03.230,1.30176,1.30188,1.00,2.85
2015.07.31 14:11:03.763,1.30177,1.30188,1.00,1.50
2015.07.31 14:11:03.865,1.3018,1.30188,1.00,1.50
2015.07.31 14:11:04.469,1.3018,1.30188,1.00,1.12
2015.07.31 14:11:05.228,1.30182,1.3019,1.00,4.50
2015.07.31 14:11:05.482,1.30178,1.30189,1.87,1.75
2015.07.31 14:11:05.533,1.3018,1.30188,1.00,2.85
2015.07.31 14:11:05.882,1.30177,1.30187,1.87,2.10
2015.07.31 14:11:05.933,1.30175,1.30184,1.00,1.30
2015.07.31 14:11:06.237,1.30173,1.30185,1.00,1.67
2015.07.31 14:11:06.845,1.30173,1.30186,1.12,2.92
2015.07.31 14:11:09.168,1.30175,1.30186,1.00,1.42
2015.07.31 14:11:09.679,1.30175,1.30187,1.87,1.57
2015.07.31 14:11:12.288,1.30175,1.30187,2.25,1.12
2015.07.31 14:11:12.390,1.30178,1.30187,1.00,1.00
2015.07.31 14:11:12.899,1.30178,1.30188,1.00,1.00
2015.07.31 14:11:13.424,1.30178,1.30188,1.00,1.60
2015.07.31 14:11:13.733,1.30178,1.3019,1.87,2.55
2015.07.31 14:11:13.937,1.30178,1.30189,1.87,1.00
2015.07.31 14:11:16.694,1.30178,1.30189,1.12,4.50
2015.07.31 14:11:18.330,1.30186,1.30194,1.00,4.12
2015.07.31 14:11:18.532,1.30187,1.30197,1.12,1.10
2015.07.31 14:11:18.893,1.30189,1.30197,1.00,1.00
2015.07.31 14:11:19.399,1.30189,1.302,1.00,1.57
2015.07.31 14:11:20.251,1.30189,1.302,1.00,1.50
2015.07.31 14:11:20.759,1.30189,1.302,1.00,5.10
2015.07.31 14:11:21.012,1.30187,1.302,3.00,2.25
2015.07.31 14:11:21.114,1.30187,1.30194,1.87,3.00
2015.07.31 14:11:21.418,1.30192,1.30197,1.00,1.50
2015.07.31 14:11:21.927,1.30194,1.30199,1.00,2.47
2015.07.31 14:11:22.587,1.30194,1.302,1.00,1.57
2015.07.31 14:11:23.582,1.30195,1.30199,1.00,1.12
2015.07.31 14:11:25.347,1.30196,1.302,1.00,1.00
2015.07.31 14:11:26.631,1.30196,1.30201,1.00,1.87
2015.07.31 14:11:27.137,1.30196,1.30201,1.00,5.47
2015.07.31 14:11:27.859,1.30196,1.30201,1.00,4.87
2015.07.31 14:11:28.224,1.30195,1.30201,1.00,5.85
2015.07.31 14:11:29.620,1.30193,1.30199,1.00,1.50
2015.07.31 14:11:29.680,1.30194,1.30199,1.00,1.50
2015.07.31 14:11:30.139,1.30191,1.30199,1.00,5.85
2015.07.31 14:11:30.190,1.30187,1.30196,1.00,1.35
2015.07.31 14:11:30.241,1.30185,1.30192,1.87,1.37
2015.07.31 14:11:30.293,1.30185,1.30189,1.00,1.30
2015.07.31 14:11:30.658,1.30185,1.30189,1.00,4.35
2015.07.31 14:11:30.710,1.30182,1.30187,1.00,1.00
2015.07.31 14:11:30.761,1.30179,1.30188,1.00,6.67
2015.07.31 14:11:31.420,1.30179,1.30186,1.00,4.57
2015.07.31 14:11:31.962,1.30178,1.30185,1.00,1.75
2015.07.31 14:11:32.268,1.30182,1.30187,1.00,2.32
2015.07.31 14:11:32.573,1.30183,1.30189,1.00,4.57
2015.07.31 14:11:32.930,1.30184,1.30189,1.00,1.50
2015.07.31 14:11:33.352,1.30184,1.30193,1.00,2.25
2015.07.31 14:11:34.011,1.30181,1.30192,1.00,1.37
2015.07.31 14:11:34.062,1.30181,1.30192,1.00,1.75
2015.07.31 14:11:34.114,1.30179,1.30188,1.00,1.12
2015.07.31 14:11:34.579,1.30178,1.30186,1.00,1.00
2015.07.31 14:11:34.886,1.30175,1.30185,1.00,3.37
2015.07.31 14:11:35.179,1.30175,1.30183,1.00,3.00
2015.07.31 14:11:35.230,1.30175,1.30186,1.00,4.12
2015.07.31 14:11:36.015,1.30175,1.30186,1.50,1.12
2015.07.31 14:11:36.374,1.30176,1.30187,1.00,4.35
2015.07.31 14:11:36.906,1.30175,1.30186,1.00,3.97
2015.07.31 14:11:37.308,1.30183,1.30191,1.00,1.12
2015.07.31 14:11:37.511,1.30184,1.30196,1.00,2.25
2015.07.31 14:11:37.562,1.30184,1.30193,1.00,2.47
2015.07.31 14:11:37.613,1.30182,1.3019,1.00,3.22
2015.07.31 14:11:37.715,1.3018,1.3019,1.00,1.50
2015.07.31 14:11:37.919,1.30183,1.30191,1.00,1.37
2015.07.31 14:11:38.021,1.30181,1.30191,1.00,1.37
2015.07.31 14:11:38.072,1.30179,1.30189,1.35,3.37
2015.07.31 14:11:38.123,1.30181,1.30189,1.00,3.37
2015.07.31 14:11:38.474,1.30184,1.30189,1.50,3.37
2015.07.31 14:11:39.090,1.30185,1.30196,1.00,1.37
2015.07.31 14:11:40.284,1.30186,1.30197,1.00,1.42
2015.07.31 14:11:40.837,1.30187,1.30198,1.00,1.75
2015.07.31 14:11:41.585,1.30188,1.30199,1.00,1.57
2015.07.31 14:11:41.838,1.30187,1.30199,2.25,1.00
2015.07.31 14:11:42.347,1.30189,1.302,1.00,1.87
2015.07.31 14:11:42.892,1.30188,1.302,1.12,4.87
2015.07.31 14:11:44.174,1.30187,1.302,3.00,3.30
2015.07.31 14:11:44.680,1.30188,1.30199,1.00,3.45
2015.07.31 14:11:45.386,1.30188,1.30202,1.50,5.62
2015.07.31 14:11:45.928,1.30189,1.30199,1.00,3.37
2015.07.31 14:11:47.442,1.3019,1.30201,1.12,1.37
2015.07.31 14:11:47.494,1.3019,1.30201,1.50,1.00
2015.07.31 14:11:48.000,1.30192,1.30201,1.12,1.00
2015.07.31 14:11:48.803,1.30192,1.30201,1.10,1.50
2015.07.31 14:11:51.662,1.30192,1.30202,1.00,2.62
2015.07.31 14:11:52.147,1.3019,1.302,1.57,1.37
2015.07.31 14:11:52.674,1.30191,1.30202,1.00,5.32
2015.07.31 14:11:54.893,1.30191,1.30203,1.37,6.60
2015.07.31 14:11:55.045,1.30195,1.30204,2.10,2.25
2015.07.31 14:11:55.096,1.30195,1.30204,1.35,1.12
2015.07.31 14:11:55.147,1.30199,1.30205,1.87,1.00
2015.07.31 14:11:55.198,1.30199,1.3021,1.87,1.45
2015.07.31 14:11:55.300,1.302,1.30212,1.00,2.62
2015.07.31 14:11:55.351,1.30202,1.30212,1.00,1.50
2015.07.31 14:11:55.402,1.30202,1.30215,1.00,2.32
2015.07.31 14:11:55.454,1.30203,1.30214,1.00,1.07
2015.07.31 14:11:56.249,1.30203,1.30216,1.50,1.85
2015.07.31 14:11:56.655,1.30208,1.30216,1.00,2.32
2015.07.31 14:11:56.858,1.30209,1.30215,1.00,1.50
2015.07.31 14:11:57.061,1.30212,1.30219,1.00,3.07
2015.07.31 14:11:57.606,1.30214,1.3022,1.00,2.25
2015.07.31 14:11:57.657,1.30214,1.3022,1.00,1.37
2015.07.31 14:11:58.568,1.30213,1.30219,1.00,1.87
2015.07.31 14:11:58.619,1.30212,1.30219,1.00,2.62
2015.07.31 14:12:01.640,1.30212,1.30222,1.00,2.25
2015.07.31 14:12:01.792,1.3021,1.30215,2.25,2.10
2015.07.31 14:12:02.264,1.30209,1.30214,1.50,2.10
2015.07.31 14:12:02.315,1.30209,1.3022,1.00,2.25
2015.07.31 14:12:03.382,1.3021,1.30222,1.00,3.00
2015.07.31 14:12:03.887,1.30209,1.30221,1.00,1.50
2015.07.31 14:12:06.196,1.3021,1.30222,1.00,3.75
2015.07.31 14:12:06.399,1.30212,1.30222,1.00,4.50
2015.07.31 14:12:06.907,1.30211,1.30223,2.25,3.75
2015.07.31 14:12:07.664,1.30211,1.30222,1.00,3.75
2015.07.31 14:12:07.715,1.30213,1.30222,1.00,3.75
2015.07.31 14:12:07.766,1.30211,1.30224,1.00,1.75
2015.07.31 14:12:07.968,1.30213,1.30224,1.00,1.75
2015.07.31 14:12:08.279,1.30219,1.30226,1.00,1.00
2015.07.31 14:12:09.074,1.30219,1.30224,1.00,1.00
2015.07.31 14:12:09.125,1.30217,1.30224,3.00,1.00
2015.07.31 14:12:10.108,1.30218,1.30224,1.00,1.00
2015.07.31 14:12:10.736,1.30218,1.30226,1.00,1.50
2015.07.31 14:12:11.090,1.30216,1.30225,1.50,1.00
2015.07.31 14:12:11.242,1.30215,1.30224,1.00,2.62
2015.07.31 14:12:11.546,1.30208,1.30212,1.00,1.00
2015.07.31 14:12:11.597,1.30205,1.30214,1.00,1.12
2015.07.31 14:12:12.542,1.30211,1.30217,1.00,1.00
2015.07.31 14:12:12.593,1.30211,1.30225,2.25,3.00
2015.07.31 14:12:13.000,1.30212,1.30224,1.00,1.00
2015.07.31 14:12:13.508,1.30214,1.30224,1.00,1.12
2015.07.31 14:12:14.202,1.30213,1.30225,1.57,1.72
2015.07.31 14:12:14.608,1.3021,1.30224,2.25,1.75
2015.07.31 14:12:14.660,1.3021,1.30223,1.50,1.75
2015.07.31 14:12:14.762,1.30209,1.30221,1.00,1.12
2015.07.31 14:12:14.813,1.30208,1.30219,1.00,1.00
2015.07.31 14:12:15.193,1.30208,1.30219,1.00,1.37
2015.07.31 14:12:15.701,1.30207,1.30221,3.00,3.37
2015.07.31 14:12:16.006,1.30209,1.30219,1.00,1.37
2015.07.31 14:12:16.453,1.30209,1.30219,1.00,1.50
2015.07.31 14:12:17.133,1.30207,1.30219,2.25,1.50
2015.07.31 14:12:17.184,1.30207,1.30219,2.62,1.37
2015.07.31 14:12:17.643,1.30209,1.30221,1.50,1.75
2015.07.31 14:12:18.385,1.30209,1.3022,1.00,1.00
2015.07.31 14:12:19.449,1.30208,1.30219,1.12,1.12
2015.07.31 14:12:19.551,1.30206,1.30218,1.50,1.00
2015.07.31 14:12:20.060,1.30207,1.30219,1.50,1.12
2015.07.31 14:12:20.213,1.30207,1.30219,1.00,1.37
2015.07.31 14:12:20.264,1.30205,1.30219,3.75,1.37
2015.07.31 14:12:20.939,1.30206,1.30218,1.00,2.25
2015.07.31 14:12:22.752,1.30204,1.30216,1.87,1.12
2015.07.31 14:12:22.854,1.30204,1.30215,1.87,1.60
2015.07.31 14:12:23.515,1.30204,1.30213,1.00,1.00
2015.07.31 14:12:24.234,1.30203,1.30213,1.87,1.00
2015.07.31 14:12:24.847,1.30203,1.30212,1.12,1.00
2015.07.31 14:12:25.202,1.30202,1.30209,1.37,1.00
2015.07.31 14:12:25.707,1.302,1.30205,1.50,1.00
2015.07.31 14:12:25.759,1.30198,1.30205,1.00,1.00
2015.07.31 14:12:25.861,1.30196,1.30204,1.00,1.00
2015.07.31 14:12:25.913,1.30194,1.30202,1.12,1.00
2015.07.31 14:12:26.218,1.3019,1.30198,2.10,1.00
2015.07.31 14:12:26.727,1.3019,1.30197,1.35,1.00
2015.07.31 14:12:27.378,1.3019,1.30199,2.10,1.50
2015.07.31 14:12:27.683,1.3019,1.30197,1.50,1.00
2015.07.31 14:12:28.219,1.30188,1.30198,4.42,1.50
2015.07.31 14:12:28.802,1.30188,1.30197,3.97,1.50
2015.07.31 14:12:29.317,1.30188,1.30196,1.00,1.50
2015.07.31 14:12:29.469,1.30184,1.30194,1.12,1.00
2015.07.31 14:12:29.520,1.30183,1.30194,2.17,1.00
2015.07.31 14:12:30.203,1.30183,1.30193,2.32,1.50
2015.07.31 14:12:30.255,1.30183,1.30191,2.32,1.00
2015.07.31 14:12:30.863,1.30183,1.30191,1.12,1.87
2015.07.31 14:12:30.915,1.30181,1.30191,1.20,1.87
2015.07.31 14:12:30.966,1.3018,1.30188,1.95,1.00
2015.07.31 14:12:31.068,1.30177,1.30186,1.37,1.35
2015.07.31 14:12:31.119,1.30176,1.30186,1.95,1.37
2015.07.31 14:12:31.528,1.30173,1.3018,1.00,1.37
2015.07.31 14:12:31.580,1.30168,1.30177,1.30,1.00
2015.07.31 14:12:32.086,1.30168,1.30176,1.30,1.00
2015.07.31 14:12:33.204,1.30167,1.30176,2.85,1.00
2015.07.31 14:12:33.408,1.30169,1.30179,1.35,1.00
2015.07.31 14:12:33.562,1.30169,1.3018,1.67,1.50
2015.07.31 14:12:34.069,1.30169,1.30181,1.50,1.12
2015.07.31 14:12:34.612,1.30169,1.30181,1.50,1.00
2015.07.31 14:12:35.274,1.30169,1.30178,1.67,1.00
2015.07.31 14:12:35.792,1.30168,1.30179,2.85,1.00
2015.07.31 14:12:36.250,1.30168,1.30179,1.00,1.00
2015.07.31 14:12:36.302,1.30167,1.30177,1.87,1.00
2015.07.31 14:12:37.099,1.30166,1.30174,1.50,7.50
2015.07.31 14:12:37.354,1.30164,1.30174,1.67,7.50
2015.07.31 14:12:37.660,1.30165,1.30174,2.47,8.25
2015.07.31 14:12:38.115,1.30167,1.30172,1.30,7.50
2015.07.31 14:12:38.320,1.30167,1.30175,1.00,1.00
2015.07.31 14:12:38.608,1.30167,1.30177,1.35,1.12
2015.07.31 14:12:39.474,1.30167,1.30178,1.00,1.12
2015.07.31 14:12:39.778,1.30167,1.30176,1.00,1.00
2015.07.31 14:12:40.082,1.30163,1.3017,1.47,1.00
2015.07.31 14:12:40.133,1.30163,1.30169,1.20,1.00
2015.07.31 14:12:40.884,1.30166,1.30173,2.10,7.87
2015.07.31 14:12:41.143,1.30164,1.30173,2.85,7.50
2015.07.31 14:12:41.295,1.30161,1.30171,3.00,1.00
2015.07.31 14:12:41.397,1.3016,1.30169,1.87,1.00
2015.07.31 14:12:42.051,1.3016,1.3017,1.87,7.50
2015.07.31 14:12:42.522,1.30164,1.3017,2.10,7.50
2015.07.31 14:12:42.674,1.30165,1.30172,2.47,1.00
2015.07.31 14:12:42.726,1.30165,1.30174,3.22,7.50
2015.07.31 14:12:42.777,1.30165,1.30174,1.12,7.50
2015.07.31 14:12:42.878,1.30164,1.30172,1.95,1.00
2015.07.31 14:12:43.762,1.30161,1.30168,1.37,1.00
2015.07.31 14:12:43.829,1.30158,1.30169,1.87,1.00
2015.07.31 14:12:43.931,1.30158,1.30167,1.50,1.00
2015.07.31 14:12:44.235,1.30159,1.30167,1.37,8.25
2015.07.31 14:12:44.337,1.30159,1.30167,1.12,8.25
2015.07.31 14:12:46.550,1.30159,1.30164,1.12,7.50
2015.07.31 14:12:46.753,1.30156,1.30162,1.00,7.50
2015.07.31 14:12:47.260,1.30154,1.30162,1.87,7.50
2015.07.31 14:12:47.894,1.30154,1.30159,1.00,7.50
2015.07.31 14:12:48.199,1.30156,1.3016,1.00,7.50
2015.07.31 14:12:48.351,1.30149,1.30156,2.25,7.50
2015.07.31 14:12:48.403,1.30149,1.30155,1.87,7.50
2015.07.31 14:12:48.932,1.3015,1.30155,1.00,7.50
2015.07.31 14:12:49.745,1.30147,1.30155,1.87,7.50
2015.07.31 14:12:50.078,1.30147,1.30152,1.87,7.50
2015.07.31 14:12:51.282,1.30146,1.30151,1.50,7.50
2015.07.31 14:12:51.991,1.30147,1.30151,1.00,7.50
2015.07.31 14:12:52.455,1.30147,1.30151,1.00,7.50
2015.07.31 14:12:52.963,1.30148,1.30152,1.00,7.50
2015.07.31 14:12:54.905,1.30148,1.30152,1.50,7.50
2015.07.31 14:12:55.552,1.30149,1.30153,1.00,7.50
2015.07.31 14:12:56.061,1.30144,1.30149,2.32,1.00
2015.07.31 14:12:56.215,1.30144,1.30148,1.12,1.00
2015.07.31 14:12:56.724,1.30146,1.3015,1.00,8.25
2015.07.31 14:12:57.233,1.30145,1.30149,1.00,1.00
2015.07.31 14:12:57.869,1.30145,1.3015,1.35,7.50
2015.07.31 14:12:58.281,1.30145,1.30149,1.00,1.00
2015.07.31 14:12:58.332,1.30143,1.30147,1.12,1.00
2015.07.31 14:12:58.434,1.30142,1.30147,1.95,1.00
2015.07.31 14:12:58.743,1.30141,1.30145,1.35,1.00
2015.07.31 14:12:59.643,1.3014,1.30144,1.50,1.00
2015.07.31 14:12:59.897,1.30133,1.30141,1.45,1.72
2015.07.31 14:12:59.948,1.30133,1.3014,1.45,1.00
2015.07.31 14:13:00.000,1.3013,1.30137,2.62,8.25
2015.07.31 14:13:00.102,1.30131,1.30135,1.00,1.00
2015.07.31 14:13:00.203,1.30131,1.30137,1.12,1.00
2015.07.31 14:13:00.305,1.30134,1.3014,2.10,1.12
2015.07.31 14:13:00.356,1.30134,1.3014,2.10,1.12
2015.07.31 14:13:00.900,1.30135,1.30141,3.22,1.00
2015.07.31 14:13:01.406,1.30136,1.30141,2.47,1.00
2015.07.31 14:13:02.391,1.30137,1.30143,1.30,1.00
2015.07.31 14:13:02.898,1.30138,1.30143,1.00,1.00
2015.07.31 14:13:03.855,1.30137,1.30142,1.72,1.00
2015.07.31 14:13:05.245,1.30137,1.30142,1.72,1.00
2015.07.31 14:13:05.405,1.30136,1.3014,1.00,1.00
2015.07.31 14:13:05.913,1.30135,1.3014,2.25,1.00
2015.07.31 14:13:06.698,1.30135,1.30141,1.75,1.00
2015.07.31 14:13:07.005,1.30136,1.30142,1.67,1.00
2015.07.31 14:13:07.513,1.30135,1.30142,1.75,1.00
2015.07.31 14:13:07.616,1.30135,1.30142,2.10,1.00
2015.07.31 14:13:08.176,1.3014,1.30144,1.00,7.50
2015.07.31 14:13:08.684,1.30139,1.30144,1.00,7.50
2015.07.31 14:13:08.735,1.3014,1.30144,1.00,7.50
2015.07.31 14:13:09.041,1.30143,1.30147,1.50,7.50
2015.07.31 14:13:09.092,1.30144,1.30149,1.00,1.50
2015.07.31 14:13:09.143,1.30143,1.30147,1.00,7.50
2015.07.31 14:13:09.829,1.30142,1.30147,1.50,7.50
2015.07.31 14:13:10.335,1.30147,1.30152,1.00,4.50
2015.07.31 14:13:10.589,1.30148,1.30154,1.00,3.00
2015.07.31 14:13:10.742,1.30151,1.30155,1.00,3.37
2015.07.31 14:13:11.166,1.30152,1.30156,1.00,7.50
2015.07.31 14:13:11.373,1.30153,1.30157,1.00,7.50
2015.07.31 14:13:11.828,1.30152,1.30156,1.00,7.50
2015.07.31 14:13:12.364,1.30155,1.30159,1.00,1.00
2015.07.31 14:13:12.618,1.30155,1.30161,1.00,5.62
2015.07.31 14:13:12.872,1.30155,1.30159,1.00,3.00
2015.07.31 14:13:13.178,1.3016,1.30165,1.00,3.00
2015.07.31 14:13:13.280,1.30168,1.30172,1.00,3.00
2015.07.31 14:13:13.332,1.3017,1.30176,1.00,1.50
2015.07.31 14:13:13.383,1.30171,1.30176,1.00,1.37
2015.07.31 14:13:14.247,1.30175,1.30179,1.00,4.57
2015.07.31 14:13:14.299,1.30177,1.30185,1.00,3.00
2015.07.31 14:13:14.402,1.30179,1.30185,1.00,3.00
2015.07.31 14:13:14.707,1.30179,1.30185,1.00,3.37
2015.07.31 14:13:15.164,1.30177,1.30186,1.00,4.35
2015.07.31 14:13:16.554,1.30176,1.30184,1.00,1.37
2015.07.31 14:13:17.320,1.30175,1.30182,1.50,3.37
2015.07.31 14:13:17.424,1.30173,1.30182,2.25,3.37
2015.07.31 14:13:17.933,1.30173,1.30181,1.00,3.37
2015.07.31 14:13:18.642,1.30168,1.30172,1.50,1.00
2015.07.31 14:13:19.353,1.30173,1.30178,1.00,3.75
2015.07.31 14:13:19.405,1.30173,1.30177,1.12,3.00
2015.07.31 14:13:19.557,1.3018,1.30184,1.00,3.00
2015.07.31 14:13:19.608,1.30182,1.30187,1.00,3.07
2015.07.31 14:13:19.711,1.30191,1.30195,1.00,3.75
2015.07.31 14:13:19.762,1.30189,1.30195,1.00,4.12
2015.07.31 14:13:20.149,1.30197,1.30201,1.00,1.00
2015.07.31 14:13:20.608,1.30194,1.30202,1.00,1.50
2015.07.31 14:13:20.964,1.30196,1.30202,1.00,1.00
2015.07.31 14:13:21.724,1.30198,1.30202,1.00,1.00
2015.07.31 14:13:21.826,1.302,1.30204,1.00,1.00
2015.07.31 14:13:21.877,1.30204,1.30208,1.00,1.10
2015.07.31 14:13:21.928,1.30203,1.30207,1.00,1.10
2015.07.31 14:13:22.081,1.30207,1.30216,1.00,1.50
2015.07.31 14:13:22.436,1.30211,1.30217,1.00,1.07
2015.07.31 14:13:22.589,1.30209,1.30219,1.00,2.10
2015.07.31 14:13:22.964,1.30213,1.30219,1.00,1.72
2015.07.31 14:13:23.016,1.30214,1.30223,1.00,1.87
2015.07.31 14:13:23.067,1.30214,1.30223,1.00,1.50
2015.07.31 14:13:23.573,1.30213,1.30223,1.00,1.87
2015.07.31 14:13:24.029,1.30207,1.30214,1.00,2.10
2015.07.31 14:13:24.891,1.302,1.30207,2.32,2.10
2015.07.31 14:13:24.946,1.30208,1.30217,1.35,1.75
2015.07.31 14:13:25.050,1.30205,1.30212,1.00,1.00
2015.07.31 14:13:25.356,1.30203,1.3021,1.00,1.00
2015.07.31 14:13:25.660,1.30203,1.30211,1.00,1.75
2015.07.31 14:13:26.070,1.30203,1.30212,1.00,1.37
2015.07.31 14:13:26.121,1.30206,1.30213,1.00,1.75
2015.07.31 14:13:26.274,1.30205,1.30215,1.00,1.75
2015.07.31 14:13:26.375,1.30205,1.30214,1.00,1.00
2015.07.31 14:13:26.681,1.30205,1.30215,1.00,1.75
2015.07.31 14:13:26.935,1.30203,1.30213,2.10,1.12
2015.07.31 14:13:27.380,1.30204,1.30214,1.60,1.37
2015.07.31 14:13:27.686,1.30206,1.30217,2.10,1.20
2015.07.31 14:13:27.839,1.30204,1.30217,3.97,1.12
2015.07.31 14:13:28.480,1.30206,1.30218,1.60,2.25
2015.07.31 14:13:29.192,1.30205,1.30218,1.60,1.37
2015.07.31 14:13:29.792,1.30204,1.30208,1.00,1.00
2015.07.31 14:13:29.844,1.302,1.30208,1.57,1.00
2015.07.31 14:13:30.048,1.30208,1.30213,1.00,1.87
2015.07.31 14:13:30.151,1.30209,1.30213,1.00,1.00
2015.07.31 14:13:30.361,1.3021,1.30219,1.00,1.00
2015.07.31 14:13:30.869,1.30209,1.30219,3.60,1.00
2015.07.31 14:13:31.938,1.3021,1.30219,1.30,1.00
2015.07.31 14:13:32.293,1.3021,1.30219,3.30,1.00
2015.07.31 14:13:32.344,1.3021,1.30222,3.30,1.50
2015.07.31 14:13:33.152,1.30211,1.30223,1.42,1.75
2015.07.31 14:13:33.860,1.30211,1.30218,1.10,1.00
2015.07.31 14:13:34.615,1.30209,1.30218,2.55,1.00
2015.07.31 14:13:36.455,1.30211,1.30219,1.00,1.00
2015.07.31 14:13:37.077,1.30211,1.30221,1.00,1.50
2015.07.31 14:13:37.179,1.30208,1.30221,1.87,1.50
2015.07.31 14:13:37.281,1.30205,1.30219,2.85,1.50
2015.07.31 14:13:37.848,1.30205,1.3022,2.25,2.25
2015.07.31 14:13:38.154,1.30215,1.30221,2.10,1.00
2015.07.31 14:13:38.307,1.30214,1.30224,1.00,1.12
2015.07.31 14:13:38.359,1.30212,1.30221,1.00,1.00
2015.07.31 14:13:38.563,1.30205,1.30215,1.12,1.00
2015.07.31 14:13:38.615,1.30205,1.30217,1.72,1.20
2015.07.31 14:13:38.767,1.30205,1.30217,3.60,1.87
2015.07.31 14:13:38.869,1.30205,1.30217,1.30,1.87
2015.07.31 14:13:39.408,1.30205,1.30216,1.30,1.00
2015.07.31 14:13:39.764,1.30205,1.30216,2.10,1.00
2015.07.31 14:13:40.608,1.30206,1.30217,2.10,1.50
2015.07.31 14:13:40.767,1.30204,1.30217,3.22,1.50
2015.07.31 14:13:42.334,1.30204,1.30214,2.10,1.50
2015.07.31 14:13:42.642,1.30206,1.30214,2.10,1.50
2015.07.31 14:13:43.404,1.30205,1.30214,2.10,1.50
2015.07.31 14:13:43.911,1.30203,1.30213,2.10,1.00
2015.07.31 14:13:44.063,1.30205,1.30213,2.10,1.00
2015.07.31 14:13:44.518,1.30207,1.30217,2.10,1.87
2015.07.31 14:13:44.569,1.30206,1.30217,1.30,1.87
2015.07.31 14:13:45.077,1.30206,1.30216,1.30,2.25
2015.07.31 14:13:45.128,1.30205,1.30214,2.47,1.00
2015.07.31 14:13:45.983,1.3022,1.30224,7.12,1.00
2015.07.31 14:13:46.037,1.30238,1.30242,1.00,4.23
2015.07.31 14:13:46.189,1.30232,1.30239,1.50,4.23
2015.07.31 14:13:46.291,1.3023,1.30236,1.37,1.65
2015.07.31 14:13:46.596,1.30225,1.30232,1.87,1.65
2015.07.31 14:13:46.698,1.30225,1.30232,1.87,1.65
2015.07.31 14:13:47.470,1.30222,1.30228,1.30,1.65
2015.07.31 14:13:47.978,1.30221,1.30227,1.05,1.65
2015.07.31 14:13:48.384,1.30233,1.30237,2.10,2.29
2015.07.31 14:13:48.691,1.30229,1.30238,2.25,1.45
2015.07.31 14:13:48.793,1.30229,1.30242,1.50,1.00
2015.07.31 14:13:49.150,1.30228,1.30242,1.37,3.00
2015.07.31 14:13:49.652,1.30226,1.30241,2.77,1.50
2015.07.31 14:13:49.805,1.30225,1.30239,2.10,1.00
2015.07.31 14:13:50.111,1.30236,1.30242,2.10,1.00
2015.07.31 14:13:50.315,1.30237,1.30245,2.10,1.00
2015.07.31 14:13:50.467,1.30235,1.30245,2.55,1.00
2015.07.31 14:13:50.874,1.30238,1.30245,1.00,1.00
2015.07.31 14:13:51.383,1.30239,1.30246,1.00,1.00
2015.07.31 14:13:52.233,1.30239,1.30251,1.50,1.57
2015.07.31 14:13:52.289,1.30243,1.30251,1.00,1.10
2015.07.31 14:13:52.594,1.30247,1.30258,1.07,1.87
2015.07.31 14:13:52.797,1.30249,1.3026,1.35,1.57
2015.07.31 14:13:53.051,1.3025,1.3026,1.05,1.00
2015.07.31 14:13:53.102,1.30251,1.30262,1.97,1.57
2015.07.31 14:13:53.503,1.30251,1.30264,2.47,1.00
2015.07.31 14:13:53.607,1.30251,1.30262,1.87,1.00
2015.07.31 14:13:53.911,1.30251,1.30259,1.00,1.50
2015.07.31 14:13:54.114,1.30247,1.30256,1.00,1.00
2015.07.31 14:13:54.546,1.30242,1.30254,1.05,1.00
2015.07.31 14:13:54.600,1.30241,1.30254,1.00,1.50
2015.07.31 14:13:54.752,1.3024,1.30252,1.00,1.00
2015.07.31 14:13:55.312,1.30237,1.30251,2.25,1.12
2015.07.31 14:13:56.077,1.30244,1.30251,1.12,1.00
2015.07.31 14:13:56.133,1.30246,1.30256,1.50,1.00
2015.07.31 14:13:56.440,1.30245,1.30256,1.00,1.85
2015.07.31 14:13:56.492,1.30242,1.30255,1.50,2.25
2015.07.31 14:13:56.797,1.30236,1.3025,3.60,1.00
2015.07.31 14:13:57.304,1.30236,1.30249,3.60,1.00
2015.07.31 14:13:57.662,1.30239,1.3025,1.12,1.12
2015.07.31 14:13:58.379,1.3024,1.30251,1.00,1.87
2015.07.31 14:13:58.889,1.30237,1.3025,3.75,1.20
2015.07.31 14:13:59.710,1.30239,1.30251,2.62,2.70
2015.07.31 14:13:59.913,1.30242,1.30251,1.00,1.95
2015.07.31 14:14:00.118,1.30245,1.30255,1.60,1.50
2015.07.31 14:14:00.169,1.30248,1.30259,1.00,2.62
2015.07.31 14:14:00.220,1.3025,1.30259,1.00,2.62
2015.07.31 14:14:00.271,1.30251,1.30262,1.00,1.50
2015.07.31 14:14:00.790,1.30253,1.30263,1.37,1.50
2015.07.31 14:14:01.207,1.30253,1.30266,3.07,3.07
2015.07.31 14:14:01.258,1.30255,1.30264,1.37,1.00
2015.07.31 14:14:01.360,1.30256,1.30267,1.12,1.20
2015.07.31 14:14:03.368,1.30256,1.30268,2.85,1.07
2015.07.31 14:14:03.875,1.30258,1.30268,1.12,1.00
2015.07.31 14:14:04.836,1.30257,1.30268,1.12,1.00
2015.07.31 14:14:06.514,1.30258,1.30268,1.87,1.00
2015.07.31 14:14:07.021,1.30258,1.30269,2.25,1.00
2015.07.31 14:14:09.892,1.30261,1.30269,1.00,1.00
2015.07.31 14:14:10.253,1.30269,1.30273,1.00,1.50
2015.07.31 14:14:10.305,1.30269,1.30281,1.00,1.50
2015.07.31 14:14:11.015,1.30268,1.30279,2.25,1.10
2015.07.31 14:14:12.036,1.30268,1.30279,3.75,1.00
2015.07.31 14:14:12.593,1.30268,1.3028,3.75,1.12
2015.07.31 14:14:14.805,1.3027,1.30282,1.37,2.25
2015.07.31 14:14:14.958,1.30271,1.30284,2.62,1.00
2015.07.31 14:14:15.780,1.30273,1.30285,1.37,1.87
2015.07.31 14:14:17.360,1.30273,1.30285,1.12,1.12
2015.07.31 14:14:18.236,1.30281,1.30286,1.00,1.50
2015.07.31 14:14:18.768,1.30285,1.30295,1.72,1.00
2015.07.31 14:14:18.825,1.30287,1.30291,1.12,1.00
2015.07.31 14:14:19.335,1.30286,1.30292,1.37,1.00
2015.07.31 14:14:19.931,1.30285,1.30292,1.87,1.00
2015.07.31 14:14:19.983,1.30281,1.30291,1.00,1.00
2015.07.31 14:14:20.541,1.30279,1.30291,1.37,1.00
2015.07.31 14:14:20.695,1.30277,1.3029,1.00,1.12
2015.07.31 14:14:20.797,1.30277,1.30287,1.00,1.00
2015.07.31 14:14:21.228,1.30274,1.30287,1.87,1.50
2015.07.31 14:14:22.996,1.30279,1.30287,1.00,1.57
2015.07.31 14:14:24.154,1.30278,1.30288,1.37,1.00
2015.07.31 14:14:25.170,1.30278,1.30288,1.00,1.00
2015.07.31 14:14:25.693,1.30279,1.30289,1.00,1.00
2015.07.31 14:14:26.098,1.3028,1.30287,1.00,1.00
2015.07.31 14:14:26.713,1.30274,1.30283,1.00,1.37
2015.07.31 14:14:27.018,1.30269,1.30276,1.57,1.00
2015.07.31 14:14:27.525,1.30269,1.30275,1.57,1.00
2015.07.31 14:14:28.449,1.30266,1.30274,1.87,1.00
2015.07.31 14:14:28.553,1.30265,1.30274,1.12,2.85
2015.07.31 14:14:28.604,1.30262,1.30273,1.00,1.00
2015.07.31 14:14:28.656,1.3026,1.30272,1.12,1.00
2015.07.31 14:14:28.707,1.3026,1.30272,1.12,1.37
2015.07.31 14:14:28.809,1.30257,1.3027,1.50,1.37
2015.07.31 14:14:29.012,1.30256,1.30269,1.35,1.37
2015.07.31 14:14:29.559,1.30254,1.30264,1.37,1.50
2015.07.31 14:14:32.092,1.30254,1.30264,2.47,1.00
2015.07.31 14:14:32.347,1.30254,1.30267,2.47,1.00
2015.07.31 14:14:32.653,1.30256,1.30267,1.72,1.00
2015.07.31 14:14:32.755,1.30257,1.3027,1.37,1.50
2015.07.31 14:14:33.633,1.30259,1.30272,1.00,1.75
2015.07.31 14:14:34.148,1.30258,1.30263,1.30,1.00
2015.07.31 14:14:34.536,1.30257,1.30264,1.35,1.00
2015.07.31 14:14:34.587,1.3026,1.30268,1.37,1.00
2015.07.31 14:14:34.638,1.3026,1.30271,1.37,1.37
2015.07.31 14:14:34.690,1.30264,1.30272,2.62,1.00
2015.07.31 14:14:34.995,1.30264,1.30272,2.92,1.00
2015.07.31 14:14:35.619,1.30258,1.30264,1.87,1.00
2015.07.31 14:14:35.927,1.30256,1.30261,2.85,1.00
2015.07.31 14:14:36.779,1.30256,1.30262,2.10,1.00
2015.07.31 14:14:37.325,1.30256,1.30261,2.10,1.00
2015.07.31 14:14:38.526,1.30254,1.30258,2.47,1.00
2015.07.31 14:14:38.643,1.30251,1.30256,1.00,1.35
2015.07.31 14:14:38.695,1.30249,1.30254,1.12,1.00
2015.07.31 14:14:38.850,1.30241,1.30247,2.32,1.00
2015.07.31 14:14:38.902,1.30244,1.30248,1.00,1.00
2015.07.31 14:14:39.524,1.30241,1.30247,1.87,1.00
2015.07.31 14:14:39.883,1.3024,1.30249,2.62,1.00
2015.07.31 14:14:39.936,1.30242,1.30249,1.50,1.00
2015.07.31 14:14:40.139,1.30247,1.30253,1.00,1.00
2015.07.31 14:14:40.191,1.30245,1.3025,4.35,1.00
2015.07.31 14:14:40.717,1.30244,1.30249,1.12,1.00
2015.07.31 14:14:40.920,1.30236,1.30241,1.00,1.00
2015.07.31 14:14:40.972,1.30233,1.3024,1.95,1.00
2015.07.31 14:14:41.176,1.30234,1.30243,3.22,1.00
2015.07.31 14:14:41.279,1.30235,1.30243,3.97,1.00
2015.07.31 14:14:41.432,1.30235,1.30243,2.47,1.00
2015.07.31 14:14:41.982,1.30237,1.30244,1.00,1.00
2015.07.31 14:14:42.084,1.30237,1.30247,2.85,1.37
2015.07.31 14:14:42.593,1.30238,1.30247,1.00,1.00
2015.07.31 14:14:43.058,1.30248,1.30253,2.10,1.00
2015.07.31 14:14:43.112,1.30249,1.30258,1.35,1.57
2015.07.31 14:14:43.215,1.30251,1.30258,1.00,1.00
2015.07.31 14:14:43.419,1.30253,1.30262,1.37,1.00
2015.07.31 14:14:43.522,1.30253,1.30262,1.47,1.00
2015.07.31 14:14:43.678,1.30255,1.30264,1.72,1.00
2015.07.31 14:14:44.196,1.30256,1.30266,2.25,1.00
2015.07.31 14:14:44.538,1.30256,1.30266,2.85,1.00
2015.07.31 14:14:45.099,1.30255,1.30267,2.25,1.00
2015.07.31 14:14:45.909,1.30256,1.30269,1.67,1.50
2015.07.31 14:14:46.264,1.30258,1.30269,1.37,1.00
2015.07.31 14:14:46.416,1.30259,1.30271,1.12,2.25
2015.07.31 14:14:46.762,1.30262,1.30271,1.00,1.50
2015.07.31 14:14:46.814,1.30262,1.30274,1.00,1.00
2015.07.31 14:14:47.321,1.30261,1.30274,1.50,1.00
2015.07.31 14:14:48.075,1.30261,1.30273,1.50,1.00
2015.07.31 14:14:48.581,1.3026,1.30271,1.12,1.12
2015.07.31 14:14:48.886,1.30258,1.30269,1.12,1.00
2015.07.31 14:14:49.718,1.30262,1.30272,1.00,1.37
2015.07.31 14:14:49.925,1.3026,1.30272,1.50,1.37
2015.07.31 14:14:50.785,1.3026,1.30272,1.87,1.00
2015.07.31 14:14:51.041,1.30264,1.30273,1.00,1.12
2015.07.31 14:14:51.094,1.30266,1.30277,1.12,1.95
2015.07.31 14:14:51.145,1.30268,1.30277,1.00,1.20
2015.07.31 14:14:51.349,1.30264,1.30274,1.00,1.35
2015.07.31 14:14:51.451,1.30264,1.30276,1.12,1.42
2015.07.31 14:14:51.502,1.30266,1.30277,1.00,1.80
2015.07.31 14:14:51.969,1.30268,1.30281,1.37,1.50
2015.07.31 14:14:53.845,1.30271,1.30283,1.00,1.50
2015.07.31 14:14:54.562,1.3027,1.3028,1.12,1.00
2015.07.31 14:14:55.772,1.30269,1.30281,1.12,2.62
2015.07.31 14:14:58.676,1.30266,1.3028,3.00,1.00
2015.07.31 14:14:59.848,1.3027,1.30282,1.50,1.00
2015.07.31 14:14:59.951,1.3027,1.30282,1.87,1.12
2015.07.31 14:15:01.001,1.30274,1.30282,1.00,1.00
2015.07.31 14:15:01.053,1.30274,1.30287,1.50,2.25
2015.07.31 14:15:01.257,1.30275,1.30288,1.37,1.87
2015.07.31 14:15:01.563,1.30279,1.3029,1.12,1.37
2015.07.31 14:15:02.308,1.3028,1.30291,1.50,1.00
2015.07.31 14:15:02.565,1.3028,1.30293,2.25,1.12
2015.07.31 14:15:02.770,1.30279,1.30291,2.25,1.00
2015.07.31 14:15:03.294,1.30279,1.30291,1.50,1.00
2015.07.31 14:15:03.795,1.30279,1.30292,1.75,2.10
2015.07.31 14:15:04.355,1.30282,1.30292,1.00,1.00
2015.07.31 14:15:04.610,1.30288,1.30299,1.12,1.10
2015.07.31 14:15:05.012,1.30291,1.30303,1.00,2.25
2015.07.31 14:15:05.560,1.30291,1.30303,1.00,2.25
2015.07.31 14:15:06.065,1.30291,1.30303,1.12,1.87
2015.07.31 14:15:06.477,1.3029,1.30303,1.37,3.22
2015.07.31 14:15:06.949,1.30289,1.30301,1.12,1.37
2015.07.31 14:15:08.261,1.30289,1.30301,1.87,1.50
2015.07.31 14:15:09.620,1.30288,1.30301,2.25,1.50
2015.07.31 14:15:13.700,1.3029,1.30299,1.50,1.00
2015.07.31 14:15:16.743,1.30288,1.30299,1.37,1.00
2015.07.31 14:15:18.012,1.30288,1.30298,1.37,1.00
2015.07.31 14:15:18.367,1.30286,1.30293,1.37,1.00
2015.07.31 14:15:18.620,1.30285,1.30298,3.22,1.07
2015.07.31 14:15:19.156,1.30287,1.30298,1.00,1.00
2015.07.31 14:15:21.191,1.30287,1.30298,3.60,1.00
2015.07.31 14:15:21.972,1.30289,1.30298,1.50,1.00
2015.07.31 14:15:22.486,1.30287,1.30298,2.10,1.00
2015.07.31 14:15:25.315,1.30288,1.30299,1.00,2.25
2015.07.31 14:15:26.078,1.30293,1.303,1.00,1.37
2015.07.31 14:15:26.428,1.30289,1.30299,1.50,1.12
2015.07.31 14:15:26.933,1.30289,1.30298,1.00,1.00
2015.07.31 14:15:27.746,1.30288,1.30298,1.00,1.10
2015.07.31 14:15:28.583,1.3029,1.30298,1.00,1.10
2015.07.31 14:15:29.290,1.3029,1.30299,1.00,3.45
2015.07.31 14:15:29.796,1.30287,1.30299,1.00,3.45
2015.07.31 14:15:30.249,1.30286,1.30296,1.37,1.00
2015.07.31 14:15:32.048,1.30283,1.30295,3.00,1.00
2015.07.31 14:15:32.947,1.30283,1.30295,3.00,1.00
2015.07.31 14:15:33.599,1.30286,1.30294,1.00,1.00
2015.07.31 14:15:35.566,1.30286,1.30295,1.00,1.00
2015.07.31 14:15:35.870,1.30291,1.30295,1.00,1.00
2015.07.31 14:15:36.023,1.30291,1.30297,1.00,1.20
2015.07.31 14:15:36.782,1.30292,1.30298,2.10,1.87
2015.07.31 14:15:37.120,1.30297,1.30302,1.00,1.00
2015.07.31 14:15:37.171,1.30297,1.30304,1.50,1.00
2015.07.31 14:15:37.425,1.30294,1.30305,1.50,1.00
2015.07.31 14:15:37.869,1.30294,1.30306,2.25,1.50
2015.07.31 14:15:38.175,1.30298,1.30304,2.10,1.00
2015.07.31 14:15:38.327,1.30298,1.30307,1.00,1.50
2015.07.31 14:15:38.480,1.30293,1.30304,1.37,1.00
2015.07.31 14:15:38.684,1.30292,1.30301,1.47,1.00
2015.07.31 14:15:39.645,1.30288,1.30301,1.72,2.25
2015.07.31 14:15:40.000,1.30288,1.30299,3.22,1.00
2015.07.31 14:15:40.202,1.30289,1.30301,1.30,2.62
2015.07.31 14:15:40.653,1.30288,1.30299,1.72,1.00
2015.07.31 14:15:40.960,1.30289,1.30297,1.35,1.00
2015.07.31 14:15:41.113,1.3029,1.30299,1.00,1.50
2015.07.31 14:15:41.316,1.3029,1.30297,1.00,1.00
2015.07.31 14:15:41.518,1.30291,1.303,1.50,1.00
2015.07.31 14:15:42.517,1.30298,1.30302,1.00,1.00
2015.07.31 14:15:42.569,1.30299,1.30305,2.47,1.00
2015.07.31 14:15:42.620,1.30299,1.30307,3.22,1.50
2015.07.31 14:15:42.723,1.30301,1.30309,1.50,1.00
2015.07.31 14:15:42.826,1.30301,1.30311,2.25,1.12
2015.07.31 14:15:43.701,1.30303,1.30311,1.00,1.00
2015.07.31 14:15:44.252,1.30301,1.30312,3.00,1.00
2015.07.31 14:15:44.303,1.30302,1.30312,1.00,1.00
2015.07.31 14:15:45.155,1.30304,1.30313,1.00,1.50
2015.07.31 14:15:45.663,1.30303,1.30314,3.60,1.00
2015.07.31 14:15:46.228,1.30303,1.30314,1.12,1.00
2015.07.31 14:15:46.735,1.30303,1.30313,1.12,1.00
2015.07.31 14:15:47.542,1.30302,1.30312,1.67,1.00
2015.07.31 14:15:48.062,1.30302,1.30312,1.35,1.00
2015.07.31 14:15:48.570,1.30302,1.30312,1.60,1.00
2015.07.31 14:15:49.082,1.30302,1.30312,1.35,1.00
2015.07.31 14:15:49.878,1.30302,1.30309,1.00,1.00
2015.07.31 14:15:50.292,1.30296,1.30307,1.37,1.50
2015.07.31 14:15:50.394,1.30295,1.30307,2.25,2.25
2015.07.31 14:15:50.495,1.30292,1.30306,3.22,3.00
2015.07.31 14:15:50.546,1.30292,1.30304,2.47,1.00
2015.07.31 14:15:50.850,1.30291,1.30302,1.87,1.00
2015.07.31 14:15:51.413,1.3029,1.30303,1.87,4.50
2015.07.31 14:15:51.921,1.30291,1.30303,1.37,5.25
2015.07.31 14:15:53.041,1.30301,1.30308,6.00,1.50
2015.07.31 14:15:53.092,1.30304,1.30315,1.30,2.25
2015.07.31 14:15:56.178,1.30304,1.30314,1.12,1.00
2015.07.31 14:15:57.227,1.30304,1.30313,1.12,1.00
2015.07.31 14:15:59.487,1.30304,1.30315,1.00,2.62
2015.07.31 14:15:59.994,1.30303,1.30314,1.50,1.00
2015.07.31 14:16:00.248,1.30303,1.30312,1.50,1.00
2015.07.31 14:16:00.973,1.30303,1.30314,1.50,1.00
2015.07.31 14:16:02.394,1.30303,1.30315,1.50,2.25
2015.07.31 14:16:02.906,1.30305,1.30315,1.00,1.00
2015.07.31 14:16:04.346,1.30305,1.30314,1.00,1.00
2015.07.31 14:16:04.651,1.30303,1.30314,1.00,1.00
2015.07.31 14:16:04.854,1.30307,1.30316,1.37,1.00
2015.07.31 14:16:04.956,1.30308,1.3032,1.50,1.87
2015.07.31 14:16:05.494,1.3031,1.3032,1.50,1.00
2015.07.31 14:16:05.597,1.30314,1.30321,1.00,1.00
2015.07.31 14:16:05.700,1.30314,1.30324,1.12,1.12
2015.07.31 14:16:05.802,1.30315,1.30326,2.10,2.25
2015.07.31 14:16:06.309,1.30315,1.30327,5.25,1.07
2015.07.31 14:16:06.820,1.30315,1.30328,1.50,1.07
2015.07.31 14:16:07.277,1.30315,1.30325,1.87,1.50
2015.07.31 14:16:07.480,1.30314,1.30327,2.47,2.70
2015.07.31 14:16:08.269,1.30314,1.30326,1.37,1.50
2015.07.31 14:16:08.522,1.30318,1.30329,1.00,1.07
2015.07.31 14:16:09.166,1.30318,1.30329,1.00,2.32
2015.07.31 14:16:09.764,1.30318,1.30329,1.00,3.00
2015.07.31 14:16:10.272,1.30317,1.30329,2.62,3.75
2015.07.31 14:16:12.256,1.30317,1.30327,1.00,1.10
2015.07.31 14:16:12.891,1.30319,1.30327,1.00,1.10
2015.07.31 14:16:13.400,1.30319,1.30329,1.00,1.57
2015.07.31 14:16:14.258,1.30319,1.30329,1.00,1.57
2015.07.31 14:16:14.563,1.30314,1.30324,1.37,1.00
2015.07.31 14:16:14.665,1.30312,1.30324,1.50,1.12
2015.07.31 14:16:14.869,1.30311,1.30323,1.50,1.12
2015.07.31 14:16:15.261,1.30309,1.3032,1.00,1.00
2015.07.31 14:16:15.567,1.30307,1.30318,1.72,1.00
2015.07.31 14:16:16.411,1.30306,1.30316,3.22,1.00
2015.07.31 14:16:16.570,1.30307,1.30318,1.30,1.87
2015.07.31 14:16:16.773,1.30307,1.30316,1.30,1.00
2015.07.31 14:16:17.646,1.30307,1.30315,1.30,1.00
2015.07.31 14:16:17.850,1.30307,1.30318,1.30,1.12
2015.07.31 14:16:18.002,1.30305,1.30316,3.60,1.00
2015.07.31 14:16:18.104,1.30306,1.30318,2.47,1.12
2015.07.31 14:16:18.258,1.30304,1.30318,5.10,2.25
2015.07.31 14:16:18.309,1.30306,1.30315,2.47,1.00
2015.07.31 14:16:18.956,1.30305,1.30317,3.22,1.00
2015.07.31 14:16:19.064,1.30306,1.30315,1.30,1.00
2015.07.31 14:16:19.573,1.30306,1.30316,1.30,1.12
2015.07.31 14:16:20.451,1.30305,1.30316,3.97,1.00
2015.07.31 14:16:20.906,1.30313,1.30317,1.50,1.12
2015.07.31 14:16:21.059,1.30316,1.30325,1.50,1.37
2015.07.31 14:16:21.110,1.30318,1.30325,1.50,1.37
2015.07.31 14:16:21.211,1.30321,1.30329,1.00,1.00
2015.07.31 14:16:21.313,1.30323,1.30329,1.00,1.00
2015.07.31 14:16:21.671,1.30329,1.30333,1.00,1.50
2015.07.31 14:16:21.722,1.30329,1.30342,4.35,1.00
2015.07.31 14:16:21.925,1.30331,1.30343,1.50,1.50
2015.07.31 14:16:22.231,1.30334,1.30344,3.22,1.00
2015.07.31 14:16:22.895,1.30335,1.30344,1.60,1.50
2015.07.31 14:16:22.948,1.30334,1.30343,1.30,1.00
2015.07.31 14:16:23.101,1.30333,1.30341,1.30,1.50
2015.07.31 14:16:23.203,1.30331,1.30341,3.75,1.50
2015.07.31 14:16:23.355,1.30329,1.3034,1.12,1.50
2015.07.31 14:16:23.406,1.30327,1.30339,1.87,1.50
2015.07.31 14:16:23.507,1.30327,1.30337,1.12,1.00
2015.07.31 14:16:26.156,1.30328,1.30337,2.10,1.12
2015.07.31 14:16:26.664,1.3033,1.30338,2.10,1.37
2015.07.31 14:16:27.088,1.3033,1.30339,2.10,1.00
2015.07.31 14:16:27.291,1.30329,1.30341,2.85,1.87
2015.07.31 14:16:27.444,1.30334,1.30341,1.00,1.12
2015.07.31 14:16:27.649,1.30338,1.3035,1.87,1.57
2015.07.31 14:16:27.904,1.30339,1.30351,1.12,2.70
2015.07.31 14:16:28.814,1.30341,1.30351,2.10,1.87
2015.07.31 14:16:29.510,1.3034,1.30351,1.00,2.62
2015.07.31 14:16:29.902,1.3034,1.30351,1.72,1.87
2015.07.31 14:16:31.554,1.3034,1.3035,2.47,1.12
2015.07.31 14:16:32.356,1.3034,1.3035,3.22,1.12
2015.07.31 14:16:32.509,1.3034,1.3035,1.50,1.12
2015.07.31 14:16:32.762,1.30342,1.3035,1.00,1.12
2015.07.31 14:16:33.068,1.3035,1.30354,1.00,1.12
2015.07.31 14:16:33.170,1.30347,1.30356,1.00,3.00
2015.07.31 14:16:34.065,1.30341,1.30351,2.10,1.20
2015.07.31 14:16:34.116,1.30341,1.30349,1.35,1.00
2015.07.31 14:16:35.512,1.30349,1.30353,1.00,1.50
2015.07.31 14:16:35.564,1.30345,1.30353,1.30,1.50
2015.07.31 14:16:35.615,1.30346,1.30353,1.37,1.00
2015.07.31 14:16:35.717,1.30342,1.30353,2.70,1.00
2015.07.31 14:16:35.819,1.30342,1.30353,2.32,1.00
2015.07.31 14:16:36.328,1.30343,1.3035,1.00,1.00
2015.07.31 14:16:36.839,1.30342,1.3035,1.00,1.50
2015.07.31 14:16:37.372,1.30342,1.30351,1.35,1.00
2015.07.31 14:16:38.316,1.30342,1.30355,3.30,1.87
2015.07.31 14:16:38.371,1.30346,1.30356,2.10,1.00
2015.07.31 14:16:38.626,1.30346,1.30358,2.10,2.62
2015.07.31 14:16:39.201,1.30347,1.30356,2.10,1.00
2015.07.31 14:16:39.252,1.30344,1.30356,2.47,2.25
2015.07.31 14:16:39.651,1.30345,1.30353,1.30,1.00
2015.07.31 14:16:40.182,1.30342,1.30352,1.57,1.00
2015.07.31 14:16:41.129,1.30341,1.30351,1.42,1.00
2015.07.31 14:16:42.343,1.30339,1.30352,1.75,1.12
2015.07.31 14:16:42.647,1.30336,1.30345,2.47,1.00
2015.07.31 14:16:42.901,1.30339,1.3035,1.35,1.00
2015.07.31 14:16:43.824,1.30353,1.30357,1.00,2.10
2015.07.31 14:16:43.876,1.30353,1.30363,1.37,1.50
2015.07.31 14:16:43.978,1.30353,1.30365,1.87,1.00
2015.07.31 14:16:44.030,1.30353,1.30365,1.87,1.00
2015.07.31 14:16:44.335,1.30354,1.30363,2.07,1.00
2015.07.31 14:16:44.742,1.30354,1.30363,1.47,1.00
2015.07.31 14:16:45.645,1.30355,1.30365,1.12,1.50
2015.07.31 14:16:45.696,1.30353,1.30363,1.50,1.00
2015.07.31 14:16:46.454,1.30352,1.30362,3.07,1.00
2015.07.31 14:16:46.557,1.3035,1.30361,1.80,1.12
2015.07.31 14:16:46.710,1.30348,1.30359,3.60,1.00
2015.07.31 14:16:47.743,1.30347,1.30358,2.10,1.00
2015.07.31 14:16:48.295,1.30346,1.30358,1.37,1.50
2015.07.31 14:16:48.397,1.30344,1.30356,1.37,1.00
2015.07.31 14:16:48.701,1.30343,1.30354,2.32,1.00
2015.07.31 14:16:49.588,1.30342,1.30353,2.32,1.00
2015.07.31 14:16:50.096,1.30342,1.30354,2.92,2.62
2015.07.31 14:16:51.278,1.30346,1.30354,2.10,1.00
2015.07.31 14:16:51.902,1.30345,1.30355,2.10,1.00
2015.07.31 14:16:52.408,1.30344,1.30354,2.47,1.00
2015.07.31 14:16:52.814,1.30343,1.30354,1.95,1.00
2015.07.31 14:16:53.608,1.30343,1.30351,1.00,1.00
2015.07.31 14:16:54.015,1.30341,1.30351,1.35,1.00
2015.07.31 14:16:54.766,1.3034,1.30349,1.72,1.00
2015.07.31 14:16:55.274,1.30341,1.3035,2.55,1.00
2015.07.31 14:16:55.783,1.30346,1.30352,2.10,2.25
2015.07.31 14:16:56.265,1.30344,1.30354,2.10,1.50
2015.07.31 14:16:56.773,1.30343,1.30354,2.55,1.50
2015.07.31 14:16:56.874,1.30345,1.30353,2.10,1.00
2015.07.31 14:16:57.027,1.30342,1.30353,1.12,1.37
2015.07.31 14:16:57.079,1.30342,1.3035,1.12,1.00
2015.07.31 14:16:57.578,1.30343,1.30354,1.72,1.00
2015.07.31 14:16:58.111,1.30344,1.30355,1.10,1.87
2015.07.31 14:16:59.233,1.30344,1.30353,1.10,1.00
2015.07.31 14:16:59.537,1.30348,1.30355,2.85,1.00
2015.07.31 14:16:59.589,1.30348,1.30357,2.10,1.00
2015.07.31 14:16:59.690,1.30352,1.30358,1.00,1.00
2015.07.31 14:16:59.792,1.30354,1.30363,1.00,1.00
2015.07.31 14:17:00.373,1.30356,1.30364,1.00,1.00
2015.07.31 14:17:00.426,1.30354,1.30366,1.72,1.50
2015.07.31 14:17:00.680,1.30355,1.30364,1.50,1.00
2015.07.31 14:17:01.689,1.30356,1.30367,1.00,1.47
2015.07.31 14:17:01.993,1.30355,1.30364,1.12,1.00
2015.07.31 14:17:03.500,1.30353,1.30365,2.85,1.00
2015.07.31 14:17:04.829,1.30353,1.30365,2.10,1.87
2015.07.31 14:17:05.541,1.30353,1.30363,2.10,1.00
2015.07.31 14:17:06.045,1.30352,1.30357,1.00,2.25
2015.07.31 14:17:06.099,1.30346,1.30356,1.00,1.87
2015.07.31 14:17:06.150,1.30343,1.30353,1.12,1.00
2015.07.31 14:17:06.303,1.30342,1.30353,1.72,1.00
2015.07.31 14:17:06.355,1.30342,1.30351,1.12,1.00
2015.07.31 14:17:06.407,1.3034,1.30351,1.50,1.50
2015.07.31 14:17:06.915,1.30338,1.3035,2.10,1.00
2015.07.31 14:17:07.465,1.30337,1.30349,3.60,1.87
2015.07.31 14:17:07.972,1.30338,1.3035,1.12,2.62
2015.07.31 14:17:08.810,1.30337,1.30345,2.85,1.00
2015.07.31 14:17:08.912,1.30326,1.30338,3.75,1.75
2015.07.31 14:17:09.014,1.30326,1.30334,3.60,1.00
2015.07.31 14:17:09.318,1.30333,1.30339,2.85,1.50
2015.07.31 14:17:09.370,1.30336,1.3034,3.60,1.50
2015.07.31 14:17:09.472,1.30341,1.30347,1.00,1.00
2015.07.31 14:17:09.574,1.30341,1.30349,1.50,2.49
2015.07.31 14:17:09.675,1.30343,1.30353,1.00,1.00
2015.07.31 14:17:09.776,1.30344,1.30353,2.10,1.00
2015.07.31 14:17:10.130,1.30344,1.3035,2.10,1.00
2015.07.31 14:17:10.181,1.30341,1.3035,1.50,1.00
2015.07.31 14:17:10.233,1.30341,1.3035,1.12,1.57
2015.07.31 14:17:10.436,1.30341,1.30352,2.47,1.50
2015.07.31 14:17:10.588,1.30342,1.30349,1.00,1.00
2015.07.31 14:17:10.921,1.3034,1.30346,1.37,1.00
2015.07.31 14:17:11.617,1.30341,1.30348,1.12,1.00
2015.07.31 14:17:12.022,1.3034,1.30344,1.12,1.00
2015.07.31 14:17:12.326,1.30337,1.30341,1.00,1.10
2015.07.31 14:17:12.427,1.30337,1.30347,1.50,1.20
2015.07.31 14:17:13.292,1.30341,1.30352,4.05,1.00
2015.07.31 14:17:13.597,1.30345,1.30353,1.00,1.50
2015.07.31 14:17:13.649,1.30343,1.30353,1.10,1.50
2015.07.31 14:17:13.751,1.30346,1.30353,1.00,1.50
2015.07.31 14:17:13.853,1.30343,1.30353,1.10,1.50
2015.07.31 14:17:14.456,1.30344,1.30353,1.00,1.00
2015.07.31 14:17:14.558,1.30346,1.30356,1.00,1.37
2015.07.31 14:17:14.660,1.30347,1.30357,1.12,1.57
2015.07.31 14:17:14.864,1.30349,1.30358,1.00,1.87
2015.07.31 14:17:15.417,1.30347,1.30355,1.00,1.37
2015.07.31 14:17:15.468,1.30344,1.30355,1.87,2.62
2015.07.31 14:17:15.722,1.30342,1.30352,1.97,1.00
2015.07.31 14:17:15.976,1.30342,1.30353,1.00,4.12
2015.07.31 14:17:16.078,1.30345,1.30353,1.00,2.25
2015.07.31 14:17:16.231,1.30346,1.30356,2.85,1.00
2015.07.31 14:17:16.790,1.30348,1.30355,1.00,1.00
2015.07.31 14:17:16.942,1.30347,1.30352,1.12,1.00
2015.07.31 14:17:17.044,1.30341,1.30352,3.07,1.12
2015.07.31 14:17:17.146,1.30341,1.30352,1.12,1.87
2015.07.31 14:17:17.736,1.30344,1.30352,1.12,1.50
2015.07.31 14:17:17.788,1.30345,1.30354,2.10,1.00
2015.07.31 14:17:17.839,1.30349,1.30356,1.00,1.00
2015.07.31 14:17:18.045,1.30349,1.30358,1.00,4.50
2015.07.31 14:17:18.556,1.30348,1.30358,1.50,1.50
2015.07.31 14:17:19.139,1.30351,1.30356,1.00,1.00
2015.07.31 14:17:19.241,1.30349,1.30357,1.00,1.00
2015.07.31 14:17:19.342,1.30349,1.30355,1.00,1.00
2015.07.31 14:17:19.495,1.30346,1.30354,1.37,1.00
2015.07.31 14:17:19.649,1.30346,1.30352,1.37,1.00
2015.07.31 14:17:20.303,1.30341,1.30351,1.50,1.10
2015.07.31 14:17:20.610,1.30343,1.30351,2.47,2.25
2015.07.31 14:17:20.713,1.30343,1.30353,2.47,1.50
2015.07.31 14:17:20.866,1.30343,1.30352,1.35,1.00
2015.07.31 14:17:21.370,1.3034,1.3035,1.60,1.00
2015.07.31 14:17:22.030,1.3034,1.3035,2.85,1.00
2015.07.31 14:17:22.600,1.30341,1.30351,2.47,1.00
2015.07.31 14:17:22.655,1.30341,1.30351,1.30,1.00
2015.07.31 14:17:22.807,1.30345,1.30352,2.85,1.50
2015.07.31 14:17:23.010,1.30348,1.30354,1.10,1.00
2015.07.31 14:17:23.061,1.30348,1.30359,1.10,1.87
2015.07.31 14:17:23.214,1.30347,1.30355,1.12,1.00
2015.07.31 14:17:24.441,1.30346,1.30353,2.10,1.00
2015.07.31 14:17:24.959,1.30347,1.30354,2.10,2.25
2015.07.31 14:17:25.010,1.30344,1.30354,1.05,2.25
2015.07.31 14:17:25.767,1.30345,1.30354,2.10,1.50
2015.07.31 14:17:25.820,1.30346,1.30355,2.10,1.87
2015.07.31 14:17:26.282,1.30352,1.30358,2.10,2.62
2015.07.31 14:17:26.434,1.30355,1.3036,2.10,1.00
2015.07.31 14:17:26.536,1.30353,1.30362,1.00,1.50
2015.07.31 14:17:27.136,1.30353,1.30361,1.10,1.00
2015.07.31 14:17:27.643,1.30353,1.30363,1.00,1.57
2015.07.31 14:17:28.161,1.30353,1.30363,1.12,1.10
2015.07.31 14:17:28.313,1.30355,1.30364,2.10,3.37
2015.07.31 14:17:28.775,1.30358,1.30365,2.10,1.00
2015.07.31 14:17:28.978,1.30359,1.30368,1.35,1.50
2015.07.31 14:17:29.489,1.30358,1.30368,1.12,1.10
2015.07.31 14:17:30.268,1.3036,1.30369,1.00,1.12
2015.07.31 14:17:30.724,1.30357,1.30368,1.95,1.10
2015.07.31 14:17:31.266,1.30357,1.30368,1.10,1.57
2015.07.31 14:17:32.776,1.30359,1.30368,2.10,1.50
2015.07.31 14:17:33.285,1.3036,1.30369,2.92,1.20
2015.07.31 14:17:34.401,1.30362,1.3037,1.35,1.00
2015.07.31 14:17:34.994,1.3036,1.30369,3.30,1.00
2015.07.31 14:17:36.177,1.30361,1.30369,1.72,1.00
2015.07.31 14:17:36.504,1.30361,1.30369,2.85,1.00
2015.07.31 14:17:38.327,1.30361,1.3037,2.10,1.87
2015.07.31 14:17:38.378,1.30358,1.30369,2.05,1.00
2015.07.31 14:17:38.429,1.30358,1.30366,1.12,1.00
2015.07.31 14:17:38.733,1.30359,1.30368,1.35,1.00
2015.07.31 14:17:38.987,1.3036,1.3037,2.17,1.12
2015.07.31 14:17:39.446,1.30358,1.30369,1.50,1.00
2015.07.31 14:17:39.988,1.30358,1.30368,1.12,1.00
2015.07.31 14:17:42.245,1.30359,1.30368,1.00,1.00
2015.07.31 14:17:42.789,1.30358,1.30369,1.12,1.50
2015.07.31 14:17:44.578,1.30357,1.30368,2.85,1.00
2015.07.31 14:17:44.854,1.30357,1.30363,1.00,1.00
2015.07.31 14:17:45.006,1.30355,1.30363,1.00,1.00
2015.07.31 14:17:45.108,1.30352,1.3036,1.87,1.00
2015.07.31 14:17:45.748,1.30342,1.30353,1.50,1.00
2015.07.31 14:17:45.907,1.30346,1.30353,1.00,1.00
2015.07.31 14:17:46.112,1.30346,1.30356,2.10,1.00
2015.07.31 14:17:46.214,1.30349,1.30358,1.00,1.00
2015.07.31 14:17:46.519,1.30346,1.30357,1.60,1.00
2015.07.31 14:17:46.621,1.30345,1.30358,4.72,2.25
2015.07.31 14:17:47.040,1.30345,1.30355,4.50,1.00
2015.07.31 14:17:47.092,1.30346,1.30355,1.35,1.00
2015.07.31 14:17:47.298,1.30344,1.30353,3.22,1.00
2015.07.31 14:17:47.349,1.30343,1.30353,2.17,1.00
2015.07.31 14:17:47.400,1.30343,1.30351,1.05,1.00
2015.07.31 14:17:48.158,1.30341,1.30347,1.00,1.50
2015.07.31 14:17:48.534,1.3034,1.30351,1.87,1.87
2015.07.31 14:17:48.588,1.30343,1.30351,1.00,1.12
2015.07.31 14:17:48.843,1.30345,1.30355,1.00,1.37
2015.07.31 14:17:48.895,1.30345,1.30355,1.50,1.12
2015.07.31 14:17:49.456,1.30343,1.30354,1.87,1.37
2015.07.31 14:17:50.121,1.30344,1.30353,1.00,1.12
2015.07.31 14:17:51.187,1.30344,1.30354,1.00,1.12
2015.07.31 14:17:51.695,1.30344,1.30353,1.00,1.00
2015.07.31 14:17:52.119,1.30342,1.30354,2.25,2.25
2015.07.31 14:17:52.272,1.30342,1.30352,1.00,1.35
2015.07.31 14:17:52.576,1.3034,1.30349,1.00,1.00
2015.07.31 14:17:53.086,1.3034,1.30348,2.25,1.00
2015.07.31 14:17:54.872,1.30342,1.30348,1.00,1.00
2015.07.31 14:17:55.761,1.30342,1.3035,1.00,1.87
2015.07.31 14:17:56.117,1.30342,1.30351,1.00,1.10
2015.07.31 14:17:56.320,1.30344,1.3035,1.00,1.00
2015.07.31 14:17:58.256,1.30342,1.30351,1.12,1.00
2015.07.31 14:17:58.977,1.3034,1.30351,1.50,1.87
2015.07.31 14:17:59.596,1.30339,1.3035,1.75,1.95
2015.07.31 14:17:59.650,1.30338,1.30348,1.50,1.87
2015.07.31 14:17:59.854,1.30337,1.30347,1.00,1.87
2015.07.31 14:18:00.129,1.30337,1.30345,1.00,1.00
2015.07.31 14:18:00.663,1.30337,1.30344,1.00,1.50
2015.07.31 14:18:00.714,1.30324,1.30332,1.00,1.87
2015.07.31 14:18:01.326,1.30323,1.30331,2.17,1.12
2015.07.31 14:18:01.913,1.30324,1.30332,3.22,1.50
2015.07.31 14:18:01.964,1.30328,1.30332,2.85,1.00
2015.07.31 14:18:02.066,1.30328,1.30336,1.35,1.00
2015.07.31 14:18:02.168,1.30326,1.30335,1.30,1.00
2015.07.31 14:18:02.908,1.30326,1.30336,1.00,1.00
2015.07.31 14:18:03.426,1.30326,1.30336,3.60,1.00
2015.07.31 14:18:04.079,1.30327,1.30337,1.35,1.50
2015.07.31 14:18:04.988,1.30326,1.30337,3.97,1.00
2015.07.31 14:18:05.039,1.30327,1.30339,1.60,2.25
2015.07.31 14:18:05.836,1.30326,1.30336,3.22,1.00
2015.07.31 14:18:05.888,1.30325,1.30334,1.00,1.00
2015.07.31 14:18:05.939,1.30324,1.30331,1.20,1.00
2015.07.31 14:18:06.243,1.30317,1.30328,1.30,2.25
2015.07.31 14:18:06.497,1.30318,1.30328,1.60,1.50
2015.07.31 14:18:07.018,1.3032,1.30329,1.00,1.00
2015.07.31 14:18:07.273,1.3032,1.30331,1.00,1.00
2015.07.31 14:18:07.427,1.30321,1.30332,1.37,1.00
2015.07.31 14:18:08.235,1.30332,1.30337,1.00,1.87
2015.07.31 14:18:08.286,1.30333,1.30341,1.00,1.50
2015.07.31 14:18:08.337,1.30333,1.30341,2.85,1.50
2015.07.31 14:18:08.592,1.30335,1.30346,1.72,1.57
2015.07.31 14:18:08.744,1.30338,1.30346,1.00,1.00
2015.07.31 14:18:09.295,1.30338,1.30347,1.00,1.10
2015.07.31 14:18:10.627,1.30338,1.30349,1.37,1.12
2015.07.31 14:18:11.298,1.30338,1.30349,4.72,1.12
2015.07.31 14:18:11.812,1.30339,1.30349,1.30,1.10
2015.07.31 14:18:12.827,1.30339,1.30349,1.35,1.37
2015.07.31 14:18:13.843,1.30338,1.30348,3.97,1.37
2015.07.31 14:18:14.458,1.30338,1.30348,1.50,1.87
2015.07.31 14:18:14.813,1.30338,1.30345,1.00,1.00
2015.07.31 14:18:15.317,1.30338,1.30346,1.00,1.00
2015.07.31 14:18:15.838,1.30338,1.30345,1.00,1.00
2015.07.31 14:18:16.821,1.30337,1.30345,1.00,1.00
2015.07.31 14:18:17.368,1.30337,1.30346,1.00,1.50
2015.07.31 14:18:17.997,1.30338,1.30346,2.47,1.50
2015.07.31 14:18:19.467,1.30338,1.30346,2.10,1.00
2015.07.31 14:18:20.136,1.30338,1.30347,4.35,1.12
2015.07.31 14:18:20.874,1.30338,1.30349,3.60,3.00
2015.07.31 14:18:21.392,1.30338,1.30347,1.50,1.50
2015.07.31 14:18:23.099,1.30338,1.30342,1.00,1.00
2015.07.31 14:18:23.545,1.3033,1.30336,1.00,1.12
2015.07.31 14:18:23.596,1.30324,1.30333,2.10,1.00
2015.07.31 14:18:24.146,1.30324,1.30332,2.10,1.00
2015.07.31 14:18:24.299,1.30323,1.30334,2.85,1.00
2015.07.31 14:18:24.760,1.30322,1.30329,1.37,1.00
2015.07.31 14:18:25.065,1.30321,1.30331,3.00,1.00
2015.07.31 14:18:26.131,1.30321,1.30332,6.00,1.00
2015.07.31 14:18:26.641,1.30322,1.30333,1.37,1.87
2015.07.31 14:18:26.693,1.30322,1.30331,1.37,1.00
2015.07.31 14:18:26.905,1.30321,1.30333,4.50,1.12
2015.07.31 14:18:27.324,1.30326,1.30333,1.00,1.12
2015.07.31 14:18:27.528,1.30327,1.30335,1.50,1.12
2015.07.31 14:18:27.680,1.30325,1.30336,1.50,1.37
2015.07.31 14:18:27.782,1.30322,1.3033,2.25,1.00
2015.07.31 14:18:27.833,1.30322,1.3033,2.25,1.00
2015.07.31 14:18:28.037,1.30322,1.30333,1.12,1.87
2015.07.31 14:18:28.139,1.30322,1.30328,1.00,1.00
2015.07.31 14:18:28.671,1.30321,1.30328,1.00,1.00
2015.07.31 14:18:29.179,1.30321,1.30328,2.25,1.12
2015.07.31 14:18:29.889,1.30321,1.30329,2.62,1.00
2015.07.31 14:18:31.548,1.30321,1.30327,2.62,1.00
2015.07.31 14:18:32.060,1.30321,1.30328,2.25,1.10
2015.07.31 14:18:32.917,1.30321,1.30327,1.00,1.00
2015.07.31 14:18:33.634,1.3032,1.30328,1.87,1.10
2015.07.31 14:18:34.333,1.3032,1.30327,1.87,1.00
2015.07.31 14:18:34.852,1.3032,1.30328,1.87,1.10
2015.07.31 14:18:37.619,1.3032,1.3033,1.37,2.62
2015.07.31 14:18:38.421,1.30322,1.30329,1.00,1.12
2015.07.31 14:18:39.031,1.3032,1.30329,1.87,1.12
2015.07.31 14:18:40.239,1.30325,1.30331,1.50,4.12
2015.07.31 14:18:40.342,1.30323,1.30331,1.37,4.12
2015.07.31 14:18:40.596,1.30328,1.30332,1.00,4.50
2015.07.31 14:18:40.850,1.30326,1.30331,1.50,3.75
2015.07.31 14:18:40.952,1.30323,1.3033,1.00,1.00
2015.07.31 14:18:41.553,1.30323,1.30331,1.00,4.57
2015.07.31 14:18:41.759,1.30325,1.30331,1.00,4.57
2015.07.31 14:18:42.659,1.30326,1.30331,1.00,4.95
2015.07.31 14:18:43.085,1.30324,1.30334,1.00,1.37
2015.07.31 14:18:43.187,1.30323,1.30331,1.00,1.00
2015.07.31 14:18:43.491,1.30326,1.3033,1.00,1.00
2015.07.31 14:18:43.644,1.30325,1.30333,1.00,1.20
2015.07.31 14:18:44.102,1.30327,1.30331,1.00,1.50
2015.07.31 14:18:44.356,1.30325,1.30331,1.00,1.00
2015.07.31 14:18:44.863,1.30325,1.3033,1.00,1.00
2015.07.31 14:18:45.402,1.30325,1.30331,1.00,1.50
2015.07.31 14:18:45.949,1.30324,1.30331,1.00,1.50
2015.07.31 14:18:46.000,1.30326,1.30331,1.00,1.50
2015.07.31 14:18:46.517,1.30325,1.30331,1.00,1.50
2015.07.31 14:18:47.372,1.30326,1.30331,1.00,1.00
2015.07.31 14:18:47.882,1.30325,1.3033,1.00,1.00
2015.07.31 14:18:48.137,1.30326,1.30334,1.00,1.50
2015.07.31 14:18:49.113,1.30329,1.30335,1.00,1.00
2015.07.31 14:18:49.373,1.30329,1.30337,1.00,2.70
2015.07.31 14:18:49.882,1.30329,1.30337,1.00,2.70
2015.07.31 14:18:51.268,1.30333,1.30337,1.00,1.95
2015.07.31 14:18:51.370,1.30331,1.30338,2.10,1.12
2015.07.31 14:18:51.472,1.30333,1.30339,1.50,1.37
2015.07.31 14:18:51.523,1.30335,1.3034,1.35,1.37
2015.07.31 14:18:51.574,1.30335,1.30344,1.35,3.00
2015.07.31 14:18:51.625,1.30338,1.30344,1.00,2.25
2015.07.31 14:18:52.186,1.30341,1.3035,1.00,1.37
2015.07.31 14:18:52.440,1.3034,1.30351,1.50,2.25
2015.07.31 14:18:52.950,1.30339,1.3035,1.00,2.25
2015.07.31 14:18:53.052,1.30339,1.30348,1.00,1.00
2015.07.31 14:18:53.305,1.30337,1.30348,1.12,3.00
2015.07.31 14:18:53.356,1.30337,1.30344,1.12,1.00
2015.07.31 14:18:53.408,1.30334,1.30344,1.87,1.50
2015.07.31 14:18:53.763,1.30333,1.30342,1.50,4.50
2015.07.31 14:18:54.088,1.3033,1.30339,1.67,1.50
2015.07.31 14:18:54.140,1.30326,1.30337,2.47,1.00
2015.07.31 14:18:54.343,1.30324,1.30336,4.05,1.87
2015.07.31 14:18:55.077,1.30324,1.30334,3.30,1.00
2015.07.31 14:18:55.381,1.30326,1.30334,2.10,1.00
2015.07.31 14:18:55.896,1.30327,1.30335,2.10,1.50
2015.07.31 14:18:56.773,1.30323,1.30335,1.87,1.50
2015.07.31 14:18:56.874,1.30323,1.30327,1.50,1.00
2015.07.31 14:18:57.027,1.30316,1.30327,2.62,2.10
2015.07.31 14:18:57.128,1.30316,1.30323,1.37,1.00
2015.07.31 14:18:57.280,1.30311,1.30321,1.37,1.00
2015.07.31 14:18:57.383,1.3031,1.3032,1.50,1.00
2015.07.31 14:18:57.901,1.30309,1.3032,1.72,1.12
2015.07.31 14:18:58.446,1.30309,1.30321,2.10,1.50
2015.07.31 14:18:59.513,1.30309,1.3032,1.50,1.00
2015.07.31 14:18:59.564,1.30309,1.30317,1.00,1.00
2015.07.31 14:18:59.767,1.30307,1.30317,1.00,1.12
2015.07.31 14:19:00.739,1.30308,1.30317,1.00,1.10
2015.07.31 14:19:02.104,1.30306,1.30312,4.12,2.50
2015.07.31 14:19:02.563,1.30308,1.30317,1.00,1.12
2015.07.31 14:19:02.665,1.30306,1.30317,3.00,1.12
2015.07.31 14:19:02.868,1.30306,1.30314,3.37,2.25
2015.07.31 14:19:02.970,1.30306,1.30316,2.25,1.00
2015.07.31 14:19:03.479,1.30307,1.30316,1.50,1.10
2015.07.31 14:19:05.139,1.30307,1.30316,1.50,1.12
2015.07.31 14:19:05.646,1.30306,1.30316,1.50,1.00
2015.07.31 14:19:06.202,1.30307,1.30316,1.00,1.00
2015.07.31 14:19:06.800,1.30307,1.30314,1.00,1.00
2015.07.31 14:19:07.357,1.30307,1.30313,1.00,1.00
2015.07.31 14:19:08.160,1.30306,1.30313,1.00,1.00
2015.07.31 14:19:08.669,1.30306,1.30315,1.00,1.75
2015.07.31 14:19:10.012,1.30306,1.30316,1.00,4.50
2015.07.31 14:19:10.937,1.30304,1.30315,4.20,3.45
2015.07.31 14:19:11.398,1.30309,1.30317,1.00,1.87
2015.07.31 14:19:11.449,1.30309,1.30317,1.00,1.50
2015.07.31 14:19:12.788,1.30304,1.30315,1.57,1.50
2015.07.31 14:19:12.890,1.30303,1.30314,2.62,2.25
2015.07.31 14:19:13.448,1.30303,1.30314,1.00,3.00
2015.07.31 14:19:14.567,1.30304,1.30314,1.00,1.50
2015.07.31 14:19:15.105,1.30305,1.30315,1.00,2.62
2015.07.31 14:19:15.610,1.30303,1.30315,1.50,1.00
2015.07.31 14:19:16.360,1.30303,1.30314,2.25,1.00
2015.07.31 14:19:16.816,1.30303,1.30313,1.12,1.00
2015.07.31 14:19:17.745,1.30302,1.30313,1.00,1.00
2015.07.31 14:19:18.347,1.30302,1.30314,1.00,3.00
2015.07.31 14:19:18.449,1.30303,1.30314,1.00,1.50
2015.07.31 14:19:19.091,1.30302,1.30313,1.12,1.37
2015.07.31 14:19:24.469,1.30301,1.30312,2.25,1.37
2015.07.31 14:19:26.880,1.303,1.30312,2.10,2.62
2015.07.31 14:19:27.525,1.30299,1.30308,1.50,1.00
2015.07.31 14:19:27.829,1.30296,1.30304,1.37,1.00
2015.07.31 14:19:28.135,1.30292,1.30297,2.10,1.00
2015.07.31 14:19:28.287,1.30291,1.30297,1.00,1.00
2015.07.31 14:19:28.694,1.30287,1.30297,1.75,1.00
2015.07.31 14:19:29.200,1.30288,1.30298,1.12,1.00
2015.07.31 14:19:29.251,1.30289,1.303,1.00,2.25
2015.07.31 14:19:30.148,1.30289,1.303,1.12,3.75
2015.07.31 14:19:31.938,1.30282,1.30289,1.00,2.25
2015.07.31 14:19:32.091,1.30278,1.30288,2.10,1.87
2015.07.31 14:19:32.142,1.30281,1.30287,2.47,1.00
2015.07.31 14:19:32.244,1.30282,1.30289,2.47,2.25
2015.07.31 14:19:32.296,1.30286,1.30291,2.10,2.25
2015.07.31 14:19:32.500,1.30287,1.30292,2.10,1.50
2015.07.31 14:19:32.602,1.30284,1.30293,4.05,1.00
2015.07.31 14:19:32.703,1.30284,1.30288,1.10,2.25
2015.07.31 14:19:33.206,1.30277,1.30281,1.30,1.00
2015.07.31 14:19:33.462,1.30282,1.30288,2.10,1.00
2015.07.31 14:19:33.969,1.30282,1.3029,2.47,1.00
2015.07.31 14:19:34.618,1.30282,1.30288,2.47,1.00
2015.07.31 14:19:35.126,1.30281,1.30289,1.00,1.50
2015.07.31 14:19:35.333,1.3028,1.30287,1.00,1.50
2015.07.31 14:19:35.791,1.30274,1.30281,2.10,1.00
2015.07.31 14:19:36.096,1.30273,1.30279,2.10,1.00
2015.07.31 14:19:36.957,1.30274,1.3028,2.10,1.00
2015.07.31 14:19:37.114,1.30273,1.30279,2.10,1.00
2015.07.31 14:19:37.631,1.30273,1.30279,2.10,1.00
2015.07.31 14:19:38.512,1.30273,1.30279,2.10,1.00
2015.07.31 14:19:38.766,1.30273,1.30281,2.10,1.00
2015.07.31 14:19:39.513,1.30274,1.3028,2.10,1.00
2015.07.31 14:19:40.020,1.30273,1.30281,2.10,1.00
2015.07.31 14:19:40.475,1.30271,1.30281,3.22,2.25
2015.07.31 14:19:40.526,1.30271,1.30279,3.22,1.00
2015.07.31 14:19:40.887,1.30271,1.30275,1.00,1.00
2015.07.31 14:19:41.039,1.30272,1.30278,2.10,1.00
2015.07.31 14:19:41.292,1.30273,1.30279,2.10,1.00
2015.07.31 14:19:41.394,1.30272,1.30279,2.10,1.00
2015.07.31 14:19:41.698,1.30273,1.3028,2.10,1.00
2015.07.31 14:19:41.800,1.30272,1.3028,2.10,1.00
2015.07.31 14:19:42.757,1.30273,1.30282,2.10,2.25
2015.07.31 14:19:43.267,1.30272,1.30282,2.47,2.25
2015.07.31 14:19:44.048,1.30272,1.30282,2.47,1.00
2015.07.31 14:19:44.356,1.30272,1.3028,2.47,1.00
2015.07.31 14:19:44.459,1.30272,1.30279,1.30,1.00
2015.07.31 14:19:44.662,1.30272,1.30279,2.10,1.00
2015.07.31 14:19:44.764,1.30269,1.30277,2.32,1.00
2015.07.31 14:19:45.217,1.30266,1.30276,2.25,1.00
2015.07.31 14:19:45.370,1.30264,1.30275,1.12,1.00
2015.07.31 14:19:45.421,1.30264,1.30273,1.00,1.00
2015.07.31 14:19:45.726,1.30257,1.30263,2.17,1.00
2015.07.31 14:19:46.031,1.30262,1.30266,1.00,1.00
2015.07.31 14:19:46.476,1.30265,1.3027,1.00,1.50
2015.07.31 14:19:46.781,1.30268,1.30272,1.00,1.50
2015.07.31 14:19:47.085,1.30265,1.30269,1.00,1.00
2015.07.31 14:19:47.754,1.30267,1.30272,1.00,1.00
2015.07.31 14:19:47.806,1.30268,1.30272,1.00,1.00
2015.07.31 14:19:48.358,1.30268,1.30272,1.00,1.12
2015.07.31 14:19:48.763,1.30269,1.30273,1.00,1.12
2015.07.31 14:19:49.211,1.30268,1.30272,1.00,1.00
2015.07.31 14:19:49.265,1.30268,1.30272,1.00,1.00
2015.07.31 14:19:49.316,1.30268,1.30273,1.00,1.00
2015.07.31 14:19:49.367,1.3027,1.30274,1.00,1.00
2015.07.31 14:19:49.672,1.30266,1.3027,1.00,1.00
2015.07.31 14:19:49.773,1.30269,1.30275,1.00,2.25
2015.07.31 14:19:49.824,1.30271,1.30275,1.00,2.25
2015.07.31 14:19:50.129,1.30271,1.30275,1.00,1.00
2015.07.31 14:19:50.283,1.30267,1.30276,1.00,1.87
2015.07.31 14:19:50.637,1.30265,1.3027,1.12,1.00
2015.07.31 14:19:51.043,1.30262,1.30268,1.57,1.00
2015.07.31 14:19:51.093,1.30265,1.3027,1.00,1.10
2015.07.31 14:19:51.398,1.30262,1.30266,1.00,1.00
2015.07.31 14:19:51.600,1.30262,1.30266,1.00,1.00
2015.07.31 14:19:52.005,1.30256,1.3026,3.00,1.00
2015.07.31 14:19:52.259,1.30259,1.30263,1.00,1.00
2015.07.31 14:19:52.310,1.30256,1.3026,1.00,1.50
2015.07.31 14:19:52.564,1.30255,1.3026,1.00,1.67
2015.07.31 14:19:53.784,1.30255,1.30259,1.00,1.00
2015.07.31 14:19:53.993,1.30256,1.3026,1.00,1.00
2015.07.31 14:19:54.146,1.30253,1.30257,1.00,1.00
2015.07.31 14:19:54.198,1.30252,1.30256,1.00,1.00
2015.07.31 14:19:54.553,1.30251,1.30255,1.00,1.00
2015.07.31 14:19:54.604,1.30252,1.30256,1.00,1.00
2015.07.31 14:19:55.122,1.30245,1.3025,1.12,1.00
2015.07.31 14:19:55.325,1.30247,1.30251,1.00,1.00
2015.07.31 14:19:55.376,1.30247,1.30251,1.00,1.00
2015.07.31 14:19:55.682,1.30248,1.30253,1.00,1.00
2015.07.31 14:19:55.783,1.30245,1.30249,1.00,1.00
2015.07.31 14:19:57.320,1.30244,1.30248,1.72,1.00
2015.07.31 14:19:57.718,1.30246,1.3025,1.00,1.00
2015.07.31 14:19:58.940,1.30248,1.30254,1.00,1.87
2015.07.31 14:19:59.041,1.30248,1.30252,1.00,1.00
2015.07.31 14:19:59.092,1.30246,1.3025,1.00,1.50
2015.07.31 14:19:59.531,1.30244,1.3025,1.00,1.10
2015.07.31 14:19:59.633,1.30245,1.30249,1.00,1.10
2015.07.31 14:19:59.785,1.30242,1.30249,1.27,1.10
2015.07.31 14:19:59.836,1.30245,1.30249,1.00,1.10
2015.07.31 14:20:00.241,1.30245,1.3025,1.00,1.12
2015.07.31 14:20:00.292,1.30245,1.30253,1.00,1.37
2015.07.31 14:20:00.343,1.30245,1.30253,1.50,1.37
2015.07.31 14:20:00.393,1.30245,1.30253,1.87,1.37
2015.07.31 14:20:00.766,1.3025,1.30255,1.00,1.37
2015.07.31 14:20:00.823,1.30251,1.30255,1.35,1.00
2015.07.31 14:20:00.975,1.30254,1.30261,1.00,1.50
2015.07.31 14:20:01.128,1.30258,1.30263,1.50,1.37
2015.07.31 14:20:01.179,1.30261,1.30265,1.50,1.87
2015.07.31 14:20:01.230,1.30262,1.30266,1.50,4.50
2015.07.31 14:20:01.281,1.30262,1.30267,1.50,1.50
2015.07.31 14:20:01.332,1.30263,1.30272,1.50,1.37
2015.07.31 14:20:01.736,1.30267,1.30272,1.00,1.39
2015.07.31 14:20:01.788,1.3027,1.30274,1.00,3.75
2015.07.31 14:20:02.499,1.3027,1.30279,1.00,4.50
2015.07.31 14:20:02.550,1.30268,1.30277,1.00,1.10
2015.07.31 14:20:02.601,1.3027,1.30277,1.00,1.57
2015.07.31 14:20:02.652,1.30268,1.30277,1.00,1.57
2015.07.31 14:20:03.462,1.30268,1.30273,1.00,3.75
2015.07.31 14:20:03.769,1.3027,1.30274,1.00,3.75
2015.07.31 14:20:04.226,1.3027,1.30277,1.00,1.12
2015.07.31 14:20:04.976,1.30272,1.30278,1.00,3.37
2015.07.31 14:20:05.614,1.30272,1.30278,1.00,2.62
2015.07.31 14:20:05.918,1.30273,1.30278,1.00,3.00
2015.07.31 14:20:08.216,1.30272,1.30278,1.00,1.50
2015.07.31 14:20:08.752,1.30273,1.30278,1.00,1.50
2015.07.31 14:20:08.854,1.30271,1.30278,1.00,1.50
2015.07.31 14:20:09.006,1.30273,1.30278,1.00,1.00
2015.07.31 14:20:09.773,1.30278,1.30283,1.35,6.37
2015.07.31 14:20:10.027,1.30287,1.30292,1.35,1.50
2015.07.31 14:20:10.078,1.30289,1.30293,1.00,1.50
2015.07.31 14:20:10.231,1.30289,1.30295,1.00,1.00
2015.07.31 14:20:10.333,1.30289,1.30298,1.00,1.00
2015.07.31 14:20:11.618,1.30289,1.30299,1.35,1.50
2015.07.31 14:20:11.972,1.30294,1.30299,1.00,1.50
2015.07.31 14:20:12.518,1.30294,1.303,1.00,1.00
2015.07.31 14:20:13.024,1.30295,1.30302,1.00,1.50
2015.07.31 14:20:13.075,1.30293,1.30302,1.00,1.50
2015.07.31 14:20:14.807,1.30293,1.303,1.00,1.00
2015.07.31 14:20:16.325,1.30294,1.303,1.00,1.00
2015.07.31 14:20:16.529,1.30292,1.30301,1.00,1.12
2015.07.31 14:20:16.936,1.3029,1.303,1.50,1.75
2015.07.31 14:20:16.987,1.30288,1.30297,1.00,1.12
2015.07.31 14:20:18.153,1.3029,1.30297,1.00,1.12
2015.07.31 14:20:18.599,1.30299,1.30304,1.00,1.87
2015.07.31 14:20:18.650,1.303,1.30304,1.00,1.50
2015.07.31 14:20:18.701,1.30301,1.30308,1.00,1.87
2015.07.31 14:20:18.803,1.30301,1.3031,1.35,1.87
2015.07.31 14:20:19.108,1.30303,1.3031,1.00,1.12
2015.07.31 14:20:19.435,1.30306,1.30316,1.00,2.25
2015.07.31 14:20:19.536,1.30307,1.30316,2.10,2.25
2015.07.31 14:20:19.638,1.30308,1.30316,1.35,1.00
2015.07.31 14:20:20.242,1.30309,1.30319,1.35,1.00
2015.07.31 14:20:20.653,1.30307,1.30316,1.72,1.00
2015.07.31 14:20:20.754,1.30306,1.30315,1.35,1.00
2015.07.31 14:20:21.109,1.30307,1.30317,2.10,1.37
2015.07.31 14:20:21.312,1.30306,1.30316,2.85,1.37
2015.07.31 14:20:21.846,1.30308,1.30319,1.35,2.25
2015.07.31 14:20:21.897,1.30308,1.30317,1.35,1.12
2015.07.31 14:20:22.100,1.30308,1.30319,1.35,1.87
2015.07.31 14:20:22.404,1.3031,1.30319,1.00,1.12
2015.07.31 14:20:22.911,1.30309,1.30318,1.60,1.00
2015.07.31 14:20:23.434,1.30309,1.30321,1.60,1.75
2015.07.31 14:20:24.098,1.30309,1.3032,1.60,1.50
2015.07.31 14:20:24.605,1.30308,1.30319,3.22,1.37
2015.07.31 14:20:25.545,1.3031,1.30319,1.00,1.37
2015.07.31 14:20:25.597,1.3031,1.3032,1.00,1.50
2015.07.31 14:20:25.952,1.30307,1.30319,2.10,1.00
2015.07.31 14:20:26.359,1.30306,1.30318,1.12,1.00
2015.07.31 14:20:26.612,1.30306,1.30316,1.72,1.00
2015.07.31 14:20:27.064,1.30306,1.30318,2.47,1.00
2015.07.31 14:20:27.369,1.30306,1.30316,1.35,1.00
2015.07.31 14:20:27.572,1.30306,1.30318,1.35,1.12
2015.07.31 14:20:28.080,1.30308,1.30318,1.00,1.12
2015.07.31 14:20:28.590,1.30307,1.30317,1.00,1.00
2015.07.31 14:20:28.895,1.30304,1.30314,1.00,2.10
2015.07.31 14:20:29.201,1.30301,1.30311,1.00,1.12
2015.07.31 14:20:29.253,1.30301,1.30311,1.00,1.12
2015.07.31 14:20:29.458,1.30302,1.30312,1.00,1.12
2015.07.31 14:20:29.894,1.30302,1.30314,1.00,1.87
2015.07.31 14:20:31.140,1.30296,1.30305,1.00,1.97
2015.07.31 14:20:31.242,1.30294,1.30304,1.00,1.00
2015.07.31 14:20:31.547,1.30295,1.30304,2.10,1.00
2015.07.31 14:20:31.650,1.30296,1.30307,2.85,1.00
2015.07.31 14:20:31.701,1.30297,1.30307,2.85,1.00
2015.07.31 14:20:31.752,1.30299,1.30311,1.35,1.37
2015.07.31 14:20:31.853,1.30301,1.30312,1.00,2.25
2015.07.31 14:20:31.904,1.30299,1.30312,1.35,1.50
2015.07.31 14:20:32.405,1.303,1.30313,1.00,2.10
2015.07.31 14:20:32.456,1.30299,1.3031,1.00,1.00
2015.07.31 14:20:32.963,1.30297,1.3031,1.72,1.00
2015.07.31 14:20:33.625,1.30299,1.3031,1.35,1.00
2015.07.31 14:20:33.686,1.30306,1.30317,1.00,1.00
2015.07.31 14:20:33.788,1.30308,1.30319,1.00,1.87
2015.07.31 14:20:34.194,1.3031,1.30323,1.00,2.25
2015.07.31 14:20:34.680,1.30313,1.30323,1.00,1.37
2015.07.31 14:20:34.938,1.30316,1.30329,1.00,1.00
2015.07.31 14:20:35.447,1.30317,1.30329,1.00,1.00
2015.07.31 14:20:36.301,1.30318,1.30329,1.00,1.00
2015.07.31 14:20:36.454,1.30319,1.30331,1.00,1.12
2015.07.31 14:20:36.962,1.30319,1.30333,1.50,1.37
2015.07.31 14:20:37.587,1.30319,1.30332,1.87,1.37
2015.07.31 14:20:37.892,1.30338,1.30346,1.00,1.47
2015.07.31 14:20:37.994,1.30339,1.3035,1.00,1.37
2015.07.31 14:20:38.045,1.30341,1.30351,2.10,3.00
2015.07.31 14:20:38.147,1.30343,1.30351,1.35,1.00
2015.07.31 14:20:38.198,1.30343,1.30354,1.35,1.00
2015.07.31 14:20:38.250,1.30343,1.30356,1.35,1.10
2015.07.31 14:20:38.301,1.30345,1.30357,1.00,2.25
2015.07.31 14:20:38.830,1.30346,1.30358,1.00,1.50
2015.07.31 14:20:39.387,1.30346,1.30358,1.00,1.65
2015.07.31 14:20:39.983,1.30347,1.30358,1.00,1.50
2015.07.31 14:20:40.491,1.30346,1.30358,1.00,1.12
2015.07.31 14:20:41.318,1.30345,1.30358,1.00,1.87
2015.07.31 14:20:41.821,1.30343,1.30354,1.10,1.50
2015.07.31 14:20:42.329,1.30342,1.30353,1.10,1.75
2015.07.31 14:20:42.843,1.3034,1.30351,1.50,1.50
2015.07.31 14:20:43.317,1.30343,1.30354,1.12,3.22
2015.07.31 14:20:43.984,1.30353,1.30357,1.00,3.75
2015.07.31 14:20:44.038,1.30357,1.30369,1.12,2.05
2015.07.31 14:20:44.394,1.30357,1.30363,1.12,1.00
2015.07.31 14:20:44.496,1.30354,1.30361,1.00,1.35
2015.07.31 14:20:44.548,1.30349,1.30356,1.00,2.10
2015.07.31 14:20:44.650,1.30351,1.30357,1.00,1.05
2015.07.31 14:20:44.752,1.30344,1.30356,1.00,1.35
2015.07.31 14:20:45.135,1.30338,1.30349,1.00,1.97
2015.07.31 14:20:45.186,1.30338,1.3035,2.10,1.00
2015.07.31 14:20:45.541,1.3034,1.30353,1.00,1.50
2015.07.31 14:20:46.758,1.30341,1.30351,1.00,1.00
2015.07.31 14:20:47.274,1.3034,1.30352,1.87,1.50
2015.07.31 14:20:47.925,1.30341,1.30354,1.00,1.75
2015.07.31 14:20:48.434,1.30342,1.30354,1.00,1.50
2015.07.31 14:20:49.328,1.30342,1.30352,1.00,1.00
2015.07.31 14:20:50.345,1.30342,1.30354,1.87,1.00
2015.07.31 14:20:50.847,1.30349,1.30354,1.00,1.00
2015.07.31 14:20:51.152,1.30353,1.30364,1.00,1.12
2015.07.31 14:20:51.458,1.30344,1.30354,1.50,1.37
2015.07.31 14:20:51.509,1.30346,1.30355,1.00,1.87
2015.07.31 14:20:51.751,1.30349,1.3036,1.12,1.12
2015.07.31 14:20:52.200,1.30347,1.30361,1.50,1.37
2015.07.31 14:20:52.504,1.30345,1.30359,4.12,1.87
2015.07.31 14:20:52.556,1.30346,1.30359,1.60,1.12
2015.07.31 14:20:53.163,1.30346,1.30359,4.35,1.12
2015.07.31 14:20:53.698,1.30346,1.30358,2.85,1.00
2015.07.31 14:20:53.800,1.30346,1.30358,4.35,1.00
2015.07.31 14:20:54.055,1.30346,1.30358,1.00,1.50
2015.07.31 14:20:54.816,1.30345,1.30357,1.60,1.50
2015.07.31 14:20:54.920,1.30344,1.30356,1.10,1.87
2015.07.31 14:20:55.021,1.30341,1.30353,1.00,1.00
2015.07.31 14:20:55.789,1.30341,1.30352,1.50,1.00
2015.07.31 14:20:56.701,1.30341,1.30352,1.00,1.37
2015.07.31 14:20:57.209,1.30338,1.30352,1.87,1.87
2015.07.31 14:20:58.125,1.30338,1.30352,3.22,1.37
2015.07.31 14:20:59.647,1.3034,1.30352,1.12,1.37
2015.07.31 14:20:59.954,1.30339,1.3035,1.37,2.25
2015.07.31 14:21:00.462,1.30339,1.3035,1.00,2.62
2015.07.31 14:21:04.128,1.30337,1.30349,1.50,1.50
2015.07.31 14:21:04.698,1.30336,1.30347,1.12,1.12
2015.07.31 14:21:06.206,1.30335,1.30347,1.12,1.87
2015.07.31 14:21:07.742,1.30334,1.30346,5.10,1.00
2015.07.31 14:21:08.260,1.30334,1.30346,3.60,1.00
2015.07.31 14:21:09.027,1.30336,1.30346,1.00,1.00
2015.07.31 14:21:09.337,1.30336,1.30348,3.00,1.87
2015.07.31 14:21:10.246,1.30347,1.30351,1.00,2.25
2015.07.31 14:21:10.302,1.3035,1.30357,3.60,1.12
2015.07.31 14:21:10.404,1.3035,1.30358,3.22,1.00
2015.07.31 14:21:10.506,1.30348,1.30358,2.25,1.00
2015.07.31 14:21:10.608,1.30346,1.30354,1.57,1.00
2015.07.31 14:21:10.710,1.30346,1.30356,1.00,1.00
2015.07.31 14:21:10.762,1.30347,1.30356,2.10,1.00
2015.07.31 14:21:10.814,1.30349,1.30358,2.47,1.00
2015.07.31 14:21:10.865,1.30349,1.3036,2.47,2.25
2015.07.31 14:21:11.371,1.30347,1.30357,3.22,1.00
2015.07.31 14:21:12.080,1.30347,1.30357,1.72,1.00
2015.07.31 14:21:12.792,1.30351,1.30359,2.10,1.12
2015.07.31 14:21:13.097,1.3035,1.30357,1.35,1.00
2015.07.31 14:21:13.883,1.30349,1.30358,7.35,1.00
2015.07.31 14:21:14.137,1.30349,1.30357,2.47,1.00
2015.07.31 14:21:14.188,1.30349,1.30357,2.85,1.00
2015.07.31 14:21:15.046,1.3035,1.30357,1.80,1.00
2015.07.31 14:21:15.409,1.3035,1.30357,1.80,1.00
2015.07.31 14:21:15.512,1.3035,1.30355,1.80,1.00
2015.07.31 14:21:15.765,1.30342,1.3035,2.25,1.00
2015.07.31 14:21:16.700,1.30342,1.30349,1.37,1.00
2015.07.31 14:21:16.758,1.30339,1.30349,1.50,1.00
2015.07.31 14:21:17.217,1.30339,1.30347,1.47,1.00
2015.07.31 14:21:17.923,1.30339,1.30346,1.47,1.00
2015.07.31 14:21:17.974,1.3034,1.30348,1.37,1.00
2015.07.31 14:21:18.483,1.3034,1.30348,1.50,1.00
2015.07.31 14:21:18.585,1.3034,1.30348,3.97,1.00
2015.07.31 14:21:18.636,1.3034,1.3035,4.35,1.00
2015.07.31 14:21:19.236,1.30341,1.3035,2.55,1.00
2015.07.31 14:21:19.948,1.30342,1.3035,1.00,1.00
2015.07.31 14:21:20.494,1.30341,1.3035,1.80,1.00
2015.07.31 14:21:21.857,1.30342,1.3035,1.00,1.00
2015.07.31 14:21:22.257,1.30342,1.30353,1.50,1.50
2015.07.31 14:21:22.836,1.30342,1.30351,1.50,1.00
2015.07.31 14:21:23.620,1.30341,1.30352,2.62,1.00
2015.07.31 14:21:28.225,1.3034,1.30352,1.50,1.12
2015.07.31 14:21:29.300,1.30339,1.30351,3.00,1.12
2015.07.31 14:21:29.863,1.30337,1.30346,1.12,1.00
2015.07.31 14:21:30.016,1.30334,1.30346,4.50,1.50
2015.07.31 14:21:30.067,1.30334,1.30344,2.32,1.00
2015.07.31 14:21:30.533,1.30331,1.3034,2.25,1.12
2015.07.31 14:21:31.042,1.30329,1.30339,1.80,1.00
2015.07.31 14:21:31.561,1.30329,1.30338,3.30,1.00
2015.07.31 14:21:32.006,1.30331,1.3034,1.35,3.75
2015.07.31 14:21:32.108,1.30331,1.30338,1.00,1.00
2015.07.31 14:21:32.616,1.30329,1.30337,3.22,1.00
2015.07.31 14:21:32.770,1.30329,1.30336,1.72,1.00
2015.07.31 14:21:32.872,1.30329,1.30336,3.22,1.00
2015.07.31 14:21:33.559,1.30329,1.30336,1.60,1.00
2015.07.31 14:21:33.611,1.30331,1.30341,3.60,1.87
2015.07.31 14:21:33.815,1.30331,1.30338,1.80,1.00
2015.07.31 14:21:33.917,1.30331,1.30341,1.10,1.00
2015.07.31 14:21:34.605,1.30337,1.30341,1.00,1.50
2015.07.31 14:21:34.707,1.30337,1.30345,1.60,1.12
2015.07.31 14:21:34.910,1.30334,1.30344,1.50,1.12
2015.07.31 14:21:35.012,1.30334,1.30342,1.12,1.00
2015.07.31 14:21:35.113,1.30332,1.30344,2.32,1.12
2015.07.31 14:21:35.417,1.30331,1.30343,4.12,1.12
2015.07.31 14:21:35.996,1.30331,1.30342,1.72,2.25
2015.07.31 14:21:36.503,1.3033,1.30341,1.72,1.50
2015.07.31 14:21:37.010,1.30331,1.30341,1.35,1.37
2015.07.31 14:21:37.660,1.30335,1.30341,1.00,1.37
2015.07.31 14:21:37.965,1.30338,1.30345,1.00,1.37
2015.07.31 14:21:38.421,1.30337,1.30348,2.85,1.00
2015.07.31 14:21:39.252,1.30339,1.30348,1.50,1.00
2015.07.31 14:21:39.354,1.30339,1.30351,2.10,1.87
2015.07.31 14:21:39.861,1.3034,1.30351,1.00,1.87
2015.07.31 14:21:40.466,1.3034,1.30352,2.25,2.62
2015.07.31 14:21:41.136,1.3034,1.30352,2.62,2.25
2015.07.31 14:21:42.444,1.30341,1.30352,1.12,1.50
2015.07.31 14:21:42.749,1.30337,1.30343,1.00,1.37
2015.07.31 14:21:42.850,1.30332,1.30341,1.37,1.00
2015.07.31 14:21:43.229,1.30331,1.30337,3.37,1.00
2015.07.31 14:21:43.281,1.30322,1.30332,1.12,1.00
2015.07.31 14:21:43.383,1.3032,1.3033,1.37,1.50
2015.07.31 14:21:43.485,1.30317,1.30329,1.00,2.62
2015.07.31 14:21:43.638,1.30316,1.30325,1.00,1.00
2015.07.31 14:21:43.689,1.30313,1.30323,1.10,1.00
2015.07.31 14:21:43.740,1.30311,1.30319,3.22,1.00
2015.07.31 14:21:44.403,1.30319,1.30325,2.10,5.25
2015.07.31 14:21:44.454,1.30321,1.30327,2.10,7.50
2015.07.31 14:21:44.713,1.30313,1.30324,1.47,1.00
2015.07.31 14:21:45.219,1.30313,1.30324,2.55,1.50
2015.07.31 14:21:45.897,1.30315,1.30323,2.10,1.00
2015.07.31 14:21:46.410,1.30314,1.30323,2.10,1.00
2015.07.31 14:21:46.461,1.30312,1.30323,2.47,1.00
2015.07.31 14:21:46.665,1.30314,1.30322,2.10,1.00
2015.07.31 14:21:47.251,1.30315,1.30322,2.10,1.00
2015.07.31 14:21:47.356,1.30315,1.30324,2.10,6.00
2015.07.31 14:21:47.408,1.30315,1.30322,2.10,1.00
2015.07.31 14:21:47.790,1.30313,1.30319,2.10,1.00
2015.07.31 14:21:48.043,1.3031,1.30315,2.10,1.00
2015.07.31 14:21:48.145,1.3031,1.30315,2.47,1.00
2015.07.31 14:21:48.734,1.30308,1.30314,2.47,1.00
2015.07.31 14:21:48.836,1.30309,1.30314,1.72,1.00
2015.07.31 14:21:48.887,1.30312,1.30319,2.10,1.00
2015.07.31 14:21:48.989,1.30311,1.30317,1.97,1.00
2015.07.31 14:21:49.090,1.30312,1.30319,2.17,1.00
2015.07.31 14:21:49.343,1.30312,1.30317,1.00,1.00
2015.07.31 14:21:49.395,1.30312,1.30317,2.85,1.00
2015.07.31 14:21:50.500,1.30312,1.30317,1.60,1.00
2015.07.31 14:21:51.026,1.30312,1.30318,1.72,1.00
2015.07.31 14:21:51.545,1.30312,1.30317,1.30,1.00
2015.07.31 14:21:51.974,1.3031,1.30315,1.72,1.00
2015.07.31 14:21:52.279,1.303,1.30304,1.12,1.00
2015.07.31 14:21:52.536,1.3029,1.30297,1.87,1.00
2015.07.31 14:21:52.638,1.3029,1.30299,1.10,1.37
2015.07.31 14:21:53.258,1.30287,1.30297,1.12,1.00
2015.07.31 14:21:53.766,1.30287,1.30298,1.50,1.95
2015.07.31 14:21:54.588,1.30287,1.30298,2.25,1.50
2015.07.31 14:21:55.092,1.30287,1.30298,2.10,1.12
2015.07.31 14:21:55.244,1.30288,1.303,3.60,1.12
2015.07.31 14:21:55.463,1.30287,1.30298,3.75,1.10
2015.07.31 14:21:56.027,1.30287,1.30298,1.50,1.10
2015.07.31 14:21:56.565,1.30293,1.30299,1.00,1.12
2015.07.31 14:21:56.668,1.3029,1.30299,1.00,1.12
2015.07.31 14:21:56.719,1.30288,1.30298,1.12,1.10
2015.07.31 14:21:56.820,1.30291,1.30298,2.10,1.00
2015.07.31 14:21:56.922,1.3029,1.303,3.22,1.00
2015.07.31 14:21:57.595,1.30291,1.303,2.17,1.00
2015.07.31 14:21:58.101,1.30291,1.303,1.47,1.12
2015.07.31 14:21:58.914,1.30299,1.30306,1.00,1.00
2015.07.31 14:21:58.968,1.30296,1.30305,2.25,1.00
2015.07.31 14:21:59.070,1.30298,1.30305,1.00,1.00
2015.07.31 14:21:59.222,1.30299,1.30311,1.72,2.25
2015.07.31 14:21:59.324,1.30299,1.30311,1.72,1.00
2015.07.31 14:21:59.830,1.303,1.30312,1.50,1.00
2015.07.31 14:22:00.635,1.30299,1.30312,1.35,2.25
2015.07.31 14:22:01.284,1.30299,1.30311,1.35,1.00
2015.07.31 14:22:01.588,1.30298,1.30306,1.50,1.00
2015.07.31 14:22:01.640,1.30298,1.30309,1.50,1.50
2015.07.31 14:22:02.852,1.30297,1.30307,2.10,1.00
2015.07.31 14:22:03.006,1.30297,1.30307,1.35,1.00
2015.07.31 14:22:03.057,1.30296,1.30304,1.75,1.00
2015.07.31 14:22:03.159,1.30294,1.30301,1.37,1.00
2015.07.31 14:22:03.517,1.30292,1.30296,1.12,1.00
2015.07.31 14:22:03.569,1.30286,1.30296,1.37,1.00
2015.07.31 14:22:03.721,1.30285,1.30295,2.62,1.00
2015.07.31 14:22:04.235,1.30285,1.30294,1.87,1.00
2015.07.31 14:22:04.286,1.30285,1.30294,3.97,1.00
2015.07.31 14:22:04.998,1.30285,1.30294,4.35,1.00
2015.07.31 14:22:05.151,1.30286,1.30297,1.37,1.50
2015.07.31 14:22:05.770,1.30286,1.30297,1.37,1.12
2015.07.31 14:22:06.277,1.30286,1.30295,1.37,1.00
2015.07.31 14:22:07.046,1.30286,1.30295,1.37,1.00
2015.07.31 14:22:08.305,1.30287,1.30295,2.47,1.00
2015.07.31 14:22:08.457,1.30289,1.30297,1.30,1.00
2015.07.31 14:22:08.964,1.3029,1.30298,1.00,1.50
2015.07.31 14:22:12.563,1.30289,1.30297,1.67,1.00
2015.07.31 14:22:13.131,1.30289,1.30297,1.35,1.00
2015.07.31 14:22:13.690,1.30289,1.30296,1.35,1.50
2015.07.31 14:22:14.300,1.30289,1.30297,1.00,1.00
2015.07.31 14:22:15.155,1.30288,1.30297,1.35,1.00
2015.07.31 14:22:15.663,1.30288,1.30296,1.35,1.00
2015.07.31 14:22:16.218,1.30288,1.30296,1.67,1.00
2015.07.31 14:22:16.786,1.30289,1.30298,1.30,1.00
2015.07.31 14:22:17.584,1.30289,1.30297,1.35,1.00
2015.07.31 14:22:18.600,1.30289,1.30296,1.00,1.00
2015.07.31 14:22:19.132,1.30287,1.30295,1.67,1.00
2015.07.31 14:22:19.658,1.30288,1.30295,1.35,1.00
2015.07.31 14:22:20.591,1.30286,1.30294,1.67,1.00
2015.07.31 14:22:20.794,1.30293,1.30299,2.10,8.25
2015.07.31 14:22:20.998,1.30295,1.30303,3.60,1.50
2015.07.31 14:22:21.049,1.30295,1.30301,1.50,1.00
2015.07.31 14:22:21.099,1.30291,1.303,1.37,1.00
2015.07.31 14:22:21.201,1.30289,1.30297,1.87,1.00
2015.07.31 14:22:21.505,1.30287,1.30299,1.35,2.25
2015.07.31 14:22:22.282,1.30289,1.30298,1.00,1.50
2015.07.31 14:22:22.791,1.30289,1.30297,1.35,1.00
2015.07.31 14:22:23.053,1.3029,1.30297,2.85,1.00
2015.07.31 14:22:23.358,1.3029,1.30299,3.67,1.50
2015.07.31 14:22:23.865,1.30291,1.30298,2.47,1.00
2015.07.31 14:22:24.372,1.30292,1.30299,2.10,1.50
2015.07.31 14:22:24.779,1.3029,1.30297,3.67,1.00
2015.07.31 14:22:25.367,1.3029,1.30298,3.67,1.00
2015.07.31 14:22:26.513,1.30291,1.30298,2.47,1.00
2015.07.31 14:22:27.102,1.30291,1.30298,1.72,1.00
2015.07.31 14:22:27.637,1.30291,1.30299,3.22,1.00
2015.07.31 14:22:28.144,1.30291,1.303,1.60,2.25
2015.07.31 14:22:28.754,1.30291,1.303,2.85,2.25
2015.07.31 14:22:29.294,1.30291,1.303,1.60,1.50
2015.07.31 14:22:29.806,1.30292,1.303,2.10,1.00
2015.07.31 14:22:30.451,1.30292,1.30299,2.10,1.00
2015.07.31 14:22:30.859,1.30291,1.30299,2.85,1.00
2015.07.31 14:22:31.365,1.30291,1.30299,2.85,1.00
2015.07.31 14:22:32.045,1.30292,1.30299,2.10,1.00
2015.07.31 14:22:32.096,1.30291,1.30299,1.60,1.00
2015.07.31 14:22:32.602,1.30292,1.30301,2.10,1.50
2015.07.31 14:22:32.906,1.30296,1.30302,2.10,1.00
2015.07.31 14:22:33.868,1.30296,1.30303,2.10,1.00
2015.07.31 14:22:34.039,1.30294,1.30303,2.47,1.00
2015.07.31 14:22:34.294,1.30299,1.30303,2.10,1.00
2015.07.31 14:22:34.599,1.30301,1.30307,2.10,2.25
2015.07.31 14:22:34.904,1.303,1.30308,2.10,1.00
2015.07.31 14:22:35.648,1.30301,1.30308,2.47,1.00
2015.07.31 14:22:35.700,1.30301,1.3031,2.47,1.50
2015.07.31 14:22:35.852,1.30301,1.3031,1.30,1.00
2015.07.31 14:22:36.106,1.30302,1.30311,2.10,1.00
2015.07.31 14:22:36.963,1.30302,1.30311,2.10,1.00
2015.07.31 14:22:37.267,1.30304,1.30313,1.00,1.50
2015.07.31 14:22:37.369,1.30304,1.30315,2.32,1.00
2015.07.31 14:22:37.878,1.30304,1.30316,3.60,1.00
2015.07.31 14:22:38.030,1.30306,1.30316,2.85,1.00
2015.07.31 14:22:38.386,1.3031,1.30317,1.12,1.00
2015.07.31 14:22:38.488,1.30312,1.30321,1.50,1.00
2015.07.31 14:22:38.692,1.30315,1.30324,1.00,1.37
2015.07.31 14:22:38.965,1.30318,1.30324,1.00,1.37
2015.07.31 14:22:39.875,1.3032,1.3033,2.10,1.37
2015.07.31 14:22:39.976,1.3032,1.3033,2.47,1.00
2015.07.31 14:22:41.837,1.3032,1.3033,1.87,1.00
2015.07.31 14:22:41.989,1.30332,1.30336,1.00,9.37
2015.07.31 14:22:42.040,1.30332,1.30336,1.00,1.12
2015.07.31 14:22:42.091,1.30332,1.30343,1.00,2.02
2015.07.31 14:22:42.143,1.30333,1.30344,1.00,1.37
2015.07.31 14:22:42.194,1.30333,1.30344,1.50,1.00
2015.07.31 14:22:42.296,1.30338,1.30344,2.10,1.00
2015.07.31 14:22:42.448,1.30338,1.30349,1.30,2.25
2015.07.31 14:22:43.114,1.30337,1.30349,3.97,1.50
2015.07.31 14:22:43.368,1.30338,1.30347,1.30,1.00
2015.07.31 14:22:43.876,1.30337,1.30348,2.85,1.00
2015.07.31 14:22:44.999,1.30337,1.30348,1.72,1.00
2015.07.31 14:22:46.840,1.30338,1.30348,1.35,1.00
2015.07.31 14:22:49.074,1.30337,1.30348,1.37,1.00
2015.07.31 14:22:49.989,1.30337,1.30349,1.37,1.12
2015.07.31 14:22:51.643,1.30337,1.30349,1.37,1.12
2015.07.31 14:22:52.435,1.30337,1.30349,1.37,1.12
2015.07.31 14:22:52.742,1.3034,1.30349,1.00,1.50
2015.07.31 14:22:54.056,1.3034,1.30349,1.00,2.10
2015.07.31 14:22:55.061,1.30339,1.30348,1.00,1.12
2015.07.31 14:22:55.113,1.30337,1.30348,2.25,1.12
2015.07.31 14:22:56.652,1.30337,1.30349,1.87,1.87
2015.07.31 14:22:56.704,1.30337,1.30344,1.12,2.10
2015.07.31 14:22:57.012,1.30333,1.30339,1.00,1.37
2015.07.31 14:22:57.433,1.30323,1.30333,1.10,1.12
2015.07.31 14:22:57.537,1.30324,1.30333,2.10,1.12
2015.07.31 14:22:57.588,1.30323,1.30333,1.00,1.37
2015.07.31 14:22:58.196,1.30323,1.30334,1.10,1.12
2015.07.31 14:22:58.759,1.30323,1.30332,1.10,1.12
2015.07.31 14:22:59.270,1.30321,1.30331,1.87,1.00
2015.07.31 14:23:00.097,1.30321,1.3033,1.87,1.00
2015.07.31 14:23:00.887,1.30321,1.30333,1.00,3.00
2015.07.31 14:23:01.515,1.30322,1.30333,1.87,1.12
2015.07.31 14:23:01.567,1.30322,1.30335,2.25,1.12
2015.07.31 14:23:01.618,1.30324,1.30337,1.00,3.00
2015.07.31 14:23:01.923,1.30328,1.3034,1.00,1.00
2015.07.31 14:23:02.176,1.30328,1.30342,1.00,1.12
2015.07.31 14:23:02.393,1.30328,1.3034,1.12,1.12
2015.07.31 14:23:02.938,1.30329,1.3034,1.00,1.12
2015.07.31 14:23:03.452,1.30328,1.3034,1.12,1.12
2015.07.31 14:23:06.866,1.30327,1.30338,1.12,1.37
2015.07.31 14:23:06.968,1.30325,1.30336,1.12,1.00
2015.07.31 14:23:07.685,1.30324,1.30335,1.00,1.50
2015.07.31 14:23:08.222,1.30321,1.30334,1.87,1.50
2015.07.31 14:23:08.273,1.3032,1.30332,2.25,1.00
2015.07.31 14:23:08.578,1.3032,1.3033,1.37,1.00
2015.07.31 14:23:09.182,1.30319,1.30328,1.87,1.00
2015.07.31 14:23:09.589,1.30319,1.3033,1.87,3.00
2015.07.31 14:23:11.435,1.30321,1.3033,1.37,1.00
2015.07.31 14:23:11.486,1.30321,1.30332,1.37,1.00
2015.07.31 14:23:12.455,1.30322,1.30334,1.12,2.25
2015.07.31 14:23:12.963,1.30323,1.30335,1.50,1.87
2015.07.31 14:23:13.015,1.30323,1.30335,1.50,2.25
2015.07.31 14:23:14.497,1.30322,1.30334,1.37,1.87
2015.07.31 14:23:17.530,1.30321,1.3033,1.50,1.37
2015.07.31 14:23:18.835,1.30321,1.3033,3.75,1.87
2015.07.31 14:23:19.661,1.30321,1.3033,3.75,1.12
2015.07.31 14:23:21.318,1.30321,1.30331,1.37,1.12
2015.07.31 14:23:21.420,1.3032,1.30331,1.37,1.37
2015.07.31 14:23:21.953,1.3032,1.30329,1.00,1.12
2015.07.31 14:23:22.558,1.3032,1.30325,1.00,1.12
2015.07.31 14:23:22.929,1.30317,1.30323,1.00,1.37
2015.07.31 14:23:23.133,1.30317,1.30321,1.00,1.12
2015.07.31 14:23:23.184,1.30311,1.30319,2.10,1.00
2015.07.31 14:23:23.437,1.30311,1.30319,1.35,1.37
2015.07.31 14:23:23.916,1.30311,1.30319,2.85,1.37
2015.07.31 14:23:24.493,1.3031,1.30319,2.85,1.37
2015.07.31 14:23:25.402,1.3031,1.30318,1.30,1.37
2015.07.31 14:23:25.605,1.3031,1.30318,2.47,1.37
2015.07.31 14:23:25.960,1.30311,1.30322,3.22,1.87
2015.07.31 14:23:26.061,1.30311,1.30318,1.37,1.00
2015.07.31 14:23:26.113,1.30311,1.30318,1.87,1.00
2015.07.31 14:23:26.366,1.30312,1.30318,1.72,1.00
2015.07.31 14:23:26.417,1.30312,1.30322,1.72,1.50
2015.07.31 14:23:27.246,1.3031,1.30318,4.80,1.00
2015.07.31 14:23:27.756,1.30311,1.30318,1.30,1.37
2015.07.31 14:23:27.959,1.30312,1.3032,1.00,1.37
2015.07.31 14:23:28.710,1.30311,1.3032,1.72,1.37
2015.07.31 14:23:29.167,1.30311,1.3032,3.22,1.37
2015.07.31 14:23:29.522,1.30311,1.3032,1.72,1.37
2015.07.31 14:23:29.963,1.30316,1.30327,1.00,1.87
2015.07.31 14:23:30.216,1.30313,1.30321,1.10,1.37
2015.07.31 14:23:30.318,1.30312,1.30321,1.00,1.37
2015.07.31 14:23:30.623,1.3031,1.3032,1.10,1.37
2015.07.31 14:23:31.148,1.30311,1.3032,1.00,1.37
2015.07.31 14:23:31.826,1.3031,1.30321,2.92,1.87
2015.07.31 14:23:32.453,1.30311,1.30319,1.35,1.37
2015.07.31 14:23:32.983,1.30311,1.30319,1.35,1.37
2015.07.31 14:23:35.731,1.3031,1.30319,1.42,1.37
2015.07.31 14:23:36.948,1.3031,1.30319,1.42,1.37
2015.07.31 14:23:38.043,1.3031,1.30317,1.35,1.12
2015.07.31 14:23:40.266,1.3031,1.30318,1.35,1.37
2015.07.31 14:23:41.062,1.30311,1.30318,1.00,1.37
2015.07.31 14:23:44.445,1.30309,1.30318,1.72,1.37
2015.07.31 14:23:44.751,1.30312,1.30318,2.10,1.12
2015.07.31 14:23:44.903,1.30312,1.30318,2.10,1.37
2015.07.31 14:23:45.308,1.3031,1.30318,3.60,1.37
2015.07.31 14:23:45.855,1.30311,1.30318,1.27,1.37
2015.07.31 14:23:46.387,1.30309,1.30317,1.35,1.37
2015.07.31 14:23:46.438,1.30309,1.30317,1.65,1.37
2015.07.31 14:23:47.118,1.30308,1.30317,1.72,1.37
2015.07.31 14:23:47.631,1.30309,1.30316,3.22,1.37
2015.07.31 14:23:47.935,1.30309,1.30318,2.47,1.12
2015.07.31 14:23:48.470,1.30309,1.30316,2.47,1.00
2015.07.31 14:23:49.110,1.30311,1.30316,1.00,1.00
2015.07.31 14:23:50.177,1.30309,1.30316,2.25,1.37
2015.07.31 14:23:50.330,1.30307,1.30315,1.00,3.37
2015.07.31 14:23:50.432,1.30306,1.30315,2.62,3.37
2015.07.31 14:23:50.738,1.30311,1.30316,1.00,1.37
2015.07.31 14:23:51.405,1.30311,1.30317,1.10,1.87
2015.07.31 14:23:51.918,1.30311,1.30317,1.10,1.87
2015.07.31 14:23:52.979,1.3031,1.30317,1.00,1.87
2015.07.31 14:23:54.482,1.30309,1.30316,2.10,1.00
2015.07.31 14:23:54.989,1.30309,1.30316,1.35,1.00
2015.07.31 14:23:55.531,1.30309,1.30317,1.35,1.87
2015.07.31 14:23:56.045,1.30309,1.30316,1.35,1.00
2015.07.31 14:23:56.705,1.30309,1.30316,1.35,1.37
2015.07.31 14:23:58.725,1.30303,1.30316,2.32,1.37
2015.07.31 14:23:59.252,1.30303,1.30313,1.95,1.37
2015.07.31 14:24:00.479,1.30304,1.30313,4.35,1.00
2015.07.31 14:24:00.530,1.30307,1.30317,1.12,1.87
2015.07.31 14:24:00.632,1.30309,1.30318,1.00,1.37
2015.07.31 14:24:00.835,1.30309,1.30318,1.00,1.12
2015.07.31 14:24:01.770,1.30308,1.30317,1.12,2.10
2015.07.31 14:24:02.074,1.30301,1.30312,2.32,1.12
2015.07.31 14:24:02.379,1.30301,1.30312,2.62,1.37
2015.07.31 14:24:03.053,1.30301,1.30312,2.25,1.37
2015.07.31 14:24:03.567,1.30301,1.30312,2.25,1.37
2015.07.31 14:24:04.124,1.30301,1.30312,2.25,1.47
2015.07.31 14:24:04.663,1.30304,1.30308,1.00,1.30
2015.07.31 14:24:04.866,1.30303,1.30309,1.00,1.50
2015.07.31 14:24:06.668,1.30303,1.30311,1.00,4.95
2015.07.31 14:24:07.181,1.30304,1.30313,1.00,1.85
2015.07.31 14:24:07.933,1.30306,1.30314,1.50,1.37
2015.07.31 14:24:07.985,1.30307,1.30314,1.00,1.37
2015.07.31 14:24:08.492,1.30308,1.30314,1.00,1.37
2015.07.31 14:24:08.998,1.30307,1.30314,1.00,1.37
2015.07.31 14:24:09.438,1.30311,1.30316,1.00,1.47
2015.07.31 14:24:09.944,1.3031,1.30315,1.00,1.00
2015.07.31 14:24:11.869,1.30308,1.30316,1.50,1.37
2015.07.31 14:24:11.970,1.30308,1.30316,1.50,1.37
2015.07.31 14:24:12.123,1.30305,1.30316,1.37,4.87
2015.07.31 14:24:12.743,1.30304,1.30314,1.37,1.37
2015.07.31 14:24:12.946,1.30302,1.30314,3.60,4.12
2015.07.31 14:24:14.173,1.30302,1.30314,2.25,1.87
2015.07.31 14:24:14.681,1.30303,1.30314,1.57,1.87
2015.07.31 14:24:14.783,1.30303,1.30313,1.57,1.37
2015.07.31 14:24:15.162,1.30303,1.30307,1.00,1.00
2015.07.31 14:24:15.213,1.30301,1.30307,1.00,1.37
2015.07.31 14:24:15.470,1.30301,1.30308,1.00,3.37
2015.07.31 14:24:16.044,1.30303,1.30312,2.85,2.25
2015.07.31 14:24:16.448,1.30306,1.30311,1.00,1.00
2015.07.31 14:24:16.920,1.30305,1.30309,2.25,1.87
2015.07.31 14:24:16.971,1.30299,1.30307,1.37,1.00
2015.07.31 14:24:17.478,1.30298,1.30307,1.72,1.37
2015.07.31 14:24:17.985,1.30294,1.30305,1.87,1.37
2015.07.31 14:24:20.518,1.30296,1.30305,1.87,1.12
2015.07.31 14:24:21.030,1.30294,1.30306,1.37,3.37
2015.07.31 14:24:22.079,1.30289,1.30299,1.87,1.37
2015.07.31 14:24:22.588,1.30291,1.30301,1.35,2.62
2015.07.31 14:24:22.831,1.3029,1.30301,2.10,2.62
2015.07.31 14:24:22.933,1.30292,1.30301,1.65,1.87
2015.07.31 14:24:23.035,1.30292,1.30301,1.65,1.37
2015.07.31 14:24:23.535,1.30297,1.30301,1.00,1.12
2015.07.31 14:24:23.637,1.30297,1.30303,1.00,1.87
2015.07.31 14:24:23.891,1.30295,1.30305,1.10,1.87
2015.07.31 14:24:24.398,1.30293,1.30303,1.12,1.37
2015.07.31 14:24:25.342,1.30295,1.30303,1.00,1.37
2015.07.31 14:24:25.495,1.30298,1.30304,1.00,1.37
2015.07.31 14:24:25.648,1.30298,1.30308,1.00,1.37
2015.07.31 14:24:26.119,1.30299,1.30308,1.50,1.87
2015.07.31 14:24:26.373,1.30298,1.30308,1.00,1.87
2015.07.31 14:24:26.883,1.30297,1.30304,1.50,1.00
2015.07.31 14:24:27.563,1.30297,1.30306,1.50,1.37
2015.07.31 14:24:29.208,1.30299,1.30309,1.00,1.50
2015.07.31 14:24:29.259,1.30301,1.3031,3.00,2.25
2015.07.31 14:24:29.360,1.30302,1.30312,1.00,3.75
2015.07.31 14:24:29.664,1.30302,1.30312,1.37,2.62
2015.07.31 14:24:30.202,1.30303,1.30314,2.10,1.37
2015.07.31 14:24:30.658,1.30303,1.30315,3.00,1.87
2015.07.31 14:24:30.962,1.30302,1.30309,1.12,1.37
2015.07.31 14:24:31.921,1.30306,1.30313,1.50,1.00
2015.07.31 14:24:32.429,1.30306,1.30317,1.00,2.25
2015.07.31 14:24:32.784,1.30307,1.30319,1.35,3.00
2015.07.31 14:24:33.308,1.30308,1.30319,1.00,2.25
2015.07.31 14:24:33.819,1.30308,1.30318,1.00,1.50
2015.07.31 14:24:37.291,1.30308,1.30313,1.00,1.00
2015.07.31 14:24:37.798,1.30303,1.30307,4.12,1.00
2015.07.31 14:24:37.853,1.30298,1.30306,2.85,1.00
2015.07.31 14:24:38.056,1.30299,1.30308,2.10,1.87
2015.07.31 14:24:38.107,1.303,1.30308,1.60,1.00
2015.07.31 14:24:38.158,1.30301,1.30308,2.10,1.00
2015.07.31 14:24:38.259,1.30301,1.30309,1.35,1.00
2015.07.31 14:24:39.026,1.30302,1.30309,1.50,1.00
2015.07.31 14:24:39.551,1.30301,1.3031,1.00,1.00
2015.07.31 14:24:40.057,1.303,1.3031,1.30,1.00
2015.07.31 14:24:42.428,1.30299,1.3031,2.47,1.37
2015.07.31 14:24:42.733,1.3029,1.30294,1.50,1.00
2015.07.31 14:24:42.784,1.30288,1.30294,1.10,1.00
2015.07.31 14:24:42.886,1.30286,1.3029,1.00,1.00
2015.07.31 14:24:42.988,1.30281,1.30288,1.50,1.00
2015.07.31 14:24:43.091,1.30278,1.30286,1.35,1.00
2015.07.31 14:24:43.613,1.30277,1.30286,2.25,1.00
2015.07.31 14:24:43.867,1.3028,1.30287,1.00,1.00
2015.07.31 14:24:44.172,1.30278,1.30288,1.00,4.87
2015.07.31 14:24:44.224,1.30275,1.30287,1.00,1.37
2015.07.31 14:24:44.866,1.30275,1.30286,1.00,1.37
2015.07.31 14:24:45.069,1.30274,1.30283,1.00,1.37
2015.07.31 14:24:45.478,1.30272,1.30283,1.50,1.37
2015.07.31 14:24:46.305,1.30273,1.30284,1.00,4.12
2015.07.31 14:24:46.357,1.30275,1.30284,1.50,4.12
2015.07.31 14:24:46.460,1.30274,1.30284,1.50,4.12
2015.07.31 14:24:47.809,1.30277,1.30286,1.00,1.37
2015.07.31 14:24:49.023,1.30275,1.30286,2.10,1.37
2015.07.31 14:24:50.463,1.30268,1.30275,1.00,1.00
2015.07.31 14:24:50.616,1.30266,1.30275,1.50,1.12
2015.07.31 14:24:50.837,1.30265,1.30275,1.50,1.37
2015.07.31 14:24:51.140,1.30263,1.30272,1.00,1.37
2015.07.31 14:24:51.799,1.30265,1.30274,1.00,1.37
2015.07.31 14:24:51.850,1.30265,1.30274,1.00,1.37
2015.07.31 14:24:52.155,1.30265,1.30275,1.87,1.12
2015.07.31 14:24:52.205,1.30268,1.30275,1.00,1.12
2015.07.31 14:24:52.408,1.30266,1.30276,1.12,2.70
2015.07.31 14:24:53.675,1.30266,1.30276,1.00,1.47
2015.07.31 14:24:53.778,1.30263,1.30275,1.80,1.37
2015.07.31 14:24:54.437,1.30264,1.30274,1.35,1.37
2015.07.31 14:24:54.975,1.30263,1.30271,1.00,1.12
2015.07.31 14:24:55.481,1.30261,1.3027,3.30,1.00
2015.07.31 14:24:55.836,1.30265,1.30274,2.10,1.87
2015.07.31 14:24:55.887,1.30265,1.30274,2.10,1.50
2015.07.31 14:24:56.265,1.30268,1.30274,1.00,1.00
2015.07.31 14:24:56.318,1.30268,1.30278,1.60,1.75
2015.07.31 14:24:57.181,1.30268,1.30279,2.10,2.25
2015.07.31 14:24:57.627,1.30271,1.30278,1.00,1.10
2015.07.31 14:24:58.084,1.30271,1.30281,2.85,1.87
2015.07.31 14:24:58.186,1.30273,1.30282,1.60,1.12
2015.07.31 14:24:58.300,1.30275,1.30284,2.10,1.37
2015.07.31 14:24:59.040,1.3027,1.30278,6.00,1.75
2015.07.31 14:24:59.092,1.30263,1.30271,1.87,1.37
2015.07.31 14:24:59.143,1.30262,1.30269,1.00,1.10
2015.07.31 14:24:59.448,1.3026,1.3027,1.87,1.37
2015.07.31 14:24:59.600,1.30262,1.3027,1.00,1.37
2015.07.31 14:24:59.955,1.30263,1.3027,1.60,1.00
2015.07.31 14:25:00.006,1.30263,1.30274,3.22,2.62
2015.07.31 14:25:00.057,1.30267,1.30274,2.10,1.37
2015.07.31 14:25:00.498,1.30268,1.3028,1.72,1.37
2015.07.31 14:25:00.600,1.30268,1.30277,1.50,1.37
2015.07.31 14:25:01.005,1.30267,1.30276,1.00,4.12
2015.07.31 14:25:01.259,1.30267,1.30276,1.00,3.37
2015.07.31 14:25:01.806,1.30268,1.30277,1.00,1.50
2015.07.31 14:25:02.163,1.30268,1.30275,1.00,1.37
2015.07.31 14:25:02.264,1.30268,1.30276,1.00,1.47
2015.07.31 14:25:02.366,1.30266,1.30274,1.00,1.00
2015.07.31 14:25:03.439,1.30268,1.30277,1.00,2.25
2015.07.31 14:25:04.803,1.30269,1.30278,1.00,1.75
2015.07.31 14:25:05.378,1.30269,1.30278,1.00,1.75
2015.07.31 14:25:06.364,1.30269,1.30279,1.12,1.75
2015.07.31 14:25:06.567,1.30269,1.3028,1.50,1.50
2015.07.31 14:25:07.075,1.30271,1.30281,1.70,1.12
2015.07.31 14:25:07.590,1.30281,1.30285,1.00,1.00
2015.07.31 14:25:07.642,1.30281,1.30293,2.10,1.50
2015.07.31 14:25:07.694,1.30283,1.30293,1.00,1.00
2015.07.31 14:25:07.998,1.30285,1.30295,1.35,1.37
2015.07.31 14:25:08.557,1.30286,1.30297,1.35,1.37
2015.07.31 14:25:08.938,1.30286,1.30297,1.00,1.37
2015.07.31 14:25:09.445,1.30286,1.30296,1.00,1.37
2015.07.31 14:25:10.614,1.30286,1.30295,1.35,1.12
2015.07.31 14:25:10.817,1.30286,1.30293,1.00,1.00
2015.07.31 14:25:11.122,1.30283,1.30287,1.00,1.00
2015.07.31 14:25:11.173,1.3028,1.30286,1.87,1.00
2015.07.31 14:25:11.275,1.30278,1.30285,1.50,1.37
2015.07.31 14:25:11.776,1.30273,1.30284,1.35,1.37
2015.07.31 14:25:12.284,1.30274,1.30284,1.35,1.37
2015.07.31 14:25:14.243,1.30275,1.30283,1.00,1.37
2015.07.31 14:25:14.852,1.30276,1.30286,1.00,1.37
2015.07.31 14:25:15.056,1.30276,1.30284,1.50,1.87
2015.07.31 14:25:15.361,1.30276,1.30283,1.00,1.37
2015.07.31 14:25:15.412,1.30273,1.30283,1.00,1.37
2015.07.31 14:25:15.514,1.30273,1.30283,1.45,1.37
2015.07.31 14:25:15.877,1.30273,1.30281,1.00,1.37
2015.07.31 14:25:15.931,1.3027,1.30281,1.00,1.37
2015.07.31 14:25:16.235,1.30272,1.30279,1.00,1.37
2015.07.31 14:25:17.079,1.30272,1.3028,1.00,1.37
2015.07.31 14:25:18.352,1.3027,1.30278,1.00,1.37
2015.07.31 14:25:18.566,1.30269,1.30278,2.85,1.12
2015.07.31 14:25:19.717,1.30271,1.30278,1.00,1.12
2015.07.31 14:25:22.014,1.3027,1.30278,2.25,1.12
2015.07.31 14:25:22.625,1.3027,1.30277,1.50,1.00
2015.07.31 14:25:23.132,1.3027,1.30277,1.00,1.50
2015.07.31 14:25:24.923,1.30271,1.30277,1.00,1.50
2015.07.31 14:25:26.483,1.30278,1.30282,1.00,1.00
2015.07.31 14:25:26.535,1.30278,1.30287,1.50,3.45
2015.07.31 14:25:26.738,1.30276,1.30287,2.25,1.87
2015.07.31 14:25:27.579,1.30271,1.30283,1.00,1.12
2015.07.31 14:25:28.086,1.30272,1.30282,1.00,1.50
2015.07.31 14:25:28.672,1.30273,1.30282,1.00,1.37
2015.07.31 14:25:28.877,1.3027,1.30282,2.92,1.37
2015.07.31 14:25:28.928,1.30271,1.30282,2.10,1.37
2015.07.31 14:25:30.267,1.30271,1.30281,1.12,1.37
2015.07.31 14:25:30.572,1.3027,1.3028,1.12,1.37
2015.07.31 14:25:31.082,1.30269,1.30273,1.00,1.50
2015.07.31 14:25:31.133,1.30259,1.3027,1.50,2.25
2015.07.31 14:25:31.538,1.3026,1.30267,1.00,1.00
2015.07.31 14:25:31.639,1.30258,1.30267,1.50,1.00
2015.07.31 14:25:32.226,1.30258,1.30268,1.87,1.87
2015.07.31 14:25:32.429,1.30258,1.30267,1.12,1.37
2015.07.31 14:25:32.733,1.30253,1.30263,1.47,1.87
2015.07.31 14:25:33.532,1.30255,1.30263,2.47,1.87
2015.07.31 14:25:34.040,1.30254,1.30263,2.47,1.37
2015.07.31 14:25:35.031,1.30258,1.30266,1.00,1.00
2015.07.31 14:25:35.540,1.30257,1.30268,1.00,2.62
2015.07.31 14:25:35.794,1.30255,1.30267,1.37,2.70
2015.07.31 14:25:36.321,1.30257,1.30266,1.00,1.50
2015.07.31 14:25:36.778,1.30258,1.30268,1.00,1.87
2015.07.31 14:25:37.433,1.30257,1.30268,1.12,1.87
2015.07.31 14:25:37.637,1.3026,1.30268,1.00,1.12
2015.07.31 14:25:37.688,1.30261,1.3027,1.50,1.50
2015.07.31 14:25:37.791,1.30265,1.30269,1.00,1.50
2015.07.31 14:25:38.045,1.30265,1.30272,1.00,1.35
2015.07.31 14:25:38.097,1.30265,1.30269,1.00,1.00
2015.07.31 14:25:38.148,1.3026,1.30266,1.12,2.25
2015.07.31 14:25:38.598,1.30257,1.30266,1.72,1.00
2015.07.31 14:25:39.107,1.30256,1.30266,1.72,1.37
2015.07.31 14:25:40.647,1.30256,1.30265,1.12,1.00
2015.07.31 14:25:41.661,1.30256,1.30266,1.00,4.12
2015.07.31 14:25:42.168,1.30255,1.30266,1.00,4.87
2015.07.31 14:25:42.320,1.30255,1.30263,1.50,4.87
2015.07.31 14:25:42.948,1.30253,1.30263,1.47,1.37
2015.07.31 14:25:42.999,1.30253,1.30263,1.47,1.12
2015.07.31 14:25:43.354,1.30253,1.30262,1.47,1.37
2015.07.31 14:25:43.863,1.30253,1.30262,1.00,1.95
2015.07.31 14:25:44.538,1.30253,1.30262,1.00,1.47
2015.07.31 14:25:44.943,1.30253,1.30265,1.87,6.00
2015.07.31 14:25:44.994,1.30255,1.30265,1.00,4.50
2015.07.31 14:25:46.005,1.30256,1.30266,1.37,4.72
2015.07.31 14:25:46.158,1.30255,1.30265,1.50,1.37
2015.07.31 14:25:47.271,1.30255,1.30265,1.12,2.25
2015.07.31 14:25:47.627,1.30257,1.30266,1.00,1.85
2015.07.31 14:25:47.678,1.30257,1.30266,1.00,1.47
2015.07.31 14:25:47.881,1.30257,1.30266,1.50,1.12
2015.07.31 14:25:48.751,1.30257,1.30268,3.22,1.87
2015.07.31 14:25:49.313,1.30257,1.30268,2.62,2.25
2015.07.31 14:25:49.365,1.30257,1.30268,2.62,2.25
2015.07.31 14:25:49.468,1.30257,1.30268,2.70,1.57
2015.07.31 14:25:49.570,1.30257,1.30268,2.70,4.87
2015.07.31 14:25:50.042,1.30253,1.30264,2.17,1.87
2015.07.31 14:25:50.558,1.30252,1.30263,1.50,1.37
2015.07.31 14:25:53.067,1.30254,1.30264,1.00,1.37
2015.07.31 14:25:53.118,1.30254,1.30265,2.25,2.25
2015.07.31 14:25:53.321,1.30254,1.30261,1.00,3.00
2015.07.31 14:25:53.890,1.30251,1.30262,1.87,6.07
2015.07.31 14:25:54.299,1.3025,1.30254,2.32,1.00
2015.07.31 14:25:54.451,1.30246,1.3025,1.00,1.30
2015.07.31 14:25:54.502,1.30243,1.30248,1.10,1.00
2015.07.31 14:25:54.553,1.30238,1.30246,1.37,2.10
2015.07.31 14:25:54.756,1.30236,1.30244,1.00,1.00
2015.07.31 14:25:55.627,1.30235,1.30244,1.50,1.50
2015.07.31 14:25:57.543,1.30235,1.30244,2.25,1.37
2015.07.31 14:25:57.645,1.30235,1.30244,1.87,1.37
2015.07.31 14:25:58.634,1.30235,1.30245,1.87,4.12
2015.07.31 14:25:59.469,1.30236,1.30244,1.00,1.37
2015.07.31 14:26:01.341,1.30236,1.30242,1.00,1.00
2015.07.31 14:26:01.443,1.30234,1.30242,1.00,1.37
2015.07.31 14:26:02.229,1.30234,1.30242,1.00,1.00
2015.07.31 14:26:02.743,1.30235,1.30243,1.00,1.12
2015.07.31 14:26:03.652,1.30233,1.3024,1.20,1.87
2015.07.31 14:26:03.754,1.30229,1.3024,3.37,2.62
2015.07.31 14:26:03.856,1.30228,1.30234,4.50,1.87
2015.07.31 14:26:03.907,1.30227,1.30234,1.53,2.62
2015.07.31 14:26:03.958,1.30226,1.30234,1.90,3.00
2015.07.31 14:26:04.009,1.30223,1.30234,1.00,2.25
2015.07.31 14:26:04.112,1.30221,1.30231,2.62,1.37
2015.07.31 14:26:04.659,1.30218,1.30229,2.06,1.00
2015.07.31 14:26:04.710,1.30219,1.30226,1.00,1.00
2015.07.31 14:26:05.219,1.30218,1.30227,2.62,1.00
2015.07.31 14:26:06.214,1.30219,1.30227,1.37,1.37
2015.07.31 14:26:06.369,1.3022,1.30229,1.00,1.12
2015.07.31 14:26:07.376,1.30222,1.30229,1.00,1.12
2015.07.31 14:26:07.680,1.30229,1.30237,1.37,1.00
2015.07.31 14:26:07.986,1.30223,1.30227,1.00,1.35
2015.07.31 14:26:08.037,1.3022,1.30227,1.00,1.00
2015.07.31 14:26:08.495,1.30218,1.30227,1.87,1.10
2015.07.31 14:26:08.648,1.30221,1.30227,1.00,1.10
2015.07.31 14:26:08.699,1.30219,1.30227,1.00,1.10
2015.07.31 14:26:08.902,1.30221,1.30227,1.00,1.10
2015.07.31 14:26:09.574,1.3022,1.30227,1.00,1.47
2015.07.31 14:26:10.082,1.30219,1.30227,1.50,1.47
2015.07.31 14:26:10.386,1.30221,1.30227,1.50,1.20
2015.07.31 14:26:10.488,1.30221,1.3023,1.50,1.12
2015.07.31 14:26:10.965,1.30227,1.30235,1.12,1.00
2015.07.31 14:26:11.270,1.30231,1.30241,1.50,1.37
2015.07.31 14:26:11.827,1.30229,1.3024,2.25,1.37
2015.07.31 14:26:12.476,1.30231,1.3024,1.00,1.37
2015.07.31 14:26:12.528,1.30229,1.3024,2.25,1.37
2015.07.31 14:26:13.084,1.3023,1.30239,1.00,1.12
2015.07.31 14:26:13.655,1.3023,1.30241,1.37,1.72
2015.07.31 14:26:13.960,1.30229,1.30235,1.00,2.62
2015.07.31 14:26:14.316,1.30227,1.30234,1.00,1.00
2015.07.31 14:26:14.368,1.30228,1.30232,1.00,1.00
2015.07.31 14:26:14.914,1.30223,1.30234,1.37,1.00
2015.07.31 14:26:16.592,1.30225,1.30234,1.00,1.00
2015.07.31 14:26:16.695,1.30225,1.30234,1.00,1.37
2015.07.31 14:26:17.206,1.30223,1.30234,1.37,1.37
2015.07.31 14:26:18.565,1.30223,1.30234,2.47,1.50
2015.07.31 14:26:18.972,1.30225,1.30234,1.00,1.37
2015.07.31 14:26:19.477,1.30224,1.30234,1.57,1.37
2015.07.31 14:26:19.984,1.30225,1.30236,1.50,1.87
2015.07.31 14:26:21.227,1.30225,1.30234,1.00,1.37
2015.07.31 14:26:21.676,1.3022,1.30231,1.57,1.87
2015.07.31 14:26:21.829,1.3022,1.30231,2.32,1.12
2015.07.31 14:26:22.405,1.30222,1.30234,2.10,1.37
2015.07.31 14:26:23.863,1.30225,1.30234,1.00,1.37
2015.07.31 14:26:24.369,1.30222,1.30233,4.72,1.12
2015.07.31 14:26:27.504,1.30225,1.30234,1.00,1.87
2015.07.31 14:26:28.035,1.30223,1.30235,1.45,1.50
2015.07.31 14:26:29.077,1.30225,1.30235,1.00,1.50
2015.07.31 14:26:29.594,1.30225,1.30235,1.12,1.37
2015.07.31 14:26:30.221,1.30224,1.30235,1.20,1.87
2015.07.31 14:26:30.728,1.30224,1.30234,1.57,1.37
2015.07.31 14:26:31.424,1.30226,1.30234,1.00,1.37
2015.07.31 14:26:32.159,1.30223,1.30233,2.17,1.37
2015.07.31 14:26:33.140,1.30224,1.30234,1.20,1.87
2015.07.31 14:26:34.006,1.30224,1.30234,1.20,1.37
2015.07.31 14:26:34.614,1.30224,1.30233,1.20,1.37
2015.07.31 14:26:36.040,1.30222,1.30233,1.87,1.37
2015.07.31 14:26:36.243,1.30222,1.30232,1.87,1.37
2015.07.31 14:26:37.324,1.30223,1.30232,1.00,1.37
2015.07.31 14:26:39.137,1.30223,1.30232,1.00,1.12
2015.07.31 14:26:40.846,1.30222,1.30232,1.00,1.37
2015.07.31 14:26:41.151,1.30222,1.30228,1.12,1.00
2015.07.31 14:26:41.457,1.30208,1.30216,1.37,1.50
2015.07.31 14:26:41.508,1.30205,1.30212,1.12,1.00
2015.07.31 14:26:41.934,1.30201,1.30212,1.47,1.50
2015.07.31 14:26:42.242,1.30202,1.30212,2.47,1.00
2015.07.31 14:26:42.750,1.30204,1.30215,1.72,2.62
2015.07.31 14:26:43.373,1.30204,1.30215,1.12,2.62
2015.07.31 14:26:43.770,1.30204,1.30215,1.37,1.87
2015.07.31 14:26:44.554,1.30204,1.30215,1.50,1.37
2015.07.31 14:26:45.182,1.30204,1.30215,1.85,1.37
2015.07.31 14:26:45.829,1.30205,1.30217,2.25,1.37
2015.07.31 14:26:46.339,1.30205,1.30217,2.25,1.37
2015.07.31 14:26:46.888,1.30205,1.30217,2.25,1.37
2015.07.31 14:26:47.375,1.30207,1.30218,2.25,1.37
2015.07.31 14:26:47.528,1.30212,1.30219,1.35,1.37
2015.07.31 14:26:47.629,1.30211,1.30221,1.60,1.87
2015.07.31 14:26:47.731,1.30214,1.30224,1.00,2.25
2015.07.31 14:26:48.136,1.30213,1.30223,1.00,1.87
2015.07.31 14:26:49.360,1.30209,1.30221,1.87,1.37
2015.07.31 14:26:50.294,1.30209,1.30222,1.37,2.25
2015.07.31 14:26:51.272,1.3021,1.30221,1.87,1.37
2015.07.31 14:26:52.338,1.30211,1.30221,1.37,1.37
2015.07.31 14:26:52.865,1.30211,1.30222,1.37,1.37
2015.07.31 14:26:52.917,1.30214,1.30224,1.00,1.87
2015.07.31 14:26:53.071,1.30214,1.30224,1.37,1.12
2015.07.31 14:26:53.377,1.30213,1.3022,1.57,1.50
2015.07.31 14:26:53.769,1.30212,1.3022,1.35,1.37
2015.07.31 14:26:53.825,1.30214,1.30222,1.00,1.12
2015.07.31 14:26:53.877,1.30214,1.30226,1.72,1.50
2015.07.31 14:26:54.457,1.30215,1.30225,1.37,1.50
2015.07.31 14:26:54.560,1.30214,1.30224,1.00,2.10
2015.07.31 14:26:54.712,1.30212,1.30224,1.12,2.47
2015.07.31 14:26:55.730,1.30213,1.30221,1.00,1.00
2015.07.31 14:26:55.832,1.30215,1.30223,1.00,1.00
2015.07.31 14:26:56.136,1.30217,1.30227,1.12,1.80
2015.07.31 14:26:56.440,1.30214,1.30225,1.87,2.47
2015.07.31 14:26:56.892,1.30217,1.30228,1.00,5.10
2015.07.31 14:26:57.347,1.30217,1.30228,1.50,1.80
2015.07.31 14:26:57.631,1.30217,1.30227,1.00,2.07
2015.07.31 14:26:58.585,1.30214,1.30225,1.95,1.37
2015.07.31 14:26:59.877,1.30216,1.30224,1.00,1.12
2015.07.31 14:27:00.185,1.30216,1.30227,1.50,4.05
2015.07.31 14:27:00.388,1.30216,1.30227,2.25,1.20
2015.07.31 14:27:01.056,1.30218,1.30228,1.12,2.17
2015.07.31 14:27:01.868,1.30218,1.30229,1.87,1.97
2015.07.31 14:27:02.419,1.30225,1.3023,1.50,1.10
2015.07.31 14:27:02.573,1.30223,1.30233,2.10,1.50
2015.07.31 14:27:02.624,1.3023,1.30234,1.00,1.00
2015.07.31 14:27:02.726,1.30231,1.30237,1.00,1.50
2015.07.31 14:27:02.777,1.3023,1.30234,3.00,1.00
2015.07.31 14:27:02.829,1.30231,1.3024,1.00,1.00
2015.07.31 14:27:02.981,1.3023,1.30238,1.00,1.00
2015.07.31 14:27:03.465,1.30233,1.30238,1.00,1.00
2015.07.31 14:27:03.518,1.30233,1.30243,1.80,2.62
2015.07.31 14:27:03.976,1.30231,1.30241,1.12,1.00
2015.07.31 14:27:04.782,1.30231,1.30239,1.00,1.00
2015.07.31 14:27:05.289,1.3023,1.3024,1.00,1.87
2015.07.31 14:27:05.593,1.30228,1.3024,1.12,1.37
2015.07.31 14:27:05.897,1.30228,1.30235,1.00,1.00
2015.07.31 14:27:06.373,1.3023,1.30238,1.00,1.12
2015.07.31 14:27:07.593,1.30229,1.30241,1.00,1.37
2015.07.31 14:27:07.898,1.3023,1.30241,1.50,1.12
2015.07.31 14:27:07.999,1.30229,1.30238,1.87,1.50
2015.07.31 14:27:08.304,1.30231,1.30242,1.00,1.37
2015.07.31 14:27:08.812,1.30232,1.30242,1.00,1.37
2015.07.31 14:27:09.268,1.30233,1.30243,1.05,1.37
2015.07.31 14:27:09.572,1.30235,1.30246,1.00,1.37
2015.07.31 14:27:09.674,1.30235,1.30248,1.50,2.25
2015.07.31 14:27:10.488,1.30235,1.30248,1.87,1.37
2015.07.31 14:27:11.027,1.30237,1.3025,1.12,1.87
2015.07.31 14:27:11.688,1.30239,1.3025,1.00,1.50
2015.07.31 14:27:12.195,1.3024,1.30251,1.00,1.50
2015.07.31 14:27:12.503,1.30245,1.30251,1.00,2.25
2015.07.31 14:27:12.909,1.30245,1.3025,1.12,1.12
2015.07.31 14:27:12.961,1.30244,1.3025,1.00,1.12
2015.07.31 14:27:13.012,1.3024,1.3025,2.25,1.00
2015.07.31 14:27:13.064,1.3024,1.3025,1.12,1.50
2015.07.31 14:27:13.218,1.30241,1.30252,1.00,1.00
2015.07.31 14:27:13.472,1.3024,1.3025,1.00,1.00
2015.07.31 14:27:14.085,1.30238,1.30249,1.00,1.75
2015.07.31 14:27:14.394,1.3024,1.30252,1.00,4.12
2015.07.31 14:27:14.903,1.30241,1.30252,1.12,2.62
2015.07.31 14:27:15.465,1.30241,1.30253,1.12,2.62
2015.07.31 14:27:15.697,1.3024,1.30252,1.87,1.37
2015.07.31 14:27:15.953,1.30239,1.30247,1.00,1.00
2015.07.31 14:27:16.359,1.30236,1.30243,1.37,1.00
2015.07.31 14:27:16.461,1.30234,1.30243,1.10,1.00
2015.07.31 14:27:16.858,1.30229,1.30238,1.50,1.00
2015.07.31 14:27:16.909,1.30228,1.30238,1.45,1.00
2015.07.31 14:27:17.061,1.30227,1.30235,1.50,1.00
2015.07.31 14:27:17.163,1.30224,1.30233,1.57,1.87
2015.07.31 14:27:17.214,1.30224,1.30231,1.10,1.00
2015.07.31 14:27:17.317,1.30223,1.30233,1.57,1.12
2015.07.31 14:27:17.570,1.30222,1.30231,1.27,1.00
2015.07.31 14:27:18.154,1.30221,1.30231,1.70,1.50
2015.07.31 14:27:18.665,1.30221,1.30231,2.17,1.00
2015.07.31 14:27:18.716,1.30221,1.30231,2.17,1.00
2015.07.31 14:27:18.818,1.30221,1.3023,1.70,1.00
2015.07.31 14:27:19.531,1.30221,1.30232,1.80,1.50
2015.07.31 14:27:19.785,1.30224,1.30234,1.00,1.87
2015.07.31 14:27:20.191,1.30225,1.30235,1.50,1.12
2015.07.31 14:27:21.101,1.30225,1.30234,1.00,1.00
2015.07.31 14:27:21.152,1.30222,1.30234,3.07,1.37
2015.07.31 14:27:21.659,1.30224,1.30234,1.50,1.37
2015.07.31 14:27:22.339,1.30224,1.30236,1.50,4.50
2015.07.31 14:27:23.169,1.30224,1.30234,1.50,1.37
2015.07.31 14:27:25.141,1.30224,1.30235,1.50,2.25
2015.07.31 14:27:25.583,1.30225,1.30232,1.00,1.00
2015.07.31 14:27:26.129,1.30224,1.30232,1.00,1.00
2015.07.31 14:27:26.180,1.30222,1.30234,1.87,1.37
2015.07.31 14:27:26.636,1.30222,1.3023,1.12,1.00
2015.07.31 14:27:27.161,1.3022,1.30231,1.57,1.00
2015.07.31 14:27:27.701,1.3022,1.30231,1.95,1.00
2015.07.31 14:27:28.531,1.3022,1.3023,2.70,1.00
2015.07.31 14:27:29.038,1.3022,1.30231,2.70,1.00
2015.07.31 14:27:29.695,1.30222,1.30231,1.00,1.00
2015.07.31 14:27:30.217,1.30222,1.30232,1.00,2.25
2015.07.31 14:27:31.029,1.30223,1.30234,1.00,2.25
2015.07.31 14:27:31.925,1.30224,1.30234,1.00,1.12
2015.07.31 14:27:32.484,1.30224,1.30235,1.00,1.50
2015.07.31 14:27:33.038,1.30225,1.30235,1.00,1.72
2015.07.31 14:27:33.089,1.30225,1.30233,1.00,1.00
2015.07.31 14:27:33.395,1.30222,1.30234,2.70,1.72
2015.07.31 14:27:33.548,1.30222,1.30233,2.62,2.10
2015.07.31 14:27:33.701,1.30222,1.30235,1.12,4.35
2015.07.31 14:27:34.249,1.30223,1.30234,1.00,1.72
2015.07.31 14:27:34.706,1.30223,1.30233,1.00,2.10
2015.07.31 14:27:34.807,1.30223,1.30234,1.00,2.47
2015.07.31 14:27:35.510,1.30223,1.30234,1.12,2.47
2015.07.31 14:27:35.563,1.30223,1.30235,1.12,2.25
2015.07.31 14:27:35.614,1.30225,1.30235,1.00,2.85
2015.07.31 14:27:35.665,1.30223,1.30234,1.57,1.30
2015.07.31 14:27:35.869,1.30223,1.30232,1.10,1.00
2015.07.31 14:27:36.278,1.30221,1.30231,1.57,2.85
2015.07.31 14:27:36.779,1.30219,1.30228,2.25,1.00
2015.07.31 14:27:37.444,1.30219,1.30228,1.00,1.00
2015.07.31 14:27:38.243,1.30219,1.30228,1.37,1.00
2015.07.31 14:27:38.301,1.30217,1.30228,2.25,1.00
2015.07.31 14:27:38.403,1.30218,1.30226,1.00,1.00
2015.07.31 14:27:38.708,1.30224,1.30233,2.10,1.00
2015.07.31 14:27:38.862,1.30223,1.30233,1.12,1.30
2015.07.31 14:27:38.913,1.30223,1.3023,1.12,1.00
2015.07.31 14:27:39.417,1.30218,1.30228,3.00,1.00
2015.07.31 14:27:39.925,1.30218,1.30228,3.00,1.00
2015.07.31 14:27:40.727,1.30219,1.30226,1.37,1.00
2015.07.31 14:27:40.930,1.30219,1.30228,1.37,1.00
2015.07.31 14:27:41.588,1.30219,1.30226,1.87,1.00
2015.07.31 14:27:42.577,1.30209,1.30213,8.25,1.00
2015.07.31 14:27:42.630,1.30204,1.30213,1.50,1.00
2015.07.31 14:27:43.139,1.30205,1.30212,1.35,1.00
2015.07.31 14:27:43.342,1.30204,1.30214,1.60,1.12
2015.07.31 14:27:43.805,1.30206,1.30216,1.50,1.00
2015.07.31 14:27:43.907,1.30206,1.30218,1.50,1.00
2015.07.31 14:27:44.211,1.30206,1.30216,1.50,1.00
2015.07.31 14:27:44.519,1.30205,1.30214,2.85,1.00
2015.07.31 14:27:44.966,1.30206,1.30216,1.87,1.00
2015.07.31 14:27:46.294,1.30208,1.30216,1.00,1.00
2015.07.31 14:27:46.802,1.30207,1.30217,1.00,1.00
2015.07.31 14:27:47.309,1.30207,1.30216,1.50,1.00
2015.07.31 14:27:48.021,1.30211,1.30218,1.72,1.00
2015.07.31 14:27:48.174,1.30212,1.30221,1.00,1.00
2015.07.31 14:27:48.581,1.30211,1.30219,2.25,1.00
2015.07.31 14:27:48.937,1.3021,1.30217,1.00,1.00
2015.07.31 14:27:49.419,1.30208,1.30218,1.12,1.00
2015.07.31 14:27:49.470,1.30206,1.30216,3.00,1.00
2015.07.31 14:27:49.774,1.30207,1.30214,1.37,1.00
2015.07.31 14:27:49.926,1.30207,1.30217,1.37,1.00
2015.07.31 14:27:50.130,1.30206,1.30214,1.72,1.00
2015.07.31 14:27:50.751,1.30206,1.30215,1.00,1.00
2015.07.31 14:27:51.054,1.30207,1.30215,2.85,1.00
2015.07.31 14:27:51.207,1.30212,1.3022,2.47,1.00
2015.07.31 14:27:51.259,1.30214,1.30222,2.10,1.00
2015.07.31 14:27:51.464,1.30216,1.30222,1.00,1.00
2015.07.31 14:27:51.618,1.30217,1.30225,1.00,1.00
2015.07.31 14:27:52.407,1.30218,1.30225,1.00,1.00
2015.07.31 14:27:52.672,1.30218,1.30227,1.00,1.00
2015.07.31 14:27:53.087,1.30218,1.30224,1.00,2.10
2015.07.31 14:27:53.189,1.30216,1.30223,1.00,1.00
2015.07.31 14:27:53.240,1.30215,1.3022,1.00,1.00
2015.07.31 14:27:53.741,1.30215,1.30221,1.00,1.50
2015.07.31 14:27:53.893,1.30212,1.3022,1.45,1.00
2015.07.31 14:27:55.103,1.30212,1.30221,2.55,1.00
2015.07.31 14:27:55.205,1.30212,1.30218,1.20,1.00
2015.07.31 14:27:55.357,1.30213,1.3022,2.17,1.00
2015.07.31 14:27:55.561,1.30214,1.30223,1.00,1.00
2015.07.31 14:27:56.105,1.30212,1.30221,1.50,1.00
2015.07.31 14:27:56.411,1.3021,1.30217,1.87,1.00
2015.07.31 14:27:56.513,1.3021,1.3022,1.87,1.00
2015.07.31 14:27:57.327,1.3021,1.30219,1.50,1.00
2015.07.31 14:27:57.531,1.30211,1.30221,1.35,1.00
2015.07.31 14:27:57.582,1.30212,1.30221,1.60,1.00
2015.07.31 14:27:58.089,1.30214,1.30219,1.00,1.00
2015.07.31 14:27:58.648,1.30214,1.30223,1.00,1.37
2015.07.31 14:27:59.175,1.30214,1.30223,1.00,1.00
2015.07.31 14:28:00.059,1.30214,1.30221,1.12,1.00
2015.07.31 14:28:00.735,1.30213,1.30223,1.10,1.50
2015.07.31 14:28:01.339,1.30212,1.30222,2.70,1.00
2015.07.31 14:28:01.593,1.30213,1.30224,1.10,1.12
2015.07.31 14:28:01.694,1.30213,1.30222,1.10,1.00
2015.07.31 14:28:02.200,1.30213,1.30223,1.57,1.00
2015.07.31 14:28:03.164,1.30213,1.30218,1.95,1.00
2015.07.31 14:28:03.321,1.30211,1.30221,1.50,1.50
2015.07.31 14:28:03.372,1.30211,1.30217,1.00,1.00
2015.07.31 14:28:03.575,1.30209,1.30217,2.32,1.00
2015.07.31 14:28:03.880,1.30209,1.30219,2.62,1.00
2015.07.31 14:28:04.235,1.3021,1.3022,2.10,1.12
2015.07.31 14:28:04.750,1.30212,1.30221,1.10,1.00
2015.07.31 14:28:05.056,1.30212,1.3022,1.72,1.00
2015.07.31 14:28:05.107,1.30211,1.30223,2.47,1.12
2015.07.31 14:28:05.209,1.30213,1.3022,1.07,1.00
2015.07.31 14:28:05.311,1.30211,1.30223,2.85,1.00
2015.07.31 14:28:06.020,1.30211,1.30219,3.22,1.00
2015.07.31 14:28:06.325,1.30212,1.30219,1.00,1.00
2015.07.31 14:28:06.832,1.30209,1.3022,2.25,1.00
2015.07.31 14:28:07.508,1.30209,1.3022,2.25,1.00
2015.07.31 14:28:08.182,1.30209,1.3022,2.25,1.00
2015.07.31 14:28:09.301,1.30209,1.30217,1.00,1.00
2015.07.31 14:28:09.604,1.30209,1.30219,1.00,1.00
2015.07.31 14:28:09.959,1.3021,1.3022,1.80,1.12
2015.07.31 14:28:10.336,1.3021,1.30217,2.47,1.00
2015.07.31 14:28:10.387,1.3021,1.30217,1.12,1.00
2015.07.31 14:28:10.894,1.30209,1.30218,2.10,1.00
2015.07.31 14:28:11.704,1.30209,1.30219,1.35,1.00
2015.07.31 14:28:11.759,1.30209,1.30217,1.60,1.00
2015.07.31 14:28:13.559,1.30208,1.30217,2.32,1.00
2015.07.31 14:28:13.610,1.30208,1.30215,1.95,1.00
2015.07.31 14:28:13.915,1.30199,1.30203,1.00,1.00
2015.07.31 14:28:13.967,1.30197,1.30203,1.00,1.00
2015.07.31 14:28:14.018,1.30195,1.30199,1.00,1.00
2015.07.31 14:28:14.069,1.30193,1.30199,1.10,1.00
2015.07.31 14:28:14.222,1.30192,1.30197,1.00,1.00
2015.07.31 14:28:14.644,1.30189,1.30197,2.25,1.00
2015.07.31 14:28:14.695,1.30189,1.30199,1.50,1.12
2015.07.31 14:28:15.255,1.3019,1.30199,1.00,1.12
2015.07.31 14:28:15.963,1.3019,1.30199,1.87,1.00
2015.07.31 14:28:16.017,1.30191,1.30201,1.12,1.00
2015.07.31 14:28:17.718,1.302,1.30206,1.00,1.00
2015.07.31 14:28:17.769,1.30201,1.3021,1.00,2.62
2015.07.31 14:28:17.973,1.302,1.30211,2.25,1.00
2015.07.31 14:28:18.227,1.302,1.30209,1.50,1.00
2015.07.31 14:28:18.611,1.30199,1.30206,1.37,1.00
2015.07.31 14:28:18.662,1.30195,1.30204,1.37,1.00
2015.07.31 14:28:18.713,1.30195,1.30204,1.00,1.00
2015.07.31 14:28:19.103,1.30192,1.302,1.45,1.00
2015.07.31 14:28:19.205,1.30189,1.30199,1.87,1.00
2015.07.31 14:28:19.408,1.30189,1.30201,1.87,1.50
2015.07.31 14:28:20.167,1.30189,1.302,1.50,1.00
2015.07.31 14:28:20.782,1.30191,1.30202,1.00,1.50
2015.07.31 14:28:21.036,1.30189,1.30202,2.25,1.50
2015.07.31 14:28:21.289,1.30189,1.30199,1.12,1.00
2015.07.31 14:28:22.023,1.30188,1.30199,1.50,1.00
2015.07.31 14:28:22.533,1.30186,1.30198,3.00,1.00
2015.07.31 14:28:25.190,1.30188,1.30199,1.00,1.12
2015.07.31 14:28:25.495,1.30188,1.30195,1.00,1.00
2015.07.31 14:28:25.901,1.30188,1.30199,1.12,1.50
2015.07.31 14:28:26.859,1.30189,1.30201,1.00,1.87
2015.07.31 14:28:27.114,1.3019,1.30202,1.00,3.60
2015.07.31 14:28:27.216,1.30189,1.302,1.50,1.00
2015.07.31 14:28:27.368,1.30191,1.30202,1.00,1.30
2015.07.31 14:28:28.118,1.30191,1.30203,1.12,1.30
2015.07.31 14:28:29.336,1.30191,1.30204,1.50,3.60
2015.07.31 14:28:32.729,1.30192,1.30203,1.12,1.72
2015.07.31 14:28:34.280,1.30192,1.30204,1.87,2.85
2015.07.31 14:28:35.274,1.30196,1.30203,1.00,2.10
2015.07.31 14:28:35.325,1.30196,1.30206,1.12,1.50
2015.07.31 14:28:37.014,1.30195,1.30205,1.50,1.00
2015.07.31 14:28:37.217,1.30192,1.30203,1.82,1.12
2015.07.31 14:28:37.572,1.30191,1.30203,3.37,1.72
2015.07.31 14:28:38.001,1.30191,1.30202,2.25,1.50
2015.07.31 14:28:38.508,1.30191,1.30203,3.00,1.67
2015.07.31 14:28:39.231,1.30191,1.30203,2.25,1.35
2015.07.31 14:28:39.538,1.3019,1.30202,1.00,1.12
2015.07.31 14:28:39.590,1.30189,1.30202,1.12,3.22
2015.07.31 14:28:40.068,1.30187,1.30199,1.50,1.87
2015.07.31 14:28:40.434,1.30187,1.30197,1.50,1.12
2015.07.31 14:28:42.298,1.30187,1.30196,1.00,1.00
2015.07.31 14:28:42.855,1.30187,1.30198,1.87,1.12
2015.07.31 14:28:43.320,1.30189,1.30202,2.25,2.85
2015.07.31 14:28:43.371,1.3019,1.30202,1.00,1.35
2015.07.31 14:28:43.878,1.30191,1.30203,1.00,1.67
2015.07.31 14:28:44.421,1.30192,1.30204,1.50,1.87
2015.07.31 14:28:44.990,1.30192,1.30204,1.87,1.50
2015.07.31 14:28:45.496,1.30193,1.30204,1.00,1.12
2015.07.31 14:28:46.271,1.30195,1.30205,1.00,1.37
2015.07.31 14:28:46.326,1.30196,1.30206,1.00,1.95
2015.07.31 14:28:47.057,1.30196,1.30207,1.00,5.17
2015.07.31 14:28:47.260,1.30193,1.30203,1.12,1.00
2015.07.31 14:28:47.615,1.30191,1.30204,1.50,2.25
2015.07.31 14:28:47.978,1.30193,1.30205,1.00,2.10
2015.07.31 14:28:48.286,1.30194,1.30206,1.00,1.72
2015.07.31 14:28:48.438,1.30193,1.30206,2.25,3.22
2015.07.31 14:28:48.642,1.30193,1.30206,2.25,2.62
2015.07.31 14:28:48.845,1.30196,1.30206,1.00,2.25
2015.07.31 14:28:49.425,1.302,1.30207,2.25,1.00
2015.07.31 14:28:49.477,1.30201,1.30209,1.50,1.00
2015.07.31 14:28:50.086,1.30203,1.30209,1.00,1.00
2015.07.31 14:28:50.585,1.30204,1.30214,1.00,1.00
2015.07.31 14:28:51.097,1.30206,1.30214,1.00,1.00
2015.07.31 14:28:54.446,1.30207,1.30214,1.00,1.00
2015.07.31 14:28:59.163,1.30207,1.30216,1.12,1.00
2015.07.31 14:28:59.740,1.30209,1.30216,1.50,1.00
2015.07.31 14:28:59.791,1.30209,1.3022,2.62,1.00
2015.07.31 14:28:59.893,1.30211,1.3022,1.00,1.00
2015.07.31 14:29:03.279,1.30211,1.30221,1.00,1.87
2015.07.31 14:29:05.503,1.30212,1.30222,3.00,1.87
2015.07.31 14:29:05.565,1.30213,1.30224,1.12,3.00
2015.07.31 14:29:06.377,1.30215,1.30224,1.50,3.00
2015.07.31 14:29:06.428,1.30215,1.30224,1.50,1.00
2015.07.31 14:29:07.243,1.30219,1.30225,1.00,3.00
2015.07.31 14:29:07.294,1.30219,1.3023,1.00,3.00
2015.07.31 14:29:11.445,1.30219,1.3023,1.00,1.50
2015.07.31 14:29:11.648,1.30221,1.3023,1.00,1.00
2015.07.31 14:29:12.347,1.30221,1.30231,1.00,3.97
2015.07.31 14:29:13.023,1.30221,1.3023,1.50,1.00
2015.07.31 14:29:14.659,1.30221,1.30231,2.25,2.47
2015.07.31 14:29:15.167,1.30221,1.30231,1.50,2.47
2015.07.31 14:29:16.973,1.3022,1.30231,2.25,1.12
2015.07.31 14:29:19.867,1.3022,1.30231,1.12,3.22
2015.07.31 14:29:20.577,1.3022,1.3023,1.00,1.60
2015.07.31 14:29:21.099,1.3022,1.3023,1.00,1.00
2015.07.31 14:29:21.669,1.30221,1.30231,1.00,1.72
2015.07.31 14:29:22.125,1.30219,1.30231,3.00,1.72
2015.07.31 14:29:22.526,1.30219,1.3023,2.25,1.35
2015.07.31 14:29:22.881,1.30221,1.30232,1.00,4.35
2015.07.31 14:29:23.260,1.30221,1.30232,1.00,4.72
2015.07.31 14:29:23.795,1.30221,1.30232,1.00,3.22
2015.07.31 14:29:24.311,1.3022,1.30232,3.00,5.10
2015.07.31 14:29:24.817,1.3022,1.30231,3.00,1.30
2015.07.31 14:29:25.121,1.3022,1.30225,1.00,1.72
2015.07.31 14:29:25.172,1.30216,1.30224,1.00,1.00
2015.07.31 14:29:25.528,1.30213,1.30223,1.12,1.75
2015.07.31 14:29:26.050,1.3021,1.30221,2.25,2.62
2015.07.31 14:29:26.651,1.3021,1.30221,1.87,3.07
2015.07.31 14:29:27.157,1.30211,1.30221,1.00,2.32
2015.07.31 14:29:28.426,1.30214,1.30225,1.10,1.87
2015.07.31 14:29:28.480,1.30216,1.30227,1.00,2.62
2015.07.31 14:29:28.531,1.30216,1.30224,1.00,1.00
2015.07.31 14:29:28.582,1.30216,1.30226,1.00,1.20
2015.07.31 14:29:28.633,1.30216,1.30226,1.00,2.17
2015.07.31 14:29:28.735,1.30214,1.30224,1.00,2.47
2015.07.31 14:29:28.837,1.30213,1.30222,1.10,1.12
2015.07.31 14:29:29.399,1.30213,1.30223,1.00,2.85
2015.07.31 14:29:29.903,1.30209,1.30219,1.00,1.30
2015.07.31 14:29:30.004,1.30207,1.3022,1.87,4.80
2015.07.31 14:29:30.258,1.30206,1.30217,1.00,1.20
2015.07.31 14:29:30.463,1.30207,1.30218,2.70,1.12
2015.07.31 14:29:30.977,1.30207,1.30219,3.00,1.50
2015.07.31 14:29:32.436,1.3021,1.3022,1.00,1.57
2015.07.31 14:29:32.896,1.30215,1.30223,1.00,1.12
2015.07.31 14:29:33.101,1.30218,1.30227,1.50,1.10
2015.07.31 14:29:33.153,1.30218,1.30222,1.50,1.00
2015.07.31 14:29:33.204,1.30216,1.30222,1.50,1.00
2015.07.31 14:29:33.306,1.30213,1.30222,1.87,1.00
2015.07.31 14:29:33.768,1.30211,1.30222,1.12,1.12
2015.07.31 14:29:34.413,1.30211,1.30222,3.00,1.50
2015.07.31 14:29:35.698,1.30211,1.30221,1.87,1.00
2015.07.31 14:29:35.749,1.30211,1.30219,1.37,1.00
2015.07.31 14:29:35.952,1.30209,1.30218,3.00,1.00
2015.07.31 14:29:37.664,1.3021,1.3022,2.25,1.00
2015.07.31 14:29:38.615,1.30211,1.30219,2.17,1.00
2015.07.31 14:29:38.667,1.30209,1.30219,2.25,1.00
2015.07.31 14:29:40.155,1.3021,1.30221,3.60,1.00
2015.07.31 14:29:40.718,1.3021,1.30222,3.00,1.50
2015.07.31 14:29:42.258,1.30211,1.30221,1.50,1.00
2015.07.31 14:29:42.921,1.30211,1.30222,1.87,1.87
2015.07.31 14:29:43.883,1.30211,1.30222,2.62,1.87
2015.07.31 14:29:45.721,1.30211,1.30222,1.95,5.17
2015.07.31 14:29:45.772,1.30211,1.30221,1.95,2.85
2015.07.31 14:29:45.975,1.30209,1.30218,1.00,1.00
2015.07.31 14:29:46.280,1.30207,1.30218,1.37,5.10
2015.07.31 14:29:46.331,1.30206,1.30217,1.12,1.72
2015.07.31 14:29:46.483,1.30204,1.30214,1.37,1.00
2015.07.31 14:29:47.121,1.30204,1.30212,1.00,1.12
2015.07.31 14:29:47.172,1.30202,1.30213,1.00,2.62
2015.07.31 14:29:47.476,1.30204,1.30213,1.50,1.37
2015.07.31 14:29:47.781,1.30208,1.30217,1.50,1.05
2015.07.31 14:29:49.033,1.30209,1.30213,1.00,1.12
2015.07.31 14:29:49.088,1.30202,1.3021,1.00,1.00
2015.07.31 14:29:49.495,1.30202,1.30208,1.00,1.00
2015.07.31 14:29:49.649,1.30197,1.30205,1.00,2.25
2015.07.31 14:29:49.700,1.30192,1.302,4.12,1.00
2015.07.31 14:29:49.751,1.30192,1.302,1.87,1.50
2015.07.31 14:29:50.230,1.30189,1.30199,2.25,1.50
2015.07.31 14:29:50.737,1.3019,1.302,1.00,1.50
2015.07.31 14:29:51.403,1.30191,1.302,1.12,1.00
2015.07.31 14:29:51.455,1.30191,1.30203,1.12,1.12
2015.07.31 14:29:51.659,1.30191,1.30203,3.00,1.00
2015.07.31 14:29:52.014,1.30199,1.30204,2.85,1.50
2015.07.31 14:29:52.269,1.30207,1.30217,1.00,1.80
2015.07.31 14:29:52.320,1.30208,1.30217,1.00,1.10
2015.07.31 14:29:52.724,1.302,1.30212,1.00,3.37
2015.07.31 14:29:53.029,1.30198,1.30209,1.37,1.00
2015.07.31 14:29:53.284,1.30192,1.30204,3.00,2.25
2015.07.31 14:29:53.335,1.30192,1.30202,1.12,1.12
2015.07.31 14:29:53.488,1.3019,1.30201,1.50,1.00
2015.07.31 14:29:54.041,1.30192,1.30202,1.00,1.12
2015.07.31 14:29:54.432,1.30191,1.30199,2.62,1.00
2015.07.31 14:29:54.482,1.30192,1.30203,1.00,1.37
2015.07.31 14:29:54.533,1.30192,1.30204,1.12,1.00
2015.07.31 14:29:54.787,1.30193,1.30206,1.00,3.37
2015.07.31 14:29:54.939,1.30193,1.30204,1.00,1.00
2015.07.31 14:29:55.406,1.30191,1.30202,1.50,1.37
2015.07.31 14:29:56.173,1.30189,1.30201,1.37,1.72
2015.07.31 14:29:56.275,1.30188,1.302,1.37,1.30
2015.07.31 14:29:57.997,1.30188,1.30199,2.25,1.00
2015.07.31 14:29:58.606,1.30189,1.302,1.00,2.62
2015.07.31 14:30:00.166,1.3019,1.302,1.00,1.87
2015.07.31 14:30:01.027,1.3019,1.30201,1.50,1.95
2015.07.31 14:30:01.543,1.3019,1.302,1.00,1.12
2015.07.31 14:30:02.217,1.30188,1.302,2.25,1.12
2015.07.31 14:30:02.725,1.30188,1.30201,3.00,1.37
2015.07.31 14:30:03.481,1.3019,1.30201,1.12,1.97
2015.07.31 14:30:04.009,1.3019,1.302,1.12,1.42
2015.07.31 14:30:04.263,1.30188,1.30197,1.50,1.00
2015.07.31 14:30:04.849,1.30188,1.30196,1.00,1.00
2015.07.31 14:30:05.453,1.30188,1.30195,1.00,1.00
2015.07.31 14:30:06.219,1.30188,1.30198,1.00,1.50
2015.07.31 14:30:06.979,1.30188,1.30198,1.00,1.12
2015.07.31 14:30:07.638,1.30188,1.30198,1.00,1.37
2015.07.31 14:30:09.339,1.30186,1.30196,1.50,1.00
2015.07.31 14:30:09.744,1.30188,1.30196,1.00,1.00
2015.07.31 14:30:09.997,1.30188,1.30198,1.00,1.50
2015.07.31 14:30:13.632,1.3019,1.302,1.00,2.25
2015.07.31 14:30:13.684,1.3019,1.302,1.12,1.50
2015.07.31 14:30:13.786,1.30192,1.302,1.00,1.00
2015.07.31 14:30:14.964,1.30192,1.302,1.00,1.60
2015.07.31 14:30:15.219,1.30192,1.30201,1.00,1.50
2015.07.31 14:30:15.950,1.30192,1.30201,1.00,3.97
2015.07.31 14:30:16.497,1.30192,1.30201,1.50,2.47
2015.07.31 14:30:16.599,1.30192,1.30201,1.50,3.97
2015.07.31 14:30:16.946,1.30192,1.30201,1.50,2.47
2015.07.31 14:30:17.809,1.30192,1.302,1.00,1.72
2015.07.31 14:30:18.316,1.30191,1.302,1.00,1.30
2015.07.31 14:30:18.822,1.30191,1.30201,1.00,1.72
2015.07.31 14:30:19.333,1.3019,1.30199,1.00,1.30
2015.07.31 14:30:20.044,1.3019,1.30198,1.00,1.00
2015.07.31 14:30:20.944,1.30189,1.30198,1.00,1.12
2015.07.31 14:30:21.485,1.30189,1.30199,1.00,2.25
2015.07.31 14:30:21.748,1.30189,1.30199,1.00,2.85
2015.07.31 14:30:23.054,1.30189,1.30199,1.00,1.12
2015.07.31 14:30:24.344,1.30189,1.30199,1.00,2.25
2015.07.31 14:30:25.113,1.3019,1.30199,1.00,2.85
2015.07.31 14:30:25.569,1.30188,1.30199,1.50,2.85
2015.07.31 14:30:25.772,1.30188,1.30197,1.00,3.00
2015.07.31 14:30:26.215,1.30188,1.30193,1.00,1.00
2015.07.31 14:30:26.482,1.30188,1.30195,1.00,1.00
2015.07.31 14:30:27.200,1.30186,1.30195,1.00,1.00
2015.07.31 14:30:28.158,1.30186,1.30193,1.50,1.00
2015.07.31 14:30:28.310,1.30184,1.30193,1.00,1.50
2015.07.31 14:30:28.361,1.30183,1.30187,1.57,1.00
2015.07.31 14:30:28.564,1.30181,1.30188,1.00,2.47
2015.07.31 14:30:28.666,1.30178,1.30187,1.12,1.00
2015.07.31 14:30:28.767,1.30178,1.30186,1.00,2.47
2015.07.31 14:30:29.129,1.30178,1.30182,1.00,1.00
2015.07.31 14:30:29.180,1.30172,1.30182,1.12,1.12
2015.07.31 14:30:29.701,1.30171,1.30183,1.87,1.50
2015.07.31 14:30:29.853,1.30173,1.30183,1.00,1.30
2015.07.31 14:30:30.391,1.30171,1.3018,1.00,1.00
2015.07.31 14:30:30.545,1.30171,1.30182,1.72,2.25
2015.07.31 14:30:30.596,1.30174,1.30182,1.00,2.25
2015.07.31 14:30:31.107,1.30175,1.30182,1.00,2.25
2015.07.31 14:30:32.140,1.30173,1.30184,1.10,3.00
2015.07.31 14:30:32.243,1.30173,1.30182,1.10,1.00
2015.07.31 14:30:32.754,1.30172,1.30183,1.50,1.87
2015.07.31 14:30:33.431,1.30173,1.30184,1.95,1.12
2015.07.31 14:30:33.738,1.30172,1.3018,1.12,7.50
2015.07.31 14:30:34.756,1.30171,1.30183,1.75,1.50
2015.07.31 14:30:35.264,1.30172,1.30182,1.87,1.00
2015.07.31 14:30:35.773,1.30172,1.30183,1.12,1.00
2015.07.31 14:30:36.230,1.30171,1.3018,2.62,7.50
2015.07.31 14:30:36.694,1.30169,1.3018,2.25,9.00
2015.07.31 14:30:37.498,1.30168,1.3018,2.25,8.62
2015.07.31 14:30:38.080,1.30168,1.30177,2.25,7.50
2015.07.31 14:30:38.586,1.30168,1.30177,2.25,7.50
2015.07.31 14:30:39.452,1.30168,1.30177,1.37,7.50
2015.07.31 14:30:44.365,1.30169,1.30178,1.87,1.10
2015.07.31 14:30:46.381,1.3017,1.30178,1.00,1.00
2015.07.31 14:30:46.966,1.3017,1.30179,1.50,1.10
2015.07.31 14:30:47.476,1.30171,1.30179,1.87,1.10
2015.07.31 14:30:48.136,1.30181,1.30185,1.00,2.62
2015.07.31 14:30:48.288,1.30183,1.30187,1.30,1.00
2015.07.31 14:30:48.339,1.30183,1.30191,1.30,1.50
2015.07.31 14:30:48.846,1.30182,1.30192,1.37,4.50
2015.07.31 14:30:49.448,1.30188,1.30194,1.12,1.00
2015.07.31 14:30:49.500,1.30189,1.30198,1.00,1.37
2015.07.31 14:30:49.602,1.30191,1.30199,1.00,1.50
2015.07.31 14:30:50.710,1.30191,1.302,1.12,1.72
2015.07.31 14:30:51.064,1.30193,1.30201,1.00,2.47
2015.07.31 14:30:51.217,1.30192,1.30201,1.00,3.22
2015.07.31 14:30:51.268,1.30192,1.30201,1.00,1.12
2015.07.31 14:30:52.025,1.30191,1.30201,1.50,1.37
2015.07.31 14:30:52.432,1.30192,1.30203,1.00,1.37
2015.07.31 14:30:52.635,1.30195,1.30202,1.00,1.12
2015.07.31 14:30:52.687,1.30193,1.30203,1.00,1.75
2015.07.31 14:30:53.678,1.30192,1.30203,1.12,1.37
2015.07.31 14:30:54.191,1.30192,1.30202,1.00,1.12
2015.07.31 14:30:56.598,1.30193,1.30202,1.00,1.12
2015.07.31 14:30:57.156,1.30193,1.30202,1.10,1.00
2015.07.31 14:30:57.308,1.30198,1.30204,2.10,1.57
2015.07.31 14:30:57.613,1.30201,1.30205,1.00,2.25
2015.07.31 14:30:57.971,1.30197,1.30201,1.00,1.00
2015.07.31 14:30:58.022,1.30193,1.30203,1.10,3.37
2015.07.31 14:30:58.076,1.30193,1.30203,1.10,1.12
2015.07.31 14:30:58.909,1.30192,1.30203,1.57,2.55
2015.07.31 14:30:59.429,1.30192,1.30203,1.10,4.42
2015.07.31 14:31:00.913,1.30193,1.30203,1.10,1.50
2015.07.31 14:31:01.419,1.30192,1.30202,1.57,1.00
2015.07.31 14:31:01.571,1.30192,1.30202,1.10,3.60
2015.07.31 14:31:01.673,1.3019,1.30199,1.00,1.00
2015.07.31 14:31:01.876,1.30188,1.30199,2.62,1.80
2015.07.31 14:31:02.379,1.30187,1.30198,3.37,2.17
2015.07.31 14:31:02.531,1.30187,1.30196,1.12,1.00
2015.07.31 14:31:02.735,1.30185,1.30196,3.00,1.12
2015.07.31 14:31:03.986,1.30187,1.30197,1.00,1.00
2015.07.31 14:31:04.396,1.30189,1.30197,1.00,1.12
2015.07.31 14:31:04.701,1.30191,1.302,1.00,1.50
2015.07.31 14:31:05.267,1.30194,1.30202,1.00,1.87
2015.07.31 14:31:05.320,1.30194,1.30202,1.00,1.50
2015.07.31 14:31:06.597,1.30192,1.30202,1.12,1.12
2015.07.31 14:31:06.902,1.30191,1.302,1.37,1.35
2015.07.31 14:31:06.953,1.3019,1.302,2.25,1.72
2015.07.31 14:31:07.463,1.30191,1.302,1.00,1.12
2015.07.31 14:31:07.903,1.30193,1.302,1.00,1.12
2015.07.31 14:31:07.954,1.30191,1.302,1.12,1.12
2015.07.31 14:31:08.005,1.30193,1.302,1.00,1.12
2015.07.31 14:31:08.107,1.3019,1.302,3.00,1.12
2015.07.31 14:31:08.614,1.3019,1.302,1.12,1.72
2015.07.31 14:31:09.129,1.30191,1.30201,1.12,1.37
2015.07.31 14:31:09.519,1.30194,1.30202,1.10,1.00
2015.07.31 14:31:09.924,1.30194,1.30198,1.10,1.00
2015.07.31 14:31:10.026,1.30194,1.302,1.10,1.00
2015.07.31 14:31:10.077,1.30194,1.30204,1.10,2.25
2015.07.31 14:31:10.693,1.30192,1.30204,2.62,1.87
2015.07.31 14:31:11.363,1.30193,1.30202,1.12,1.00
2015.07.31 14:31:11.870,1.30193,1.30204,1.10,2.62
2015.07.31 14:31:12.996,1.30194,1.30203,1.00,1.37
2015.07.31 14:31:13.350,1.30196,1.30205,1.00,1.87
2015.07.31 14:31:13.553,1.30196,1.30205,1.00,1.12
2015.07.31 14:31:13.907,1.30198,1.30207,1.72,1.50
2015.07.31 14:31:14.748,1.302,1.3021,1.50,5.25
2015.07.31 14:31:14.799,1.302,1.30208,1.00,1.00
2015.07.31 14:31:14.850,1.30197,1.30207,1.50,2.10
2015.07.31 14:31:14.901,1.30197,1.30206,1.00,2.85
2015.07.31 14:31:15.409,1.30196,1.30203,1.00,1.00
2015.07.31 14:31:15.511,1.30195,1.30205,1.00,1.12
2015.07.31 14:31:16.268,1.30196,1.30205,1.00,1.12
2015.07.31 14:31:16.776,1.30195,1.30205,1.50,1.12
2015.07.31 14:31:17.132,1.30198,1.30206,1.00,1.00
2015.07.31 14:31:17.184,1.30197,1.30208,1.12,1.50
2015.07.31 14:31:17.235,1.30199,1.3021,1.00,1.12
2015.07.31 14:31:17.540,1.30196,1.30206,2.25,3.60
2015.07.31 14:31:18.085,1.30196,1.30205,1.00,1.72
2015.07.31 14:31:22.446,1.30197,1.30205,1.00,1.00
2015.07.31 14:31:23.206,1.30198,1.30205,1.35,1.00
2015.07.31 14:31:23.257,1.30201,1.3021,1.00,1.87
2015.07.31 14:31:23.309,1.30198,1.30208,1.87,1.00
2015.07.31 14:31:23.360,1.30198,1.30208,1.50,1.37
2015.07.31 14:31:24.079,1.30196,1.30204,1.00,1.00
2015.07.31 14:31:25.305,1.30198,1.30204,1.00,1.35
2015.07.31 14:31:25.425,1.30197,1.30206,1.00,1.00
2015.07.31 14:31:25.476,1.30198,1.30209,1.00,1.00
2015.07.31 14:31:25.527,1.302,1.3021,1.00,1.50
2015.07.31 14:31:25.579,1.30198,1.3021,1.50,1.72
2015.07.31 14:31:25.630,1.30198,1.30205,1.00,1.00
2015.07.31 14:31:25.681,1.30198,1.30207,1.00,1.57
2015.07.31 14:31:25.783,1.30196,1.30207,4.35,2.25
2015.07.31 14:31:25.885,1.302,1.30209,1.00,1.37
2015.07.31 14:31:25.987,1.302,1.3021,1.50,3.00
2015.07.31 14:31:26.088,1.30202,1.30212,1.00,1.37
2015.07.31 14:31:26.554,1.30203,1.30214,1.00,1.50
2015.07.31 14:31:26.656,1.30205,1.30215,1.00,1.50
2015.07.31 14:31:27.015,1.30207,1.30217,1.00,1.42
2015.07.31 14:31:27.066,1.30208,1.30219,1.00,3.37
2015.07.31 14:31:27.170,1.30211,1.3022,1.00,1.12
2015.07.31 14:31:27.735,1.30212,1.30223,1.00,1.50
2015.07.31 14:31:28.244,1.30211,1.30223,1.50,1.00
2015.07.31 14:31:28.296,1.30212,1.30218,1.00,1.60
2015.07.31 14:31:28.448,1.30207,1.30215,1.00,2.47
2015.07.31 14:31:28.601,1.30205,1.30218,1.87,2.25
2015.07.31 14:31:29.124,1.30204,1.30214,1.57,3.60
2015.07.31 14:31:31.011,1.30205,1.30214,1.00,1.00
2015.07.31 14:31:31.529,1.30204,1.30214,1.50,1.12
2015.07.31 14:31:32.234,1.30204,1.30214,1.50,2.25
2015.07.31 14:31:34.368,1.30206,1.30214,1.00,1.50
2015.07.31 14:31:35.308,1.30206,1.30214,1.00,1.12
2015.07.31 14:31:38.004,1.30207,1.30214,1.00,1.00
2015.07.31 14:31:38.512,1.30206,1.30214,1.00,1.00
2015.07.31 14:31:43.142,1.30206,1.30214,1.00,1.37
2015.07.31 14:31:44.794,1.30204,1.30214,2.32,1.47
2015.07.31 14:31:45.306,1.30204,1.30214,2.70,1.10
2015.07.31 14:31:45.508,1.30206,1.30214,1.00,1.10
2015.07.31 14:31:46.549,1.30205,1.30214,1.00,1.10
2015.07.31 14:31:47.311,1.30202,1.30207,5.62,1.35
2015.07.31 14:31:47.896,1.30192,1.30198,3.75,2.85
2015.07.31 14:31:47.955,1.3019,1.30198,1.00,2.10
2015.07.31 14:31:48.158,1.30188,1.30196,1.00,1.00
2015.07.31 14:31:48.413,1.30188,1.30198,1.00,1.42
2015.07.31 14:31:49.247,1.30189,1.30198,1.00,1.00
2015.07.31 14:31:49.299,1.30192,1.302,1.00,1.12
2015.07.31 14:31:49.809,1.30191,1.302,1.00,1.65
2015.07.31 14:31:52.128,1.30193,1.30199,1.00,1.00
2015.07.31 14:31:53.444,1.30192,1.30199,1.00,4.50
2015.07.31 14:31:54.308,1.30191,1.30198,1.00,1.30
2015.07.31 14:31:54.928,1.30191,1.30196,1.00,3.00
2015.07.31 14:31:54.980,1.30189,1.30196,1.00,3.00
2015.07.31 14:31:55.489,1.30188,1.30196,1.00,3.00
2015.07.31 14:32:00.264,1.3019,1.30196,1.00,3.00
2015.07.31 14:32:00.773,1.30191,1.30196,1.00,3.00
2015.07.31 14:32:01.294,1.30191,1.30197,1.00,3.00
2015.07.31 14:32:01.798,1.30191,1.30197,1.00,3.37
2015.07.31 14:32:02.773,1.30191,1.30197,1.00,3.00
2015.07.31 14:32:02.976,1.30191,1.30199,1.00,1.05
2015.07.31 14:32:03.229,1.30195,1.302,1.00,1.50
2015.07.31 14:32:03.382,1.30199,1.30203,1.00,1.00
2015.07.31 14:32:03.534,1.30199,1.30206,1.00,4.87
2015.07.31 14:32:03.585,1.30201,1.30206,1.00,3.00
2015.07.31 14:32:04.097,1.30203,1.30212,1.00,4.12
2015.07.31 14:32:04.604,1.30203,1.30212,1.00,3.37
2015.07.31 14:32:05.315,1.30205,1.30212,1.00,3.37
2015.07.31 14:32:07.212,1.30205,1.30212,1.00,3.75
2015.07.31 14:32:09.675,1.30207,1.30212,1.00,3.00
2015.07.31 14:32:10.183,1.30206,1.30212,1.00,3.37
2015.07.31 14:32:10.493,1.3021,1.30215,1.00,3.75
2015.07.31 14:32:10.544,1.30207,1.30215,1.00,3.75
2015.07.31 14:32:10.595,1.30207,1.30213,1.50,3.75
2015.07.31 14:32:14.780,1.30208,1.30213,1.00,3.75
2015.07.31 14:32:15.292,1.30207,1.30213,1.00,3.75
2015.07.31 14:32:17.798,1.30207,1.30212,1.00,3.00
2015.07.31 14:32:19.548,1.30207,1.30213,1.00,1.12
2015.07.31 14:32:20.221,1.30208,1.30213,1.00,1.00
2015.07.31 14:32:21.088,1.30209,1.30213,1.00,3.75
2015.07.31 14:32:21.639,1.3021,1.30214,1.00,3.75
2015.07.31 14:32:23.229,1.30208,1.30213,1.00,3.00
2015.07.31 14:32:23.330,1.30208,1.30216,1.00,1.37
2015.07.31 14:32:23.381,1.30212,1.30219,1.00,2.25
2015.07.31 14:32:23.483,1.30213,1.30221,1.00,1.00
2015.07.31 14:32:23.534,1.3021,1.3022,1.50,1.12
2015.07.31 14:32:23.585,1.3021,1.30214,1.00,1.00
2015.07.31 14:32:23.637,1.30208,1.30214,2.25,1.00
2015.07.31 14:32:24.434,1.30207,1.30214,1.50,1.00
2015.07.31 14:32:26.086,1.30209,1.30214,1.00,1.00
2015.07.31 14:32:27.161,1.3021,1.30214,1.00,1.00
2015.07.31 14:32:27.966,1.3021,1.30215,1.00,1.00
2015.07.31 14:32:28.271,1.30211,1.3022,2.25,1.50
2015.07.31 14:32:28.323,1.30211,1.30219,1.50,1.00
2015.07.31 14:32:28.476,1.30209,1.30216,1.00,1.72
2015.07.31 14:32:28.527,1.30209,1.30216,1.00,2.85
2015.07.31 14:32:29.032,1.30208,1.30214,1.00,1.00
2015.07.31 14:32:30.837,1.30207,1.30214,1.00,1.00
2015.07.31 14:32:31.142,1.30216,1.3022,1.00,1.95
2015.07.31 14:32:31.670,1.30217,1.30221,1.00,1.00
2015.07.31 14:32:32.176,1.30218,1.30222,1.00,1.87
2015.07.31 14:32:32.430,1.30218,1.30225,1.00,1.12
2015.07.31 14:32:32.481,1.3022,1.30225,1.00,1.00
2015.07.31 14:32:32.633,1.30225,1.3023,1.00,1.12
2015.07.31 14:32:33.009,1.30228,1.30235,1.00,2.85
2015.07.31 14:32:33.061,1.3023,1.30237,1.00,1.87
2015.07.31 14:32:33.265,1.30233,1.30237,1.00,1.00
2015.07.31 14:32:33.504,1.30234,1.30242,1.00,1.75
2015.07.31 14:32:34.011,1.30232,1.30242,1.00,1.72
2015.07.31 14:32:34.403,1.30236,1.30244,1.00,1.00
2015.07.31 14:32:34.706,1.30238,1.30247,1.00,1.47
2015.07.31 14:32:34.910,1.3024,1.30249,1.00,1.57
2015.07.31 14:32:35.647,1.30242,1.30252,1.00,2.10
2015.07.31 14:32:36.159,1.30241,1.3025,1.00,1.00
2015.07.31 14:32:36.615,1.30244,1.3025,1.00,1.00
2015.07.31 14:32:37.655,1.30242,1.30252,1.50,2.10
2015.07.31 14:32:38.927,1.30246,1.30252,1.00,1.00
2015.07.31 14:32:39.441,1.30247,1.30253,1.00,1.12
2015.07.31 14:32:39.797,1.30249,1.30254,1.00,1.50
2015.07.31 14:32:40.300,1.30252,1.30257,1.00,1.10
2015.07.31 14:32:40.357,1.30251,1.30263,1.00,3.75
2015.07.31 14:32:40.409,1.30254,1.30263,1.00,3.75
2015.07.31 14:32:40.460,1.30251,1.30262,1.00,1.12
2015.07.31 14:32:40.562,1.30252,1.3026,1.00,1.30
2015.07.31 14:32:40.765,1.30252,1.30263,1.00,2.25
2015.07.31 14:32:41.393,1.30251,1.30263,1.00,2.10
2015.07.31 14:32:41.918,1.30249,1.30261,1.50,1.72
2015.07.31 14:32:41.969,1.30249,1.30259,1.00,1.12
2015.07.31 14:32:42.277,1.30247,1.30257,1.00,2.85
2015.07.31 14:32:42.582,1.30248,1.30254,1.00,1.00
2015.07.31 14:32:43.147,1.30251,1.30256,1.00,2.25
2015.07.31 14:32:43.200,1.30252,1.30256,1.00,1.00
2015.07.31 14:32:43.302,1.30252,1.30258,1.00,1.00
2015.07.31 14:32:43.354,1.3025,1.30258,1.00,1.00
2015.07.31 14:32:43.405,1.30252,1.30256,1.00,1.00
2015.07.31 14:32:44.063,1.30251,1.30256,1.00,1.00
2015.07.31 14:32:44.617,1.30254,1.30259,1.00,1.72
2015.07.31 14:32:44.670,1.3025,1.30256,1.50,1.00
2015.07.31 14:32:44.771,1.30255,1.30259,1.00,1.50
2015.07.31 14:32:44.923,1.30258,1.30263,1.00,2.32
2015.07.31 14:32:45.126,1.3026,1.30264,1.50,1.50
2015.07.31 14:32:45.177,1.30261,1.30265,1.00,1.00
2015.07.31 14:32:45.330,1.30263,1.30267,1.00,1.00
2015.07.31 14:32:45.381,1.30263,1.30269,1.00,1.12
2015.07.31 14:32:45.584,1.30266,1.3027,1.00,1.00
2015.07.31 14:32:45.996,1.30268,1.30273,1.00,1.00
2015.07.31 14:32:46.454,1.30265,1.30273,1.00,1.50
2015.07.31 14:32:47.364,1.30266,1.30273,1.00,1.00
2015.07.31 14:32:47.567,1.30267,1.30277,1.50,1.37
2015.07.31 14:32:48.075,1.30267,1.30275,1.00,1.00
2015.07.31 14:32:48.127,1.30268,1.30278,1.00,1.50
2015.07.31 14:32:49.041,1.30271,1.30281,2.10,2.25
2015.07.31 14:32:49.345,1.30275,1.30279,2.25,1.00
2015.07.31 14:32:49.448,1.30275,1.3028,1.50,1.00
2015.07.31 14:32:49.549,1.30272,1.30282,1.50,1.12
2015.07.31 14:32:50.352,1.30273,1.30284,1.00,1.50
2015.07.31 14:32:50.657,1.30275,1.30285,1.00,3.22
2015.07.31 14:32:51.144,1.30275,1.30285,1.50,1.87
2015.07.31 14:32:51.687,1.30276,1.30285,1.00,1.12
2015.07.31 14:32:52.043,1.30278,1.30285,1.50,1.87
2015.07.31 14:32:52.348,1.3028,1.30287,1.10,1.37
2015.07.31 14:32:52.450,1.30278,1.30287,1.00,3.22
2015.07.31 14:32:52.552,1.30277,1.30285,1.00,2.10
2015.07.31 14:32:53.036,1.30275,1.30285,1.50,1.72
2015.07.31 14:32:53.545,1.30276,1.30285,1.00,1.72
2015.07.31 14:32:54.160,1.30275,1.30284,1.00,1.30
2015.07.31 14:32:54.579,1.30278,1.30287,1.00,4.42
2015.07.31 14:32:54.934,1.30277,1.30286,1.00,1.30
2015.07.31 14:32:55.036,1.30279,1.30287,1.00,2.32
2015.07.31 14:32:55.341,1.30284,1.30289,1.00,1.00
2015.07.31 14:32:55.644,1.30286,1.3029,1.00,1.00
2015.07.31 14:32:56.132,1.30286,1.30291,1.00,1.00
2015.07.31 14:32:57.920,1.30286,1.30294,1.00,1.87
2015.07.31 14:32:58.123,1.30284,1.30294,1.10,1.37
2015.07.31 14:32:58.630,1.30285,1.30295,1.00,1.87
2015.07.31 14:32:58.681,1.30283,1.30293,2.32,1.12
2015.07.31 14:32:59.588,1.30284,1.30292,1.00,1.00
2015.07.31 14:32:59.792,1.30286,1.30295,1.00,1.50
2015.07.31 14:33:00.148,1.30285,1.30297,1.50,1.12
2015.07.31 14:33:00.199,1.30288,1.30297,1.00,1.12
2015.07.31 14:33:00.250,1.30286,1.30297,1.50,1.72
2015.07.31 14:33:00.352,1.30286,1.30295,1.00,1.00
2015.07.31 14:33:00.881,1.30285,1.30295,1.50,1.35
2015.07.31 14:33:01.390,1.30285,1.30294,1.72,1.50
2015.07.31 14:33:02.042,1.30283,1.30293,1.50,1.87
2015.07.31 14:33:02.094,1.30281,1.30289,1.00,1.35
2015.07.31 14:33:02.196,1.30278,1.30289,2.62,1.37
2015.07.31 14:33:02.704,1.3028,1.30289,1.00,1.37
2015.07.31 14:33:03.276,1.30282,1.30292,1.50,1.87
2015.07.31 14:33:03.329,1.30282,1.30292,1.50,1.00
2015.07.31 14:33:04.294,1.30281,1.30292,1.00,2.62
2015.07.31 14:33:04.805,1.30282,1.30291,1.00,1.00
2015.07.31 14:33:05.011,1.30282,1.30293,1.00,2.62
2015.07.31 14:33:05.417,1.3028,1.30292,1.95,1.50
2015.07.31 14:33:05.621,1.30278,1.3029,1.87,1.50
2015.07.31 14:33:05.672,1.30278,1.3029,1.00,1.50
2015.07.31 14:33:05.723,1.30278,1.30286,1.00,1.00
2015.07.31 14:33:06.206,1.30274,1.30283,1.12,1.00
2015.07.31 14:33:06.358,1.30274,1.3028,1.12,1.00
2015.07.31 14:33:06.966,1.30273,1.30277,1.00,1.00
2015.07.31 14:33:07.068,1.30271,1.30276,1.47,1.00
2015.07.31 14:33:07.169,1.30269,1.30274,1.00,1.00
2015.07.31 14:33:07.671,1.30268,1.30274,1.00,1.00
2015.07.31 14:33:07.773,1.30267,1.30271,1.12,1.00
2015.07.31 14:33:08.079,1.30262,1.30266,1.00,1.00
2015.07.31 14:33:08.334,1.30257,1.30266,2.25,1.00
2015.07.31 14:33:08.435,1.30257,1.30264,2.85,1.00
2015.07.31 14:33:09.204,1.30259,1.30265,1.50,1.00
2015.07.31 14:33:09.511,1.30258,1.30263,1.50,1.00
2015.07.31 14:33:09.817,1.30253,1.30257,1.10,1.00
2015.07.31 14:33:10.763,1.30242,1.30246,1.00,1.00
2015.07.31 14:33:10.814,1.30237,1.30243,1.37,1.00
2015.07.31 14:33:11.373,1.30233,1.30243,2.62,1.00
2015.07.31 14:33:11.578,1.30235,1.30246,1.12,1.00
2015.07.31 14:33:12.091,1.30236,1.30244,2.25,1.00
2015.07.31 14:33:12.599,1.30237,1.30246,1.12,1.00
2015.07.31 14:33:12.650,1.30235,1.30244,1.12,1.00
2015.07.31 14:33:12.701,1.30236,1.30244,1.50,1.00
2015.07.31 14:33:13.157,1.30235,1.30242,1.75,1.00
2015.07.31 14:33:13.682,1.30235,1.30243,1.75,1.00
2015.07.31 14:33:16.358,1.30235,1.30242,1.50,1.00
2015.07.31 14:33:16.511,1.30233,1.30241,1.85,1.00
2015.07.31 14:33:16.862,1.30232,1.30241,2.62,1.50
2015.07.31 14:33:16.914,1.30223,1.30231,1.95,1.00
2015.07.31 14:33:17.015,1.30223,1.3023,1.57,1.00
2015.07.31 14:33:17.370,1.30222,1.3023,1.87,1.50
2015.07.31 14:33:17.775,1.30223,1.30232,1.47,1.00
2015.07.31 14:33:17.928,1.30225,1.30235,1.67,1.00
2015.07.31 14:33:18.275,1.30225,1.30233,1.35,1.00
2015.07.31 14:33:18.427,1.30226,1.30235,1.72,1.00
2015.07.31 14:33:18.782,1.30223,1.30232,1.87,1.00
2015.07.31 14:33:19.086,1.30221,1.30227,1.75,1.00
2015.07.31 14:33:19.593,1.3022,1.30228,1.50,1.00
2015.07.31 14:33:20.276,1.30219,1.30227,1.95,1.00
2015.07.31 14:33:20.581,1.30215,1.30225,1.95,1.00
2015.07.31 14:33:20.632,1.30214,1.30223,3.00,1.00
2015.07.31 14:33:21.797,1.30214,1.30224,1.87,1.00
2015.07.31 14:33:22.120,1.30213,1.30223,1.10,1.00
2015.07.31 14:33:22.171,1.30213,1.30221,1.10,1.00
2015.07.31 14:33:22.476,1.30215,1.30224,1.60,1.00
2015.07.31 14:33:22.780,1.30206,1.30217,1.50,1.00
2015.07.31 14:33:23.234,1.30214,1.30218,2.47,1.00
2015.07.31 14:33:23.286,1.30212,1.30224,3.30,1.00
2015.07.31 14:33:23.440,1.30214,1.30227,1.97,1.12
2015.07.31 14:33:23.695,1.30217,1.30227,1.72,1.00
2015.07.31 14:33:23.797,1.30217,1.3023,1.72,1.37
2015.07.31 14:33:24.551,1.30218,1.30231,1.50,1.37
2015.07.31 14:33:25.086,1.30218,1.30231,1.75,1.87
2015.07.31 14:33:26.153,1.3022,1.30231,1.37,1.37
2015.07.31 14:33:26.306,1.3022,1.30233,2.62,1.37
2015.07.31 14:33:27.326,1.3022,1.30229,1.87,1.50
2015.07.31 14:33:27.378,1.30209,1.30219,1.75,1.00
2015.07.31 14:33:27.530,1.30205,1.30216,1.05,1.00
2015.07.31 14:33:28.038,1.30202,1.30214,3.00,1.00
2015.07.31 14:33:28.582,1.30202,1.30213,2.47,1.00
2015.07.31 14:33:29.933,1.30203,1.30212,1.42,1.00
2015.07.31 14:33:30.237,1.30202,1.30212,2.10,1.00
2015.07.31 14:33:30.289,1.30202,1.30212,1.72,1.00
2015.07.31 14:33:30.795,1.30203,1.30213,1.05,1.12
2015.07.31 14:33:31.915,1.30195,1.30203,1.00,1.00
2015.07.31 14:33:32.273,1.3019,1.302,4.12,1.00
2015.07.31 14:33:32.476,1.30186,1.30198,1.37,1.00
2015.07.31 14:33:32.680,1.30187,1.30201,1.37,1.00
2015.07.31 14:33:32.731,1.30187,1.30199,1.37,1.00
2015.07.31 14:33:33.140,1.30184,1.30198,1.87,1.87
2015.07.31 14:33:33.661,1.30184,1.30196,1.12,1.50
2015.07.31 14:33:35.240,1.30183,1.30193,2.17,1.00
2015.07.31 14:33:35.843,1.30187,1.30196,1.35,1.00
2015.07.31 14:33:35.995,1.30188,1.30199,2.47,1.37
2015.07.31 14:33:36.097,1.30188,1.30202,1.37,1.37
2015.07.31 14:33:36.300,1.30188,1.30203,1.50,1.00
2015.07.31 14:33:36.656,1.30188,1.30203,1.75,1.00
2015.07.31 14:33:37.077,1.30192,1.30201,1.50,1.00
2015.07.31 14:33:37.485,1.30195,1.30204,1.00,1.00
2015.07.31 14:33:37.536,1.30195,1.30207,2.10,1.00
2015.07.31 14:33:38.143,1.30195,1.30207,1.72,1.00
2015.07.31 14:33:39.057,1.30196,1.30208,1.37,2.25
2015.07.31 14:33:39.565,1.30195,1.30207,1.67,1.00
2015.07.31 14:33:40.620,1.30195,1.30208,2.62,1.00
2015.07.31 14:33:41.333,1.30195,1.30208,2.25,1.87
2015.07.31 14:33:42.169,1.30196,1.30209,1.37,1.00
2015.07.31 14:33:42.975,1.30205,1.3021,1.00,1.00
2015.07.31 14:33:43.026,1.30205,1.30212,1.00,1.00
2015.07.31 14:33:43.078,1.30201,1.30211,1.00,1.00
2015.07.31 14:33:43.282,1.30198,1.30208,1.50,1.00
2015.07.31 14:33:43.945,1.30196,1.30207,1.50,1.00
2015.07.31 14:33:44.460,1.30197,1.30209,1.37,1.00
2015.07.31 14:33:44.968,1.30197,1.30209,1.37,1.00
2015.07.31 14:33:45.682,1.30197,1.3021,1.37,1.50
2015.07.31 14:33:45.785,1.30196,1.30207,2.10,1.00
2015.07.31 14:33:45.989,1.30198,1.3021,1.97,1.00
2015.07.31 14:33:46.395,1.30197,1.30208,1.35,1.00
2015.07.31 14:33:46.599,1.30198,1.30211,1.50,1.87
2015.07.31 14:33:46.961,1.30198,1.30208,1.37,1.50
2015.07.31 14:33:47.318,1.30199,1.30211,1.37,1.00
2015.07.31 14:33:47.472,1.30199,1.30209,1.37,1.00
2015.07.31 14:33:48.076,1.30208,1.30218,2.47,1.50
2015.07.31 14:33:48.500,1.30207,1.30216,1.27,1.00
2015.07.31 14:33:49.195,1.30207,1.30216,1.65,1.00
2015.07.31 14:33:49.591,1.30208,1.30218,1.47,1.87
2015.07.31 14:33:50.097,1.30207,1.30217,1.87,1.00
2015.07.31 14:33:51.304,1.30206,1.30216,1.75,1.60
2015.07.31 14:33:51.406,1.30205,1.30212,1.37,1.00
2015.07.31 14:33:51.609,1.302,1.30207,1.37,1.00
2015.07.31 14:33:51.711,1.302,1.30205,1.37,1.00
2015.07.31 14:33:51.915,1.30196,1.30205,3.22,1.00
2015.07.31 14:33:52.455,1.30197,1.30206,2.85,1.00
2015.07.31 14:33:52.507,1.30197,1.3021,2.85,1.12
2015.07.31 14:33:53.051,1.30197,1.3021,3.22,1.12
2015.07.31 14:33:54.701,1.30198,1.3021,3.22,1.12
2015.07.31 14:33:55.250,1.30205,1.30213,3.97,1.00
2015.07.31 14:33:55.302,1.30206,1.30213,1.12,1.00
2015.07.31 14:33:55.404,1.30206,1.30214,1.37,1.00
2015.07.31 14:33:55.456,1.30206,1.30215,1.95,1.50
2015.07.31 14:33:55.558,1.30206,1.30217,3.00,1.12
2015.07.31 14:33:56.066,1.30207,1.30218,1.50,1.37
2015.07.31 14:33:57.428,1.30208,1.30217,1.57,1.00
2015.07.31 14:33:57.530,1.30209,1.30219,1.50,1.00
2015.07.31 14:33:58.205,1.30215,1.30219,1.30,1.00
2015.07.31 14:33:58.256,1.30213,1.30222,2.85,1.00
2015.07.31 14:33:58.408,1.30215,1.30225,1.72,1.00
2015.07.31 14:33:58.510,1.30216,1.30225,1.37,1.00
2015.07.31 14:33:58.815,1.30214,1.30223,3.60,1.00
2015.07.31 14:33:58.918,1.30215,1.30223,1.72,1.00
2015.07.31 14:33:59.020,1.30217,1.30225,1.12,1.00
2015.07.31 14:33:59.634,1.30221,1.30226,1.00,1.00
2015.07.31 14:33:59.685,1.30223,1.30233,1.00,1.00
2015.07.31 14:33:59.736,1.30225,1.30235,1.00,1.37
2015.07.31 14:33:59.837,1.30224,1.30236,1.37,1.12
2015.07.31 14:33:59.939,1.30224,1.30236,1.75,1.12
2015.07.31 14:34:00.706,1.30225,1.30237,1.50,1.80
2015.07.31 14:34:01.214,1.30227,1.30238,1.37,2.25
2015.07.31 14:34:01.519,1.30227,1.30237,1.37,1.10
2015.07.31 14:34:02.017,1.30227,1.30237,1.00,1.10
2015.07.31 14:34:02.627,1.30227,1.30235,1.00,1.00
2015.07.31 14:34:03.032,1.30224,1.30236,1.00,1.50
2015.07.31 14:34:04.260,1.30223,1.30234,1.50,1.00
2015.07.31 14:34:04.806,1.30223,1.30234,1.12,1.12
2015.07.31 14:34:05.516,1.30223,1.30234,2.47,1.12
2015.07.31 14:34:06.040,1.30229,1.30235,2.17,1.00
2015.07.31 14:34:06.091,1.30228,1.30239,2.85,1.12
2015.07.31 14:34:06.244,1.30228,1.3024,1.72,1.50
2015.07.31 14:34:06.346,1.30229,1.3024,2.47,1.50
2015.07.31 14:34:06.651,1.30236,1.3024,1.30,1.00
2015.07.31 14:34:06.703,1.30236,1.30242,1.30,1.00
2015.07.31 14:34:06.806,1.30236,1.30246,2.25,1.00
2015.07.31 14:34:07.213,1.30235,1.30246,1.00,2.62
2015.07.31 14:34:07.315,1.30233,1.30244,1.20,1.12
2015.07.31 14:34:07.743,1.30233,1.30238,1.10,1.00
2015.07.31 14:34:07.999,1.30227,1.30239,2.70,1.50
2015.07.31 14:34:09.147,1.30227,1.30239,1.95,1.75
2015.07.31 14:34:09.749,1.30224,1.30235,1.37,1.30
2015.07.31 14:34:09.800,1.30223,1.30236,1.12,1.72
2015.07.31 14:34:10.864,1.30224,1.30237,1.00,2.92
2015.07.31 14:34:12.264,1.30224,1.30235,2.85,1.00
2015.07.31 14:34:12.568,1.3023,1.3024,1.35,1.12
2015.07.31 14:34:12.720,1.3023,1.30241,3.22,1.00
2015.07.31 14:34:13.072,1.30233,1.30243,1.00,1.12
2015.07.31 14:34:13.784,1.30234,1.30245,1.00,1.87
2015.07.31 14:34:13.835,1.30234,1.30245,1.60,1.87
2015.07.31 14:34:14.038,1.30237,1.30249,1.00,1.75
2015.07.31 14:34:14.956,1.30238,1.30249,1.87,1.47
2015.07.31 14:34:15.008,1.30238,1.30249,1.87,1.20
2015.07.31 14:34:15.796,1.30239,1.30251,1.70,2.25
2015.07.31 14:34:16.372,1.30241,1.30252,2.47,1.00
2015.07.31 14:34:16.779,1.30242,1.30254,1.12,2.25
2015.07.31 14:34:17.286,1.30243,1.30256,1.10,1.57
2015.07.31 14:34:17.753,1.30249,1.30257,1.00,1.50
2015.07.31 14:34:17.805,1.30249,1.3026,1.72,1.37
2015.07.31 14:34:18.262,1.3025,1.30263,2.17,1.12
2015.07.31 14:34:18.364,1.30252,1.30264,1.00,2.25
2015.07.31 14:34:18.668,1.30254,1.30263,1.00,1.00
2015.07.31 14:34:19.100,1.30255,1.30265,1.00,1.00
2015.07.31 14:34:19.885,1.30254,1.30266,1.12,1.95
2015.07.31 14:34:20.481,1.30255,1.30267,2.62,1.50
2015.07.31 14:34:20.533,1.30257,1.30268,1.00,1.37
2015.07.31 14:34:20.736,1.30258,1.30271,1.00,1.50
2015.07.31 14:34:21.293,1.30257,1.30269,1.12,1.00
2015.07.31 14:34:21.844,1.30257,1.30268,1.12,1.00
2015.07.31 14:34:22.553,1.30257,1.30268,1.12,1.37
2015.07.31 14:34:23.059,1.30258,1.3027,1.12,1.50
2015.07.31 14:34:23.436,1.30259,1.3027,1.00,1.00
2015.07.31 14:34:23.743,1.30261,1.3027,1.00,1.00
2015.07.31 14:34:23.845,1.30259,1.30272,1.00,2.85
2015.07.31 14:34:24.350,1.3026,1.30273,1.00,2.25
2015.07.31 14:34:24.922,1.30261,1.30273,1.00,2.10
2015.07.31 14:34:25.457,1.3026,1.30273,1.50,1.75
2015.07.31 14:34:26.647,1.30261,1.30271,1.00,1.50
2015.07.31 14:34:26.698,1.30258,1.30272,1.00,1.12
2015.07.31 14:34:27.005,1.30258,1.30272,1.00,2.47
2015.07.31 14:34:27.310,1.30269,1.30277,2.85,1.47
2015.07.31 14:34:27.361,1.30271,1.30278,1.00,1.50
2015.07.31 14:34:27.463,1.30271,1.30281,1.00,1.00
2015.07.31 14:34:27.514,1.30267,1.30279,1.00,1.00
2015.07.31 14:34:27.565,1.30269,1.30279,1.12,1.00
2015.07.31 14:34:27.667,1.30268,1.30279,1.20,1.00
2015.07.31 14:34:28.090,1.30268,1.30282,1.47,2.10
2015.07.31 14:34:28.632,1.30271,1.30283,1.12,1.50
2015.07.31 14:34:29.139,1.30272,1.30283,1.00,1.50
2015.07.31 14:34:29.512,1.30271,1.30279,1.12,1.50
2015.07.31 14:34:29.563,1.30269,1.30279,2.10,1.50
2015.07.31 14:34:30.021,1.30268,1.30278,1.20,1.37
2015.07.31 14:34:30.225,1.30268,1.30281,1.80,2.25
2015.07.31 14:34:30.277,1.3027,1.30281,1.00,1.75
2015.07.31 14:34:30.816,1.30268,1.30278,1.95,1.12
2015.07.31 14:34:31.326,1.30269,1.3028,1.00,1.37
2015.07.31 14:34:31.755,1.3027,1.30282,1.35,1.37
2015.07.31 14:34:32.496,1.30271,1.30282,1.00,1.50
2015.07.31 14:34:33.099,1.30271,1.30282,1.00,1.50
2015.07.31 14:34:33.251,1.30271,1.3028,1.00,1.00
2015.07.31 14:34:34.012,1.30272,1.30281,1.00,1.50
2015.07.31 14:34:34.548,1.30272,1.30282,1.00,2.25
2015.07.31 14:34:34.599,1.3027,1.30282,2.32,2.25
2015.07.31 14:34:35.003,1.30273,1.30283,1.00,1.75
2015.07.31 14:34:35.413,1.30275,1.30286,1.00,2.25
2015.07.31 14:34:35.920,1.30275,1.30285,1.50,1.87
2015.07.31 14:34:37.371,1.30275,1.30284,1.00,1.00
2015.07.31 14:34:37.625,1.30273,1.30284,1.57,1.12
2015.07.31 14:34:38.130,1.30271,1.30281,1.12,1.87
2015.07.31 14:34:39.084,1.30269,1.30281,1.35,1.50
2015.07.31 14:34:39.185,1.30267,1.3028,3.45,1.75
2015.07.31 14:34:39.703,1.30269,1.3028,2.10,1.75
2015.07.31 14:34:39.806,1.30269,1.30282,3.97,2.25
2015.07.31 14:34:39.908,1.30269,1.30282,2.47,2.25
2015.07.31 14:34:40.265,1.30269,1.30278,1.12,1.00
2015.07.31 14:34:40.570,1.3026,1.30271,2.62,1.37
2015.07.31 14:34:41.104,1.30261,1.30273,1.00,1.75
2015.07.31 14:34:41.611,1.3026,1.30272,1.00,3.00
2015.07.31 14:34:42.028,1.30259,1.30269,1.00,1.12
2015.07.31 14:34:42.547,1.30257,1.30269,3.22,1.12
2015.07.31 14:34:42.903,1.30257,1.30269,1.50,1.50
2015.07.31 14:34:43.207,1.30255,1.30266,1.35,1.12
2015.07.31 14:34:43.710,1.30254,1.30267,5.10,2.25
2015.07.31 14:34:43.814,1.30254,1.30267,2.10,3.75
2015.07.31 14:34:44.322,1.30254,1.30265,5.10,1.00
2015.07.31 14:34:44.627,1.30257,1.30267,1.72,1.12
2015.07.31 14:34:45.066,1.30259,1.30269,2.10,1.12
2015.07.31 14:34:45.574,1.3026,1.30271,1.35,1.87
2015.07.31 14:34:45.727,1.30261,1.30272,2.47,1.12
2015.07.31 14:34:46.962,1.30262,1.30273,1.00,1.50
2015.07.31 14:34:48.144,1.30262,1.30274,1.00,1.87
2015.07.31 14:34:48.196,1.30263,1.30276,1.35,1.50
2015.07.31 14:34:48.299,1.30265,1.30277,1.00,1.75
2015.07.31 14:34:48.401,1.30265,1.30277,1.35,1.12
2015.07.31 14:34:49.704,1.30266,1.30277,1.00,1.00
2015.07.31 14:34:50.214,1.30265,1.30278,1.00,1.87
2015.07.31 14:34:51.029,1.30266,1.30278,1.00,1.87
2015.07.31 14:34:51.542,1.30264,1.30277,1.12,1.00
2015.07.31 14:34:52.070,1.30265,1.30277,1.00,1.00
2015.07.31 14:34:52.679,1.30264,1.30277,1.12,1.00
2015.07.31 14:34:53.189,1.30264,1.30277,1.72,1.50
2015.07.31 14:34:53.700,1.30264,1.30277,1.50,1.87
2015.07.31 14:34:54.320,1.30265,1.30277,1.00,1.37
2015.07.31 14:34:54.828,1.30264,1.30276,2.47,1.00
2015.07.31 14:34:55.650,1.30265,1.30277,1.35,1.12
2015.07.31 14:34:56.310,1.30271,1.30276,1.00,1.00
2015.07.31 14:34:56.462,1.30277,1.30283,1.35,1.00
2015.07.31 14:34:56.564,1.30276,1.30281,1.50,1.00
2015.07.31 14:34:57.504,1.30273,1.30285,1.87,1.12
2015.07.31 14:34:57.607,1.30276,1.30285,1.00,1.00
2015.07.31 14:34:57.812,1.30276,1.30287,4.35,1.10
2015.07.31 14:34:58.018,1.30279,1.3029,1.00,1.37
2015.07.31 14:34:58.069,1.30279,1.3029,1.00,1.00
2015.07.31 14:34:58.121,1.30281,1.30292,1.00,3.00
2015.07.31 14:34:58.847,1.30281,1.30293,1.00,3.00
2015.07.31 14:34:59.170,1.30279,1.30286,2.62,1.00
2015.07.31 14:35:00.350,1.30279,1.3029,1.37,1.35
2015.07.31 14:35:00.857,1.30281,1.30289,1.00,1.00
2015.07.31 14:35:00.959,1.30283,1.30289,1.00,1.00
2015.07.31 14:35:01.386,1.30292,1.30296,1.12,1.00
2015.07.31 14:35:01.438,1.30292,1.30302,2.10,1.00
2015.07.31 14:35:01.946,1.3029,1.30302,4.12,1.00
2015.07.31 14:35:02.801,1.3029,1.30301,4.50,1.00
2015.07.31 14:35:03.027,1.3029,1.30303,3.75,1.87
2015.07.31 14:35:03.793,1.3029,1.30302,2.85,1.00
2015.07.31 14:35:04.444,1.30292,1.30303,1.00,1.87
2015.07.31 14:35:04.748,1.30291,1.30301,1.00,1.00
2015.07.31 14:35:05.261,1.3029,1.30301,3.75,1.00
2015.07.31 14:35:05.813,1.30288,1.30299,1.12,1.12
2015.07.31 14:35:06.320,1.30287,1.30298,1.00,1.95
2015.07.31 14:35:06.775,1.30289,1.30301,1.00,6.00
2015.07.31 14:35:07.305,1.30297,1.30304,1.00,1.00
2015.07.31 14:35:07.357,1.30295,1.30305,1.00,1.12
2015.07.31 14:35:07.408,1.30293,1.30305,1.50,1.12
2015.07.31 14:35:07.714,1.30292,1.30302,1.50,1.00
2015.07.31 14:35:07.765,1.30291,1.30302,1.00,1.12
2015.07.31 14:35:08.271,1.30293,1.30299,1.00,1.12
2015.07.31 14:35:09.146,1.30296,1.30302,1.00,1.00
2015.07.31 14:35:09.199,1.30289,1.30302,2.62,1.00
2015.07.31 14:35:09.252,1.30289,1.303,1.87,1.12
2015.07.31 14:35:09.761,1.30292,1.30301,1.00,1.50
2015.07.31 14:35:10.423,1.30298,1.30308,1.00,2.25
2015.07.31 14:35:10.940,1.30297,1.30308,1.87,2.25
2015.07.31 14:35:11.093,1.303,1.30308,1.00,1.50
2015.07.31 14:35:11.600,1.30301,1.3031,1.00,1.50
2015.07.31 14:35:12.001,1.30303,1.30312,1.00,1.00
2015.07.31 14:35:12.308,1.30301,1.3031,1.87,1.00
2015.07.31 14:35:12.564,1.303,1.30311,2.32,1.00
2015.07.31 14:35:13.071,1.30301,1.30313,1.87,3.00
2015.07.31 14:35:13.601,1.30302,1.30313,1.00,2.25
2015.07.31 14:35:14.403,1.30303,1.30313,1.00,2.25
2015.07.31 14:35:15.212,1.30302,1.30312,1.10,1.00
2015.07.31 14:35:15.365,1.30301,1.30309,1.12,1.00
2015.07.31 14:35:15.567,1.30301,1.30311,1.12,1.00
2015.07.31 14:35:16.123,1.30301,1.3031,1.12,1.00
2015.07.31 14:35:16.657,1.303,1.3031,1.57,1.00
2015.07.31 14:35:17.176,1.303,1.30312,1.50,3.75
2015.07.31 14:35:17.632,1.303,1.30311,1.50,1.12
2015.07.31 14:35:18.034,1.303,1.30308,1.00,1.00
2015.07.31 14:35:18.540,1.303,1.3031,1.00,1.87
2015.07.31 14:35:19.046,1.30301,1.30311,1.00,1.75
2015.07.31 14:35:19.198,1.30301,1.30312,1.12,1.50
2015.07.31 14:35:20.253,1.303,1.30311,2.25,1.00
2015.07.31 14:35:20.792,1.30301,1.3031,1.00,1.00
2015.07.31 14:35:21.410,1.30301,1.30312,1.00,1.87
2015.07.31 14:35:21.819,1.30303,1.30313,1.00,1.87
2015.07.31 14:35:22.555,1.30303,1.30312,1.00,1.12
2015.07.31 14:35:23.064,1.30301,1.30313,2.25,1.87
2015.07.31 14:35:24.441,1.303,1.30312,1.75,2.25
2015.07.31 14:35:24.985,1.30301,1.30312,1.12,1.50
2015.07.31 14:35:25.290,1.30299,1.30308,1.00,1.00
2015.07.31 14:35:25.341,1.30297,1.30309,1.00,1.50
2015.07.31 14:35:25.592,1.30294,1.30307,1.50,1.00
2015.07.31 14:35:25.694,1.30296,1.30307,1.00,1.00
2015.07.31 14:35:25.997,1.30291,1.30303,1.87,1.37
2015.07.31 14:35:26.523,1.30289,1.30301,1.50,1.12
2015.07.31 14:35:27.030,1.3029,1.30301,1.00,1.12
2015.07.31 14:35:28.946,1.30292,1.30301,1.87,1.00
2015.07.31 14:35:29.453,1.30294,1.30303,1.12,1.37
2015.07.31 14:35:29.809,1.30296,1.30303,1.35,1.00
2015.07.31 14:35:30.782,1.30294,1.30303,1.60,1.00
2015.07.31 14:35:31.190,1.30296,1.30306,1.00,1.87
2015.07.31 14:35:32.134,1.30294,1.30305,1.10,1.12
2015.07.31 14:35:32.640,1.30293,1.30305,1.95,1.12
2015.07.31 14:35:32.894,1.30295,1.30306,1.00,1.00
2015.07.31 14:35:33.504,1.30295,1.30307,5.47,1.12
2015.07.31 14:35:33.809,1.30297,1.30305,1.50,1.00
2015.07.31 14:35:34.012,1.30294,1.30303,1.00,1.00
2015.07.31 14:35:34.114,1.30295,1.30305,1.00,1.00
2015.07.31 14:35:34.817,1.30294,1.30307,3.00,3.07
2015.07.31 14:35:35.357,1.30295,1.30307,1.00,2.32
2015.07.31 14:35:36.581,1.30296,1.30306,1.50,1.12
2015.07.31 14:35:36.885,1.30301,1.30309,1.50,1.87
2015.07.31 14:35:36.986,1.30302,1.30311,1.00,2.25
2015.07.31 14:35:37.240,1.30303,1.30314,2.25,1.37
2015.07.31 14:35:37.342,1.30305,1.30317,1.00,3.22
2015.07.31 14:35:37.876,1.30307,1.30318,1.00,1.12
2015.07.31 14:35:38.544,1.30308,1.30318,1.00,1.12
2015.07.31 14:35:41.818,1.30306,1.30318,1.50,2.62
2015.07.31 14:35:42.830,1.30307,1.30318,1.00,1.87
2015.07.31 14:35:44.574,1.30309,1.30318,1.00,1.12
2015.07.31 14:35:45.081,1.30308,1.30317,1.00,1.10
2015.07.31 14:35:45.698,1.30306,1.30317,1.50,1.10
2015.07.31 14:35:47.551,1.30307,1.30317,1.72,1.10
2015.07.31 14:35:48.058,1.30307,1.30318,1.00,1.72
2015.07.31 14:35:48.362,1.30309,1.30318,1.00,1.87
2015.07.31 14:35:48.819,1.30307,1.30318,1.00,1.87
2015.07.31 14:35:48.975,1.30309,1.30318,1.00,1.87
2015.07.31 14:35:49.481,1.30308,1.30319,3.60,1.12
2015.07.31 14:35:49.987,1.3031,1.3032,1.00,1.50
2015.07.31 14:35:51.322,1.30308,1.30319,1.00,1.12
2015.07.31 14:35:51.525,1.30312,1.3032,2.85,1.12
2015.07.31 14:35:52.490,1.30316,1.30326,1.00,1.50
2015.07.31 14:35:52.542,1.30316,1.30326,1.50,1.87
2015.07.31 14:35:54.049,1.30317,1.30323,1.00,1.00
2015.07.31 14:35:54.202,1.30314,1.30321,1.50,1.12
2015.07.31 14:35:54.760,1.30314,1.30325,1.00,3.00
2015.07.31 14:35:57.083,1.30315,1.30325,1.00,1.50
2015.07.31 14:35:57.287,1.30318,1.30328,1.00,2.62
2015.07.31 14:35:57.566,1.30318,1.3033,1.00,1.50
2015.07.31 14:35:58.637,1.30318,1.3033,1.87,1.00
2015.07.31 14:35:58.892,1.3032,1.30326,1.00,1.00
2015.07.31 14:35:58.995,1.30317,1.30325,1.00,1.50
2015.07.31 14:35:59.046,1.30317,1.30325,1.00,2.10
2015.07.31 14:35:59.097,1.30314,1.30324,1.50,1.37
2015.07.31 14:35:59.684,1.30312,1.30323,3.00,1.12
2015.07.31 14:36:01.060,1.30312,1.30323,2.25,1.37
2015.07.31 14:36:02.095,1.30312,1.30324,3.37,1.50
2015.07.31 14:36:02.854,1.30312,1.30323,1.87,1.50
2015.07.31 14:36:02.906,1.30315,1.30323,2.62,1.12
2015.07.31 14:36:03.008,1.30315,1.30327,4.87,1.12
2015.07.31 14:36:03.059,1.30315,1.30327,5.25,1.10
2015.07.31 14:36:03.567,1.30316,1.30327,1.87,1.50
2015.07.31 14:36:04.264,1.30321,1.3033,1.00,1.37
2015.07.31 14:36:04.569,1.30319,1.30327,1.12,1.37
2015.07.31 14:36:04.723,1.30318,1.30328,2.25,1.12
2015.07.31 14:36:05.232,1.30319,1.30323,1.12,1.00
2015.07.31 14:36:05.793,1.30318,1.30323,2.47,1.00
2015.07.31 14:36:06.100,1.30317,1.30325,1.50,1.00
2015.07.31 14:36:06.152,1.30317,1.30325,1.50,1.00
2015.07.31 14:36:06.203,1.30319,1.30325,1.37,1.00
2015.07.31 14:36:06.255,1.30319,1.30324,1.12,1.00
2015.07.31 14:36:06.612,1.30319,1.30325,1.12,1.00
2015.07.31 14:36:07.181,1.30318,1.30325,1.67,1.00
2015.07.31 14:36:07.487,1.30317,1.30322,1.12,1.00
2015.07.31 14:36:07.589,1.30315,1.30319,3.75,1.00
2015.07.31 14:36:07.641,1.30313,1.30317,1.00,1.00
2015.07.31 14:36:07.692,1.30311,1.30315,1.00,1.00
2015.07.31 14:36:07.743,1.30309,1.30314,2.06,1.00
2015.07.31 14:36:08.437,1.30305,1.30309,1.00,1.00
2015.07.31 14:36:08.743,1.30301,1.30308,1.35,1.00
2015.07.31 14:36:09.798,1.30303,1.30307,1.00,1.00
2015.07.31 14:36:10.256,1.30301,1.30307,5.25,1.00
2015.07.31 14:36:10.308,1.30304,1.30308,3.00,1.00
2015.07.31 14:36:10.512,1.30307,1.30311,3.00,1.00
2015.07.31 14:36:10.975,1.303,1.30306,2.85,1.00
2015.07.31 14:36:11.229,1.30299,1.30303,1.00,1.00
2015.07.31 14:36:11.381,1.303,1.30304,1.00,1.00
2015.07.31 14:36:11.482,1.30297,1.30301,1.00,1.00
2015.07.31 14:36:11.993,1.30297,1.30302,1.00,1.00
2015.07.31 14:36:12.814,1.30298,1.30302,1.00,1.00
2015.07.31 14:36:12.867,1.30298,1.30305,2.10,1.00
2015.07.31 14:36:13.071,1.30299,1.30306,2.10,1.00
2015.07.31 14:36:13.377,1.30299,1.30303,1.10,1.00
2015.07.31 14:36:13.530,1.30297,1.30302,1.50,1.00
2015.07.31 14:36:14.101,1.30298,1.30302,1.00,1.00
2015.07.31 14:36:14.726,1.30296,1.30303,1.57,1.00
2015.07.31 14:36:15.431,1.30295,1.30301,1.87,1.00
2015.07.31 14:36:15.840,1.30298,1.30303,1.00,1.00
2015.07.31 14:36:16.681,1.30298,1.30302,1.00,1.00
2015.07.31 14:36:16.733,1.30297,1.30302,1.72,1.00
2015.07.31 14:36:16.885,1.30297,1.30301,1.00,1.00
2015.07.31 14:36:17.241,1.30296,1.303,1.00,1.00
2015.07.31 14:36:17.342,1.30293,1.30298,1.87,1.00
2015.07.31 14:36:17.982,1.30291,1.30295,1.00,1.00
2015.07.31 14:36:18.326,1.30296,1.30301,1.00,1.00
2015.07.31 14:36:18.381,1.30298,1.30302,1.50,1.00
2015.07.31 14:36:18.685,1.30298,1.30304,1.00,1.00
2015.07.31 14:36:18.736,1.303,1.30304,1.00,1.00
2015.07.31 14:36:19.040,1.30304,1.3031,2.10,1.37
2015.07.31 14:36:19.091,1.30303,1.30308,1.72,1.10
2015.07.31 14:36:19.598,1.30306,1.30312,3.22,1.00
2015.07.31 14:36:20.054,1.30307,1.30312,3.00,1.00
2015.07.31 14:36:20.560,1.30307,1.30312,4.35,1.00
2015.07.31 14:36:21.522,1.30308,1.30314,2.10,1.00
2015.07.31 14:36:21.573,1.30308,1.30313,3.22,1.00
2015.07.31 14:36:21.624,1.3031,1.30315,1.35,1.00
2015.07.31 14:36:21.675,1.3031,1.30316,1.72,1.00
2015.07.31 14:36:22.190,1.3031,1.30316,2.55,1.00
2015.07.31 14:36:23.472,1.3031,1.30316,2.92,1.00
2015.07.31 14:36:24.552,1.30315,1.30321,2.10,1.00
2015.07.31 14:36:24.654,1.30313,1.30318,1.57,1.00
2015.07.31 14:36:24.756,1.30312,1.30317,2.25,1.00
2015.07.31 14:36:25.272,1.30311,1.30316,2.32,1.00
2015.07.31 14:36:26.012,1.30311,1.30315,1.10,1.00
2015.07.31 14:36:26.318,1.30309,1.30315,1.75,1.00
2015.07.31 14:36:26.626,1.30307,1.30311,2.25,1.00
2015.07.31 14:36:27.174,1.30303,1.30307,1.00,1.00
2015.07.31 14:36:27.276,1.30298,1.30305,1.56,1.00
2015.07.31 14:36:27.378,1.30298,1.30305,1.31,1.00
2015.07.31 14:36:27.683,1.30293,1.30304,2.40,1.00
2015.07.31 14:36:27.937,1.30295,1.30299,1.76,1.00
2015.07.31 14:36:28.559,1.30297,1.30303,1.00,1.00
2015.07.31 14:36:28.611,1.303,1.30304,1.50,1.00
2015.07.31 14:36:29.120,1.303,1.30306,2.10,1.00
2015.07.31 14:36:30.071,1.30299,1.30304,1.35,1.00
2015.07.31 14:36:30.397,1.30298,1.30302,1.72,1.00
2015.07.31 14:36:30.702,1.30299,1.30305,2.10,1.00
2015.07.31 14:36:31.464,1.30298,1.30304,2.47,1.00
2015.07.31 14:36:31.566,1.30296,1.30301,7.12,1.00
2015.07.31 14:36:31.617,1.30297,1.30301,1.87,1.00
2015.07.31 14:36:31.769,1.30293,1.30297,1.12,1.00
2015.07.31 14:36:31.871,1.30291,1.30296,6.30,1.00
2015.07.31 14:36:32.574,1.30289,1.30295,1.00,1.00
2015.07.31 14:36:32.625,1.30287,1.30293,4.87,1.00
2015.07.31 14:36:33.196,1.30287,1.30292,4.50,1.00
2015.07.31 14:36:34.407,1.30286,1.30292,1.50,1.12
2015.07.31 14:36:34.458,1.30286,1.3029,1.50,1.50
2015.07.31 14:36:34.510,1.30279,1.30284,3.22,1.00
2015.07.31 14:36:34.612,1.30279,1.30285,2.62,1.00
2015.07.31 14:36:34.818,1.30277,1.30285,2.85,1.00
2015.07.31 14:36:34.870,1.30277,1.30282,2.25,1.00
2015.07.31 14:36:35.675,1.30275,1.30282,1.30,1.00
2015.07.31 14:36:35.879,1.30275,1.3028,1.12,1.00
2015.07.31 14:36:36.576,1.30275,1.30281,1.72,1.00
2015.07.31 14:36:37.046,1.30277,1.30287,4.72,1.87
2015.07.31 14:36:37.148,1.30277,1.30286,1.30,1.00
2015.07.31 14:36:37.250,1.30278,1.30287,1.60,1.00
2015.07.31 14:36:37.555,1.30282,1.30292,2.47,1.50
2015.07.31 14:36:37.860,1.30281,1.30291,1.12,1.35
2015.07.31 14:36:37.962,1.30281,1.30289,1.00,1.00
2015.07.31 14:36:38.013,1.30279,1.30289,1.50,1.00
2015.07.31 14:36:38.491,1.30279,1.30287,1.00,1.00
2015.07.31 14:36:39.002,1.3028,1.30286,1.00,1.00
2015.07.31 14:36:39.498,1.30281,1.30293,1.00,1.87
2015.07.31 14:36:39.550,1.30282,1.30293,1.12,1.50
2015.07.31 14:36:39.910,1.30284,1.30294,1.00,3.75
2015.07.31 14:36:40.366,1.30288,1.30296,1.00,1.50
2015.07.31 14:36:40.519,1.30288,1.30298,1.00,1.00
2015.07.31 14:36:41.039,1.30288,1.30299,1.00,4.50
2015.07.31 14:36:41.548,1.30288,1.30299,1.00,4.87
2015.07.31 14:36:41.751,1.30292,1.30299,1.00,1.87
2015.07.31 14:36:42.475,1.30294,1.30299,1.00,1.87
2015.07.31 14:36:42.728,1.30294,1.30299,1.00,1.00
2015.07.31 14:36:42.830,1.30294,1.30301,1.00,1.12
2015.07.31 14:36:43.489,1.30292,1.30301,1.00,1.12
2015.07.31 14:36:43.593,1.30296,1.30301,1.00,1.37
2015.07.31 14:36:43.700,1.30296,1.30302,1.00,1.12
2015.07.31 14:36:43.954,1.30298,1.30302,1.00,1.12
2015.07.31 14:36:44.360,1.30298,1.30304,1.00,1.00
2015.07.31 14:36:45.206,1.30297,1.30304,1.00,1.12
2015.07.31 14:36:45.416,1.303,1.30304,1.00,1.12
2015.07.31 14:36:45.771,1.30299,1.30307,1.00,4.12
2015.07.31 14:36:46.489,1.30296,1.30302,1.00,1.00
2015.07.31 14:36:47.008,1.30297,1.30302,1.00,1.00
2015.07.31 14:36:47.060,1.30297,1.30304,1.00,1.00
2015.07.31 14:36:47.161,1.30297,1.30302,1.00,1.00
2015.07.31 14:36:47.466,1.30308,1.30312,1.35,3.75
2015.07.31 14:36:47.517,1.3031,1.30315,1.00,1.00
2015.07.31 14:36:47.902,1.30306,1.3031,1.00,1.00
2015.07.31 14:36:47.954,1.30303,1.3031,1.00,1.00
2015.07.31 14:36:48.005,1.30303,1.30307,1.00,1.00
2015.07.31 14:36:48.056,1.30301,1.30307,1.00,1.00
2015.07.31 14:36:48.108,1.30299,1.30305,1.00,1.00
2015.07.31 14:36:48.313,1.30305,1.30314,1.00,4.12
2015.07.31 14:36:49.295,1.30303,1.30309,1.00,1.00
2015.07.31 14:36:49.347,1.30301,1.30308,1.00,1.00
2015.07.31 14:36:49.398,1.30301,1.3031,1.00,1.12
2015.07.31 14:36:49.703,1.30302,1.30313,1.00,2.25
2015.07.31 14:36:49.805,1.30302,1.30309,1.00,1.00
2015.07.31 14:36:50.110,1.30302,1.30312,1.00,1.00
2015.07.31 14:36:50.372,1.30302,1.3031,1.00,1.12
2015.07.31 14:36:50.936,1.30302,1.30306,1.00,1.00
2015.07.31 14:36:50.987,1.30302,1.30312,1.00,2.25
2015.07.31 14:36:51.190,1.30304,1.30312,1.00,2.25
2015.07.31 14:36:51.494,1.30302,1.3031,1.00,1.37
2015.07.31 14:36:51.900,1.303,1.3031,1.00,1.00
2015.07.31 14:36:53.024,1.30305,1.30311,1.00,1.50
2015.07.31 14:36:53.126,1.30307,1.30313,1.00,1.87
2015.07.31 14:36:53.723,1.30311,1.30319,1.00,2.25
2015.07.31 14:36:53.783,1.30311,1.3032,1.00,1.37
2015.07.31 14:36:53.885,1.30311,1.30321,1.00,1.00
2015.07.31 14:36:54.394,1.30312,1.30322,1.00,1.00
2015.07.31 14:36:55.348,1.30312,1.30323,1.00,1.12
2015.07.31 14:36:57.162,1.30312,1.30322,1.00,1.00
2015.07.31 14:36:58.186,1.30312,1.30324,1.50,1.50
2015.07.31 14:36:58.592,1.30312,1.30326,2.62,3.67
2015.07.31 14:36:58.644,1.30315,1.30326,1.00,2.32
2015.07.31 14:36:58.949,1.30319,1.30327,2.25,1.10
2015.07.31 14:36:59.504,1.3032,1.30327,1.00,1.12
2015.07.31 14:37:00.011,1.30321,1.30328,1.00,1.37
2015.07.31 14:37:01.305,1.3032,1.3033,1.50,1.87
2015.07.31 14:37:01.457,1.30321,1.30332,2.62,1.12
2015.07.31 14:37:01.559,1.30325,1.30332,1.00,1.12
2015.07.31 14:37:01.610,1.30323,1.30334,1.00,1.00
2015.07.31 14:37:02.183,1.30324,1.30334,1.00,1.00
2015.07.31 14:37:02.286,1.30329,1.30333,2.10,1.00
2015.07.31 14:37:02.489,1.30325,1.30335,1.75,1.00
2015.07.31 14:37:02.641,1.30328,1.30337,2.10,1.50
2015.07.31 14:37:02.743,1.3033,1.30339,1.35,1.50
2015.07.31 14:37:02.794,1.3033,1.30339,2.85,1.00
2015.07.31 14:37:02.845,1.3033,1.3034,1.00,2.62
2015.07.31 14:37:03.150,1.30328,1.30337,1.72,1.00
2015.07.31 14:37:03.855,1.30326,1.30335,2.25,1.00
2015.07.31 14:37:04.412,1.30325,1.30331,2.10,1.00
2015.07.31 14:37:04.463,1.30325,1.30333,2.10,1.00
2015.07.31 14:37:04.616,1.30324,1.30331,2.10,1.00
2015.07.31 14:37:05.422,1.30324,1.30331,1.72,1.00
2015.07.31 14:37:05.474,1.30324,1.30329,1.72,1.00
2015.07.31 14:37:05.984,1.30324,1.3033,3.22,1.00
2015.07.31 14:37:06.087,1.30324,1.30329,1.72,1.00
2015.07.31 14:37:06.839,1.30324,1.30329,1.72,1.00
2015.07.31 14:37:07.246,1.30324,1.30329,1.72,1.00
2015.07.31 14:37:07.949,1.3032,1.30325,1.67,1.00
2015.07.31 14:37:08.051,1.30318,1.30323,1.12,1.00
2015.07.31 14:37:08.205,1.30312,1.30316,1.00,1.00
2015.07.31 14:37:08.358,1.30308,1.30314,1.37,1.00
2015.07.31 14:37:08.409,1.30308,1.30313,1.37,1.00
2015.07.31 14:37:08.461,1.30306,1.30312,1.57,1.00
2015.07.31 14:37:08.715,1.30305,1.30309,1.00,1.00
2015.07.31 14:37:09.236,1.30304,1.30309,1.30,1.00
2015.07.31 14:37:09.490,1.30304,1.30308,1.30,1.00
2015.07.31 14:37:09.796,1.30295,1.30303,3.00,1.00
2015.07.31 14:37:09.847,1.30295,1.30301,1.57,1.00
2015.07.31 14:37:09.898,1.30295,1.303,1.57,1.00
2015.07.31 14:37:10.000,1.30293,1.30299,1.10,1.00
2015.07.31 14:37:10.449,1.3029,1.30296,2.85,1.00
2015.07.31 14:37:10.654,1.30288,1.30296,1.12,1.00
2015.07.31 14:37:10.870,1.30287,1.30295,1.35,1.00
2015.07.31 14:37:11.174,1.30287,1.30295,2.85,1.00
2015.07.31 14:37:11.376,1.30287,1.30295,1.00,1.00
2015.07.31 14:37:12.019,1.30286,1.30295,1.87,1.00
2015.07.31 14:37:12.071,1.30286,1.30293,2.47,1.00
2015.07.31 14:37:12.374,1.30286,1.30291,1.30,1.00
2015.07.31 14:37:12.678,1.30281,1.30288,2.25,1.00
2015.07.31 14:37:13.210,1.30276,1.3028,3.00,1.00
2015.07.31 14:37:13.261,1.30272,1.30282,2.55,1.00
2015.07.31 14:37:13.312,1.30276,1.30282,2.10,1.00
2015.07.31 14:37:13.363,1.30276,1.30284,2.47,1.50
2015.07.31 14:37:13.516,1.30275,1.30282,2.47,1.00
2015.07.31 14:37:13.873,1.30276,1.30285,2.47,1.50
2015.07.31 14:37:14.278,1.30276,1.30283,1.30,1.00
2015.07.31 14:37:14.431,1.30273,1.30281,1.05,1.00
2015.07.31 14:37:14.482,1.30273,1.30281,2.55,1.00
2015.07.31 14:37:14.533,1.30273,1.30281,1.05,1.00
2015.07.31 14:37:14.686,1.30272,1.30279,1.05,1.00
2015.07.31 14:37:14.991,1.30275,1.30281,2.10,1.00
2015.07.31 14:37:15.771,1.30275,1.30282,2.10,1.00
2015.07.31 14:37:16.179,1.30277,1.30282,2.10,1.50
2015.07.31 14:37:16.281,1.30275,1.30282,5.10,1.00
2015.07.31 14:37:16.384,1.30276,1.30285,2.47,1.00
2015.07.31 14:37:16.435,1.30277,1.30287,2.85,1.00
2015.07.31 14:37:16.882,1.30279,1.30287,2.10,1.00
2015.07.31 14:37:17.037,1.30278,1.30285,1.00,1.50
2015.07.31 14:37:17.088,1.30276,1.30282,1.12,1.00
2015.07.31 14:37:17.393,1.30271,1.30277,1.05,1.00
2015.07.31 14:37:17.698,1.30268,1.30275,2.47,1.00
2015.07.31 14:37:17.851,1.30271,1.30277,1.30,1.00
2015.07.31 14:37:18.398,1.3027,1.30278,2.47,1.00
2015.07.31 14:37:18.551,1.3027,1.30278,1.30,1.00
2015.07.31 14:37:19.666,1.30269,1.30276,1.30,1.00
2015.07.31 14:37:19.819,1.30269,1.30278,1.30,1.50
2015.07.31 14:37:19.921,1.30269,1.30277,2.47,1.00
2015.07.31 14:37:20.023,1.30269,1.30278,1.30,1.50
2015.07.31 14:37:20.277,1.30269,1.30276,1.30,1.00
2015.07.31 14:37:20.828,1.30269,1.30276,2.47,1.00
2015.07.31 14:37:20.930,1.30269,1.30276,1.30,1.00
2015.07.31 14:37:21.455,1.30267,1.30277,2.17,1.00
2015.07.31 14:37:22.119,1.30268,1.30276,2.47,1.00
2015.07.31 14:37:22.627,1.30269,1.30277,1.30,1.00
2015.07.31 14:37:23.098,1.30269,1.30276,2.47,1.00
2015.07.31 14:37:23.612,1.30268,1.30276,2.47,1.00
2015.07.31 14:37:23.815,1.30269,1.30278,2.10,1.00
2015.07.31 14:37:24.321,1.30269,1.30279,1.67,1.50
2015.07.31 14:37:24.882,1.30269,1.30279,2.85,1.00
2015.07.31 14:37:24.984,1.3027,1.30277,1.30,1.00
2015.07.31 14:37:25.136,1.30274,1.30283,1.60,1.00
2015.07.31 14:37:25.289,1.30275,1.30283,2.10,1.00
2015.07.31 14:37:25.441,1.30276,1.30287,2.85,1.00
2015.07.31 14:37:25.593,1.30279,1.30287,2.10,1.00
2015.07.31 14:37:26.657,1.30277,1.30287,2.10,1.00
2015.07.31 14:37:26.708,1.30276,1.30286,1.00,1.87
2015.07.31 14:37:27.066,1.30276,1.30282,1.00,1.00
2015.07.31 14:37:27.372,1.30274,1.30278,1.00,1.00
2015.07.31 14:37:27.794,1.30268,1.30274,2.10,1.00
2015.07.31 14:37:27.949,1.30267,1.30272,3.22,1.00
2015.07.31 14:37:28.052,1.30267,1.30274,3.22,1.00
2015.07.31 14:37:28.206,1.30269,1.30275,2.10,1.00
2015.07.31 14:37:28.311,1.30267,1.30274,2.47,1.00
2015.07.31 14:37:28.362,1.30268,1.30276,1.60,1.00
2015.07.31 14:37:28.907,1.3027,1.30275,1.30,1.00
2015.07.31 14:37:29.263,1.30269,1.30274,1.30,1.00
2015.07.31 14:37:30.068,1.30267,1.30274,2.07,1.00
2015.07.31 14:37:30.119,1.30267,1.30276,3.30,1.00
2015.07.31 14:37:30.424,1.30267,1.30274,3.30,1.00
2015.07.31 14:37:30.881,1.30266,1.30272,2.25,1.00
2015.07.31 14:37:30.933,1.30266,1.30271,1.50,1.00
2015.07.31 14:37:31.035,1.30264,1.30273,3.75,1.00
2015.07.31 14:37:31.443,1.30263,1.30269,1.72,1.00
2015.07.31 14:37:31.501,1.3026,1.30265,1.00,1.00
2015.07.31 14:37:31.654,1.30257,1.30263,3.67,1.00
2015.07.31 14:37:32.224,1.3026,1.30264,1.30,1.00
2015.07.31 14:37:32.530,1.3026,1.30266,3.22,1.00
2015.07.31 14:37:33.070,1.30259,1.30265,3.22,1.00
2015.07.31 14:37:33.843,1.30259,1.30264,1.60,1.00
2015.07.31 14:37:34.523,1.3026,1.30267,1.97,1.00
2015.07.31 14:37:34.578,1.30263,1.3027,2.47,1.00
2015.07.31 14:37:35.034,1.30267,1.30273,2.10,1.00
2015.07.31 14:37:35.802,1.30268,1.30272,1.30,1.00
2015.07.31 14:37:36.317,1.30267,1.30273,2.85,1.00
2015.07.31 14:37:36.772,1.30269,1.30275,2.47,1.50
2015.07.31 14:37:37.640,1.30272,1.30278,2.10,1.00
2015.07.31 14:37:37.895,1.30272,1.30278,2.10,1.00
2015.07.31 14:37:38.352,1.30272,1.30277,2.47,1.00
2015.07.31 14:37:39.016,1.30272,1.30277,2.47,1.00
2015.07.31 14:37:39.068,1.30273,1.30279,2.10,1.00
2015.07.31 14:37:39.119,1.30273,1.30279,2.10,1.00
2015.07.31 14:37:39.170,1.30271,1.30277,2.47,1.00
2015.07.31 14:37:39.272,1.3027,1.30276,1.42,1.00
2015.07.31 14:37:39.425,1.3027,1.30275,1.42,1.00
2015.07.31 14:37:39.933,1.30269,1.30273,1.00,1.00
2015.07.31 14:37:40.403,1.30266,1.30271,1.30,1.00
2015.07.31 14:37:40.557,1.30268,1.30272,1.30,1.00
2015.07.31 14:37:40.816,1.30268,1.30275,1.35,1.00
2015.07.31 14:37:41.542,1.30268,1.30274,1.00,1.00
2015.07.31 14:37:41.646,1.30268,1.30276,1.35,1.00
2015.07.31 14:37:41.698,1.3027,1.30277,3.00,1.00
2015.07.31 14:37:42.004,1.30285,1.30292,3.22,3.00
2015.07.31 14:37:42.156,1.30285,1.30291,1.00,1.50
2015.07.31 14:37:42.258,1.30283,1.30287,1.00,1.00
2015.07.31 14:37:42.664,1.3029,1.30294,6.00,1.00
2015.07.31 14:37:42.718,1.30298,1.30307,1.00,1.50
2015.07.31 14:37:42.771,1.30297,1.30309,1.87,1.00
2015.07.31 14:37:42.822,1.30297,1.3031,4.72,1.00
2015.07.31 14:37:42.874,1.30298,1.30312,2.47,1.50
2015.07.31 14:37:42.927,1.30302,1.30312,1.00,1.00
2015.07.31 14:37:43.292,1.303,1.30312,2.47,1.00
2015.07.31 14:37:44.100,1.30299,1.30311,1.35,1.12
2015.07.31 14:37:44.455,1.303,1.30311,1.60,1.87
2015.07.31 14:37:44.759,1.30298,1.30306,3.60,1.00
2015.07.31 14:37:44.810,1.30298,1.30305,1.50,1.00
2015.07.31 14:37:45.015,1.30297,1.30305,1.12,2.10
2015.07.31 14:37:45.389,1.30294,1.30298,5.25,1.10
2015.07.31 14:37:45.440,1.30287,1.30297,1.50,1.12
2015.07.31 14:37:45.593,1.30285,1.30297,1.87,1.87
2015.07.31 14:37:45.847,1.30283,1.30295,7.05,1.12
2015.07.31 14:37:46.151,1.30283,1.30292,1.00,1.87
2015.07.31 14:37:46.525,1.3028,1.3029,1.35,1.87
2015.07.31 14:37:46.683,1.3028,1.3029,2.10,1.12
2015.07.31 14:37:46.987,1.30281,1.30285,1.30,1.00
2015.07.31 14:37:48.303,1.30278,1.30284,2.10,1.00
2015.07.31 14:37:48.354,1.30279,1.30287,3.22,1.00
2015.07.31 14:37:48.406,1.30282,1.30287,2.10,1.00
2015.07.31 14:37:48.558,1.30278,1.30283,4.05,1.00
2015.07.31 14:37:49.408,1.30277,1.30284,1.37,1.00
2015.07.31 14:37:49.563,1.30277,1.30284,1.87,1.00
2015.07.31 14:37:50.109,1.30276,1.30282,3.60,1.00
2015.07.31 14:37:50.211,1.30276,1.30286,1.72,1.00
2015.07.31 14:37:50.754,1.30276,1.30285,1.72,1.00
2015.07.31 14:37:51.263,1.30275,1.30286,6.97,1.00
2015.07.31 14:37:51.652,1.30279,1.30287,2.85,1.20
2015.07.31 14:37:52.196,1.3028,1.30288,2.10,1.00
2015.07.31 14:37:52.247,1.30279,1.30288,1.60,1.00
2015.07.31 14:37:52.298,1.30283,1.30288,1.60,1.50
2015.07.31 14:37:52.501,1.30286,1.30295,2.10,1.00
2015.07.31 14:37:52.552,1.30284,1.30295,2.10,1.00
2015.07.31 14:37:52.655,1.30282,1.30293,4.12,1.00
2015.07.31 14:37:52.757,1.3028,1.30292,4.20,2.25
2015.07.31 14:37:52.859,1.3028,1.3029,3.37,1.00
2015.07.31 14:37:53.774,1.30279,1.3029,1.35,1.50
2015.07.31 14:37:54.179,1.30279,1.3029,2.10,1.00
2015.07.31 14:37:54.827,1.30268,1.30275,1.00,1.72
2015.07.31 14:37:54.883,1.30263,1.30273,1.50,1.87
2015.07.31 14:37:54.985,1.3026,1.3027,4.87,1.12
2015.07.31 14:37:55.391,1.30262,1.3027,1.00,1.12
2015.07.31 14:37:55.696,1.3026,1.30271,4.12,1.37
2015.07.31 14:37:56.234,1.30259,1.30271,1.95,1.00
2015.07.31 14:37:56.438,1.30265,1.3027,1.00,1.00
2015.07.31 14:37:56.489,1.30265,1.30274,1.00,1.00
2015.07.31 14:37:56.844,1.30263,1.30271,2.70,1.00
2015.07.31 14:37:56.895,1.30263,1.30273,2.62,1.00
2015.07.31 14:37:57.445,1.30264,1.30273,1.50,1.00
2015.07.31 14:37:57.749,1.30264,1.30271,1.00,1.00
2015.07.31 14:37:58.256,1.30262,1.30271,3.00,1.00
2015.07.31 14:37:59.111,1.30262,1.3027,2.25,1.00
2015.07.31 14:37:59.213,1.30262,1.30273,4.35,1.00
2015.07.31 14:37:59.417,1.30261,1.30273,1.87,2.62
2015.07.31 14:37:59.468,1.30261,1.30273,1.87,3.75
2015.07.31 14:37:59.773,1.30263,1.30274,1.12,1.37
2015.07.31 14:38:00.128,1.30267,1.30274,1.00,1.37
2015.07.31 14:38:00.541,1.3027,1.30275,1.00,1.00
2015.07.31 14:38:00.595,1.3027,1.30277,1.00,1.10
2015.07.31 14:38:01.104,1.30271,1.30278,1.00,1.87
2015.07.31 14:38:01.949,1.3027,1.30279,1.00,1.10
2015.07.31 14:38:02.456,1.30271,1.3028,1.00,1.12
2015.07.31 14:38:02.869,1.30273,1.30281,1.00,5.62
2015.07.31 14:38:03.511,1.30273,1.30282,1.00,3.22
2015.07.31 14:38:03.817,1.3028,1.30285,2.25,1.12
2015.07.31 14:38:03.868,1.30285,1.30291,1.00,1.87
2015.07.31 14:38:03.919,1.30286,1.30291,1.00,1.00
2015.07.31 14:38:04.039,1.30287,1.30294,1.00,2.32
2015.07.31 14:38:04.297,1.30289,1.30297,1.12,1.00
2015.07.31 14:38:04.683,1.30293,1.30299,1.00,1.50
2015.07.31 14:38:04.785,1.30293,1.30301,1.00,2.25
2015.07.31 14:38:05.293,1.30292,1.30301,1.00,2.25
2015.07.31 14:38:05.395,1.30295,1.30301,1.00,2.62
2015.07.31 14:38:05.993,1.30297,1.30301,1.00,1.95
2015.07.31 14:38:06.207,1.30295,1.30301,1.00,2.70
2015.07.31 14:38:06.258,1.30297,1.30301,1.00,2.70
2015.07.31 14:38:06.865,1.30297,1.30302,1.00,2.62
2015.07.31 14:38:07.312,1.30303,1.30307,1.00,3.00
2015.07.31 14:38:07.363,1.30304,1.30311,1.00,1.50
2015.07.31 14:38:07.515,1.30306,1.30315,2.10,1.00
2015.07.31 14:38:07.718,1.30309,1.30318,1.00,1.00
2015.07.31 14:38:08.983,1.30308,1.30318,1.00,1.00
2015.07.31 14:38:10.565,1.30309,1.30318,1.00,1.50
2015.07.31 14:38:10.616,1.30309,1.30316,1.00,1.00
2015.07.31 14:38:10.819,1.30307,1.30316,1.00,1.10
2015.07.31 14:38:10.921,1.30308,1.30314,1.00,1.12
2015.07.31 14:38:11.577,1.30304,1.3031,1.00,1.75
2015.07.31 14:38:11.629,1.30299,1.3031,1.00,1.75
2015.07.31 14:38:12.141,1.303,1.30311,1.00,4.72
2015.07.31 14:38:12.193,1.30297,1.30311,3.00,3.37
2015.07.31 14:38:12.244,1.303,1.3031,1.00,1.75
2015.07.31 14:38:12.449,1.30301,1.30312,1.50,1.50
2015.07.31 14:38:12.837,1.30303,1.30316,3.22,1.87
2015.07.31 14:38:12.889,1.30306,1.30316,1.00,1.37
2015.07.31 14:38:13.395,1.30305,1.30317,1.00,2.62
2015.07.31 14:38:14.017,1.30305,1.30316,1.12,1.10
2015.07.31 14:38:14.492,1.30307,1.30318,1.00,1.12
2015.07.31 14:38:14.949,1.30308,1.3032,1.00,1.57
2015.07.31 14:38:15.501,1.30309,1.3032,1.00,1.57
2015.07.31 14:38:15.705,1.3031,1.30321,1.30,1.12
2015.07.31 14:38:15.857,1.30308,1.30321,3.00,1.87
2015.07.31 14:38:16.364,1.30308,1.30321,2.25,2.25
2015.07.31 14:38:17.280,1.30308,1.30319,2.85,1.12
2015.07.31 14:38:17.484,1.3031,1.30321,1.72,1.20
2015.07.31 14:38:18.032,1.30312,1.30322,1.00,1.37
2015.07.31 14:38:18.461,1.30312,1.30323,1.35,2.25
2015.07.31 14:38:19.673,1.30309,1.30321,4.35,1.87
2015.07.31 14:38:20.180,1.30309,1.30321,2.25,1.87
2015.07.31 14:38:21.515,1.30309,1.30321,2.62,1.00
2015.07.31 14:38:22.061,1.30309,1.30321,3.00,1.12
2015.07.31 14:38:22.632,1.30311,1.30322,1.12,1.50
2015.07.31 14:38:23.653,1.3031,1.30321,1.12,1.00
2015.07.31 14:38:24.451,1.30311,1.30322,1.12,1.12
2015.07.31 14:38:26.149,1.30311,1.30322,1.37,1.00
2015.07.31 14:38:27.309,1.3031,1.30321,1.37,1.00
2015.07.31 14:38:27.613,1.30315,1.30322,2.10,1.00
2015.07.31 14:38:27.917,1.30317,1.30323,2.10,1.00
2015.07.31 14:38:27.969,1.30318,1.30328,1.60,1.12
2015.07.31 14:38:28.071,1.30319,1.30331,2.47,1.00
2015.07.31 14:38:28.647,1.30322,1.30333,1.00,2.25
2015.07.31 14:38:29.164,1.30322,1.30334,1.12,1.50
2015.07.31 14:38:30.419,1.30321,1.30329,1.50,1.00
2015.07.31 14:38:30.927,1.30318,1.30329,1.67,1.50
2015.07.31 14:38:30.978,1.30318,1.30329,1.30,1.50
2015.07.31 14:38:32.623,1.30319,1.30329,1.00,1.00
2015.07.31 14:38:32.827,1.3032,1.30331,1.00,1.12
2015.07.31 14:38:33.290,1.30321,1.30334,3.00,1.37
2015.07.31 14:38:33.544,1.30322,1.30335,2.47,1.37
2015.07.31 14:38:33.596,1.30322,1.30335,3.60,1.12
2015.07.31 14:38:34.361,1.30323,1.30335,2.47,1.50
2015.07.31 14:38:34.870,1.30324,1.30335,2.47,2.25
2015.07.31 14:38:34.973,1.30325,1.30332,1.30,1.00
2015.07.31 14:38:35.588,1.3032,1.30332,2.25,1.00
2015.07.31 14:38:36.135,1.3032,1.30333,1.75,1.12
2015.07.31 14:38:36.186,1.3032,1.3033,1.37,1.00
2015.07.31 14:38:36.288,1.30317,1.30328,1.87,1.00
2015.07.31 14:38:36.390,1.30315,1.30326,1.72,1.00
2015.07.31 14:38:36.792,1.30313,1.30321,1.47,1.50
2015.07.31 14:38:36.847,1.30308,1.30321,1.50,4.12
2015.07.31 14:38:37.201,1.30308,1.3032,1.12,1.87
2015.07.31 14:38:37.713,1.30308,1.3032,1.72,1.37
2015.07.31 14:38:38.108,1.30309,1.30321,2.85,1.87
2015.07.31 14:38:38.311,1.30314,1.30323,1.87,1.50
2015.07.31 14:38:38.413,1.30311,1.30323,2.10,1.50
2015.07.31 14:38:38.464,1.30315,1.30323,1.00,1.00
2015.07.31 14:38:38.566,1.30314,1.30325,1.12,1.50
2015.07.31 14:38:39.071,1.30311,1.30324,2.10,1.12
2015.07.31 14:38:39.577,1.30311,1.30323,3.60,1.12
2015.07.31 14:38:40.084,1.30312,1.30323,1.30,1.87
2015.07.31 14:38:41.298,1.3031,1.30321,2.47,2.62
2015.07.31 14:38:41.828,1.30309,1.3032,2.47,1.00
2015.07.31 14:38:43.186,1.30309,1.30321,3.22,1.12
2015.07.31 14:38:43.694,1.30309,1.3032,3.22,1.00
2015.07.31 14:38:44.200,1.30311,1.30321,2.47,1.12
2015.07.31 14:38:44.302,1.3031,1.30321,1.37,1.87
2015.07.31 14:38:44.841,1.30309,1.3032,1.50,1.00
2015.07.31 14:38:45.147,1.30309,1.30319,1.12,1.00
2015.07.31 14:38:45.659,1.30309,1.3032,1.00,1.50
2015.07.31 14:38:46.167,1.3031,1.30321,1.35,1.00
2015.07.31 14:38:46.698,1.3031,1.30323,2.25,1.87
2015.07.31 14:38:46.850,1.3031,1.30323,3.60,2.62
2015.07.31 14:38:47.366,1.30312,1.30324,2.85,1.50
2015.07.31 14:38:47.873,1.30313,1.30324,1.00,2.25
2015.07.31 14:38:48.176,1.30318,1.30328,1.00,2.70
2015.07.31 14:38:48.753,1.30316,1.30326,1.87,1.10
2015.07.31 14:38:48.804,1.30316,1.30328,2.47,1.87
2015.07.31 14:38:49.059,1.30316,1.30328,4.35,1.87
2015.07.31 14:38:49.564,1.30317,1.30328,1.30,1.50
2015.07.31 14:38:50.313,1.30316,1.30326,1.30,1.50
2015.07.31 14:38:50.620,1.30311,1.30321,1.00,1.12
2015.07.31 14:38:52.331,1.3031,1.30321,2.85,1.00
2015.07.31 14:38:53.026,1.3031,1.30321,2.85,1.00
2015.07.31 14:38:53.629,1.3031,1.30321,2.85,1.00
2015.07.31 14:38:54.135,1.3031,1.30321,2.85,1.00
2015.07.31 14:38:54.640,1.3031,1.30321,2.47,1.00
2015.07.31 14:38:55.319,1.30312,1.30321,1.50,1.00
2015.07.31 14:38:55.842,1.30312,1.30322,1.37,1.00
2015.07.31 14:38:56.449,1.30311,1.30322,1.12,1.00
2015.07.31 14:38:56.559,1.30313,1.30322,1.60,1.00
2015.07.31 14:38:56.914,1.30314,1.30325,1.35,1.00
2015.07.31 14:38:57.067,1.30316,1.30327,2.85,1.50
2015.07.31 14:38:57.169,1.30319,1.30329,1.30,1.00
2015.07.31 14:38:57.601,1.30318,1.30331,3.60,1.50
2015.07.31 14:38:58.429,1.30318,1.30332,3.60,3.37
2015.07.31 14:38:59.110,1.3032,1.30332,1.00,3.37
2015.07.31 14:38:59.451,1.30319,1.30323,1.00,1.00
2015.07.31 14:38:59.553,1.30312,1.3032,1.37,1.00
2015.07.31 14:39:00.401,1.30312,1.30319,1.00,1.00
2015.07.31 14:39:00.764,1.30309,1.30319,1.87,1.00
2015.07.31 14:39:02.070,1.30309,1.30319,1.37,1.00
2015.07.31 14:39:02.580,1.30309,1.3032,2.85,1.00
2015.07.31 14:39:03.293,1.30308,1.30319,1.87,1.00
2015.07.31 14:39:04.056,1.30309,1.30319,2.47,1.10
2015.07.31 14:39:04.629,1.3031,1.30319,2.47,1.00
2015.07.31 14:39:04.935,1.30317,1.30325,1.35,1.12
2015.07.31 14:39:05.138,1.30315,1.30325,1.50,1.87
2015.07.31 14:39:05.650,1.30311,1.3032,1.35,1.00
2015.07.31 14:39:06.159,1.30311,1.30321,1.35,1.00
2015.07.31 14:39:06.815,1.30311,1.30323,3.30,2.25
2015.07.31 14:39:07.272,1.30314,1.30323,2.10,2.25
2015.07.31 14:39:07.608,1.30312,1.30323,1.00,2.25
2015.07.31 14:39:08.358,1.3031,1.30319,1.00,1.00
2015.07.31 14:39:08.864,1.3031,1.3032,1.35,1.00
2015.07.31 14:39:09.370,1.3031,1.30319,1.35,1.00
2015.07.31 14:39:09.743,1.30316,1.3032,1.00,1.00
2015.07.31 14:39:09.794,1.30316,1.30321,1.00,2.25
2015.07.31 14:39:10.303,1.30314,1.30321,1.00,1.87
2015.07.31 14:39:10.835,1.30314,1.30319,1.00,1.00
2015.07.31 14:39:13.174,1.30314,1.30318,1.00,1.00
2015.07.31 14:39:14.326,1.30312,1.30318,1.00,1.87
2015.07.31 14:39:14.630,1.30309,1.30318,1.00,1.87
2015.07.31 14:39:15.063,1.30308,1.30314,1.00,1.12
2015.07.31 14:39:15.115,1.30304,1.30313,1.00,1.00
2015.07.31 14:39:15.269,1.30303,1.30311,1.00,1.00
2015.07.31 14:39:15.574,1.30306,1.30313,1.00,1.00
2015.07.31 14:39:15.930,1.30307,1.30315,1.00,1.12
2015.07.31 14:39:16.504,1.30309,1.30315,1.00,1.00
2015.07.31 14:39:16.607,1.30309,1.30317,1.00,2.25
2015.07.31 14:39:17.710,1.3031,1.30318,1.00,1.00
2015.07.31 14:39:18.108,1.30313,1.3032,1.00,1.50
2015.07.31 14:39:18.413,1.30315,1.30321,1.00,1.37
2015.07.31 14:39:18.616,1.30315,1.30322,1.00,2.25
2015.07.31 14:39:19.184,1.30315,1.30323,1.00,1.12
2015.07.31 14:39:19.235,1.30319,1.30325,1.00,6.75
2015.07.31 14:39:19.690,1.30318,1.30322,1.00,1.00
2015.07.31 14:39:19.944,1.30316,1.30322,1.00,1.00
2015.07.31 14:39:20.198,1.30314,1.30321,1.00,1.00
2015.07.31 14:39:20.815,1.30313,1.3032,1.00,1.00
2015.07.31 14:39:20.866,1.30316,1.3032,1.00,1.00
2015.07.31 14:39:20.917,1.30316,1.30322,1.35,1.00
2015.07.31 14:39:21.020,1.30318,1.30323,1.35,1.00
2015.07.31 14:39:21.121,1.30318,1.30325,1.35,1.00
2015.07.31 14:39:21.173,1.30318,1.30327,1.35,2.62
2015.07.31 14:39:21.580,1.3032,1.30327,1.00,1.00
2015.07.31 14:39:22.059,1.30321,1.30332,1.50,1.50
2015.07.31 14:39:22.110,1.30323,1.30332,1.00,1.50
2015.07.31 14:39:22.929,1.30323,1.30334,1.00,1.00
2015.07.31 14:39:24.181,1.30326,1.30334,1.00,1.00
2015.07.31 14:39:25.210,1.30324,1.30334,1.00,1.00
2015.07.31 14:39:25.314,1.30323,1.30331,1.00,1.72
2015.07.31 14:39:25.365,1.30321,1.30331,1.00,2.85
2015.07.31 14:39:25.418,1.30318,1.30327,3.37,1.72
2015.07.31 14:39:25.673,1.30315,1.30325,1.00,1.50
2015.07.31 14:39:26.629,1.30315,1.30325,1.00,2.25
2015.07.31 14:39:27.488,1.30315,1.30324,1.00,1.00
2015.07.31 14:39:27.996,1.30315,1.30325,1.00,2.62
2015.07.31 14:39:29.655,1.30316,1.30325,1.00,1.12
2015.07.31 14:39:29.706,1.30316,1.30323,1.00,1.00
2015.07.31 14:39:30.013,1.30314,1.30321,1.00,1.00
2015.07.31 14:39:30.545,1.30314,1.30322,1.00,1.00
2015.07.31 14:39:31.051,1.30314,1.30323,1.00,2.25
2015.07.31 14:39:32.737,1.30313,1.30323,1.00,2.25
2015.07.31 14:39:32.789,1.30313,1.30323,2.85,2.25
2015.07.31 14:39:33.298,1.30313,1.30323,1.35,2.25
2015.07.31 14:39:33.601,1.30311,1.30322,1.50,2.25
2015.07.31 14:39:33.652,1.30311,1.3032,1.50,1.00
2015.07.31 14:39:35.002,1.30311,1.30319,1.00,1.00
2015.07.31 14:39:36.221,1.30311,1.30317,1.00,1.00
2015.07.31 14:39:36.627,1.30309,1.30318,1.00,1.37
2015.07.31 14:39:36.729,1.30306,1.30316,2.62,1.00
2015.07.31 14:39:37.112,1.30306,1.30314,1.00,4.12
2015.07.31 14:39:37.164,1.30301,1.3031,1.00,1.00
2015.07.31 14:39:37.671,1.30301,1.3031,1.00,3.00
2015.07.31 14:39:38.421,1.30301,1.3031,1.00,3.75
2015.07.31 14:39:38.574,1.30301,1.30309,1.00,1.50
2015.07.31 14:39:38.948,1.30301,1.30308,1.00,1.50
2015.07.31 14:39:39.667,1.30296,1.30303,1.00,1.00
2015.07.31 14:39:40.190,1.30295,1.30303,1.00,1.00
2015.07.31 14:39:40.548,1.30301,1.30305,1.00,1.00
2015.07.31 14:39:40.700,1.30301,1.30306,1.00,1.87
2015.07.31 14:39:41.198,1.30303,1.3031,1.00,1.37
2015.07.31 14:39:41.253,1.30303,1.30313,1.50,1.00
2015.07.31 14:39:41.355,1.30303,1.30315,1.87,1.12
2015.07.31 14:39:41.810,1.30306,1.30316,1.00,1.00
2015.07.31 14:39:42.574,1.30304,1.30316,1.00,1.50
2015.07.31 14:39:42.777,1.30301,1.30313,1.50,1.00
2015.07.31 14:39:42.879,1.30301,1.30312,1.00,1.37
2015.07.31 14:39:42.981,1.30299,1.30311,1.00,1.87
2015.07.31 14:39:43.285,1.303,1.30312,1.00,1.87
2015.07.31 14:39:43.857,1.303,1.30312,1.00,3.00
2015.07.31 14:39:44.110,1.30298,1.30312,3.37,3.00
2015.07.31 14:39:44.212,1.30298,1.30309,3.37,1.00
2015.07.31 14:39:45.393,1.30299,1.30311,1.00,3.75
2015.07.31 14:39:45.698,1.30301,1.30311,1.00,1.12
2015.07.31 14:39:46.678,1.303,1.30311,1.00,1.75
2015.07.31 14:39:47.088,1.303,1.30311,1.00,1.12
2015.07.31 14:39:47.190,1.303,1.30309,1.00,1.00
2015.07.31 14:39:48.469,1.303,1.3031,1.00,1.12
2015.07.31 14:39:49.016,1.303,1.3031,1.60,1.37
2015.07.31 14:39:49.565,1.30303,1.30312,1.50,1.12
2015.07.31 14:39:49.770,1.30301,1.30312,1.00,1.12
2015.07.31 14:39:49.822,1.30301,1.3031,1.50,1.00
2015.07.31 14:39:50.410,1.30302,1.30312,1.50,1.87
2015.07.31 14:39:50.990,1.303,1.30308,1.00,1.12
2015.07.31 14:39:51.446,1.30298,1.30307,1.00,1.00
2015.07.31 14:39:51.649,1.30301,1.30307,1.00,1.00
2015.07.31 14:39:52.563,1.303,1.30306,1.00,2.85
2015.07.31 14:39:52.614,1.30298,1.30305,1.00,2.10
2015.07.31 14:39:52.716,1.30296,1.30305,1.00,2.10
2015.07.31 14:39:53.228,1.30297,1.30304,1.00,1.00
2015.07.31 14:39:53.739,1.30297,1.30305,1.00,1.00
2015.07.31 14:39:54.246,1.30298,1.30305,1.00,1.00
2015.07.31 14:39:55.361,1.30296,1.30306,1.00,3.00
2015.07.31 14:39:55.616,1.30296,1.30302,1.00,1.00
2015.07.31 14:39:55.667,1.30292,1.30301,1.87,1.00
2015.07.31 14:39:55.769,1.30292,1.30299,1.00,1.00
2015.07.31 14:39:55.871,1.3029,1.30299,1.00,1.60
2015.07.31 14:39:55.922,1.30288,1.30298,2.62,1.67
2015.07.31 14:39:56.431,1.30288,1.30298,2.25,2.92
2015.07.31 14:39:57.710,1.30287,1.30296,1.00,1.10
2015.07.31 14:39:58.014,1.30286,1.30292,1.00,2.10
2015.07.31 14:39:58.065,1.30284,1.30292,1.00,2.85
2015.07.31 14:39:58.116,1.30281,1.30292,1.10,2.10
2015.07.31 14:39:58.218,1.30281,1.30289,1.00,1.00
2015.07.31 14:39:58.979,1.30276,1.30286,1.50,1.72
2015.07.31 14:39:59.136,1.30276,1.30286,1.00,1.75
2015.07.31 14:39:59.187,1.30274,1.30283,1.12,1.00
2015.07.31 14:39:59.695,1.30273,1.30282,1.00,1.50
2015.07.31 14:40:00.265,1.30274,1.30282,1.00,1.00
2015.07.31 14:40:00.317,1.30275,1.30284,1.00,1.50
2015.07.31 14:40:00.875,1.30279,1.30286,1.00,2.62
2015.07.31 14:40:00.926,1.30279,1.30288,1.00,3.00
2015.07.31 14:40:01.423,1.30269,1.30275,7.87,2.85
2015.07.31 14:40:01.526,1.30267,1.30275,1.07,2.47
2015.07.31 14:40:01.579,1.30267,1.30274,1.07,2.10
2015.07.31 14:40:01.630,1.30266,1.30275,1.00,5.47
2015.07.31 14:40:01.732,1.30268,1.30272,1.00,2.25
2015.07.31 14:40:01.784,1.30266,1.30271,1.00,1.50
2015.07.31 14:40:02.088,1.30268,1.30272,1.00,1.12
2015.07.31 14:40:02.190,1.30268,1.30275,1.00,1.07
2015.07.31 14:40:02.242,1.30268,1.30277,1.00,1.07
2015.07.31 14:40:02.705,1.30271,1.30281,1.00,1.87
2015.07.31 14:40:02.756,1.30272,1.30283,1.00,1.50
2015.07.31 14:40:03.213,1.30272,1.30283,1.00,1.12
2015.07.31 14:40:03.862,1.30273,1.30285,1.00,1.50
2015.07.31 14:40:04.379,1.30273,1.30284,1.00,1.12
2015.07.31 14:40:04.480,1.30275,1.30286,1.00,2.10
2015.07.31 14:40:05.717,1.3028,1.30285,1.00,1.60
2015.07.31 14:40:06.025,1.30293,1.30301,1.00,1.50
2015.07.31 14:40:06.127,1.30294,1.30301,1.10,1.00
2015.07.31 14:40:06.970,1.30294,1.30302,1.10,2.32
2015.07.31 14:40:07.353,1.30291,1.303,1.87,1.00
2015.07.31 14:40:07.557,1.3029,1.30299,2.25,1.35
2015.07.31 14:40:08.189,1.30289,1.30299,1.87,1.10
2015.07.31 14:40:08.292,1.30292,1.30299,1.00,1.00
2015.07.31 14:40:08.803,1.30292,1.30301,1.00,1.65
2015.07.31 14:40:09.349,1.30298,1.30305,1.00,1.97
2015.07.31 14:40:09.401,1.30294,1.30304,1.50,1.10
2015.07.31 14:40:09.908,1.30294,1.30303,1.10,1.00
2015.07.31 14:40:10.502,1.30294,1.30304,1.57,1.20
2015.07.31 14:40:10.556,1.30297,1.30306,1.00,1.00
2015.07.31 14:40:11.193,1.30298,1.30306,1.00,1.00
2015.07.31 14:40:11.944,1.30298,1.30308,1.12,1.12
2015.07.31 14:40:11.996,1.30298,1.3031,3.37,1.87
2015.07.31 14:40:12.251,1.303,1.3031,1.00,1.87
2015.07.31 14:40:12.812,1.30301,1.30311,1.00,1.75
2015.07.31 14:40:13.987,1.30302,1.30312,1.00,3.22
2015.07.31 14:40:14.510,1.30302,1.3031,1.00,1.12
2015.07.31 14:40:15.042,1.30301,1.30307,1.00,1.00
2015.07.31 14:40:15.144,1.30294,1.30304,1.87,1.00
2015.07.31 14:40:15.296,1.30299,1.30304,1.00,1.00
2015.07.31 14:40:16.210,1.30305,1.3031,1.00,1.50
2015.07.31 14:40:16.428,1.30304,1.30308,1.10,7.50
2015.07.31 14:40:17.088,1.30302,1.30308,1.37,7.50
2015.07.31 14:40:17.592,1.30298,1.30302,1.00,7.50
2015.07.31 14:40:17.644,1.30294,1.303,1.00,7.50
2015.07.31 14:40:18.861,1.30291,1.30297,1.87,1.00
2015.07.31 14:40:19.071,1.3029,1.30294,1.00,8.25
2015.07.31 14:40:19.224,1.30287,1.30291,1.12,1.00
2015.07.31 14:40:19.325,1.30287,1.30294,1.12,8.10
2015.07.31 14:40:19.377,1.30287,1.30291,1.00,7.50
2015.07.31 14:40:19.429,1.30283,1.30288,2.25,7.50
2015.07.31 14:40:19.530,1.30282,1.30286,2.25,7.50
2015.07.31 14:40:20.171,1.30283,1.30287,1.00,7.50
2015.07.31 14:40:20.427,1.3028,1.30285,1.37,7.50
2015.07.31 14:40:20.945,1.30279,1.30285,1.12,7.50
2015.07.31 14:40:21.149,1.30276,1.30282,1.37,7.50
2015.07.31 14:40:21.200,1.30274,1.30282,1.87,7.50
2015.07.31 14:40:21.866,1.30274,1.30282,1.72,7.50
2015.07.31 14:40:22.629,1.30274,1.30282,1.12,7.50
2015.07.31 14:40:22.680,1.30274,1.30281,3.22,1.00
2015.07.31 14:40:23.149,1.30285,1.30289,1.00,2.10
2015.07.31 14:40:23.251,1.30279,1.30286,1.50,1.00
2015.07.31 14:40:23.302,1.30281,1.30286,1.00,1.12
2015.07.31 14:40:23.555,1.30284,1.30292,1.00,1.00
2015.07.31 14:40:23.606,1.30284,1.3029,1.00,1.00
2015.07.31 14:40:23.710,1.30279,1.30287,1.50,1.00
2015.07.31 14:40:24.235,1.30278,1.30284,1.00,1.00
2015.07.31 14:40:24.488,1.30275,1.30284,1.12,1.00
2015.07.31 14:40:24.590,1.30277,1.30284,1.00,1.00
2015.07.31 14:40:24.844,1.30277,1.30287,1.00,3.00
2015.07.31 14:40:25.824,1.30274,1.30284,1.47,1.00
2015.07.31 14:40:26.131,1.30277,1.30284,1.50,1.00
2015.07.31 14:40:26.182,1.30278,1.30286,1.00,7.57
2015.07.31 14:40:26.588,1.3028,1.30286,1.00,7.50
2015.07.31 14:40:27.046,1.30275,1.30286,4.35,8.62
2015.07.31 14:40:27.097,1.30275,1.3028,1.12,7.50
2015.07.31 14:40:27.556,1.30273,1.3028,1.00,7.50
2015.07.31 14:40:27.917,1.30275,1.3028,1.00,7.50
2015.07.31 14:40:28.019,1.30272,1.3028,1.20,7.50
2015.07.31 14:40:28.527,1.30273,1.3028,1.00,7.50
2015.07.31 14:40:29.103,1.30274,1.3028,1.00,7.50
2015.07.31 14:40:29.804,1.30274,1.30284,2.10,1.50
2015.07.31 14:40:29.906,1.30275,1.30285,1.60,1.50
2015.07.31 14:40:30.211,1.30271,1.30281,1.50,1.00
2015.07.31 14:40:30.816,1.3027,1.30277,1.37,7.50
2015.07.31 14:40:30.969,1.30269,1.30275,1.50,7.50
2015.07.31 14:40:31.072,1.30269,1.30277,4.87,7.50
2015.07.31 14:40:31.369,1.30269,1.30275,2.85,7.50
2015.07.31 14:40:31.877,1.3027,1.30274,1.00,7.50
2015.07.31 14:40:32.717,1.30271,1.30275,1.00,7.50
2015.07.31 14:40:33.274,1.30274,1.3028,2.85,7.50
2015.07.31 14:40:33.325,1.30274,1.3028,2.85,7.50
2015.07.31 14:40:33.738,1.30272,1.30277,1.12,7.50
2015.07.31 14:40:34.042,1.30276,1.3028,1.00,7.50
2015.07.31 14:40:34.358,1.30271,1.30277,1.12,9.60
2015.07.31 14:40:34.510,1.30262,1.30268,2.62,7.50
2015.07.31 14:40:34.561,1.30265,1.30269,1.00,7.50
2015.07.31 14:40:35.032,1.3027,1.30275,1.35,1.12
2015.07.31 14:40:35.084,1.30274,1.30283,1.60,1.00
2015.07.31 14:40:35.135,1.30277,1.30283,1.00,1.00
2015.07.31 14:40:35.438,1.30275,1.30283,4.87,1.00
2015.07.31 14:40:35.489,1.30275,1.30283,1.12,1.00
2015.07.31 14:40:37.688,1.30274,1.30283,1.50,1.00
2015.07.31 14:40:38.357,1.30275,1.30283,1.00,2.10
2015.07.31 14:40:38.459,1.30272,1.30283,1.50,2.10
2015.07.31 14:40:38.764,1.30269,1.30274,3.00,1.60
2015.07.31 14:40:38.918,1.30266,1.30272,1.00,9.60
2015.07.31 14:40:39.021,1.30261,1.30272,1.87,9.97
2015.07.31 14:40:39.791,1.30261,1.30271,1.00,1.75
2015.07.31 14:40:39.842,1.30263,1.3027,1.00,1.50
2015.07.31 14:40:40.045,1.30261,1.3027,1.00,3.75
2015.07.31 14:40:40.300,1.30265,1.30271,2.10,1.00
2015.07.31 14:40:40.351,1.30264,1.3027,1.60,1.00
2015.07.31 14:40:40.402,1.30264,1.30273,1.60,1.12
2015.07.31 14:40:40.454,1.30268,1.30277,1.00,1.37
2015.07.31 14:40:40.556,1.30268,1.30279,1.00,1.87
2015.07.31 14:40:40.658,1.30269,1.30279,1.00,1.12
2015.07.31 14:40:41.125,1.30273,1.30285,1.00,2.62
2015.07.31 14:40:41.431,1.3027,1.30279,1.00,1.87
2015.07.31 14:40:41.482,1.30267,1.30277,1.87,1.00
2015.07.31 14:40:41.533,1.30268,1.30275,1.00,2.85
2015.07.31 14:40:41.970,1.30264,1.3027,1.00,1.00
2015.07.31 14:40:42.370,1.30262,1.3027,1.00,1.00
2015.07.31 14:40:43.281,1.30261,1.30265,1.00,1.00
2015.07.31 14:40:43.776,1.30254,1.3026,1.50,1.00
2015.07.31 14:40:43.827,1.30252,1.3026,1.00,1.00
2015.07.31 14:40:44.333,1.30251,1.3026,1.10,1.10
2015.07.31 14:40:46.983,1.3025,1.30259,1.12,1.00
2015.07.31 14:40:47.394,1.3025,1.30255,1.12,1.00
2015.07.31 14:40:47.598,1.30249,1.30255,1.00,1.00
2015.07.31 14:40:47.801,1.30247,1.30256,1.00,1.72
2015.07.31 14:40:47.852,1.30247,1.30255,1.00,1.37
2015.07.31 14:40:48.005,1.30241,1.30252,1.50,1.12
2015.07.31 14:40:48.373,1.30241,1.3025,1.00,1.00
2015.07.31 14:40:48.425,1.30239,1.3025,1.00,1.50
2015.07.31 14:40:48.730,1.3024,1.30247,1.00,1.00
2015.07.31 14:40:49.627,1.30239,1.30247,1.00,1.00
2015.07.31 14:40:50.134,1.30238,1.30247,1.87,1.00
2015.07.31 14:40:51.165,1.30238,1.30247,1.87,1.00
2015.07.31 14:40:52.317,1.30239,1.3025,1.72,1.12
2015.07.31 14:40:53.657,1.30246,1.30251,1.00,1.00
2015.07.31 14:40:53.708,1.30246,1.30257,1.50,2.32
2015.07.31 14:40:53.860,1.30246,1.30257,1.87,1.12
2015.07.31 14:40:54.517,1.30246,1.30257,3.37,1.35
2015.07.31 14:40:55.209,1.30246,1.30255,3.00,1.00
2015.07.31 14:40:55.717,1.30248,1.30255,1.12,1.00
2015.07.31 14:40:56.848,1.30248,1.30255,2.25,1.00
2015.07.31 14:40:57.384,1.30248,1.30255,1.12,1.00
2015.07.31 14:40:57.639,1.30248,1.30259,1.12,3.37
2015.07.31 14:40:58.674,1.30248,1.30258,1.00,2.55
2015.07.31 14:40:58.928,1.3025,1.30261,1.00,3.37
2015.07.31 14:40:59.545,1.30251,1.30261,1.12,1.37
2015.07.31 14:40:59.597,1.30251,1.30261,1.12,1.10
2015.07.31 14:41:00.104,1.30252,1.30263,1.12,2.25
2015.07.31 14:41:00.360,1.30255,1.30263,1.12,1.00
2015.07.31 14:41:00.821,1.3026,1.30267,2.17,1.37
2015.07.31 14:41:00.877,1.30261,1.30272,2.92,1.50
2015.07.31 14:41:00.979,1.30262,1.30272,1.00,1.20
2015.07.31 14:41:01.487,1.30261,1.30272,1.95,1.20
2015.07.31 14:41:02.010,1.30267,1.30274,1.00,1.50
2015.07.31 14:41:02.061,1.30267,1.30278,1.00,2.25
2015.07.31 14:41:02.608,1.30268,1.30278,1.00,1.37
2015.07.31 14:41:02.975,1.30267,1.30278,1.35,1.12
2015.07.31 14:41:03.522,1.30267,1.30275,1.00,1.00
2015.07.31 14:41:03.573,1.30264,1.30275,3.37,1.00
2015.07.31 14:41:03.624,1.30266,1.30275,1.00,1.00
2015.07.31 14:41:04.182,1.30264,1.30275,1.87,1.00
2015.07.31 14:41:04.436,1.30265,1.30277,1.00,1.50
2015.07.31 14:41:04.942,1.30264,1.30275,1.87,1.00
2015.07.31 14:41:05.398,1.30262,1.30276,2.25,1.87
2015.07.31 14:41:05.752,1.30264,1.30275,1.50,3.37
2015.07.31 14:41:05.854,1.30264,1.30277,2.25,1.00
2015.07.31 14:41:06.427,1.30265,1.30277,3.00,1.00
2015.07.31 14:41:06.934,1.30265,1.30278,2.25,1.12
2015.07.31 14:41:07.449,1.30265,1.30277,3.00,1.00
2015.07.31 14:41:08.301,1.30265,1.30276,1.00,1.00
2015.07.31 14:41:08.810,1.30264,1.30276,1.00,1.12
2015.07.31 14:41:09.165,1.30264,1.30273,1.00,1.00
2015.07.31 14:41:09.318,1.30261,1.30271,1.50,1.00
2015.07.31 14:41:09.836,1.3026,1.30271,1.00,1.12
2015.07.31 14:41:11.056,1.30261,1.30271,1.00,1.12
2015.07.31 14:41:12.480,1.3026,1.30271,1.50,1.00
2015.07.31 14:41:13.103,1.30261,1.30271,1.00,1.00
2015.07.31 14:41:13.358,1.30271,1.30275,1.50,3.75
2015.07.31 14:41:13.414,1.30274,1.30279,2.85,1.00
2015.07.31 14:41:13.465,1.30276,1.30283,2.10,1.00
2015.07.31 14:41:13.617,1.30278,1.30286,1.00,1.00
2015.07.31 14:41:14.055,1.30279,1.30289,1.00,1.87
2015.07.31 14:41:14.980,1.30279,1.30289,2.10,1.12
2015.07.31 14:41:15.512,1.30279,1.3029,1.67,1.00
2015.07.31 14:41:16.018,1.30279,1.30291,2.32,3.00
2015.07.31 14:41:16.741,1.30279,1.30291,1.95,2.62
2015.07.31 14:41:17.055,1.30278,1.30288,1.12,1.00
2015.07.31 14:41:17.561,1.30278,1.30288,1.35,1.00
2015.07.31 14:41:18.476,1.30278,1.30288,1.42,1.50
2015.07.31 14:41:18.995,1.30278,1.30287,1.70,1.00
2015.07.31 14:41:19.658,1.30277,1.30287,2.10,1.12
2015.07.31 14:41:20.199,1.30277,1.30287,3.15,1.12
2015.07.31 14:41:20.883,1.30277,1.30287,1.72,1.00
2015.07.31 14:41:21.205,1.30278,1.30287,2.17,1.00
2015.07.31 14:41:21.307,1.30277,1.30287,1.72,1.00
2015.07.31 14:41:22.567,1.30277,1.30287,3.60,1.00
2015.07.31 14:41:23.074,1.30277,1.30287,1.72,1.00
2015.07.31 14:41:23.751,1.30277,1.30287,3.22,1.00
2015.07.31 14:41:24.274,1.30277,1.30287,1.72,1.00
2015.07.31 14:41:24.780,1.30277,1.30287,2.92,1.00
2015.07.31 14:41:25.457,1.30274,1.30283,2.62,1.50
2015.07.31 14:41:25.508,1.30272,1.30281,1.12,1.00
2015.07.31 14:41:26.014,1.30273,1.3028,2.47,1.00
2015.07.31 14:41:26.543,1.30272,1.3028,1.05,1.00
2015.07.31 14:41:26.593,1.30273,1.3028,2.10,1.00
2015.07.31 14:41:27.112,1.30278,1.30288,1.12,1.50
2015.07.31 14:41:27.365,1.30281,1.30287,1.35,1.50
2015.07.31 14:41:27.669,1.30283,1.30288,1.67,1.00
2015.07.31 14:41:27.973,1.30283,1.3029,1.87,1.00
2015.07.31 14:41:30.722,1.30283,1.30287,1.12,1.00
2015.07.31 14:41:30.875,1.30283,1.30289,2.85,1.00
2015.07.31 14:41:31.508,1.30283,1.30288,1.72,1.00
2015.07.31 14:41:33.018,1.30283,1.3029,2.10,1.00
2015.07.31 14:41:33.120,1.30283,1.30287,1.72,1.00
2015.07.31 14:41:33.649,1.30282,1.30287,2.10,1.00
2015.07.31 14:41:34.366,1.30286,1.3029,1.00,1.50
2015.07.31 14:41:39.156,1.30286,1.3029,1.00,1.00
2015.07.31 14:41:39.966,1.30286,1.30292,1.37,1.00
2015.07.31 14:41:40.978,1.30287,1.30291,1.10,1.00
2015.07.31 14:41:41.553,1.30287,1.30293,2.92,1.00
2015.07.31 14:41:41.604,1.30287,1.30293,4.05,1.00
2015.07.31 14:41:41.858,1.30289,1.30297,2.85,1.00
2015.07.31 14:41:42.406,1.30291,1.303,2.32,1.00
2015.07.31 14:41:43.824,1.30294,1.303,1.37,1.00
2015.07.31 14:41:44.027,1.30299,1.30305,1.12,1.00
2015.07.31 14:41:44.540,1.30299,1.30306,1.50,1.00
2015.07.31 14:41:45.073,1.30298,1.30307,2.25,1.00
2015.07.31 14:41:45.429,1.30299,1.3031,1.12,1.12
2015.07.31 14:41:45.635,1.30299,1.30311,2.25,1.00
2015.07.31 14:41:46.430,1.30314,1.30318,2.85,1.00
2015.07.31 14:41:46.481,1.30307,1.30318,3.75,1.00
2015.07.31 14:41:46.684,1.30305,1.30317,1.12,1.00
2015.07.31 14:41:47.187,1.30304,1.30315,4.12,1.00
2015.07.31 14:41:47.719,1.30304,1.30315,4.12,1.00
2015.07.31 14:41:48.376,1.30302,1.30313,1.50,1.00
2015.07.31 14:41:48.883,1.303,1.30312,5.25,1.00
2015.07.31 14:41:49.412,1.30302,1.30313,1.00,1.00
2015.07.31 14:41:51.308,1.30302,1.30314,1.12,1.00
2015.07.31 14:41:51.837,1.30303,1.30315,3.37,1.87
2015.07.31 14:41:52.645,1.30301,1.30313,1.75,1.50
2015.07.31 14:41:53.074,1.30301,1.30313,1.00,1.00
2015.07.31 14:41:56.052,1.303,1.30313,1.00,1.12
2015.07.31 14:41:57.048,1.303,1.30311,1.00,1.50
2015.07.31 14:41:57.555,1.30301,1.30312,1.00,1.00
2015.07.31 14:41:58.315,1.30301,1.30312,1.50,1.00
2015.07.31 14:41:58.713,1.303,1.30314,2.85,1.12
2015.07.31 14:41:59.214,1.303,1.30313,1.75,1.00
2015.07.31 14:41:59.715,1.30303,1.30314,1.12,1.50
2015.07.31 14:42:00.222,1.30303,1.30313,1.50,1.00
2015.07.31 14:42:01.336,1.30305,1.30313,1.00,1.00
2015.07.31 14:42:01.388,1.30305,1.30316,1.50,2.25
2015.07.31 14:42:02.922,1.30305,1.30316,1.75,2.25
2015.07.31 14:42:03.611,1.30306,1.30316,1.75,1.50
2015.07.31 14:42:04.291,1.30307,1.30318,2.25,4.50
2015.07.31 14:42:04.953,1.30307,1.30318,1.00,3.00
2015.07.31 14:42:05.005,1.30307,1.30316,1.00,3.00
2015.07.31 14:42:05.555,1.30304,1.30316,2.25,5.25
2015.07.31 14:42:06.069,1.30306,1.30316,1.67,1.00
2015.07.31 14:42:06.892,1.30308,1.30317,1.00,2.25
2015.07.31 14:42:08.320,1.30307,1.30317,1.35,1.50
2015.07.31 14:42:08.858,1.30308,1.30317,1.00,1.00
2015.07.31 14:42:10.001,1.30307,1.30317,1.35,1.00
2015.07.31 14:42:10.963,1.30307,1.30316,1.75,1.00
2015.07.31 14:42:11.015,1.30306,1.30314,1.35,1.00
2015.07.31 14:42:11.119,1.30303,1.3031,5.32,1.12
2015.07.31 14:42:11.424,1.30294,1.30302,1.00,1.00
2015.07.31 14:42:11.475,1.3029,1.30301,1.50,1.00
2015.07.31 14:42:11.992,1.3029,1.303,1.12,1.00
2015.07.31 14:42:12.257,1.30288,1.30298,1.35,1.50
2015.07.31 14:42:12.877,1.30288,1.30297,1.67,1.00
2015.07.31 14:42:13.286,1.30288,1.30297,1.30,1.00
2015.07.31 14:42:13.677,1.30288,1.30294,1.30,1.00
2015.07.31 14:42:14.780,1.30288,1.30294,2.85,1.00
2015.07.31 14:42:14.882,1.30291,1.30297,1.30,1.00
2015.07.31 14:42:15.760,1.3029,1.30298,2.10,1.00
2015.07.31 14:42:20.158,1.30289,1.30297,1.50,1.00
2015.07.31 14:42:20.665,1.3029,1.30298,1.65,1.00
2015.07.31 14:42:21.626,1.30288,1.30297,1.12,1.00
2015.07.31 14:42:21.881,1.30286,1.30294,1.50,1.00
2015.07.31 14:42:21.983,1.30283,1.30294,1.12,1.50
2015.07.31 14:42:22.647,1.30283,1.30293,1.12,1.50
2015.07.31 14:42:23.154,1.30282,1.30292,3.22,1.00
2015.07.31 14:42:23.632,1.30282,1.3029,1.12,1.00
2015.07.31 14:42:24.037,1.3028,1.30287,1.37,1.00
2015.07.31 14:42:24.088,1.30277,1.30287,1.12,1.50
2015.07.31 14:42:25.579,1.30277,1.30286,1.12,1.00
2015.07.31 14:42:25.681,1.30275,1.30283,1.50,1.00
2015.07.31 14:42:25.733,1.30275,1.30283,1.12,1.50
2015.07.31 14:42:25.785,1.30272,1.30282,1.87,1.00
2015.07.31 14:42:26.142,1.3027,1.30282,1.37,2.25
2015.07.31 14:42:29.532,1.30281,1.30287,3.10,6.15
2015.07.31 14:42:29.685,1.30284,1.3029,1.60,1.00
2015.07.31 14:42:29.736,1.30285,1.30296,2.47,1.57
2015.07.31 14:42:30.091,1.30288,1.30297,1.00,1.57
2015.07.31 14:42:30.621,1.30286,1.30297,4.50,2.32
2015.07.31 14:42:31.163,1.30286,1.30297,4.87,2.32
2015.07.31 14:42:32.271,1.30287,1.30297,1.12,2.32
2015.07.31 14:42:33.956,1.30289,1.30298,1.87,1.00
2015.07.31 14:42:34.261,1.30292,1.30297,2.25,1.00
2015.07.31 14:42:34.464,1.30286,1.3029,1.00,1.35
2015.07.31 14:42:34.617,1.30287,1.30291,1.50,4.50
2015.07.31 14:42:35.055,1.30289,1.30299,1.37,1.00
2015.07.31 14:42:35.410,1.30289,1.30297,1.00,1.00
2015.07.31 14:42:35.461,1.30285,1.30297,2.25,1.00
2015.07.31 14:42:35.666,1.30285,1.30295,1.87,3.00
2015.07.31 14:42:35.769,1.30283,1.30295,1.20,3.00
2015.07.31 14:42:36.173,1.30283,1.30291,1.10,3.75
2015.07.31 14:42:36.224,1.30279,1.30291,1.12,3.75
2015.07.31 14:42:38.291,1.30287,1.30291,1.35,3.75
2015.07.31 14:42:38.393,1.3029,1.30294,1.35,1.00
2015.07.31 14:42:38.444,1.3029,1.30296,1.35,1.00
2015.07.31 14:42:38.496,1.3029,1.30298,1.35,1.00
2015.07.31 14:42:39.099,1.3029,1.30299,1.00,3.00
2015.07.31 14:42:42.509,1.30288,1.303,2.17,1.12
2015.07.31 14:42:42.662,1.30289,1.303,1.50,1.12
2015.07.31 14:42:43.169,1.30291,1.30301,1.12,1.00
2015.07.31 14:42:43.824,1.30291,1.30302,1.50,1.12
2015.07.31 14:42:48.105,1.3029,1.303,2.25,1.12
2015.07.31 14:42:48.652,1.30289,1.30299,2.10,1.00
2015.07.31 14:42:49.205,1.30289,1.30298,1.72,1.00
2015.07.31 14:42:49.256,1.30289,1.30298,1.35,1.00
2015.07.31 14:42:49.307,1.30287,1.30298,1.87,1.00
2015.07.31 14:42:49.409,1.30286,1.30295,1.00,1.00
2015.07.31 14:42:49.829,1.30286,1.30293,1.00,1.00
2015.07.31 14:42:49.882,1.30279,1.3029,1.00,1.00
2015.07.31 14:42:50.441,1.30279,1.30291,1.87,1.00
2015.07.31 14:42:51.151,1.3028,1.30292,1.12,1.00
2015.07.31 14:42:51.770,1.3028,1.30292,1.00,1.60
2015.07.31 14:42:53.648,1.30279,1.30291,1.87,3.75
2015.07.31 14:42:53.750,1.30279,1.30287,1.00,1.00
2015.07.31 14:42:53.851,1.30275,1.30287,2.25,4.12
2015.07.31 14:42:53.953,1.30276,1.30284,1.00,1.00
2015.07.31 14:42:54.055,1.30276,1.30286,1.00,3.00
2015.07.31 14:42:54.486,1.30279,1.30287,1.12,3.75
2015.07.31 14:42:54.587,1.30278,1.30289,2.62,1.00
2015.07.31 14:42:54.689,1.30279,1.30291,1.50,2.10
2015.07.31 14:42:54.843,1.3028,1.30289,1.00,1.00
2015.07.31 14:42:55.580,1.30279,1.3029,1.87,1.00
2015.07.31 14:42:56.089,1.30279,1.30291,1.87,1.35
2015.07.31 14:42:56.597,1.30281,1.30291,1.37,1.00
2015.07.31 14:42:57.005,1.30283,1.30294,1.00,1.87
2015.07.31 14:42:57.159,1.3028,1.30292,1.87,1.60
2015.07.31 14:42:57.465,1.30278,1.30289,1.87,1.00
2015.07.31 14:42:57.770,1.30276,1.30288,2.25,1.50
2015.07.31 14:42:58.325,1.30278,1.3029,1.50,1.87
2015.07.31 14:42:58.841,1.30278,1.3029,3.37,1.00
2015.07.31 14:42:59.696,1.30278,1.30291,1.37,1.72
2015.07.31 14:43:00.458,1.30279,1.30291,3.00,1.12
2015.07.31 14:43:01.114,1.30279,1.30291,2.62,1.12
2015.07.31 14:43:01.876,1.3028,1.30291,1.87,1.00
2015.07.31 14:43:02.385,1.30281,1.30291,1.00,1.00
2015.07.31 14:43:04.706,1.30283,1.30293,1.00,1.30
2015.07.31 14:43:05.214,1.30283,1.30293,1.12,2.47
2015.07.31 14:43:05.315,1.30284,1.30293,1.00,1.30
2015.07.31 14:43:05.670,1.30281,1.30292,2.25,1.60
2015.07.31 14:43:06.168,1.30287,1.30292,1.00,1.60
2015.07.31 14:43:06.220,1.30288,1.30296,1.00,3.22
2015.07.31 14:43:06.272,1.30288,1.30296,1.00,1.12
2015.07.31 14:43:08.614,1.30289,1.30297,1.00,2.10
2015.07.31 14:43:09.838,1.30288,1.30295,1.00,1.00
2015.07.31 14:43:09.889,1.30286,1.30295,1.12,1.00
2015.07.31 14:43:10.214,1.30285,1.3029,1.12,1.00
2015.07.31 14:43:10.367,1.30278,1.30288,1.00,1.12
2015.07.31 14:43:10.469,1.30276,1.30287,1.50,1.37
2015.07.31 14:43:10.723,1.30274,1.30285,1.12,1.12
2015.07.31 14:43:10.775,1.30273,1.30285,1.20,1.37
2015.07.31 14:43:11.372,1.30275,1.30286,1.00,1.87
2015.07.31 14:43:11.888,1.30275,1.30286,1.00,2.25
2015.07.31 14:43:12.293,1.30273,1.30286,3.07,1.50
2015.07.31 14:43:12.837,1.30274,1.30285,1.50,1.00
2015.07.31 14:43:13.344,1.30275,1.30285,1.00,1.00
2015.07.31 14:43:13.851,1.30276,1.30288,1.00,3.00
2015.07.31 14:43:14.364,1.30279,1.30289,1.35,3.00
2015.07.31 14:43:14.871,1.30281,1.30289,1.00,1.50
2015.07.31 14:43:14.974,1.30281,1.30291,2.25,1.50
2015.07.31 14:43:16.121,1.30283,1.30292,1.00,1.00
2015.07.31 14:43:17.701,1.30283,1.30293,1.50,1.87
2015.07.31 14:43:18.208,1.30284,1.30292,1.00,1.00
2015.07.31 14:43:18.310,1.30281,1.30294,3.75,1.00
2015.07.31 14:43:18.824,1.30283,1.30293,1.00,1.50
2015.07.31 14:43:19.077,1.30285,1.30293,1.00,1.00
2015.07.31 14:43:19.179,1.30282,1.30293,1.00,1.00
2015.07.31 14:43:19.534,1.30288,1.30295,1.00,3.00
2015.07.31 14:43:19.686,1.30288,1.30297,1.00,2.32
2015.07.31 14:43:24.455,1.30288,1.30296,1.00,1.00
2015.07.31 14:43:24.557,1.30286,1.30295,1.00,1.00
2015.07.31 14:43:24.862,1.30283,1.30293,1.85,1.00
2015.07.31 14:43:26.238,1.30281,1.30292,1.50,2.25
2015.07.31 14:43:26.747,1.3028,1.30292,2.62,2.25
2015.07.31 14:43:27.051,1.30281,1.30292,1.05,2.25
2015.07.31 14:43:27.626,1.3028,1.30291,2.25,1.00
2015.07.31 14:43:28.135,1.3028,1.30291,1.87,1.50
2015.07.31 14:43:28.913,1.3028,1.30292,2.10,3.00
2015.07.31 14:43:29.019,1.30277,1.30288,4.50,1.00
2015.07.31 14:43:29.121,1.30277,1.30286,3.00,1.00
2015.07.31 14:43:29.172,1.30277,1.30286,1.50,1.00
2015.07.31 14:43:29.224,1.30275,1.30286,1.87,1.00
2015.07.31 14:43:29.376,1.30274,1.30283,1.12,1.00
2015.07.31 14:43:29.529,1.3027,1.30283,2.25,1.12
2015.07.31 14:43:30.232,1.3027,1.30281,3.00,1.00
2015.07.31 14:43:30.765,1.3027,1.30281,1.50,3.00
2015.07.31 14:43:33.619,1.3027,1.30279,1.87,3.75
2015.07.31 14:43:36.448,1.30269,1.30279,1.00,1.00
2015.07.31 14:43:36.752,1.3026,1.30272,1.87,1.72
2015.07.31 14:43:37.259,1.3026,1.30271,1.12,1.35
2015.07.31 14:43:37.767,1.30258,1.3027,3.82,1.50
2015.07.31 14:43:38.274,1.30259,1.30269,1.12,1.12
2015.07.31 14:43:38.427,1.30257,1.30265,1.00,1.00
2015.07.31 14:43:38.529,1.30253,1.30264,1.57,1.00
2015.07.31 14:43:38.935,1.30255,1.3026,1.50,7.50
2015.07.31 14:43:39.037,1.30253,1.3026,1.00,7.50
2015.07.31 14:43:39.544,1.30254,1.3026,1.00,7.50
2015.07.31 14:43:40.189,1.30253,1.30258,1.50,7.50
2015.07.31 14:43:41.002,1.30253,1.30261,2.25,7.50
2015.07.31 14:43:41.709,1.30257,1.30261,1.00,7.50
2015.07.31 14:43:41.947,1.30256,1.30266,1.00,1.10
2015.07.31 14:43:42.104,1.30256,1.30261,2.25,7.75
2015.07.31 14:43:42.256,1.30253,1.3026,3.75,1.00
2015.07.31 14:43:43.430,1.30256,1.3026,1.00,1.00
2015.07.31 14:43:43.633,1.30257,1.30266,1.00,7.50
2015.07.31 14:43:44.139,1.30258,1.30264,1.00,2.10
2015.07.31 14:43:44.240,1.30253,1.30261,1.87,7.50
2015.07.31 14:43:44.680,1.30253,1.30264,1.87,1.60
2015.07.31 14:43:45.187,1.30253,1.30264,2.62,2.10
2015.07.31 14:43:45.594,1.30255,1.30265,1.00,1.87
2015.07.31 14:43:45.989,1.30256,1.30265,1.87,1.35
2015.07.31 14:43:46.142,1.30255,1.30266,2.62,2.92
2015.07.31 14:43:46.244,1.30258,1.30266,1.00,2.92
2015.07.31 14:43:46.295,1.30255,1.30266,1.87,2.92
2015.07.31 14:43:46.498,1.30255,1.30264,1.87,2.10
2015.07.31 14:43:47.581,1.30253,1.30265,1.12,2.10
2015.07.31 14:43:47.835,1.30255,1.30265,1.00,3.60
2015.07.31 14:43:48.089,1.30254,1.30265,1.12,1.35
2015.07.31 14:43:48.242,1.30254,1.30263,1.00,1.60
2015.07.31 14:43:48.395,1.30252,1.30264,2.25,1.12
2015.07.31 14:43:48.858,1.30249,1.30254,9.00,2.50
2015.07.31 14:43:48.911,1.30246,1.30253,1.00,1.12
2015.07.31 14:43:48.962,1.30244,1.30253,1.50,1.12
2015.07.31 14:43:49.319,1.30246,1.30253,1.00,1.12
2015.07.31 14:43:51.727,1.30247,1.30253,1.00,1.12
2015.07.31 14:43:52.137,1.30243,1.30253,1.87,7.50
2015.07.31 14:43:52.340,1.30243,1.30247,1.87,7.50
2015.07.31 14:43:52.391,1.30242,1.30247,2.25,7.50
2015.07.31 14:43:52.702,1.30244,1.30248,1.00,7.50
2015.07.31 14:43:53.338,1.30243,1.30253,3.97,1.12
2015.07.31 14:43:54.163,1.30244,1.30253,1.00,1.00
2015.07.31 14:43:54.806,1.30243,1.30253,1.50,1.00
2015.07.31 14:43:56.113,1.30242,1.30253,1.12,2.25
2015.07.31 14:43:57.607,1.30241,1.30253,1.12,1.37
2015.07.31 14:43:57.713,1.30239,1.30251,2.25,1.00
2015.07.31 14:43:57.867,1.30241,1.30251,1.12,1.00
2015.07.31 14:43:58.376,1.3024,1.30251,1.00,1.12
2015.07.31 14:43:58.970,1.30243,1.30253,1.50,1.50
2015.07.31 14:43:59.021,1.30243,1.30254,1.50,1.50
2015.07.31 14:44:00.085,1.30246,1.30255,1.00,1.50
2015.07.31 14:44:00.593,1.30247,1.30257,1.00,1.47
2015.07.31 14:44:01.102,1.30246,1.30256,1.12,1.00
2015.07.31 14:44:01.937,1.30247,1.30257,1.00,1.57
2015.07.31 14:44:03.915,1.30245,1.30257,2.25,1.20
2015.07.31 14:44:04.371,1.30245,1.30255,1.37,1.00
2015.07.31 14:44:04.422,1.30244,1.30255,1.12,1.00
2015.07.31 14:44:05.000,1.30245,1.30256,1.00,2.25
2015.07.31 14:44:05.608,1.30245,1.30257,1.87,2.32
2015.07.31 14:44:06.411,1.30245,1.30257,1.00,1.57
2015.07.31 14:44:06.917,1.30244,1.30256,1.87,1.50
2015.07.31 14:44:07.426,1.30245,1.30256,1.12,1.00
2015.07.31 14:44:08.404,1.30243,1.30254,1.00,3.75
2015.07.31 14:44:08.709,1.3024,1.30251,1.47,1.12
2015.07.31 14:44:09.218,1.30242,1.30251,1.50,1.12
2015.07.31 14:44:09.737,1.30241,1.30252,1.00,1.37
2015.07.31 14:44:11.358,1.30243,1.30254,1.00,1.50
2015.07.31 14:44:11.868,1.30242,1.30253,1.12,1.87
2015.07.31 14:44:12.172,1.30244,1.30256,1.12,5.62
2015.07.31 14:44:12.629,1.30245,1.30256,1.00,1.50
2015.07.31 14:44:13.150,1.30246,1.30256,1.50,1.00
2015.07.31 14:44:13.664,1.30245,1.30257,2.25,2.32
2015.07.31 14:44:13.917,1.30247,1.30257,1.00,2.92
2015.07.31 14:44:14.019,1.30245,1.30256,1.00,1.00
2015.07.31 14:44:14.171,1.30247,1.30257,1.00,2.32
2015.07.31 14:44:14.858,1.30246,1.30257,1.00,1.57
2015.07.31 14:44:15.367,1.30245,1.30257,4.12,2.17
2015.07.31 14:44:15.823,1.30249,1.30258,1.00,1.20
2015.07.31 14:44:16.374,1.3025,1.3026,1.00,3.97
2015.07.31 14:44:17.032,1.30249,1.3026,1.00,3.97
2015.07.31 14:44:20.162,1.3025,1.3026,1.00,2.25
2015.07.31 14:44:20.934,1.3025,1.30259,3.00,1.27
2015.07.31 14:44:21.238,1.30251,1.30261,1.12,1.42
2015.07.31 14:44:21.727,1.30251,1.30261,1.87,2.55
2015.07.31 14:44:22.031,1.30253,1.30262,1.00,3.22
2015.07.31 14:44:22.572,1.30253,1.3026,1.00,1.05
2015.07.31 14:44:23.530,1.30253,1.30262,1.00,1.50
2015.07.31 14:44:24.037,1.30254,1.30263,1.00,2.62
2015.07.31 14:44:24.810,1.30255,1.30263,1.00,1.12
2015.07.31 14:44:24.962,1.30255,1.30266,1.00,3.07
2015.07.31 14:44:25.472,1.30254,1.30266,2.25,1.75
2015.07.31 14:44:25.978,1.30254,1.30265,2.62,1.00
2015.07.31 14:44:27.621,1.30255,1.30265,1.12,1.00
2015.07.31 14:44:29.518,1.30256,1.30266,1.00,1.37
2015.07.31 14:44:31.156,1.30256,1.30268,2.25,2.62
2015.07.31 14:44:31.663,1.30257,1.30268,1.00,3.22
2015.07.31 14:44:32.170,1.30256,1.30268,3.00,2.47
2015.07.31 14:44:32.706,1.30257,1.30267,1.87,1.00
2015.07.31 14:44:33.010,1.30259,1.30268,1.00,1.80
2015.07.31 14:44:37.494,1.30259,1.30268,1.50,1.72
2015.07.31 14:44:37.596,1.30256,1.30266,2.25,2.47
2015.07.31 14:44:38.103,1.30255,1.30267,1.87,2.85
2015.07.31 14:44:38.610,1.30256,1.30267,1.00,2.25
2015.07.31 14:44:39.144,1.30255,1.30267,2.25,3.00
2015.07.31 14:44:39.245,1.30257,1.30267,1.00,2.25
2015.07.31 14:44:39.347,1.30255,1.30266,1.50,1.30
2015.07.31 14:44:39.853,1.30256,1.30267,1.00,3.00
2015.07.31 14:44:40.616,1.30255,1.30267,1.50,3.60
2015.07.31 14:44:40.920,1.30257,1.30267,1.00,1.50
2015.07.31 14:44:41.426,1.30256,1.30267,1.87,1.50
2015.07.31 14:44:42.997,1.30258,1.30267,1.12,1.00
2015.07.31 14:44:43.301,1.30261,1.3027,1.50,1.00
2015.07.31 14:44:43.790,1.30265,1.30275,1.50,1.12
2015.07.31 14:44:43.842,1.30265,1.30273,1.00,2.10
2015.07.31 14:44:44.048,1.30265,1.30275,1.00,1.12
2015.07.31 14:44:44.203,1.30263,1.30275,1.57,2.62
2015.07.31 14:44:44.309,1.30263,1.30273,1.10,1.30
2015.07.31 14:44:44.816,1.30262,1.30273,1.00,1.30
2015.07.31 14:44:45.267,1.30261,1.30272,1.00,2.10
2015.07.31 14:44:45.777,1.3026,1.30271,1.50,1.30
2015.07.31 14:44:46.580,1.30261,1.30272,1.00,2.10
2015.07.31 14:44:46.885,1.30264,1.30275,1.50,2.10
2015.07.31 14:44:47.189,1.30264,1.30274,1.50,1.00
2015.07.31 14:44:48.183,1.30264,1.30274,1.00,2.85
2015.07.31 14:44:48.437,1.30264,1.30274,1.00,1.35
2015.07.31 14:44:48.589,1.30262,1.30274,1.50,2.85
2015.07.31 14:44:49.096,1.30262,1.30272,1.00,1.00
2015.07.31 14:44:49.633,1.30263,1.30272,1.00,1.00
2015.07.31 14:44:50.291,1.30262,1.30272,1.00,1.12
2015.07.31 14:44:50.444,1.3026,1.30272,1.87,2.85
2015.07.31 14:44:50.495,1.30262,1.30271,1.00,1.30
2015.07.31 14:44:51.225,1.30259,1.3027,2.25,1.35
2015.07.31 14:44:51.682,1.30258,1.30271,2.62,2.47
2015.07.31 14:44:52.900,1.30258,1.30269,1.50,1.00
2015.07.31 14:44:54.535,1.30259,1.3027,1.00,2.25
2015.07.31 14:44:54.739,1.30259,1.30267,1.00,1.00
2015.07.31 14:44:55.166,1.30255,1.30267,1.87,3.22
2015.07.31 14:44:55.674,1.30256,1.30266,2.25,1.20
2015.07.31 14:44:56.181,1.30257,1.3027,1.00,2.25
2015.07.31 14:44:56.545,1.30267,1.30271,1.00,4.35
2015.07.31 14:44:56.598,1.3027,1.30274,1.00,1.00
2015.07.31 14:44:56.700,1.3027,1.30276,1.50,1.00
2015.07.31 14:44:57.430,1.30271,1.30276,1.00,1.00
2015.07.31 14:44:58.099,1.3027,1.30278,2.25,1.10
2015.07.31 14:45:00.452,1.3027,1.30279,2.32,1.00
2015.07.31 14:45:00.503,1.3027,1.30281,2.70,1.95
2015.07.31 14:45:00.555,1.30278,1.30282,1.00,1.12
2015.07.31 14:45:00.656,1.30278,1.30283,1.00,1.00
2015.07.31 14:45:01.029,1.30282,1.30287,1.00,1.05
2015.07.31 14:45:01.080,1.30282,1.30292,1.50,1.87
2015.07.31 14:45:01.285,1.30284,1.30292,1.00,1.00
2015.07.31 14:45:01.793,1.30283,1.30291,1.12,2.10
2015.07.31 14:45:01.844,1.30283,1.30293,1.12,2.10
2015.07.31 14:45:01.945,1.30285,1.30293,1.00,2.85
2015.07.31 14:45:02.798,1.30287,1.30293,1.00,2.85
2015.07.31 14:45:02.850,1.30287,1.30297,1.00,1.05
2015.07.31 14:45:03.105,1.30288,1.30297,1.00,2.55
2015.07.31 14:45:03.616,1.30288,1.30297,1.50,2.17
2015.07.31 14:45:03.994,1.3029,1.30297,1.00,2.17
2015.07.31 14:45:04.505,1.3029,1.30297,1.00,2.47
2015.07.31 14:45:05.290,1.3029,1.30298,1.00,1.67
2015.07.31 14:45:05.402,1.3029,1.30299,1.00,1.87
2015.07.31 14:45:06.724,1.3029,1.30299,1.00,2.10
2015.07.31 14:45:06.876,1.30288,1.30297,1.50,2.17
2015.07.31 14:45:07.080,1.30285,1.30296,1.50,1.72
2015.07.31 14:45:07.131,1.30287,1.30296,1.00,1.72
2015.07.31 14:45:07.808,1.30288,1.30296,1.50,1.72
2015.07.31 14:45:08.352,1.30288,1.30297,2.25,1.30
2015.07.31 14:45:08.862,1.30288,1.30298,1.50,2.47
2015.07.31 14:45:09.373,1.30288,1.30298,1.50,2.85
2015.07.31 14:45:09.898,1.30288,1.30297,2.25,2.10
2015.07.31 14:45:10.050,1.30286,1.30297,1.12,3.22
2015.07.31 14:45:10.735,1.30283,1.30291,1.10,1.00
2015.07.31 14:45:10.888,1.30278,1.3029,1.37,1.00
2015.07.31 14:45:11.395,1.30276,1.30289,1.50,2.25
2015.07.31 14:45:12.043,1.30281,1.3029,1.00,1.00
2015.07.31 14:45:12.501,1.30282,1.30294,1.00,5.10
2015.07.31 14:45:12.603,1.30284,1.30293,1.00,1.30
2015.07.31 14:45:12.958,1.30284,1.30293,1.00,2.10
2015.07.31 14:45:13.009,1.30284,1.30294,1.00,2.10
2015.07.31 14:45:13.796,1.30286,1.30294,1.00,2.10
2015.07.31 14:45:13.847,1.30286,1.30296,1.00,1.35
2015.07.31 14:45:14.354,1.30287,1.30296,1.00,1.35
2015.07.31 14:45:15.857,1.30287,1.30297,2.25,3.67
2015.07.31 14:45:15.959,1.30289,1.30297,1.00,3.67
2015.07.31 14:45:16.061,1.30289,1.30297,1.00,2.17
2015.07.31 14:45:16.652,1.30289,1.30297,1.00,2.92
2015.07.31 14:45:17.158,1.30288,1.30297,1.50,1.35
2015.07.31 14:45:17.668,1.30289,1.30297,1.00,1.60
2015.07.31 14:45:19.183,1.30287,1.30292,1.50,1.00
2015.07.31 14:45:19.390,1.30288,1.30298,1.00,1.95
2015.07.31 14:45:19.896,1.30288,1.30297,1.00,2.17
2015.07.31 14:45:20.679,1.30288,1.30297,1.00,1.05
2015.07.31 14:45:22.222,1.30288,1.30297,1.00,2.92
2015.07.31 14:45:22.735,1.30288,1.30297,1.00,1.70
2015.07.31 14:45:24.358,1.30288,1.30297,1.00,3.67
2015.07.31 14:45:24.966,1.30288,1.30297,1.00,1.70
2015.07.31 14:45:25.509,1.30289,1.30297,1.00,1.70
2015.07.31 14:45:26.359,1.30288,1.30297,1.50,1.70
2015.07.31 14:45:27.018,1.30289,1.30298,1.00,1.12
2015.07.31 14:45:27.525,1.3029,1.30298,1.00,1.12
2015.07.31 14:45:29.359,1.3029,1.30298,1.00,1.10
2015.07.31 14:45:30.320,1.30288,1.30299,1.00,1.50
2015.07.31 14:45:30.523,1.30287,1.30297,1.87,2.85
2015.07.31 14:45:32.523,1.30288,1.30295,1.00,1.30
2015.07.31 14:45:35.732,1.30288,1.30297,1.00,1.72
2015.07.31 14:45:36.253,1.30288,1.30298,1.00,3.60
2015.07.31 14:45:36.795,1.30286,1.30297,2.62,1.72
2015.07.31 14:45:36.846,1.30286,1.30297,2.62,1.72
2015.07.31 14:45:37.469,1.30287,1.30297,1.00,1.72
2015.07.31 14:45:38.893,1.30287,1.30297,1.50,3.22
2015.07.31 14:45:39.395,1.30287,1.30297,1.50,1.72
2015.07.31 14:45:40.124,1.30289,1.30297,1.00,1.30
2015.07.31 14:45:40.668,1.30288,1.30298,1.00,3.97
2015.07.31 14:45:41.174,1.30287,1.30298,1.00,3.97
2015.07.31 14:45:41.477,1.30289,1.30298,1.00,2.47
2015.07.31 14:45:41.528,1.30287,1.30298,1.00,2.47
2015.07.31 14:45:42.033,1.30287,1.30298,1.00,3.97
2015.07.31 14:45:42.539,1.30288,1.30298,1.50,1.72
2015.07.31 14:45:43.054,1.30288,1.30298,1.00,3.60
2015.07.31 14:45:43.555,1.30287,1.30297,1.50,1.80
2015.07.31 14:45:44.163,1.30287,1.30297,3.37,1.05
2015.07.31 14:45:45.199,1.30287,1.30297,3.37,1.05
2015.07.31 14:45:45.629,1.30287,1.30297,1.00,2.55
2015.07.31 14:45:46.164,1.30286,1.30297,1.87,2.55
2015.07.31 14:45:47.019,1.30286,1.30297,1.12,3.67
2015.07.31 14:45:47.557,1.30286,1.30297,1.12,2.17
2015.07.31 14:45:48.926,1.30286,1.30297,1.12,3.67
2015.07.31 14:45:49.521,1.30285,1.30295,1.87,1.30
2015.07.31 14:45:50.030,1.30285,1.30296,1.12,2.10
2015.07.31 14:45:50.345,1.30285,1.30297,2.25,2.10
2015.07.31 14:45:50.446,1.30285,1.30294,1.50,1.00
2015.07.31 14:45:50.964,1.30278,1.30283,7.87,1.60
2015.07.31 14:45:51.015,1.30279,1.30287,1.12,1.37
2015.07.31 14:45:51.067,1.30277,1.30289,1.87,1.12
2015.07.31 14:45:51.118,1.30277,1.30287,1.37,1.00
2015.07.31 14:45:51.169,1.30277,1.30287,1.00,1.00
2015.07.31 14:45:51.220,1.30274,1.30286,1.57,1.00
2015.07.31 14:45:51.728,1.30276,1.30286,1.00,1.00
2015.07.31 14:45:52.263,1.30277,1.30286,1.00,1.72
2015.07.31 14:45:52.770,1.30275,1.30286,2.25,1.87
2015.07.31 14:45:53.441,1.30275,1.30286,1.12,1.72
2015.07.31 14:45:54.048,1.30274,1.30285,2.25,1.00
2015.07.31 14:45:54.554,1.30274,1.30287,1.50,4.35
2015.07.31 14:45:55.992,1.30274,1.30285,1.50,1.00
2015.07.31 14:45:57.827,1.30275,1.30286,1.00,1.87
2015.07.31 14:45:58.642,1.30276,1.30286,1.12,1.12
2015.07.31 14:45:59.156,1.30273,1.30286,1.85,3.22
2015.07.31 14:45:59.258,1.30273,1.30285,1.57,1.30
2015.07.31 14:45:59.776,1.30273,1.30285,1.87,2.47
2015.07.31 14:46:00.992,1.30273,1.30282,1.87,1.00
2015.07.31 14:46:01.498,1.30273,1.30284,1.87,1.12
2015.07.31 14:46:02.255,1.30273,1.30283,2.62,1.00
2015.07.31 14:46:02.357,1.30274,1.30285,1.20,1.50
2015.07.31 14:46:02.611,1.30274,1.30284,1.47,2.25
2015.07.31 14:46:02.713,1.30273,1.30284,1.87,3.00
2015.07.31 14:46:03.068,1.30273,1.30282,1.87,1.00
2015.07.31 14:46:03.576,1.30273,1.30282,1.00,1.00
2015.07.31 14:46:03.627,1.30273,1.30284,1.00,3.75
2015.07.31 14:46:04.133,1.30273,1.30284,1.00,4.12
2015.07.31 14:46:05.696,1.30272,1.30284,3.00,1.00
2015.07.31 14:46:05.849,1.30275,1.30283,1.00,1.00
2015.07.31 14:46:05.951,1.30275,1.30286,1.37,1.50
2015.07.31 14:46:06.731,1.30275,1.30286,1.87,1.50
2015.07.31 14:46:07.738,1.30275,1.30286,1.87,1.12
2015.07.31 14:46:08.459,1.30276,1.30285,1.50,1.00
2015.07.31 14:46:09.745,1.30275,1.30285,1.12,1.50
2015.07.31 14:46:10.328,1.30274,1.30284,1.00,1.00
2015.07.31 14:46:10.867,1.30274,1.30285,1.00,1.87
2015.07.31 14:46:11.375,1.30273,1.30284,1.57,1.00
2015.07.31 14:46:11.780,1.30275,1.30285,1.00,1.50
2015.07.31 14:46:12.126,1.30275,1.30283,1.00,1.00
2015.07.31 14:46:12.581,1.30273,1.30285,2.32,1.50
2015.07.31 14:46:13.344,1.30273,1.30285,1.47,6.75
2015.07.31 14:46:13.497,1.30272,1.30282,1.12,1.50
2015.07.31 14:46:15.123,1.30272,1.30281,1.12,1.00
2015.07.31 14:46:15.437,1.30269,1.30281,2.10,1.50
2015.07.31 14:46:16.340,1.3027,1.30281,1.10,2.92
2015.07.31 14:46:16.392,1.30269,1.30276,1.12,1.00
2015.07.31 14:46:16.595,1.30264,1.30271,1.00,1.00
2015.07.31 14:46:16.700,1.30262,1.30272,1.00,1.35
2015.07.31 14:46:16.803,1.30259,1.30272,1.37,2.85
2015.07.31 14:46:17.457,1.30259,1.30269,1.00,1.37
2015.07.31 14:46:17.509,1.30257,1.30269,1.00,1.87
2015.07.31 14:46:18.015,1.30257,1.30268,1.12,1.37
2015.07.31 14:46:18.919,1.30258,1.3027,1.00,1.37
2015.07.31 14:46:19.425,1.30257,1.3027,1.72,1.37
2015.07.31 14:46:20.251,1.30268,1.30272,1.00,1.87
2015.07.31 14:46:20.302,1.30267,1.30281,1.87,1.87
2015.07.31 14:46:20.551,1.3027,1.3028,1.00,1.12
2015.07.31 14:46:21.065,1.3027,1.30282,1.50,4.35
2015.07.31 14:46:21.579,1.30271,1.3028,1.00,1.00
2015.07.31 14:46:22.088,1.30271,1.30281,1.00,1.00
2015.07.31 14:46:22.953,1.3027,1.30281,1.12,1.12
2015.07.31 14:46:26.071,1.30267,1.30276,3.00,1.00
2015.07.31 14:46:26.581,1.30264,1.30275,1.37,1.50
2015.07.31 14:46:26.738,1.30263,1.30274,1.12,1.00
2015.07.31 14:46:26.942,1.30261,1.30271,1.50,1.00
2015.07.31 14:46:27.045,1.3026,1.30269,1.50,1.00
2015.07.31 14:46:27.147,1.30258,1.30269,1.00,1.87
2015.07.31 14:46:27.535,1.30254,1.30262,1.50,2.10
2015.07.31 14:46:27.586,1.30253,1.30263,4.57,1.35
2015.07.31 14:46:27.689,1.30253,1.30262,1.00,2.85
2015.07.31 14:46:27.994,1.3026,1.30267,1.60,1.00
2015.07.31 14:46:28.045,1.3026,1.30271,1.60,1.37
2015.07.31 14:46:28.552,1.3026,1.30272,1.00,5.62
2015.07.31 14:46:28.958,1.30257,1.30268,1.12,1.00
2015.07.31 14:46:29.263,1.30253,1.30261,6.37,2.10
2015.07.31 14:46:29.568,1.30253,1.30257,2.25,1.00
2015.07.31 14:46:29.669,1.30258,1.30262,1.00,3.75
2015.07.31 14:46:29.720,1.30257,1.30266,1.50,1.00
2015.07.31 14:46:29.873,1.30257,1.30263,1.00,1.00
2015.07.31 14:46:29.924,1.30254,1.30262,1.50,1.87
2015.07.31 14:46:30.025,1.3025,1.30261,2.62,1.87
2015.07.31 14:46:30.433,1.3025,1.30261,6.37,1.87
2015.07.31 14:46:31.147,1.30253,1.30264,1.50,1.10
2015.07.31 14:46:31.555,1.30253,1.30262,1.47,1.00
2015.07.31 14:46:33.423,1.30253,1.30265,1.47,2.62
2015.07.31 14:46:33.575,1.30253,1.30263,1.47,1.00
2015.07.31 14:46:33.879,1.3025,1.30258,1.37,1.00
2015.07.31 14:46:33.930,1.30248,1.30259,1.12,2.25
2015.07.31 14:46:34.082,1.30247,1.30257,1.37,1.00
2015.07.31 14:46:34.955,1.30246,1.30257,1.37,1.87
2015.07.31 14:46:35.309,1.30246,1.30255,1.50,1.00
2015.07.31 14:46:35.411,1.30246,1.30257,1.00,1.87
2015.07.31 14:46:36.332,1.30248,1.3026,1.50,2.62
2015.07.31 14:46:36.841,1.3025,1.3026,1.00,1.87
2015.07.31 14:46:37.044,1.30251,1.30262,1.00,1.12
2015.07.31 14:46:37.589,1.30251,1.30263,3.00,1.12
2015.07.31 14:46:38.096,1.30251,1.30263,2.25,2.10
2015.07.31 14:46:38.888,1.30258,1.30264,1.00,1.37
2015.07.31 14:46:38.939,1.30259,1.30269,1.00,1.00
2015.07.31 14:46:39.447,1.30259,1.3027,1.00,1.50
2015.07.31 14:46:39.853,1.30258,1.30269,1.12,1.37
2015.07.31 14:46:40.971,1.30257,1.30267,1.37,1.00
2015.07.31 14:46:41.499,1.30255,1.30268,2.62,1.50
2015.07.31 14:46:41.887,1.30255,1.30266,1.12,2.47
2015.07.31 14:46:42.294,1.30253,1.30265,1.87,1.72
2015.07.31 14:46:43.084,1.30255,1.30265,1.00,2.47
2015.07.31 14:46:43.389,1.30259,1.3027,1.00,1.50
2015.07.31 14:46:43.490,1.30257,1.30269,1.00,1.87
2015.07.31 14:46:44.284,1.30258,1.3027,1.00,1.87
2015.07.31 14:46:44.793,1.30259,1.30271,1.00,2.25
2015.07.31 14:46:45.952,1.30258,1.30269,1.00,1.12
2015.07.31 14:46:46.258,1.30255,1.30267,4.87,1.12
2015.07.31 14:46:47.064,1.30255,1.30266,1.37,2.32
2015.07.31 14:46:47.116,1.30254,1.30266,2.70,2.32
2015.07.31 14:46:47.624,1.30254,1.30267,4.57,3.37
2015.07.31 14:46:47.726,1.30257,1.30266,1.00,1.10
2015.07.31 14:46:48.289,1.30254,1.30265,3.82,1.00
2015.07.31 14:46:48.493,1.30254,1.30265,1.95,1.12
2015.07.31 14:46:48.900,1.30251,1.30262,2.62,1.00
2015.07.31 14:46:49.459,1.3025,1.30261,1.00,3.75
2015.07.31 14:46:49.915,1.3025,1.30261,1.00,3.00
2015.07.31 14:46:50.746,1.30249,1.30259,1.00,2.92
2015.07.31 14:46:51.082,1.3025,1.30261,1.00,2.25
2015.07.31 14:46:51.606,1.3025,1.30262,1.00,3.00
2015.07.31 14:46:51.709,1.3025,1.30261,1.50,1.00
2015.07.31 14:46:52.187,1.30252,1.30263,1.50,2.32
2015.07.31 14:46:52.697,1.30252,1.30263,2.25,1.50
2015.07.31 14:46:52.900,1.30253,1.30265,1.87,2.25
2015.07.31 14:46:54.305,1.30254,1.30265,1.12,1.60
2015.07.31 14:46:54.356,1.30257,1.30265,1.00,1.00
2015.07.31 14:46:54.826,1.30257,1.30269,1.00,1.50
2015.07.31 14:46:55.029,1.30259,1.30269,1.00,1.12
2015.07.31 14:46:56.200,1.30258,1.3027,1.50,2.25
2015.07.31 14:46:56.713,1.30258,1.3027,1.00,3.00
2015.07.31 14:46:56.815,1.30256,1.3027,3.00,3.75
2015.07.31 14:46:57.372,1.30257,1.3027,1.00,3.00
2015.07.31 14:46:57.627,1.30257,1.3027,1.12,3.00
2015.07.31 14:46:58.135,1.30258,1.3027,1.50,3.00
2015.07.31 14:46:58.684,1.30258,1.30269,1.00,1.00
2015.07.31 14:46:59.191,1.30257,1.30269,1.50,2.25
2015.07.31 14:47:00.012,1.30257,1.30266,1.00,1.00
2015.07.31 14:47:00.520,1.30256,1.30267,1.12,1.00
2015.07.31 14:47:01.029,1.30256,1.30267,1.37,1.50
2015.07.31 14:47:01.877,1.30257,1.30264,1.00,1.00
2015.07.31 14:47:02.384,1.30254,1.30265,3.07,1.00
2015.07.31 14:47:03.081,1.30254,1.30265,2.25,1.00
2015.07.31 14:47:03.386,1.30258,1.30265,1.00,1.00
2015.07.31 14:47:03.588,1.30256,1.30265,3.00,1.00
2015.07.31 14:47:04.475,1.30259,1.30265,1.00,1.00
2015.07.31 14:47:04.779,1.30256,1.30262,1.00,2.85
2015.07.31 14:47:04.881,1.30252,1.30259,1.87,1.00
2015.07.31 14:47:04.933,1.3025,1.30259,1.87,1.10
2015.07.31 14:47:04.984,1.3025,1.30257,1.87,1.00
2015.07.31 14:47:05.598,1.30248,1.30261,6.75,1.50
2015.07.31 14:47:05.852,1.30248,1.30258,3.37,1.00
2015.07.31 14:47:05.954,1.30246,1.30259,3.75,1.87
2015.07.31 14:47:06.459,1.30248,1.30259,1.72,1.00
2015.07.31 14:47:07.441,1.30251,1.30262,1.00,1.87
2015.07.31 14:47:07.950,1.3025,1.30262,1.00,4.87
2015.07.31 14:47:08.737,1.30249,1.30262,1.00,1.87
2015.07.31 14:47:09.194,1.30248,1.30259,1.87,1.00
2015.07.31 14:47:09.245,1.30246,1.30259,6.00,1.00
2015.07.31 14:47:09.296,1.30246,1.30256,1.50,1.60
2015.07.31 14:47:09.920,1.30244,1.30251,1.00,1.00
2015.07.31 14:47:09.971,1.30241,1.30251,1.12,1.00
2015.07.31 14:47:10.478,1.30241,1.3025,1.12,1.00
2015.07.31 14:47:11.436,1.30239,1.3025,2.62,1.00
2015.07.31 14:47:12.146,1.3024,1.3025,1.00,1.87
2015.07.31 14:47:13.051,1.30245,1.3025,1.00,1.50
2015.07.31 14:47:13.559,1.30246,1.3025,1.00,1.00
2015.07.31 14:47:14.112,1.30246,1.30251,1.00,1.00
2015.07.31 14:47:14.744,1.30246,1.3025,1.00,1.00
2015.07.31 14:47:17.517,1.30242,1.3025,1.00,1.12
2015.07.31 14:47:18.182,1.30242,1.30251,1.00,1.12
2015.07.31 14:47:18.733,1.30242,1.3025,1.00,2.25
2015.07.31 14:47:19.088,1.30242,1.3025,1.00,2.25
2015.07.31 14:47:19.291,1.30242,1.3025,1.00,2.25
2015.07.31 14:47:20.236,1.30244,1.30251,1.00,1.00
2015.07.31 14:47:21.060,1.30243,1.30254,1.00,3.00
2015.07.31 14:47:22.196,1.30243,1.30252,1.00,2.10
2015.07.31 14:47:23.008,1.30242,1.3025,1.00,1.00
2015.07.31 14:47:23.545,1.3024,1.30249,1.00,1.00
2015.07.31 14:47:24.052,1.30239,1.30249,1.00,1.50
2015.07.31 14:47:24.852,1.30241,1.30252,1.00,2.25
2015.07.31 14:47:25.156,1.30247,1.30252,1.00,2.25
2015.07.31 14:47:25.308,1.30247,1.30252,1.00,2.62
2015.07.31 14:47:25.813,1.30247,1.30251,1.00,1.50
2015.07.31 14:47:26.167,1.30239,1.30245,1.87,1.37
2015.07.31 14:47:26.218,1.30235,1.30242,1.00,2.10
2015.07.31 14:47:26.421,1.30234,1.3024,1.00,1.50
2015.07.31 14:47:26.624,1.30231,1.30242,1.00,2.62
2015.07.31 14:47:26.826,1.30234,1.30242,1.00,2.62
2015.07.31 14:47:27.980,1.30234,1.30241,1.00,1.75
2015.07.31 14:47:29.682,1.30234,1.30241,1.00,1.12
2015.07.31 14:47:29.986,1.30234,1.30243,1.00,1.12
2015.07.31 14:47:30.728,1.30236,1.30243,1.00,1.12
2015.07.31 14:47:30.881,1.30236,1.30246,1.00,1.12
2015.07.31 14:47:30.983,1.30236,1.30243,1.00,1.00
2015.07.31 14:47:31.500,1.30236,1.30245,1.00,1.87
2015.07.31 14:47:31.704,1.30237,1.30246,1.00,3.45
2015.07.31 14:47:33.932,1.3024,1.30247,1.00,4.50
2015.07.31 14:47:34.494,1.30239,1.30247,1.00,4.50
2015.07.31 14:47:34.797,1.30234,1.30241,1.00,1.12
2015.07.31 14:47:35.147,1.30237,1.30247,3.00,3.60
2015.07.31 14:47:35.198,1.3024,1.30247,1.00,1.50
2015.07.31 14:47:35.300,1.30237,1.30247,3.37,1.87
2015.07.31 14:47:35.351,1.30238,1.30242,1.00,1.00
2015.07.31 14:47:35.503,1.30235,1.30242,1.35,1.00
2015.07.31 14:47:35.554,1.30237,1.30242,1.00,1.00
2015.07.31 14:47:35.605,1.30233,1.30244,1.00,1.97
2015.07.31 14:47:35.656,1.30233,1.30241,1.00,1.35
2015.07.31 14:47:35.707,1.30232,1.30239,1.00,1.37
2015.07.31 14:47:35.960,1.30233,1.30239,1.00,1.00
2015.07.31 14:47:36.163,1.30235,1.3024,1.00,1.00
2015.07.31 14:47:36.587,1.30237,1.30245,1.00,1.37
2015.07.31 14:47:37.145,1.30237,1.30245,1.00,1.37
2015.07.31 14:47:37.802,1.30236,1.30244,1.00,1.12
2015.07.31 14:47:38.630,1.30237,1.30246,1.00,1.87
2015.07.31 14:47:39.601,1.30239,1.30247,1.00,3.82
2015.07.31 14:47:40.103,1.30238,1.30245,1.00,1.00
2015.07.31 14:47:41.186,1.30236,1.3024,1.00,1.00
2015.07.31 14:47:41.288,1.30236,1.3024,1.00,1.10
2015.07.31 14:47:41.390,1.30236,1.3024,1.00,1.10
2015.07.31 14:47:41.695,1.30236,1.30241,1.00,2.50
2015.07.31 14:47:41.797,1.3024,1.30246,1.00,1.87
2015.07.31 14:47:41.899,1.30237,1.30246,1.00,1.72
2015.07.31 14:47:42.450,1.30239,1.30245,1.00,1.12
2015.07.31 14:47:42.754,1.30243,1.30249,1.00,3.37
2015.07.31 14:47:42.907,1.30241,1.30249,1.00,1.00
2015.07.31 14:47:43.008,1.30242,1.30247,1.00,1.00
2015.07.31 14:47:43.211,1.30243,1.30249,1.00,1.87
2015.07.31 14:47:43.868,1.3024,1.30249,1.00,1.87
2015.07.31 14:47:44.021,1.3024,1.30247,1.00,1.12
2015.07.31 14:47:44.642,1.3024,1.30247,1.00,3.07
2015.07.31 14:47:45.101,1.30242,1.30247,1.00,2.32
2015.07.31 14:47:45.459,1.30242,1.30249,1.00,1.50
2015.07.31 14:47:45.511,1.30246,1.30251,1.00,1.37
2015.07.31 14:47:45.562,1.30245,1.30251,1.00,1.00
2015.07.31 14:47:46.397,1.30249,1.30253,1.00,1.00
2015.07.31 14:47:46.450,1.30246,1.30255,1.00,3.22
2015.07.31 14:47:46.959,1.30245,1.30253,1.00,1.30
2015.07.31 14:47:47.719,1.30247,1.30253,1.00,3.00
2015.07.31 14:47:48.276,1.30245,1.30253,1.00,1.00
2015.07.31 14:47:48.327,1.30247,1.30253,1.00,1.00
2015.07.31 14:47:49.424,1.30254,1.30258,1.00,10.35
2015.07.31 14:47:49.476,1.30256,1.30267,1.50,3.60
2015.07.31 14:47:49.629,1.30259,1.30267,1.00,2.10
2015.07.31 14:47:49.985,1.30261,1.30267,1.00,2.85
2015.07.31 14:47:50.625,1.3026,1.30266,1.00,2.55
2015.07.31 14:47:51.131,1.3026,1.30266,1.00,2.17
2015.07.31 14:47:51.852,1.3026,1.30267,1.00,3.60
2015.07.31 14:47:52.360,1.30261,1.30267,1.00,2.85
2015.07.31 14:47:52.563,1.30259,1.30266,1.00,2.17
2015.07.31 14:47:53.320,1.3026,1.30266,1.00,2.17
2015.07.31 14:47:53.472,1.30258,1.30266,1.00,2.17
2015.07.31 14:47:53.783,1.30261,1.30266,1.00,2.17
2015.07.31 14:47:54.384,1.30259,1.30266,1.00,2.17
2015.07.31 14:47:54.436,1.3026,1.30268,1.00,2.55
2015.07.31 14:47:55.128,1.3026,1.30268,1.00,1.30
2015.07.31 14:47:55.381,1.30262,1.30268,1.00,1.30
2015.07.31 14:47:55.584,1.30259,1.30269,1.00,1.80
2015.07.31 14:47:55.635,1.30261,1.30268,1.00,1.12
2015.07.31 14:47:55.686,1.30259,1.30268,1.00,1.12
2015.07.31 14:47:55.990,1.30261,1.30268,1.00,1.12
2015.07.31 14:47:56.595,1.3026,1.30268,1.00,1.35
2015.07.31 14:47:57.109,1.30259,1.30268,1.00,1.35
2015.07.31 14:47:57.860,1.3026,1.30268,1.00,1.35
2015.07.31 14:47:59.728,1.3026,1.30269,1.00,2.10
2015.07.31 14:48:00.237,1.3026,1.30267,1.00,1.12
2015.07.31 14:48:00.442,1.30257,1.30266,1.50,1.00
2015.07.31 14:48:01.002,1.30257,1.30266,1.00,1.37
2015.07.31 14:48:02.181,1.30257,1.30266,1.00,1.37
2015.07.31 14:48:03.426,1.30258,1.30268,1.00,2.17
2015.07.31 14:48:03.731,1.30257,1.30268,2.25,1.57
2015.07.31 14:48:05.138,1.30257,1.30268,1.00,1.57
2015.07.31 14:48:05.308,1.30259,1.30268,1.00,1.57
2015.07.31 14:48:05.813,1.3026,1.30268,1.00,1.10
2015.07.31 14:48:05.915,1.30257,1.30268,1.50,1.42
2015.07.31 14:48:06.678,1.30257,1.30268,1.00,1.70
2015.07.31 14:48:07.185,1.30258,1.30267,1.00,1.00
2015.07.31 14:48:07.661,1.3026,1.30269,1.00,3.97
2015.07.31 14:48:08.163,1.30262,1.30269,1.00,1.87
2015.07.31 14:48:08.520,1.3026,1.30269,1.00,3.22
2015.07.31 14:48:10.019,1.30259,1.30268,1.00,1.20
2015.07.31 14:48:10.546,1.30257,1.30268,1.00,1.05
2015.07.31 14:48:10.597,1.30259,1.30268,1.00,1.05
2015.07.31 14:48:11.365,1.30259,1.30268,3.75,1.80
2015.07.31 14:48:11.672,1.30261,1.30269,1.00,3.37
2015.07.31 14:48:12.144,1.30259,1.30269,3.75,3.22
2015.07.31 14:48:12.650,1.30261,1.30269,1.00,3.97
2015.07.31 14:48:13.218,1.30259,1.30269,3.75,3.37
2015.07.31 14:48:14.620,1.3026,1.30269,1.00,3.97
2015.07.31 14:48:14.772,1.30262,1.30269,1.00,3.60
2015.07.31 14:48:15.486,1.30261,1.30269,1.00,1.37
2015.07.31 14:48:15.537,1.30259,1.3027,1.00,2.47
2015.07.31 14:48:16.094,1.3026,1.30269,1.00,1.72
2015.07.31 14:48:16.781,1.30259,1.30269,1.00,2.47
2015.07.31 14:48:17.291,1.3026,1.30269,1.00,3.22
2015.07.31 14:48:17.393,1.30262,1.30269,1.00,3.22
2015.07.31 14:48:18.009,1.30259,1.30268,1.12,1.37
2015.07.31 14:48:18.465,1.30261,1.30268,1.00,1.37
2015.07.31 14:48:18.619,1.30261,1.3027,1.00,4.42
2015.07.31 14:48:18.821,1.3026,1.30269,1.00,1.72
2015.07.31 14:48:18.923,1.30259,1.30269,1.00,1.72
2015.07.31 14:48:19.883,1.3026,1.30269,1.00,1.30
2015.07.31 14:48:20.394,1.30259,1.30269,1.50,1.30
2015.07.31 14:48:21.219,1.30258,1.30268,1.50,1.00
2015.07.31 14:48:21.729,1.30257,1.30269,3.00,1.30
2015.07.31 14:48:22.248,1.30257,1.30268,2.25,1.00
2015.07.31 14:48:22.781,1.30257,1.30269,2.25,1.72
2015.07.31 14:48:23.288,1.30257,1.30269,2.25,3.22
2015.07.31 14:48:24.354,1.30257,1.30269,3.00,1.72
2015.07.31 14:48:25.005,1.30256,1.30267,2.25,1.00
2015.07.31 14:48:25.546,1.30257,1.30268,1.00,1.50
2015.07.31 14:48:26.053,1.30257,1.30268,1.00,3.60
2015.07.31 14:48:26.104,1.30257,1.30268,1.00,2.10
2015.07.31 14:48:26.362,1.30256,1.30267,4.12,2.85
2015.07.31 14:48:26.870,1.30257,1.30267,1.00,2.85
2015.07.31 14:48:27.074,1.30258,1.30267,1.00,1.35
2015.07.31 14:48:27.226,1.30258,1.30266,1.00,2.10
2015.07.31 14:48:28.022,1.30259,1.30267,1.00,3.60
2015.07.31 14:48:28.226,1.30259,1.30267,1.00,2.17
2015.07.31 14:48:28.429,1.30259,1.30269,1.12,1.12
2015.07.31 14:48:28.682,1.30259,1.3027,1.37,1.87
2015.07.31 14:48:28.988,1.30259,1.30266,1.50,1.00
2015.07.31 14:48:29.794,1.30259,1.30265,1.50,1.00
2015.07.31 14:48:34.669,1.3026,1.30266,1.87,1.00
2015.07.31 14:48:34.960,1.30265,1.30271,1.87,1.00
2015.07.31 14:48:35.012,1.30267,1.30273,1.87,1.00
2015.07.31 14:48:35.403,1.30269,1.30276,1.87,1.00
2015.07.31 14:48:35.706,1.3027,1.30277,1.50,1.00
2015.07.31 14:48:35.859,1.30272,1.30278,2.47,1.00
2015.07.31 14:48:35.910,1.30276,1.30281,1.72,1.00
2015.07.31 14:48:35.961,1.30277,1.30283,1.35,1.00
2015.07.31 14:48:36.012,1.30279,1.30284,1.00,1.00
2015.07.31 14:48:36.529,1.30279,1.30284,1.37,1.00
2015.07.31 14:48:37.038,1.30281,1.30285,1.00,1.00
2015.07.31 14:48:37.342,1.30277,1.30281,1.12,1.00
2015.07.31 14:48:37.802,1.30274,1.30279,2.32,1.00
2015.07.31 14:48:37.853,1.30277,1.30281,1.00,1.00
2015.07.31 14:48:38.056,1.30276,1.3028,1.00,1.00
2015.07.31 14:48:38.208,1.30275,1.3028,2.25,1.00
2015.07.31 14:48:38.311,1.30274,1.30279,3.07,1.00
2015.07.31 14:48:39.665,1.30276,1.3028,1.00,1.00
2015.07.31 14:48:40.183,1.30274,1.30279,5.25,1.00
2015.07.31 14:48:40.831,1.30274,1.30278,1.00,1.00
2015.07.31 14:48:40.984,1.30273,1.30277,2.32,1.00
2015.07.31 14:48:41.035,1.30276,1.3028,1.00,1.00
2015.07.31 14:48:41.137,1.30274,1.30278,1.00,1.00
2015.07.31 14:48:42.075,1.30275,1.30279,1.00,1.00
2015.07.31 14:48:42.227,1.30274,1.30278,1.00,1.00
2015.07.31 14:48:42.382,1.30273,1.30277,1.57,1.00
2015.07.31 14:48:42.485,1.30274,1.30278,1.12,1.00
2015.07.31 14:48:43.251,1.30275,1.3028,1.12,1.00
2015.07.31 14:48:43.455,1.30276,1.30281,1.37,1.00
2015.07.31 14:48:43.709,1.30275,1.30281,1.50,1.00
2015.07.31 14:48:44.267,1.30276,1.30281,2.10,1.00
2015.07.31 14:48:44.666,1.30276,1.30282,1.50,1.00
2015.07.31 14:48:45.196,1.30278,1.30282,1.00,1.00
2015.07.31 14:48:45.753,1.30278,1.30282,1.00,1.00
2015.07.31 14:48:46.150,1.30278,1.30282,1.00,1.00
2015.07.31 14:48:46.657,1.30277,1.30282,1.12,1.00
2015.07.31 14:48:49.332,1.30277,1.30281,1.00,1.00
2015.07.31 14:48:49.383,1.30276,1.3028,1.50,1.00
2015.07.31 14:48:49.586,1.30276,1.3028,1.50,1.00
2015.07.31 14:48:49.842,1.30276,1.3028,1.50,1.00
2015.07.31 14:48:51.060,1.30276,1.3028,1.12,1.00
2015.07.31 14:48:51.517,1.30274,1.30278,1.12,1.00
2015.07.31 14:48:51.821,1.30273,1.30277,1.20,1.00
2015.07.31 14:48:52.241,1.30273,1.3028,1.10,2.32
2015.07.31 14:48:52.292,1.30269,1.30273,6.00,1.00
2015.07.31 14:48:52.344,1.30264,1.30269,1.87,1.00
2015.07.31 14:48:52.395,1.30264,1.30269,1.12,1.00
2015.07.31 14:48:52.649,1.30258,1.30262,1.50,1.00
2015.07.31 14:48:52.700,1.30258,1.30262,1.00,1.00
2015.07.31 14:48:53.006,1.30255,1.30259,1.00,1.50
2015.07.31 14:48:53.057,1.30247,1.30252,1.12,1.00
2015.07.31 14:48:53.109,1.30247,1.30251,1.12,1.00
2015.07.31 14:48:53.542,1.30248,1.30252,1.00,1.00
2015.07.31 14:48:53.645,1.30248,1.30254,1.00,1.00
2015.07.31 14:48:53.748,1.3025,1.30254,1.00,1.00
2015.07.31 14:48:54.207,1.30249,1.30255,1.87,1.00
2015.07.31 14:48:54.258,1.30247,1.30254,3.75,1.00
2015.07.31 14:48:54.815,1.3025,1.30255,1.50,1.00
2015.07.31 14:48:55.325,1.3025,1.30254,1.00,1.00
2015.07.31 14:48:55.924,1.30251,1.30257,1.00,1.00
2015.07.31 14:48:56.178,1.30248,1.30254,1.72,1.00
2015.07.31 14:48:56.230,1.30249,1.30254,1.12,1.00
2015.07.31 14:48:56.383,1.30249,1.30254,1.12,1.00
2015.07.31 14:48:56.674,1.3025,1.30256,1.35,1.00
2015.07.31 14:48:57.244,1.30252,1.30257,1.37,1.00
2015.07.31 14:48:57.295,1.30253,1.30259,1.00,1.00
2015.07.31 14:48:57.397,1.30256,1.30262,1.00,1.00
2015.07.31 14:48:57.752,1.30256,1.30261,1.00,1.00
2015.07.31 14:48:58.618,1.30254,1.3026,2.25,1.00
2015.07.31 14:48:59.073,1.30258,1.30262,1.00,1.00
2015.07.31 14:48:59.988,1.30256,1.3026,1.50,1.00
2015.07.31 14:49:00.046,1.30253,1.30257,2.62,1.00
2015.07.31 14:49:00.605,1.30254,1.30258,1.00,1.00
2015.07.31 14:49:01.708,1.30252,1.30257,1.00,1.00
2015.07.31 14:49:01.761,1.30249,1.30254,3.00,1.00
2015.07.31 14:49:02.066,1.30249,1.30255,2.25,1.00
2015.07.31 14:49:02.118,1.30248,1.30253,2.25,1.00
2015.07.31 14:49:02.423,1.30249,1.30253,1.00,1.00
2015.07.31 14:49:02.900,1.30248,1.30252,1.12,1.00
2015.07.31 14:49:03.309,1.30247,1.30251,1.00,1.50
2015.07.31 14:49:03.462,1.30244,1.30248,1.10,1.00
2015.07.31 14:49:03.666,1.30241,1.30246,2.47,1.00
2015.07.31 14:49:04.187,1.30243,1.30247,1.57,1.00
2015.07.31 14:49:04.693,1.30244,1.30248,1.00,1.00
2015.07.31 14:49:04.947,1.30244,1.30248,1.00,1.00
2015.07.31 14:49:05.355,1.30242,1.30248,3.00,1.00
2015.07.31 14:49:05.812,1.30241,1.30246,3.82,1.00
2015.07.31 14:49:06.116,1.3024,1.30244,2.25,1.00
2015.07.31 14:49:07.225,1.30241,1.30245,1.00,1.00
2015.07.31 14:49:08.512,1.30239,1.30243,1.12,1.00
2015.07.31 14:49:08.767,1.30239,1.30243,1.12,1.00
2015.07.31 14:49:08.819,1.30236,1.3024,1.00,1.00
2015.07.31 14:49:08.870,1.30235,1.30239,1.50,1.00
2015.07.31 14:49:09.022,1.30231,1.30237,1.00,2.92
2015.07.31 14:49:09.174,1.30229,1.30233,1.00,1.00
2015.07.31 14:49:09.225,1.30226,1.30233,1.00,1.00
2015.07.31 14:49:09.377,1.30225,1.3023,1.00,1.00
2015.07.31 14:49:09.919,1.30226,1.30234,1.00,1.00
2015.07.31 14:49:11.329,1.30226,1.30234,1.00,1.37
2015.07.31 14:49:13.302,1.30226,1.30232,1.00,1.00
2015.07.31 14:49:13.811,1.30226,1.30231,1.00,1.00
2015.07.31 14:49:14.270,1.30224,1.30231,1.00,1.12
2015.07.31 14:49:16.550,1.30222,1.30231,1.00,1.50
2015.07.31 14:49:17.355,1.3022,1.30231,3.22,1.50
2015.07.31 14:49:17.609,1.3022,1.30228,2.47,1.00
2015.07.31 14:49:17.913,1.3022,1.30226,1.00,1.00
2015.07.31 14:49:18.015,1.30218,1.30226,1.00,1.00
2015.07.31 14:49:18.117,1.30216,1.30224,1.00,1.50
2015.07.31 14:49:18.754,1.30212,1.30219,1.50,1.37
2015.07.31 14:49:18.806,1.30213,1.30223,2.85,1.12
2015.07.31 14:49:19.211,1.30214,1.30226,1.35,1.50
2015.07.31 14:49:19.768,1.30214,1.30224,1.00,1.37
2015.07.31 14:49:20.247,1.30211,1.30219,1.60,1.00
2015.07.31 14:49:20.298,1.30209,1.30219,1.35,1.00
2015.07.31 14:49:20.451,1.30208,1.30219,1.50,1.87
2015.07.31 14:49:20.552,1.30208,1.30219,3.60,1.87
2015.07.31 14:49:20.869,1.3021,1.30219,2.10,1.50
2015.07.31 14:49:21.021,1.30208,1.30219,1.35,1.50
2015.07.31 14:49:22.531,1.30209,1.30219,2.10,1.87
2015.07.31 14:49:23.543,1.30208,1.30219,1.87,1.87
2015.07.31 14:49:23.899,1.30208,1.30217,1.12,1.00
2015.07.31 14:49:24.205,1.30202,1.30206,1.12,1.00
2015.07.31 14:49:24.307,1.30201,1.30206,1.00,1.60
2015.07.31 14:49:24.358,1.30192,1.30202,5.25,1.00
2015.07.31 14:49:24.723,1.30192,1.302,3.75,1.12
2015.07.31 14:49:24.774,1.30188,1.30198,1.12,1.12
2015.07.31 14:49:24.977,1.30185,1.30198,2.47,1.37
2015.07.31 14:49:25.385,1.30183,1.30197,2.32,1.37
2015.07.31 14:49:26.213,1.30183,1.30195,1.50,1.00
2015.07.31 14:49:26.472,1.30185,1.30197,1.00,2.25
2015.07.31 14:49:27.520,1.30186,1.30198,1.00,1.37
2015.07.31 14:49:27.824,1.30185,1.30197,1.87,3.67
2015.07.31 14:49:28.331,1.30185,1.30196,1.12,1.12
2015.07.31 14:49:29.006,1.30187,1.30198,1.12,1.12
2015.07.31 14:49:29.362,1.30189,1.30198,1.00,1.12
2015.07.31 14:49:29.514,1.30195,1.30206,2.47,1.00
2015.07.31 14:49:29.667,1.30199,1.3021,1.00,1.75
2015.07.31 14:49:29.870,1.30202,1.30212,1.37,1.50
2015.07.31 14:49:30.239,1.30204,1.30212,1.37,1.00
2015.07.31 14:49:31.005,1.30204,1.30212,1.50,1.00
2015.07.31 14:49:31.462,1.30204,1.30216,1.57,1.10
2015.07.31 14:49:33.298,1.30203,1.30215,1.87,1.00
2015.07.31 14:49:33.805,1.30203,1.30216,2.62,3.07
2015.07.31 14:49:35.718,1.30204,1.30216,1.95,1.20
2015.07.31 14:49:36.327,1.30205,1.30216,1.50,1.47
2015.07.31 14:49:37.337,1.30205,1.30216,2.25,1.20
2015.07.31 14:49:37.541,1.30208,1.30216,1.00,1.20
2015.07.31 14:49:38.373,1.30207,1.30216,1.00,1.12
2015.07.31 14:49:38.424,1.30205,1.30216,2.62,1.50
2015.07.31 14:49:38.526,1.30205,1.30214,1.12,2.85
2015.07.31 14:49:38.679,1.30202,1.30212,1.12,2.10
2015.07.31 14:49:38.832,1.30202,1.30212,1.00,3.00
2015.07.31 14:49:38.885,1.302,1.30212,1.95,3.00
2015.07.31 14:49:39.088,1.30202,1.30212,1.00,1.87
2015.07.31 14:49:39.605,1.30203,1.30212,2.32,1.00
2015.07.31 14:49:39.809,1.30204,1.30215,1.12,1.37
2015.07.31 14:49:40.319,1.30204,1.30215,1.50,1.12
2015.07.31 14:49:41.352,1.30204,1.30215,1.50,3.22
2015.07.31 14:49:41.505,1.30202,1.30214,1.50,1.72
2015.07.31 14:49:42.777,1.30204,1.30215,1.00,2.62
2015.07.31 14:49:43.287,1.30205,1.30216,1.00,1.87
2015.07.31 14:49:43.907,1.30205,1.30216,1.50,2.62
2015.07.31 14:49:44.415,1.30206,1.30216,1.00,2.62
2015.07.31 14:49:45.925,1.30205,1.30216,1.00,2.62
2015.07.31 14:49:46.077,1.30204,1.30211,1.00,1.00
2015.07.31 14:49:46.584,1.30205,1.30211,1.00,1.00
2015.07.31 14:49:47.140,1.30206,1.30211,1.00,1.00
2015.07.31 14:49:47.293,1.30206,1.30216,1.00,1.87
2015.07.31 14:49:47.898,1.30208,1.30216,1.00,1.87
2015.07.31 14:49:48.594,1.30212,1.30217,1.00,1.00
2015.07.31 14:49:48.697,1.30212,1.30222,1.00,2.25
2015.07.31 14:49:49.204,1.30212,1.30222,1.10,2.25
2015.07.31 14:49:49.850,1.30212,1.30222,1.00,1.87
2015.07.31 14:49:49.905,1.30211,1.3022,1.12,1.00
2015.07.31 14:49:51.356,1.3021,1.3022,1.57,1.00
2015.07.31 14:49:51.862,1.30211,1.3022,1.00,1.50
2015.07.31 14:49:53.200,1.30211,1.30221,1.12,1.50
2015.07.31 14:49:53.868,1.30209,1.3022,2.32,1.00
2015.07.31 14:49:54.658,1.30209,1.30218,1.00,1.00
2015.07.31 14:49:56.230,1.30208,1.30218,1.00,1.00
2015.07.31 14:49:56.739,1.30207,1.30218,1.87,1.00
2015.07.31 14:49:57.247,1.30207,1.30219,1.12,1.50
2015.07.31 14:49:57.651,1.30206,1.30217,1.37,1.00
2015.07.31 14:49:58.279,1.30206,1.30218,1.12,1.87
2015.07.31 14:49:58.584,1.30206,1.30216,5.47,1.00
2015.07.31 14:49:59.047,1.30209,1.30218,1.35,1.12
2015.07.31 14:49:59.555,1.30209,1.30219,1.12,1.00
2015.07.31 14:49:59.859,1.30209,1.30217,1.72,1.00
2015.07.31 14:50:00.621,1.30209,1.30219,1.72,1.50
2015.07.31 14:50:02.103,1.30209,1.30219,2.85,1.12
2015.07.31 14:50:03.950,1.30209,1.30219,2.25,1.12
2015.07.31 14:50:04.305,1.3021,1.30221,2.85,1.37
2015.07.31 14:50:04.356,1.3021,1.30221,1.50,1.37
2015.07.31 14:50:04.407,1.30211,1.30215,1.00,1.00
2015.07.31 14:50:04.561,1.30211,1.30221,2.10,1.87
2015.07.31 14:50:05.227,1.30211,1.30221,1.50,1.50
2015.07.31 14:50:05.734,1.30212,1.30221,1.12,1.00
2015.07.31 14:50:06.039,1.30213,1.30219,1.00,1.00
2015.07.31 14:50:06.457,1.30213,1.30221,1.12,1.00
2015.07.31 14:50:06.964,1.30212,1.30221,1.00,1.00
2015.07.31 14:50:07.015,1.30212,1.30219,1.00,1.00
2015.07.31 14:50:07.218,1.30213,1.30222,1.00,1.50
2015.07.31 14:50:07.801,1.30212,1.30222,1.87,1.50
2015.07.31 14:50:07.953,1.30212,1.30222,4.35,1.50
2015.07.31 14:50:08.257,1.30213,1.30218,1.60,1.50
2015.07.31 14:50:08.359,1.30212,1.3022,1.87,1.00
2015.07.31 14:50:08.461,1.30212,1.30218,1.50,1.00
2015.07.31 14:50:08.563,1.30212,1.30222,1.12,1.50
2015.07.31 14:50:08.614,1.30212,1.3022,1.12,1.00
2015.07.31 14:50:09.393,1.3021,1.30217,1.12,1.00
2015.07.31 14:50:09.597,1.30211,1.3022,1.35,1.87
2015.07.31 14:50:10.106,1.30212,1.3022,1.35,1.00
2015.07.31 14:50:11.215,1.30212,1.3022,1.37,1.00
2015.07.31 14:50:11.316,1.30213,1.30218,1.30,1.00
2015.07.31 14:50:11.468,1.30211,1.30222,5.85,2.62
2015.07.31 14:50:11.519,1.30211,1.3022,5.10,1.00
2015.07.31 14:50:11.823,1.30213,1.30219,3.60,1.00
2015.07.31 14:50:11.874,1.30214,1.30221,1.35,1.00
2015.07.31 14:50:12.283,1.30216,1.30227,1.37,2.70
2015.07.31 14:50:12.587,1.30218,1.30227,1.72,1.57
2015.07.31 14:50:12.942,1.30217,1.30226,1.00,1.00
2015.07.31 14:50:12.993,1.30217,1.30224,1.00,1.00
2015.07.31 14:50:13.905,1.30215,1.30224,1.00,1.00
2015.07.31 14:50:14.362,1.30214,1.30222,1.87,1.00
2015.07.31 14:50:14.463,1.30214,1.30224,1.87,1.00
2015.07.31 14:50:15.104,1.30217,1.30224,1.00,1.50
2015.07.31 14:50:15.207,1.30215,1.30223,2.25,1.00
2015.07.31 14:50:15.714,1.30215,1.30221,1.00,1.00
2015.07.31 14:50:15.917,1.30215,1.30223,1.00,1.50
2015.07.31 14:50:15.969,1.30212,1.30223,2.25,2.25
2015.07.31 14:50:16.505,1.30213,1.30222,1.12,1.00
2015.07.31 14:50:17.113,1.30214,1.30221,1.00,1.00
2015.07.31 14:50:17.265,1.30213,1.30223,1.00,1.00
2015.07.31 14:50:17.671,1.30211,1.30221,1.12,1.00
2015.07.31 14:50:18.030,1.30211,1.30217,1.50,1.00
2015.07.31 14:50:18.082,1.30212,1.30221,2.10,1.00
2015.07.31 14:50:18.336,1.30213,1.30223,1.87,1.00
2015.07.31 14:50:18.742,1.30211,1.30222,2.62,1.50
2015.07.31 14:50:19.264,1.3021,1.30221,1.12,1.50
2015.07.31 14:50:19.314,1.3021,1.30219,1.12,1.00
2015.07.31 14:50:19.366,1.3021,1.30221,2.85,1.87
2015.07.31 14:50:19.782,1.30211,1.30221,1.57,1.00
2015.07.31 14:50:19.884,1.30212,1.30224,1.50,3.37
2015.07.31 14:50:20.138,1.3021,1.30222,3.37,1.50
2015.07.31 14:50:20.442,1.3021,1.3022,1.12,1.00
2015.07.31 14:50:20.745,1.30208,1.30218,1.12,1.00
2015.07.31 14:50:21.419,1.30209,1.30217,1.72,1.50
2015.07.31 14:50:21.677,1.30207,1.30216,1.50,1.00
2015.07.31 14:50:22.335,1.30205,1.30217,2.47,2.70
2015.07.31 14:50:23.138,1.30205,1.30216,2.85,1.00
2015.07.31 14:50:23.645,1.30206,1.30217,1.37,1.95
2015.07.31 14:50:23.899,1.30204,1.30215,2.85,1.00
2015.07.31 14:50:25.097,1.30203,1.30213,1.87,1.50
2015.07.31 14:50:25.151,1.30203,1.30213,1.00,1.50
2015.07.31 14:50:25.659,1.30203,1.30211,1.00,1.00
2015.07.31 14:50:26.180,1.30201,1.30211,1.30,1.00
2015.07.31 14:50:26.687,1.30201,1.30212,1.30,1.87
2015.07.31 14:50:28.060,1.30201,1.3021,1.12,1.00
2015.07.31 14:50:28.754,1.30201,1.30211,1.72,1.00
2015.07.31 14:50:29.284,1.30201,1.30211,1.72,1.00
2015.07.31 14:50:30.266,1.302,1.30211,3.00,1.00
2015.07.31 14:50:30.651,1.302,1.30209,1.50,1.00
2015.07.31 14:50:31.005,1.30201,1.30205,1.12,1.00
2015.07.31 14:50:31.107,1.30198,1.30203,1.00,1.00
2015.07.31 14:50:31.524,1.30192,1.30198,5.25,1.12
2015.07.31 14:50:31.575,1.30186,1.30196,1.50,1.00
2015.07.31 14:50:31.730,1.30185,1.30195,1.35,1.00
2015.07.31 14:50:32.236,1.30184,1.30195,2.47,2.62
2015.07.31 14:50:32.701,1.30186,1.30195,2.10,1.00
2015.07.31 14:50:33.208,1.30185,1.30196,2.10,1.00
2015.07.31 14:50:33.785,1.30185,1.30197,3.60,1.87
2015.07.31 14:50:34.156,1.30186,1.30195,1.60,1.00
2015.07.31 14:50:34.310,1.30184,1.30195,2.62,2.25
2015.07.31 14:50:34.462,1.30184,1.30193,1.87,1.00
2015.07.31 14:50:34.766,1.30183,1.30188,1.12,1.00
2015.07.31 14:50:34.918,1.30179,1.30189,1.12,1.87
2015.07.31 14:50:34.969,1.30179,1.30187,1.00,1.00
2015.07.31 14:50:35.071,1.30177,1.30186,1.12,1.00
2015.07.31 14:50:36.319,1.30177,1.30188,1.87,1.12
2015.07.31 14:50:36.624,1.30177,1.30184,1.12,1.00
2015.07.31 14:50:37.289,1.30178,1.30183,1.00,1.00
2015.07.31 14:50:37.647,1.30178,1.30188,1.00,1.50
2015.07.31 14:50:38.107,1.30176,1.30188,2.25,2.25
2015.07.31 14:50:38.505,1.30179,1.30188,1.35,1.00
2015.07.31 14:50:38.708,1.30179,1.30192,2.10,1.12
2015.07.31 14:50:38.912,1.30178,1.30187,1.30,1.50
2015.07.31 14:50:39.217,1.30179,1.3019,1.35,1.00
2015.07.31 14:50:39.320,1.30178,1.30186,2.10,1.50
2015.07.31 14:50:39.423,1.30179,1.30191,1.35,1.50
2015.07.31 14:50:39.932,1.30179,1.30192,3.22,1.12
2015.07.31 14:50:39.984,1.30179,1.30189,2.47,1.00
2015.07.31 14:50:40.136,1.30179,1.30191,1.87,1.50
2015.07.31 14:50:41.054,1.30179,1.30187,1.35,1.00
2015.07.31 14:50:41.400,1.30177,1.30183,3.60,1.00
2015.07.31 14:50:41.755,1.30179,1.30185,1.30,1.50
2015.07.31 14:50:41.856,1.30181,1.30185,1.00,1.50
2015.07.31 14:50:41.958,1.30182,1.30189,1.00,1.00
2015.07.31 14:50:42.363,1.30182,1.30194,1.87,1.87
2015.07.31 14:50:42.618,1.30187,1.30194,1.00,1.00
2015.07.31 14:50:43.130,1.30187,1.30197,1.00,2.32
2015.07.31 14:50:43.837,1.30187,1.30197,1.00,2.32
2015.07.31 14:50:43.889,1.30187,1.30195,1.00,1.00
2015.07.31 14:50:44.395,1.30188,1.30195,1.00,1.00
2015.07.31 14:50:45.062,1.30188,1.30196,1.00,1.50
2015.07.31 14:50:45.372,1.30186,1.30195,1.00,1.00
2015.07.31 14:50:45.575,1.30188,1.30196,1.00,1.50
2015.07.31 14:50:46.031,1.30189,1.30198,2.25,1.50
2015.07.31 14:50:46.777,1.30187,1.30193,1.12,2.25
2015.07.31 14:50:46.830,1.3018,1.30191,1.12,1.50
2015.07.31 14:50:47.135,1.30177,1.3019,3.00,1.12
2015.07.31 14:50:47.187,1.30179,1.3019,1.00,1.37
2015.07.31 14:50:47.441,1.30177,1.30189,2.25,1.00
2015.07.31 14:50:47.594,1.30179,1.30191,1.00,2.62
2015.07.31 14:50:48.014,1.30176,1.30186,2.85,1.00
2015.07.31 14:50:48.319,1.30179,1.30188,1.00,1.12
2015.07.31 14:50:48.473,1.30179,1.3019,2.10,1.12
2015.07.31 14:50:49.178,1.30179,1.30192,2.25,2.62
2015.07.31 14:50:49.843,1.30178,1.30192,3.60,2.62
2015.07.31 14:50:50.250,1.30178,1.30188,2.25,1.00
2015.07.31 14:50:50.686,1.30172,1.30176,1.00,7.72
2015.07.31 14:50:50.749,1.30167,1.30173,1.00,3.37
2015.07.31 14:50:50.800,1.3017,1.30174,1.00,1.12
2015.07.31 14:50:50.852,1.30167,1.30173,1.00,1.00
2015.07.31 14:50:51.004,1.30166,1.30172,1.00,1.37
2015.07.31 14:50:51.310,1.30168,1.30172,1.00,1.00
2015.07.31 14:50:51.462,1.30168,1.30174,1.00,1.00
2015.07.31 14:50:51.863,1.30166,1.30174,1.00,1.12
2015.07.31 14:50:52.066,1.30167,1.30172,1.00,1.00
2015.07.31 14:50:52.393,1.30168,1.30177,1.00,1.20
2015.07.31 14:50:53.188,1.30167,1.30178,1.12,1.57
2015.07.31 14:50:53.238,1.30167,1.30176,1.12,1.00
2015.07.31 14:50:53.593,1.30164,1.30176,3.00,1.50
2015.07.31 14:50:53.694,1.30167,1.30177,1.00,1.00
2015.07.31 14:50:53.796,1.30165,1.30177,2.62,1.00
2015.07.31 14:50:54.411,1.30165,1.30175,1.00,1.12
2015.07.31 14:50:54.767,1.30163,1.30175,2.32,2.62
2015.07.31 14:50:54.919,1.30165,1.30175,1.00,3.22
2015.07.31 14:50:55.425,1.30164,1.30175,1.00,1.12
2015.07.31 14:50:55.861,1.30161,1.30172,3.00,1.50
2015.07.31 14:50:56.367,1.30163,1.30174,1.10,1.37
2015.07.31 14:50:56.873,1.30162,1.30173,1.50,2.25
2015.07.31 14:50:57.825,1.3016,1.3017,1.50,1.87
2015.07.31 14:50:57.876,1.30158,1.3017,1.12,2.62
2015.07.31 14:50:58.181,1.3016,1.30171,1.42,1.87
2015.07.31 14:50:58.488,1.30165,1.30175,2.10,1.50
2015.07.31 14:50:59.047,1.30165,1.30173,1.00,1.50
2015.07.31 14:50:59.200,1.30164,1.30175,1.00,1.00
2015.07.31 14:50:59.251,1.30164,1.30175,1.00,2.62
2015.07.31 14:50:59.758,1.30162,1.30173,1.50,1.12
2015.07.31 14:51:00.474,1.30162,1.30169,1.30,1.00
2015.07.31 14:51:00.779,1.30152,1.30159,1.12,7.50
2015.07.31 14:51:00.932,1.30149,1.30159,1.75,7.50
2015.07.31 14:51:02.542,1.30149,1.3016,2.25,1.10
2015.07.31 14:51:03.320,1.30153,1.3016,1.00,1.10
2015.07.31 14:51:03.372,1.30153,1.30164,3.60,1.12
2015.07.31 14:51:03.779,1.30155,1.30165,3.97,1.00
2015.07.31 14:51:03.932,1.30156,1.30168,2.47,1.00
2015.07.31 14:51:03.983,1.3016,1.30168,2.10,1.00
2015.07.31 14:51:04.035,1.30157,1.30167,1.37,1.00
2015.07.31 14:51:04.481,1.30154,1.30165,1.37,1.50
2015.07.31 14:51:04.583,1.30154,1.30162,1.00,1.00
2015.07.31 14:51:05.090,1.30154,1.30163,1.00,1.00
2015.07.31 14:51:05.343,1.30154,1.30165,2.47,2.62
2015.07.31 14:51:05.907,1.30156,1.30165,1.00,1.12
2015.07.31 14:51:06.414,1.30157,1.30167,1.00,1.37
2015.07.31 14:51:06.465,1.30157,1.30167,1.00,1.00
2015.07.31 14:51:07.532,1.30156,1.30167,2.47,1.00
2015.07.31 14:51:08.737,1.30156,1.30167,1.72,1.12
2015.07.31 14:51:09.247,1.30162,1.30168,1.00,1.37
2015.07.31 14:51:09.451,1.30164,1.30172,4.35,1.00
2015.07.31 14:51:10.184,1.30164,1.30172,1.50,1.00
2015.07.31 14:51:10.489,1.30162,1.30169,1.12,1.00
2015.07.31 14:51:10.743,1.30163,1.30172,1.50,1.00
2015.07.31 14:51:11.214,1.30156,1.30162,1.00,1.00
2015.07.31 14:51:11.519,1.30159,1.30163,1.35,2.25
2015.07.31 14:51:11.621,1.30155,1.30162,1.87,1.00
2015.07.31 14:51:11.976,1.30155,1.30164,1.35,1.00
2015.07.31 14:51:12.583,1.30156,1.30165,1.00,1.00
2015.07.31 14:51:13.101,1.30159,1.30165,2.85,1.00
2015.07.31 14:51:13.153,1.30158,1.30167,1.12,1.12
2015.07.31 14:51:13.306,1.30159,1.3017,2.85,1.50
2015.07.31 14:51:13.957,1.30159,1.30166,1.00,1.00
2015.07.31 14:51:14.240,1.3016,1.30169,1.60,1.00
2015.07.31 14:51:14.291,1.30161,1.30171,1.00,1.12
2015.07.31 14:51:14.342,1.30159,1.30169,1.00,1.00
2015.07.31 14:51:14.596,1.30155,1.30167,1.87,1.00
2015.07.31 14:51:14.697,1.30157,1.30167,1.50,1.00
2015.07.31 14:51:15.486,1.30157,1.30168,1.00,1.12
2015.07.31 14:51:15.995,1.30157,1.30167,1.50,1.00
2015.07.31 14:51:16.462,1.30155,1.30164,1.72,1.00
2015.07.31 14:51:18.017,1.30156,1.30167,1.50,1.37
2015.07.31 14:51:18.575,1.30156,1.30167,1.72,1.00
2015.07.31 14:51:20.739,1.30156,1.30167,2.10,1.00
2015.07.31 14:51:20.891,1.30156,1.30167,2.10,1.00
2015.07.31 14:51:21.398,1.30156,1.30167,2.85,1.00
2015.07.31 14:51:22.241,1.30156,1.30167,2.85,1.12
2015.07.31 14:51:23.693,1.30161,1.30167,1.50,1.00
2015.07.31 14:51:23.745,1.30163,1.3017,1.00,1.87
2015.07.31 14:51:23.796,1.30163,1.3017,1.60,1.00
2015.07.31 14:51:23.848,1.30163,1.30172,2.10,1.00
2015.07.31 14:51:23.899,1.30164,1.30172,1.60,1.00
2015.07.31 14:51:23.951,1.30166,1.30176,1.35,1.47
2015.07.31 14:51:24.475,1.30167,1.30176,1.00,1.00
2015.07.31 14:51:24.988,1.30168,1.30176,1.50,1.00
2015.07.31 14:51:26.064,1.30168,1.30178,1.50,2.25
2015.07.31 14:51:27.059,1.30168,1.30178,3.60,2.25
2015.07.31 14:51:27.568,1.30169,1.30178,1.87,1.00
2015.07.31 14:51:28.276,1.30169,1.30178,3.97,1.00
2015.07.31 14:51:28.478,1.30171,1.3018,2.10,1.12
2015.07.31 14:51:28.995,1.30171,1.30178,1.00,1.87
2015.07.31 14:51:29.147,1.30168,1.30178,1.50,1.00
2015.07.31 14:51:29.350,1.30166,1.30177,1.50,1.10
2015.07.31 14:51:29.502,1.30166,1.30176,1.60,1.37
2015.07.31 14:51:29.806,1.30161,1.30165,4.87,3.00
2015.07.31 14:51:30.566,1.30161,1.30165,7.35,1.00
2015.07.31 14:51:30.617,1.30159,1.3017,1.35,1.37
2015.07.31 14:51:30.668,1.30162,1.30171,1.00,1.37
2015.07.31 14:51:30.720,1.30163,1.30171,1.00,1.00
2015.07.31 14:51:31.229,1.30164,1.30172,3.60,1.00
2015.07.31 14:51:32.028,1.30164,1.30175,3.97,1.50
2015.07.31 14:51:32.534,1.30164,1.30175,3.97,1.50
2015.07.31 14:51:33.638,1.30165,1.30175,2.10,1.12
2015.07.31 14:51:33.790,1.30165,1.30175,1.35,1.12
2015.07.31 14:51:33.842,1.30165,1.30175,3.97,1.00
2015.07.31 14:51:34.352,1.30165,1.30175,3.22,1.00
2015.07.31 14:51:34.942,1.30164,1.30173,1.00,1.50
2015.07.31 14:51:35.249,1.30163,1.3017,1.35,1.00
2015.07.31 14:51:35.747,1.30165,1.30171,1.00,1.00
2015.07.31 14:51:35.849,1.30163,1.30171,3.37,1.00
2015.07.31 14:51:35.951,1.30163,1.30169,3.97,1.00
2015.07.31 14:51:36.314,1.30163,1.30173,2.47,1.00
2015.07.31 14:51:36.821,1.30166,1.30174,1.00,1.87
2015.07.31 14:51:37.328,1.30165,1.30174,1.12,1.00
2015.07.31 14:51:37.797,1.30163,1.30172,1.00,1.37
2015.07.31 14:51:37.849,1.30155,1.30166,2.25,1.50
2015.07.31 14:51:38.104,1.30154,1.30165,2.47,1.00
2015.07.31 14:51:38.206,1.30155,1.30166,3.60,2.25
2015.07.31 14:51:39.058,1.30155,1.30166,3.60,1.00
2015.07.31 14:51:39.565,1.30158,1.3017,1.00,1.37
2015.07.31 14:51:40.073,1.30159,1.30172,1.50,3.00
2015.07.31 14:51:41.064,1.30156,1.30167,2.10,3.00
2015.07.31 14:51:41.572,1.30157,1.30168,1.00,1.00
2015.07.31 14:51:41.725,1.30157,1.30166,1.00,1.00
2015.07.31 14:51:42.254,1.30155,1.30166,2.10,1.50
2015.07.31 14:51:42.305,1.30155,1.30166,1.60,1.50
2015.07.31 14:51:42.559,1.30155,1.30166,1.50,1.37
2015.07.31 14:51:46.565,1.30155,1.30166,2.25,1.87
2015.07.31 14:51:47.224,1.30155,1.30166,3.37,1.12
2015.07.31 14:51:47.869,1.30157,1.30167,1.00,2.25
2015.07.31 14:51:48.383,1.30156,1.30167,1.87,1.75
2015.07.31 14:51:48.535,1.30158,1.30169,2.10,1.87
2015.07.31 14:51:48.587,1.30158,1.30169,1.60,1.50
2015.07.31 14:51:48.638,1.30159,1.3017,1.35,1.87
2015.07.31 14:51:49.083,1.30161,1.30172,1.00,1.50
2015.07.31 14:51:49.590,1.3016,1.30172,1.00,2.25
2015.07.31 14:51:50.095,1.30159,1.30171,3.22,1.37
2015.07.31 14:51:50.955,1.30158,1.3017,1.35,3.00
2015.07.31 14:51:51.261,1.30159,1.30168,1.00,1.00
2015.07.31 14:51:51.769,1.30158,1.30168,1.50,1.00
2015.07.31 14:51:52.416,1.30158,1.3017,1.00,2.25
2015.07.31 14:51:52.954,1.30159,1.3017,1.00,2.25
2015.07.31 14:51:53.721,1.30158,1.30169,1.50,1.12
2015.07.31 14:51:54.230,1.30157,1.30169,1.00,1.87
2015.07.31 14:51:54.534,1.30168,1.30174,1.00,1.00
2015.07.31 14:51:54.687,1.30167,1.30177,1.00,1.47
2015.07.31 14:51:55.204,1.30165,1.30175,1.00,1.60
2015.07.31 14:51:55.711,1.30165,1.30177,3.37,1.87
2015.07.31 14:51:55.813,1.30166,1.30177,3.22,1.12
2015.07.31 14:51:56.191,1.30167,1.30178,1.60,1.12
2015.07.31 14:51:56.796,1.30168,1.30179,1.50,1.00
2015.07.31 14:51:57.302,1.3017,1.3018,1.60,1.12
2015.07.31 14:51:57.868,1.30171,1.30181,1.10,1.00
2015.07.31 14:51:58.375,1.3017,1.30181,1.50,1.10
2015.07.31 14:51:59.381,1.3017,1.30181,1.50,1.47
2015.07.31 14:51:59.891,1.3017,1.30181,1.00,2.32
2015.07.31 14:52:01.423,1.30169,1.30181,1.95,2.32
2015.07.31 14:52:01.727,1.30169,1.30181,1.50,2.25
2015.07.31 14:52:02.358,1.30169,1.30181,1.75,1.50
2015.07.31 14:52:03.916,1.30169,1.3018,1.50,1.37
2015.07.31 14:52:05.227,1.30169,1.3018,1.37,1.12
2015.07.31 14:52:12.375,1.30173,1.30183,1.50,3.37
2015.07.31 14:52:12.427,1.30173,1.30183,1.87,1.50
2015.07.31 14:52:12.579,1.30175,1.30186,2.25,3.00
2015.07.31 14:52:13.049,1.30177,1.30185,1.00,1.00
2015.07.31 14:52:15.252,1.30178,1.30187,1.00,2.32
2015.07.31 14:52:15.803,1.30176,1.30187,2.25,2.25
2015.07.31 14:52:16.845,1.30178,1.30187,2.10,2.62
2015.07.31 14:52:17.359,1.30185,1.30191,1.00,1.57
2015.07.31 14:52:17.410,1.30185,1.30193,1.00,1.00
2015.07.31 14:52:17.916,1.30186,1.30194,1.00,1.00
2015.07.31 14:52:18.534,1.30186,1.30197,3.75,2.32
2015.07.31 14:52:18.636,1.30189,1.30198,1.00,1.87
2015.07.31 14:52:19.244,1.30189,1.30198,1.00,1.12
2015.07.31 14:52:19.793,1.3019,1.30199,1.00,2.62
2015.07.31 14:52:21.320,1.3019,1.30197,1.00,2.62
2015.07.31 14:52:21.727,1.30186,1.30197,3.00,2.62
2015.07.31 14:52:21.829,1.30188,1.30197,1.00,1.87
2015.07.31 14:52:22.649,1.30188,1.30199,3.00,2.62
2015.07.31 14:52:23.108,1.3019,1.302,1.00,2.47
2015.07.31 14:52:23.616,1.30189,1.30198,1.00,1.00
2015.07.31 14:52:24.103,1.30189,1.30198,1.00,1.87
2015.07.31 14:52:24.155,1.30187,1.30198,1.00,1.87
2015.07.31 14:52:24.461,1.30185,1.30195,1.87,1.50
2015.07.31 14:52:24.971,1.30184,1.30194,1.00,2.25
2015.07.31 14:52:25.479,1.30184,1.30194,1.00,1.50
2015.07.31 14:52:26.087,1.30184,1.30194,1.00,1.50
2015.07.31 14:52:27.460,1.30183,1.30193,2.25,1.50
2015.07.31 14:52:28.254,1.30181,1.30189,2.10,1.00
2015.07.31 14:52:28.762,1.30181,1.3019,1.35,1.12
2015.07.31 14:52:29.268,1.3018,1.3019,2.85,1.12
2015.07.31 14:52:30.367,1.30179,1.30189,1.50,1.00
2015.07.31 14:52:31.530,1.30177,1.30188,1.00,2.25
2015.07.31 14:52:32.037,1.30178,1.30188,1.35,2.25
2015.07.31 14:52:32.343,1.30173,1.30178,3.82,2.10
2015.07.31 14:52:32.445,1.30167,1.30174,1.65,2.10
2015.07.31 14:52:32.648,1.30167,1.30173,1.00,3.00
2015.07.31 14:52:33.156,1.30166,1.30173,1.00,3.00
2015.07.31 14:52:34.020,1.30163,1.30173,1.57,5.25
2015.07.31 14:52:34.122,1.30163,1.30172,1.00,1.87
2015.07.31 14:52:34.649,1.30162,1.30171,1.50,3.75
2015.07.31 14:52:34.905,1.30162,1.3017,1.50,1.47
2015.07.31 14:52:35.109,1.30163,1.30171,1.00,1.10
2015.07.31 14:52:36.592,1.30164,1.30172,1.00,1.12
2015.07.31 14:52:37.307,1.30164,1.30172,1.10,1.00
2015.07.31 14:52:38.630,1.30163,1.30172,1.50,1.10
2015.07.31 14:52:39.306,1.30163,1.3017,1.00,1.00
2015.07.31 14:52:39.560,1.30161,1.3017,1.00,3.22
2015.07.31 14:52:40.084,1.30161,1.3017,1.00,3.75
2015.07.31 14:52:40.135,1.30159,1.3017,1.50,4.35
2015.07.31 14:52:41.261,1.3016,1.30168,1.00,1.12
2015.07.31 14:52:41.312,1.30162,1.30168,1.00,1.12
2015.07.31 14:52:42.195,1.30162,1.3017,1.50,1.12
2015.07.31 14:52:45.306,1.30162,1.3017,1.50,1.50
2015.07.31 14:52:46.164,1.30163,1.30171,1.00,1.87
2015.07.31 14:52:46.567,1.30162,1.30166,1.50,1.00
2015.07.31 14:52:46.973,1.30164,1.30172,1.00,2.62
2015.07.31 14:52:47.160,1.30162,1.30166,1.50,1.00
2015.07.31 14:52:48.195,1.30164,1.30171,1.00,1.57
2015.07.31 14:52:48.347,1.30161,1.30171,1.50,1.57
2015.07.31 14:52:48.399,1.30162,1.30171,1.00,2.62
2015.07.31 14:52:49.104,1.30163,1.30173,1.10,2.62
2015.07.31 14:52:49.715,1.30163,1.30169,1.00,1.00
2015.07.31 14:52:49.918,1.30163,1.30173,1.00,1.87
2015.07.31 14:52:50.020,1.30163,1.30169,1.00,1.00
2015.07.31 14:52:50.532,1.30164,1.30171,1.50,1.12
2015.07.31 14:52:51.293,1.30164,1.30172,1.57,1.57
2015.07.31 14:52:52.186,1.30174,1.30178,1.00,2.10
2015.07.31 14:52:52.239,1.30174,1.30185,1.00,1.00
2015.07.31 14:52:52.341,1.30176,1.30186,1.00,1.87
2015.07.31 14:52:52.699,1.30178,1.30188,1.00,1.12
2015.07.31 14:52:52.954,1.30182,1.30191,1.50,1.00
2015.07.31 14:52:53.411,1.30185,1.30193,1.00,1.37
2015.07.31 14:52:53.465,1.30185,1.30196,1.00,2.25
2015.07.31 14:52:53.976,1.30185,1.30196,4.12,1.10
2015.07.31 14:52:54.592,1.30186,1.30197,1.00,2.47
2015.07.31 14:52:55.403,1.30187,1.30197,1.00,1.12
2015.07.31 14:52:55.779,1.30191,1.30197,1.00,1.12
2015.07.31 14:52:55.933,1.30191,1.30199,1.00,1.87
2015.07.31 14:52:56.440,1.30191,1.30201,1.50,1.87
2015.07.31 14:52:56.794,1.30191,1.30201,2.62,1.57
2015.07.31 14:52:57.413,1.30191,1.30201,2.62,1.10
2015.07.31 14:52:58.517,1.30197,1.30202,2.10,4.50
2015.07.31 14:52:58.979,1.30202,1.30208,2.47,2.25
2015.07.31 14:52:59.031,1.30204,1.30215,1.12,1.50
2015.07.31 14:52:59.437,1.30207,1.30216,1.00,1.37
2015.07.31 14:52:59.640,1.30207,1.30217,1.00,1.12
2015.07.31 14:53:00.406,1.30207,1.30217,1.00,1.50
2015.07.31 14:53:00.760,1.30205,1.30216,1.50,2.85
2015.07.31 14:53:01.115,1.30207,1.30216,1.00,1.50
2015.07.31 14:53:01.217,1.30207,1.30217,2.25,1.35
2015.07.31 14:53:01.718,1.30211,1.3022,1.00,1.37
2015.07.31 14:53:01.871,1.30209,1.30221,1.50,1.50
2015.07.31 14:53:02.377,1.3021,1.30222,1.00,2.25
2015.07.31 14:53:02.580,1.3021,1.30221,1.00,1.00
2015.07.31 14:53:03.458,1.30217,1.30222,1.00,1.37
2015.07.31 14:53:03.510,1.3022,1.3023,1.00,1.87
2015.07.31 14:53:03.663,1.30218,1.30231,1.87,2.85
2015.07.31 14:53:03.715,1.3022,1.30232,1.00,2.32
2015.07.31 14:53:04.020,1.30215,1.30225,1.12,1.00
2015.07.31 14:53:04.666,1.30214,1.30223,1.00,1.12
2015.07.31 14:53:04.821,1.30217,1.30228,1.50,1.47
2015.07.31 14:53:04.872,1.30221,1.30229,1.00,1.50
2015.07.31 14:53:04.974,1.30219,1.3023,1.12,1.87
2015.07.31 14:53:05.380,1.30219,1.30228,1.12,1.00
2015.07.31 14:53:05.874,1.30218,1.3023,1.37,1.12
2015.07.31 14:53:06.486,1.30221,1.30232,1.00,2.25
2015.07.31 14:53:06.587,1.30221,1.30232,1.00,1.12
2015.07.31 14:53:06.758,1.30223,1.30234,1.00,1.50
2015.07.31 14:53:06.860,1.30224,1.30235,1.00,2.25
2015.07.31 14:53:07.361,1.30226,1.30237,1.00,1.50
2015.07.31 14:53:08.022,1.30224,1.30237,1.87,2.25
2015.07.31 14:53:08.577,1.30226,1.30237,1.50,1.50
2015.07.31 14:53:08.907,1.30226,1.30237,1.50,1.87
2015.07.31 14:53:08.959,1.3022,1.30232,1.12,1.72
2015.07.31 14:53:09.467,1.30219,1.30229,1.87,1.30
2015.07.31 14:53:10.270,1.30219,1.3023,2.25,1.35
2015.07.31 14:53:10.776,1.30219,1.30231,2.25,1.10
2015.07.31 14:53:11.338,1.3022,1.30232,1.00,1.87
2015.07.31 14:53:12.804,1.30221,1.30231,1.00,1.00
2015.07.31 14:53:13.322,1.30221,1.30232,1.87,2.32
2015.07.31 14:53:14.411,1.30221,1.30231,1.00,1.00
2015.07.31 14:53:14.947,1.30222,1.30233,1.00,2.32
2015.07.31 14:53:15.667,1.30223,1.30233,1.00,2.32
2015.07.31 14:53:16.524,1.30223,1.30233,1.00,2.92
2015.07.31 14:53:16.575,1.30221,1.30232,1.50,1.12
2015.07.31 14:53:16.976,1.30221,1.3023,1.50,1.00
2015.07.31 14:53:18.169,1.30229,1.30234,2.50,1.35
2015.07.31 14:53:18.222,1.30228,1.30236,1.00,1.00
2015.07.31 14:53:18.375,1.30226,1.30237,1.00,1.85
2015.07.31 14:53:18.578,1.30223,1.30234,1.00,1.12
2015.07.31 14:53:18.934,1.30222,1.30232,1.12,1.00
2015.07.31 14:53:19.684,1.30221,1.30232,1.00,1.00
2015.07.31 14:53:20.887,1.30221,1.30231,1.50,1.12
2015.07.31 14:53:21.194,1.30219,1.30225,1.35,1.12
2015.07.31 14:53:21.296,1.30217,1.3023,1.87,2.10
2015.07.31 14:53:21.398,1.30216,1.30226,1.50,1.35
2015.07.31 14:53:22.147,1.30217,1.30227,1.00,1.00
2015.07.31 14:53:22.680,1.30216,1.30227,1.00,1.12
2015.07.31 14:53:23.188,1.30216,1.30226,1.00,1.50
2015.07.31 14:53:23.736,1.30216,1.30225,1.00,1.72
2015.07.31 14:53:23.838,1.30214,1.30225,1.87,2.47
2015.07.31 14:53:24.192,1.30211,1.30221,1.87,1.00
2015.07.31 14:53:24.243,1.30212,1.30223,1.47,2.62
2015.07.31 14:53:24.749,1.30211,1.30222,3.37,1.00
2015.07.31 14:53:25.540,1.30211,1.30222,3.00,1.12
2015.07.31 14:53:26.047,1.30214,1.30223,1.00,1.12
2015.07.31 14:53:26.352,1.30216,1.30225,1.50,1.00
2015.07.31 14:53:26.454,1.30216,1.30227,3.75,1.50
2015.07.31 14:53:26.556,1.30217,1.30227,2.10,1.50
2015.07.31 14:53:27.074,1.30219,1.30229,1.00,1.00
2015.07.31 14:53:27.597,1.30218,1.30229,3.22,1.00
2015.07.31 14:53:28.104,1.30218,1.30229,3.60,1.00
2015.07.31 14:53:28.701,1.30219,1.30227,1.00,1.12
2015.07.31 14:53:29.006,1.30215,1.30226,1.87,1.00
2015.07.31 14:53:30.781,1.30215,1.30225,1.37,1.00
2015.07.31 14:53:30.882,1.30217,1.30223,1.00,1.00
2015.07.31 14:53:30.984,1.30215,1.30223,1.50,1.00
2015.07.31 14:53:31.838,1.30213,1.3022,1.50,1.00
2015.07.31 14:53:32.041,1.30213,1.30222,1.00,1.10
2015.07.31 14:53:32.142,1.30215,1.30223,1.00,2.25
2015.07.31 14:53:32.193,1.30213,1.30221,1.00,1.00
2015.07.31 14:53:32.244,1.30211,1.30221,1.57,1.00
2015.07.31 14:53:32.346,1.30213,1.30221,1.00,1.12
2015.07.31 14:53:33.055,1.30213,1.30221,1.12,1.00
2015.07.31 14:53:33.845,1.30211,1.30219,3.37,1.00
2015.07.31 14:53:34.330,1.30211,1.30219,1.12,1.00
2015.07.31 14:53:34.382,1.30211,1.30221,1.87,1.10
2015.07.31 14:53:36.098,1.30211,1.30222,2.25,1.20
2015.07.31 14:53:36.604,1.30213,1.30222,1.00,1.20
2015.07.31 14:53:36.706,1.30213,1.30222,1.00,1.50
2015.07.31 14:53:37.351,1.30212,1.30222,1.12,1.50
2015.07.31 14:53:37.402,1.30214,1.30223,2.10,1.00
2015.07.31 14:53:37.911,1.30213,1.30223,2.92,1.00
2015.07.31 14:53:38.619,1.30212,1.30224,3.97,1.50
2015.07.31 14:53:38.975,1.30215,1.30224,1.00,1.50
2015.07.31 14:53:39.483,1.30216,1.30226,1.00,1.12
2015.07.31 14:53:39.937,1.30218,1.30227,1.50,1.37
2015.07.31 14:53:39.989,1.30218,1.30229,2.62,1.12
2015.07.31 14:53:40.498,1.30219,1.30229,2.25,1.12
2015.07.31 14:53:43.127,1.30218,1.30229,4.50,1.00
2015.07.31 14:53:43.279,1.30218,1.30225,1.87,1.00
2015.07.31 14:53:43.534,1.30213,1.30223,1.12,1.50
2015.07.31 14:53:43.737,1.30211,1.30222,2.32,1.20
2015.07.31 14:53:44.388,1.30211,1.30222,2.32,2.32
2015.07.31 14:53:44.895,1.30211,1.3022,1.57,1.00
2015.07.31 14:53:45.046,1.30211,1.3022,1.50,1.70
2015.07.31 14:53:45.097,1.30209,1.30218,1.50,1.35
2015.07.31 14:53:45.199,1.30208,1.30216,1.00,1.00
2015.07.31 14:53:46.068,1.30208,1.30216,1.00,1.72
2015.07.31 14:53:46.119,1.30203,1.30213,1.12,1.12
2015.07.31 14:53:46.862,1.30202,1.30214,1.12,2.25
2015.07.31 14:53:47.498,1.30201,1.30211,1.00,1.87
2015.07.31 14:53:48.007,1.302,1.30211,1.12,1.50
2015.07.31 14:53:48.365,1.30197,1.30209,7.50,1.50
2015.07.31 14:53:48.749,1.30197,1.30204,1.50,1.37
2015.07.31 14:53:48.814,1.30195,1.30202,1.00,1.00
2015.07.31 14:53:48.865,1.30193,1.30202,2.32,1.00
2015.07.31 14:53:49.170,1.30191,1.30202,2.25,1.00
2015.07.31 14:53:50.118,1.30192,1.30202,1.00,1.50
2015.07.31 14:53:51.241,1.30195,1.30202,1.00,1.00
2015.07.31 14:53:51.563,1.30198,1.30208,4.35,1.50
2015.07.31 14:53:51.665,1.30202,1.3021,1.00,1.00
2015.07.31 14:53:51.716,1.30202,1.30213,1.00,1.37
2015.07.31 14:53:51.818,1.30203,1.30214,1.12,1.00
2015.07.31 14:53:51.869,1.30205,1.30214,1.00,1.00
2015.07.31 14:53:52.176,1.30206,1.3021,1.00,1.00
2015.07.31 14:53:52.227,1.30203,1.30209,2.25,1.00
2015.07.31 14:53:52.585,1.30203,1.30213,2.25,1.60
2015.07.31 14:53:52.636,1.30205,1.30213,1.00,1.00
2015.07.31 14:53:52.687,1.30206,1.30215,1.00,1.12
2015.07.31 14:53:53.194,1.30206,1.30218,1.00,2.25
2015.07.31 14:53:53.811,1.30208,1.30218,1.00,2.25
2015.07.31 14:53:54.324,1.30207,1.30218,1.50,2.62
2015.07.31 14:53:54.831,1.30207,1.30216,1.00,1.05
2015.07.31 14:53:55.316,1.30207,1.30213,1.00,1.00
2015.07.31 14:53:55.418,1.30205,1.30213,1.12,1.60
2015.07.31 14:53:56.078,1.30203,1.30212,1.00,1.10
2015.07.31 14:53:56.921,1.30203,1.30212,1.00,1.47
2015.07.31 14:53:56.974,1.30198,1.30206,1.00,1.00
2015.07.31 14:53:57.381,1.30201,1.30207,1.00,1.50
2015.07.31 14:53:57.534,1.30203,1.30213,1.00,1.87
2015.07.31 14:53:57.738,1.30207,1.30216,1.00,1.85
2015.07.31 14:53:58.200,1.30207,1.30218,1.00,2.25
2015.07.31 14:53:58.708,1.30208,1.30217,1.50,1.20
2015.07.31 14:54:00.212,1.30209,1.30218,1.00,1.12
2015.07.31 14:54:00.567,1.30211,1.3022,1.00,3.37
2015.07.31 14:54:00.670,1.30211,1.30219,1.50,1.10
2015.07.31 14:54:01.201,1.30214,1.30223,1.00,1.37
2015.07.31 14:54:01.456,1.30214,1.30224,1.00,1.95
2015.07.31 14:54:02.441,1.30214,1.30223,1.00,1.00
2015.07.31 14:54:03.794,1.30214,1.30224,1.00,2.32
2015.07.31 14:54:03.946,1.30214,1.3022,1.00,1.00
2015.07.31 14:54:04.048,1.30214,1.30224,1.00,1.57
2015.07.31 14:54:04.554,1.30213,1.30224,1.57,1.95
2015.07.31 14:54:04.989,1.30216,1.30223,1.50,1.50
2015.07.31 14:54:05.145,1.30216,1.30225,1.00,1.12
2015.07.31 14:54:05.654,1.30215,1.30224,1.00,1.00
2015.07.31 14:54:06.618,1.30215,1.30225,1.00,1.87
2015.07.31 14:54:07.608,1.30214,1.30225,1.87,2.70
2015.07.31 14:54:08.032,1.30214,1.30223,1.00,2.25
2015.07.31 14:54:08.336,1.30213,1.30223,1.10,4.12
2015.07.31 14:54:08.945,1.30213,1.3022,1.10,1.00
2015.07.31 14:54:09.462,1.30212,1.3022,1.00,1.12
2015.07.31 14:54:10.122,1.30211,1.30221,3.00,3.37
2015.07.31 14:54:10.676,1.30211,1.30215,1.50,1.00
2015.07.31 14:54:10.727,1.30208,1.30214,1.50,1.00
2015.07.31 14:54:10.779,1.30206,1.30214,1.00,1.00
2015.07.31 14:54:10.931,1.30206,1.30216,1.00,3.00
2015.07.31 14:54:11.439,1.30207,1.30216,1.00,1.72
2015.07.31 14:54:12.140,1.30207,1.30217,1.50,2.92
2015.07.31 14:54:12.242,1.30209,1.30219,1.00,2.47
2015.07.31 14:54:12.698,1.30208,1.30217,1.00,2.10
2015.07.31 14:54:13.308,1.30207,1.30218,2.25,2.47
2015.07.31 14:54:13.613,1.30208,1.30219,1.87,1.70
2015.07.31 14:54:13.765,1.3021,1.30219,1.00,2.55
2015.07.31 14:54:14.070,1.3021,1.30216,1.00,2.10
2015.07.31 14:54:14.708,1.3021,1.30217,1.00,2.47
2015.07.31 14:54:15.239,1.3021,1.30218,1.00,2.85
2015.07.31 14:54:15.493,1.30208,1.30218,1.00,2.85
2015.07.31 14:54:16.009,1.30209,1.30217,1.00,2.47
2015.07.31 14:54:16.521,1.3021,1.30221,1.50,2.85
2015.07.31 14:54:16.724,1.3021,1.30219,1.50,2.17
2015.07.31 14:54:17.846,1.3021,1.3022,1.50,2.85
2015.07.31 14:54:18.303,1.30209,1.30218,3.00,2.47
2015.07.31 14:54:18.405,1.30209,1.3022,3.00,2.85
2015.07.31 14:54:18.989,1.30209,1.30219,2.25,2.85
2015.07.31 14:54:19.518,1.3021,1.3022,1.00,1.87
2015.07.31 14:54:19.620,1.30212,1.30221,1.00,1.37
2015.07.31 14:54:19.672,1.30213,1.30222,1.00,1.00
2015.07.31 14:54:20.183,1.30218,1.30225,1.87,1.00
2015.07.31 14:54:20.236,1.30219,1.3023,1.00,1.00
2015.07.31 14:54:20.388,1.30221,1.30233,1.50,1.87
2015.07.31 14:54:20.693,1.30223,1.30234,1.00,2.47
2015.07.31 14:54:21.490,1.30224,1.30234,1.00,1.60
2015.07.31 14:54:22.017,1.30224,1.30234,1.00,1.00
2015.07.31 14:54:22.546,1.30225,1.30234,1.00,1.30
2015.07.31 14:54:23.239,1.30224,1.30234,1.50,1.30
2015.07.31 14:54:23.871,1.30225,1.30235,1.00,1.00
2015.07.31 14:54:24.175,1.3023,1.3024,1.00,1.50
2015.07.31 14:54:24.226,1.30232,1.30242,1.00,1.87
2015.07.31 14:54:24.731,1.30234,1.30244,1.00,1.00
2015.07.31 14:54:25.035,1.30236,1.30246,1.00,2.25
2015.07.31 14:54:25.087,1.30234,1.30246,3.37,1.50
2015.07.31 14:54:25.138,1.30236,1.30245,1.00,1.12
2015.07.31 14:54:25.445,1.30241,1.30245,1.00,1.50
2015.07.31 14:54:25.954,1.30241,1.3025,1.00,1.12
2015.07.31 14:54:26.006,1.30241,1.30251,1.00,2.25
2015.07.31 14:54:26.057,1.30241,1.30251,1.50,1.87
2015.07.31 14:54:26.110,1.30244,1.30251,1.00,2.62
2015.07.31 14:54:26.618,1.30244,1.30255,1.00,5.10
2015.07.31 14:54:27.715,1.30245,1.30255,1.00,3.22
2015.07.31 14:54:28.240,1.30246,1.30254,1.00,2.47
2015.07.31 14:54:28.291,1.30246,1.30256,1.00,1.42
2015.07.31 14:54:29.041,1.30246,1.30255,1.00,1.30
2015.07.31 14:54:29.805,1.30246,1.30256,1.00,2.92
2015.07.31 14:54:30.512,1.30248,1.30255,1.00,1.30
2015.07.31 14:54:31.050,1.30251,1.30257,1.00,1.50
2015.07.31 14:54:31.354,1.30251,1.30255,1.00,1.00
2015.07.31 14:54:32.176,1.30251,1.30255,1.00,1.00
2015.07.31 14:54:32.480,1.30253,1.30257,1.00,1.00
2015.07.31 14:54:32.795,1.30254,1.30259,1.00,1.00
2015.07.31 14:54:34.486,1.30255,1.3026,1.50,1.00
2015.07.31 14:54:34.537,1.30255,1.30261,1.50,1.00
2015.07.31 14:54:34.589,1.30258,1.30262,1.00,1.00
2015.07.31 14:54:36.142,1.30257,1.30261,1.00,1.00
2015.07.31 14:54:36.649,1.30256,1.30261,1.00,1.00
2015.07.31 14:54:37.176,1.30255,1.30259,1.50,1.00
2015.07.31 14:54:37.725,1.30254,1.30258,1.00,1.00
2015.07.31 14:54:38.232,1.30255,1.30259,1.00,1.00
2015.07.31 14:54:39.382,1.30255,1.30259,1.00,1.00
2015.07.31 14:54:39.536,1.30252,1.30256,1.50,1.00
2015.07.31 14:54:41.723,1.30253,1.30257,1.00,1.00
2015.07.31 14:54:42.379,1.30254,1.30258,1.00,1.00
2015.07.31 14:54:42.583,1.30254,1.30259,1.00,1.00
2015.07.31 14:54:42.685,1.30257,1.30261,1.00,1.00
2015.07.31 14:54:43.298,1.30257,1.30262,1.50,1.00
2015.07.31 14:54:43.553,1.30259,1.30263,1.50,1.00
2015.07.31 14:54:45.574,1.30259,1.30263,1.00,1.00
2015.07.31 14:54:45.676,1.30257,1.30265,1.00,1.00
2015.07.31 14:54:46.200,1.30256,1.30264,1.00,1.00
2015.07.31 14:54:46.518,1.30256,1.30262,1.00,1.00
2015.07.31 14:54:46.872,1.30255,1.30266,1.12,1.87
2015.07.31 14:54:47.373,1.30255,1.30265,2.47,1.12
2015.07.31 14:54:47.880,1.30256,1.30264,1.00,1.00
2015.07.31 14:54:48.338,1.30256,1.30262,1.50,1.00
2015.07.31 14:54:49.564,1.30256,1.30263,1.50,1.00
2015.07.31 14:54:49.869,1.30258,1.30266,1.00,1.57
2015.07.31 14:54:50.072,1.30258,1.30266,1.00,1.00
2015.07.31 14:54:50.893,1.30259,1.30266,1.00,1.00
2015.07.31 14:54:51.098,1.30259,1.30269,1.50,1.37
2015.07.31 14:54:51.724,1.30259,1.30267,1.50,1.00
2015.07.31 14:54:52.539,1.3026,1.30269,1.00,1.87
2015.07.31 14:54:52.950,1.3026,1.30271,1.00,1.50
2015.07.31 14:54:53.461,1.30261,1.30269,1.00,1.00
2015.07.31 14:54:54.172,1.3026,1.3027,1.00,1.12
2015.07.31 14:54:54.230,1.3026,1.30268,1.00,1.00
2015.07.31 14:54:54.535,1.30256,1.30264,1.00,1.00
2015.07.31 14:54:54.956,1.30255,1.30266,1.35,1.12
2015.07.31 14:54:55.512,1.30255,1.30264,1.00,1.00
2015.07.31 14:54:55.924,1.30254,1.30262,1.50,1.00
2015.07.31 14:54:55.975,1.30254,1.30264,1.50,1.00
2015.07.31 14:54:56.820,1.30255,1.30264,1.00,1.00
2015.07.31 14:54:56.871,1.30255,1.30261,1.00,1.00
2015.07.31 14:54:56.973,1.30253,1.30262,2.70,1.00
2015.07.31 14:54:57.482,1.30253,1.30263,1.95,1.00
2015.07.31 14:54:58.224,1.30254,1.30264,1.50,1.00
2015.07.31 14:54:58.275,1.30258,1.30265,2.10,1.00
2015.07.31 14:54:58.580,1.30257,1.30265,1.87,1.00
2015.07.31 14:54:58.682,1.30257,1.30267,1.12,1.00
2015.07.31 14:54:58.885,1.30256,1.30265,1.37,1.50
2015.07.31 14:54:58.986,1.30255,1.30265,1.87,1.00
2015.07.31 14:55:00.058,1.30254,1.30265,1.20,1.00
2015.07.31 14:55:00.109,1.30253,1.30263,3.37,1.00
2015.07.31 14:55:00.617,1.30254,1.30262,1.57,1.00
2015.07.31 14:55:01.199,1.30254,1.30261,1.50,1.50
2015.07.31 14:55:01.254,1.30251,1.3026,1.57,1.00
2015.07.31 14:55:01.762,1.30252,1.3026,2.85,1.00
2015.07.31 14:55:01.915,1.30254,1.30262,1.35,1.12
2015.07.31 14:55:02.119,1.30252,1.30261,2.10,1.00
2015.07.31 14:55:02.661,1.30252,1.30262,1.00,1.12
2015.07.31 14:55:02.763,1.30252,1.30259,1.35,1.00
2015.07.31 14:55:02.865,1.30252,1.30262,1.00,1.12
2015.07.31 14:55:03.372,1.30253,1.30261,1.00,1.00
2015.07.31 14:55:03.890,1.30252,1.3026,1.00,1.00
2015.07.31 14:55:03.992,1.30252,1.30262,1.00,1.12
2015.07.31 14:55:04.500,1.30254,1.30263,1.00,1.00
2015.07.31 14:55:05.110,1.30253,1.30261,1.50,1.00
2015.07.31 14:55:05.613,1.30253,1.30257,1.00,1.00
2015.07.31 14:55:05.866,1.30251,1.30261,2.10,1.00
2015.07.31 14:55:06.018,1.30253,1.30259,1.00,1.00
2015.07.31 14:55:06.120,1.30253,1.30261,1.00,1.00
2015.07.31 14:55:06.894,1.30253,1.30259,1.00,1.00
2015.07.31 14:55:06.945,1.30251,1.30259,1.80,1.00
2015.07.31 14:55:06.996,1.30251,1.30261,1.80,1.00
2015.07.31 14:55:07.199,1.30253,1.30261,1.00,1.00
2015.07.31 14:55:07.554,1.30254,1.30262,2.85,1.00
2015.07.31 14:55:08.098,1.30255,1.30263,2.47,1.00
2015.07.31 14:55:08.402,1.30258,1.30269,1.87,1.87
2015.07.31 14:55:08.453,1.3026,1.30269,1.00,1.50
2015.07.31 14:55:08.605,1.30262,1.30274,1.87,1.65
2015.07.31 14:55:08.657,1.30262,1.30271,1.37,1.00
2015.07.31 14:55:09.140,1.30261,1.3027,1.00,1.00
2015.07.31 14:55:10.706,1.30259,1.30265,1.37,1.87
2015.07.31 14:55:10.757,1.30254,1.30264,1.87,1.00
2015.07.31 14:55:10.808,1.30254,1.30261,1.50,1.00
2015.07.31 14:55:10.911,1.3025,1.3026,1.87,1.00
2015.07.31 14:55:11.369,1.30248,1.3026,3.00,1.50
2015.07.31 14:55:11.877,1.30251,1.3026,1.00,1.50
2015.07.31 14:55:12.385,1.30252,1.30261,1.00,1.50
2015.07.31 14:55:13.199,1.30251,1.30261,1.00,1.50
2015.07.31 14:55:13.722,1.3025,1.30262,1.87,2.25
2015.07.31 14:55:14.027,1.3025,1.30261,5.47,1.00
2015.07.31 14:55:14.432,1.30254,1.30261,1.00,1.00
2015.07.31 14:55:14.838,1.30257,1.30262,1.37,1.00
2015.07.31 14:55:14.889,1.30256,1.30265,2.25,1.00
2015.07.31 14:55:15.396,1.30259,1.30265,1.00,1.00
2015.07.31 14:55:15.786,1.30256,1.30264,1.87,1.00
2015.07.31 14:55:16.586,1.30257,1.30265,1.12,1.50
2015.07.31 14:55:16.688,1.30257,1.30263,1.12,1.00
2015.07.31 14:55:17.230,1.30257,1.30265,1.87,1.50
2015.07.31 14:55:17.585,1.30259,1.30265,1.00,1.00
2015.07.31 14:55:17.737,1.30259,1.30267,1.00,1.20
2015.07.31 14:55:18.409,1.30266,1.3027,1.00,1.87
2015.07.31 14:55:18.461,1.30267,1.30275,1.12,1.50
2015.07.31 14:55:18.613,1.30268,1.30274,1.72,1.00
2015.07.31 14:55:19.120,1.30269,1.30275,1.50,1.00
2015.07.31 14:55:19.667,1.30269,1.30275,1.12,1.00
2015.07.31 14:55:20.123,1.30269,1.30273,1.12,1.00
2015.07.31 14:55:21.245,1.30263,1.30269,1.57,1.00
2015.07.31 14:55:21.449,1.30265,1.3027,1.00,1.50
2015.07.31 14:55:21.855,1.30263,1.30273,1.85,1.00
2015.07.31 14:55:22.363,1.30265,1.30269,1.00,1.00
2015.07.31 14:55:22.871,1.30263,1.3027,2.62,1.00
2015.07.31 14:55:23.176,1.30266,1.30271,1.00,1.00
2015.07.31 14:55:23.736,1.30266,1.3027,1.00,1.00
2015.07.31 14:55:23.846,1.30266,1.30273,1.12,1.00
2015.07.31 14:55:23.949,1.30266,1.30275,1.50,1.00
2015.07.31 14:55:24.254,1.30267,1.30277,2.25,1.00
2015.07.31 14:55:24.851,1.30266,1.30276,1.00,1.12
2015.07.31 14:55:24.902,1.30266,1.3027,1.00,1.00
2015.07.31 14:55:24.953,1.30266,1.3027,1.00,1.00
2015.07.31 14:55:25.359,1.30265,1.30275,1.00,1.00
2015.07.31 14:55:25.410,1.30267,1.30275,1.00,1.00
2015.07.31 14:55:25.959,1.30268,1.30272,1.00,1.00
2015.07.31 14:55:26.010,1.30268,1.30275,1.00,1.00
2015.07.31 14:55:26.517,1.30269,1.30275,1.00,1.00
2015.07.31 14:55:26.957,1.30267,1.30275,2.62,1.00
2015.07.31 14:55:27.109,1.30266,1.3027,2.62,1.00
2015.07.31 14:55:27.516,1.30268,1.30275,1.00,1.00
2015.07.31 14:55:27.924,1.30268,1.30277,1.87,1.00
2015.07.31 14:55:28.947,1.30269,1.30277,1.87,1.00
2015.07.31 14:55:29.353,1.30271,1.30278,1.00,1.00
2015.07.31 14:55:29.658,1.30273,1.30278,1.00,1.00
2015.07.31 14:55:30.174,1.30273,1.30279,1.00,1.00
2015.07.31 14:55:30.478,1.30275,1.30279,1.12,1.00
2015.07.31 14:55:30.783,1.30276,1.30283,1.00,1.00
2015.07.31 14:55:31.659,1.30276,1.30286,1.75,1.00
2015.07.31 14:55:31.717,1.3028,1.30286,1.00,1.00
2015.07.31 14:55:32.123,1.30279,1.30283,1.00,1.00
2015.07.31 14:55:32.225,1.30278,1.30285,1.12,1.00
2015.07.31 14:55:32.429,1.3028,1.30285,1.00,1.00
2015.07.31 14:55:32.951,1.30279,1.30285,1.00,1.00
2015.07.31 14:55:33.458,1.30278,1.30284,1.50,1.00
2015.07.31 14:55:34.129,1.30282,1.30286,1.00,1.00
2015.07.31 14:55:34.181,1.30282,1.30289,1.87,1.00
2015.07.31 14:55:34.384,1.30283,1.30292,1.87,1.50
2015.07.31 14:55:34.637,1.30288,1.30292,1.00,1.00
2015.07.31 14:55:34.739,1.30286,1.30293,1.00,1.00
2015.07.31 14:55:35.194,1.30288,1.30292,1.00,1.00
2015.07.31 14:55:35.499,1.30286,1.3029,1.00,1.00
2015.07.31 14:55:35.550,1.30283,1.30291,2.32,1.00
2015.07.31 14:55:36.334,1.30285,1.30292,1.00,1.00
2015.07.31 14:55:36.386,1.30281,1.30288,1.37,1.00
2015.07.31 14:55:36.437,1.30281,1.3029,1.37,1.35
2015.07.31 14:55:36.945,1.30281,1.30289,1.37,1.00
2015.07.31 14:55:37.864,1.3028,1.30287,1.37,1.00
2015.07.31 14:55:38.372,1.3028,1.30289,1.87,1.00
2015.07.31 14:55:38.826,1.3028,1.30291,1.87,1.50
2015.07.31 14:55:39.028,1.3028,1.30291,1.87,1.50
2015.07.31 14:55:40.216,1.30281,1.30289,1.37,1.00
2015.07.31 14:55:40.722,1.30279,1.30288,2.62,1.00
2015.07.31 14:55:40.874,1.30279,1.3029,5.25,1.87
2015.07.31 14:55:42.604,1.30283,1.30291,1.10,1.00
2015.07.31 14:55:43.154,1.30284,1.30291,1.00,1.00
2015.07.31 14:55:43.357,1.30283,1.30287,1.57,1.00
2015.07.31 14:55:43.459,1.30282,1.3029,1.87,1.00
2015.07.31 14:55:43.965,1.30281,1.30289,1.50,1.00
2015.07.31 14:55:44.556,1.30281,1.30289,1.75,1.00
2015.07.31 14:55:44.708,1.3028,1.30291,2.62,1.50
2015.07.31 14:55:45.927,1.3028,1.30288,2.62,1.60
2015.07.31 14:55:46.437,1.3028,1.30288,2.62,1.00
2015.07.31 14:55:46.861,1.3028,1.3029,3.37,1.35
2015.07.31 14:55:48.189,1.30281,1.30289,1.12,1.00
2015.07.31 14:55:48.341,1.30281,1.30291,1.12,1.12
2015.07.31 14:55:48.874,1.30284,1.30293,1.20,2.47
2015.07.31 14:55:49.380,1.30283,1.30291,1.12,1.35
2015.07.31 14:55:50.699,1.30281,1.30291,1.87,1.00
2015.07.31 14:55:52.039,1.3028,1.30287,3.37,1.00
2015.07.31 14:55:52.098,1.30275,1.30285,2.25,1.00
2015.07.31 14:55:52.708,1.30274,1.30286,3.97,1.50
2015.07.31 14:55:53.300,1.30269,1.30278,4.12,1.00
2015.07.31 14:55:53.555,1.30269,1.30281,3.82,1.57
2015.07.31 14:55:54.072,1.30269,1.3028,3.07,2.47
2015.07.31 14:55:54.587,1.30268,1.30277,1.75,1.00
2015.07.31 14:55:55.113,1.30268,1.30278,3.75,1.00
2015.07.31 14:55:55.759,1.30269,1.30278,1.00,1.00
2015.07.31 14:55:56.080,1.30264,1.30271,1.50,1.35
2015.07.31 14:55:56.182,1.30261,1.30269,1.50,1.00
2015.07.31 14:55:56.436,1.30256,1.30268,2.62,1.87
2015.07.31 14:55:56.934,1.30254,1.30262,4.20,1.00
2015.07.31 14:55:57.290,1.30252,1.3026,1.35,1.00
2015.07.31 14:55:57.650,1.30255,1.3026,1.87,1.67
2015.07.31 14:55:58.207,1.3025,1.30259,2.10,1.42
2015.07.31 14:55:58.259,1.30247,1.30258,2.47,1.50
2015.07.31 14:55:59.388,1.30247,1.30254,1.12,1.00
2015.07.31 14:55:59.591,1.30241,1.30249,1.00,1.50
2015.07.31 14:55:59.642,1.30241,1.30247,1.00,1.00
2015.07.31 14:55:59.845,1.30235,1.30246,3.00,1.00
2015.07.31 14:56:00.539,1.30235,1.30246,1.50,1.50
2015.07.31 14:56:01.166,1.30234,1.30245,2.85,1.00
2015.07.31 14:56:01.319,1.30234,1.30242,1.37,1.12
2015.07.31 14:56:01.370,1.30233,1.30241,1.20,1.00
2015.07.31 14:56:02.224,1.30231,1.30238,1.37,1.50
2015.07.31 14:56:02.276,1.30219,1.30229,1.87,1.00
2015.07.31 14:56:02.378,1.30219,1.30226,1.12,1.00
2015.07.31 14:56:02.684,1.30219,1.30229,1.50,1.00
2015.07.31 14:56:02.786,1.30219,1.30232,1.50,1.87
2015.07.31 14:56:03.296,1.3022,1.30231,1.72,1.00
2015.07.31 14:56:03.550,1.30224,1.30231,2.10,1.00
2015.07.31 14:56:03.602,1.30225,1.30234,2.10,1.12
2015.07.31 14:56:03.807,1.30226,1.30236,1.60,1.00
2015.07.31 14:56:03.910,1.30228,1.30241,1.35,1.37
2015.07.31 14:56:03.961,1.3023,1.30243,1.00,1.87
2015.07.31 14:56:04.013,1.30232,1.30243,1.12,1.37
2015.07.31 14:56:04.435,1.30232,1.30241,1.37,2.10
2015.07.31 14:56:04.639,1.3023,1.30241,1.37,2.85
2015.07.31 14:56:04.995,1.30228,1.30236,1.37,1.00
2015.07.31 14:56:05.048,1.30228,1.30236,1.12,1.00
2015.07.31 14:56:05.100,1.30223,1.30234,2.02,1.00
2015.07.31 14:56:05.151,1.30223,1.30233,2.02,1.00
2015.07.31 14:56:05.653,1.30223,1.30233,1.50,1.00
2015.07.31 14:56:05.957,1.30223,1.30231,1.50,1.00
2015.07.31 14:56:06.465,1.3022,1.30231,1.50,1.00
2015.07.31 14:56:07.254,1.3022,1.30232,1.50,1.00
2015.07.31 14:56:08.496,1.30223,1.30235,2.62,1.00
2015.07.31 14:56:09.004,1.30224,1.30235,1.05,1.00
2015.07.31 14:56:09.629,1.30224,1.30235,1.20,1.00
2015.07.31 14:56:10.157,1.30224,1.30235,1.47,1.00
2015.07.31 14:56:10.893,1.30223,1.30233,1.12,1.00
2015.07.31 14:56:11.666,1.30224,1.30233,1.05,1.00
2015.07.31 14:56:12.485,1.30222,1.30234,2.47,1.00
2015.07.31 14:56:12.791,1.30227,1.30236,1.87,1.00
2015.07.31 14:56:13.301,1.30227,1.30238,2.62,1.50
2015.07.31 14:56:14.254,1.30227,1.30237,3.37,1.00
2015.07.31 14:56:15.065,1.30224,1.30236,1.75,1.00
2015.07.31 14:56:15.320,1.30224,1.30234,1.75,1.00
2015.07.31 14:56:15.371,1.30225,1.30234,1.00,1.00
2015.07.31 14:56:16.228,1.30223,1.30235,2.25,1.37
2015.07.31 14:56:16.330,1.3022,1.30229,1.47,1.50
2015.07.31 14:56:17.520,1.3022,1.30229,1.20,1.00
2015.07.31 14:56:17.571,1.3022,1.3023,1.37,1.35
2015.07.31 14:56:17.674,1.30219,1.30228,1.12,1.00
2015.07.31 14:56:18.203,1.30218,1.30228,2.25,1.00
2015.07.31 14:56:18.965,1.30218,1.30229,1.50,1.50
2015.07.31 14:56:19.472,1.30218,1.30229,1.50,1.50
2015.07.31 14:56:20.326,1.30219,1.30228,1.50,1.00
2015.07.31 14:56:20.381,1.30219,1.3023,1.50,1.00
2015.07.31 14:56:20.887,1.30219,1.30231,1.50,1.87
2015.07.31 14:56:21.946,1.30218,1.30231,1.50,2.85
2015.07.31 14:56:22.048,1.30217,1.30228,1.50,1.00
2015.07.31 14:56:22.556,1.30216,1.30229,1.00,2.62
2015.07.31 14:56:24.471,1.30217,1.30228,1.00,1.20
2015.07.31 14:56:24.826,1.30218,1.30229,1.37,1.12
2015.07.31 14:56:25.268,1.30217,1.30228,2.25,1.57
2015.07.31 14:56:25.981,1.30218,1.30228,1.00,1.10
2015.07.31 14:56:26.848,1.3022,1.30229,1.00,1.12
2015.07.31 14:56:27.356,1.3022,1.30231,1.87,1.37
2015.07.31 14:56:27.661,1.3022,1.30232,2.62,1.10
2015.07.31 14:56:28.730,1.3022,1.30232,1.87,1.05
2015.07.31 14:56:29.250,1.3022,1.30232,1.87,1.20
2015.07.31 14:56:29.760,1.3022,1.30231,1.57,1.10
2015.07.31 14:56:30.165,1.3022,1.30232,1.85,2.10
2015.07.31 14:56:30.735,1.30231,1.30236,2.47,3.37
2015.07.31 14:56:30.789,1.30231,1.30239,2.47,1.00
2015.07.31 14:56:30.890,1.30231,1.30239,1.30,1.00
2015.07.31 14:56:31.397,1.30229,1.30239,4.72,1.00
2015.07.31 14:56:32.013,1.30235,1.30245,1.12,2.62
2015.07.31 14:56:32.166,1.30235,1.30245,1.37,1.87
2015.07.31 14:56:32.419,1.30236,1.30246,1.37,1.20
2015.07.31 14:56:32.673,1.30236,1.30248,1.37,1.75
2015.07.31 14:56:33.690,1.30238,1.30249,1.37,1.87
2015.07.31 14:56:34.607,1.30236,1.30247,4.50,1.10
2015.07.31 14:56:35.128,1.30235,1.30246,1.75,1.50
2015.07.31 14:56:36.563,1.30233,1.30245,3.00,1.00
2015.07.31 14:56:37.122,1.30235,1.30246,1.37,2.25
2015.07.31 14:56:38.130,1.30237,1.30246,1.37,1.50
2015.07.31 14:56:38.334,1.30237,1.30248,1.87,1.50
2015.07.31 14:56:38.538,1.30239,1.3025,1.75,1.50
2015.07.31 14:56:39.214,1.30245,1.30254,1.37,1.87
2015.07.31 14:56:39.268,1.30248,1.3026,2.47,1.50
2015.07.31 14:56:39.775,1.30251,1.30261,1.12,1.50
2015.07.31 14:56:40.505,1.30251,1.30261,1.37,1.50
2015.07.31 14:56:41.012,1.30249,1.3026,1.50,1.00
2015.07.31 14:56:43.473,1.30251,1.3026,1.37,1.00
2015.07.31 14:56:43.628,1.30252,1.30262,1.12,1.00
2015.07.31 14:56:43.730,1.30251,1.30262,2.05,1.00
2015.07.31 14:56:44.137,1.30253,1.30261,1.05,1.00
2015.07.31 14:56:44.531,1.30253,1.30263,1.37,1.30
2015.07.31 14:56:44.633,1.30256,1.30265,1.37,1.37
2015.07.31 14:56:44.684,1.30256,1.30265,1.37,1.00
2015.07.31 14:56:45.192,1.30257,1.30268,1.37,2.62
2015.07.31 14:56:45.244,1.30259,1.30269,1.37,1.37
2015.07.31 14:56:45.646,1.30258,1.30269,2.47,1.00
2015.07.31 14:56:46.157,1.3026,1.30272,1.12,1.87
2015.07.31 14:56:47.008,1.3026,1.30269,1.12,1.20
2015.07.31 14:56:47.264,1.30258,1.30271,1.37,1.37
2015.07.31 14:56:47.416,1.30259,1.30271,1.37,1.12
2015.07.31 14:56:48.155,1.3026,1.30272,1.37,1.37
2015.07.31 14:56:50.387,1.3026,1.30271,1.87,1.37
2015.07.31 14:56:51.184,1.3026,1.30271,1.37,1.00
2015.07.31 14:56:52.007,1.30261,1.30273,1.37,1.87
2015.07.31 14:56:52.059,1.3026,1.30272,2.25,1.37
2015.07.31 14:56:52.566,1.30259,1.30272,2.25,1.87
2015.07.31 14:56:53.625,1.30269,1.30273,1.00,1.00
2015.07.31 14:56:53.677,1.30269,1.3028,1.37,1.87
2015.07.31 14:56:54.866,1.3027,1.3028,1.37,1.60
2015.07.31 14:56:55.374,1.30269,1.30279,1.12,1.35
2015.07.31 14:56:55.425,1.30269,1.3028,1.87,3.60
2015.07.31 14:56:55.476,1.30268,1.30279,1.50,1.50
2015.07.31 14:56:56.026,1.30268,1.30279,1.50,2.10
2015.07.31 14:56:56.383,1.30268,1.30279,1.00,1.35
2015.07.31 14:56:56.485,1.30266,1.30279,2.25,1.72
2015.07.31 14:56:56.587,1.30268,1.30279,1.50,1.12
2015.07.31 14:56:57.317,1.30268,1.30277,1.00,1.00
2015.07.31 14:56:57.622,1.30271,1.30278,1.87,1.00
2015.07.31 14:56:57.825,1.30271,1.30279,1.00,2.17
2015.07.31 14:56:57.928,1.30266,1.30277,1.37,1.60
2015.07.31 14:56:58.131,1.30265,1.30276,2.25,2.47
2015.07.31 14:56:58.284,1.30262,1.30267,1.87,1.35
2015.07.31 14:56:58.692,1.3026,1.30267,1.00,1.00
2015.07.31 14:56:58.745,1.3026,1.30272,1.12,1.37
2015.07.31 14:56:58.847,1.30262,1.30272,1.00,1.37
2015.07.31 14:56:59.125,1.3026,1.30271,2.62,1.12
2015.07.31 14:57:00.036,1.3026,1.30271,1.50,1.37
2015.07.31 14:57:00.239,1.30261,1.30272,1.37,1.00
2015.07.31 14:57:00.748,1.30261,1.30271,1.37,1.00
2015.07.31 14:57:01.676,1.30259,1.3027,1.87,1.00
2015.07.31 14:57:04.154,1.30259,1.3027,1.37,1.37
2015.07.31 14:57:04.207,1.30257,1.30269,1.37,1.72
2015.07.31 14:57:04.716,1.30257,1.30268,1.37,1.50
2015.07.31 14:57:06.486,1.30256,1.30267,1.37,1.00
2015.07.31 14:57:07.272,1.30257,1.30267,1.37,2.85
2015.07.31 14:57:07.657,1.30253,1.30261,1.50,1.00
2015.07.31 14:57:07.710,1.3025,1.3026,1.00,1.72
2015.07.31 14:57:07.864,1.30254,1.3026,1.00,2.25
2015.07.31 14:57:08.067,1.30255,1.30266,1.00,2.70
2015.07.31 14:57:08.119,1.30255,1.30259,1.00,1.00
2015.07.31 14:57:08.272,1.30251,1.3026,1.00,1.50
2015.07.31 14:57:08.324,1.30254,1.3026,1.00,1.50
2015.07.31 14:57:08.726,1.30256,1.30266,1.00,1.72
2015.07.31 14:57:08.777,1.30257,1.30266,1.00,1.00
2015.07.31 14:57:08.930,1.30257,1.30269,1.50,2.62
2015.07.31 14:57:09.032,1.3026,1.30269,1.00,1.87
2015.07.31 14:57:09.752,1.30261,1.30273,1.12,1.50
2015.07.31 14:57:10.157,1.30261,1.30272,1.37,1.37
2015.07.31 14:57:10.312,1.30261,1.30272,1.37,1.87
2015.07.31 14:57:10.719,1.30262,1.30272,2.62,1.00
2015.07.31 14:57:10.770,1.30262,1.30274,1.37,1.50
2015.07.31 14:57:11.434,1.30262,1.30275,2.62,1.12
2015.07.31 14:57:11.536,1.30262,1.3027,2.62,2.25
2015.07.31 14:57:11.688,1.3026,1.30269,1.12,1.50
2015.07.31 14:57:11.790,1.30258,1.30269,1.87,2.85
2015.07.31 14:57:12.297,1.30265,1.3027,1.12,2.17
2015.07.31 14:57:12.759,1.30268,1.30272,1.50,3.00
2015.07.31 14:57:12.810,1.30272,1.30281,1.37,1.00
2015.07.31 14:57:12.862,1.30277,1.30281,1.50,1.00
2015.07.31 14:57:12.964,1.30282,1.30286,1.00,1.50
2015.07.31 14:57:13.015,1.30283,1.3029,1.00,1.50
2015.07.31 14:57:13.067,1.30285,1.30292,1.60,3.75
2015.07.31 14:57:13.118,1.30286,1.30294,1.00,1.12
2015.07.31 14:57:13.169,1.30286,1.30294,1.00,1.12
2015.07.31 14:57:13.220,1.30287,1.30299,1.00,1.57
2015.07.31 14:57:13.423,1.30289,1.30301,1.00,1.57
2015.07.31 14:57:13.474,1.30291,1.30301,1.00,2.17
2015.07.31 14:57:14.398,1.3029,1.303,1.87,3.00
2015.07.31 14:57:14.921,1.3029,1.303,1.87,3.75
2015.07.31 14:57:15.124,1.3029,1.303,1.87,1.00
2015.07.31 14:57:15.578,1.30289,1.303,3.00,3.75
2015.07.31 14:57:16.085,1.30289,1.303,3.00,3.75
2015.07.31 14:57:16.748,1.30289,1.303,3.00,4.12
2015.07.31 14:57:18.115,1.30289,1.30299,1.50,1.12
2015.07.31 14:57:18.623,1.30289,1.30299,1.50,1.12
2015.07.31 14:57:19.813,1.30294,1.30301,2.47,1.95
2015.07.31 14:57:20.016,1.303,1.30307,1.00,1.87
2015.07.31 14:57:20.270,1.303,1.30309,1.50,1.00
2015.07.31 14:57:20.696,1.30303,1.30313,3.07,1.50
2015.07.31 14:57:20.899,1.30306,1.30316,2.10,1.50
2015.07.31 14:57:21.001,1.30307,1.30318,1.87,1.12
2015.07.31 14:57:21.052,1.30307,1.30318,3.97,1.12
2015.07.31 14:57:21.775,1.3031,1.30319,1.72,1.50
2015.07.31 14:57:22.332,1.30309,1.30319,1.30,1.50
2015.07.31 14:57:23.138,1.30308,1.30318,1.97,1.00
2015.07.31 14:57:23.239,1.30309,1.3032,1.72,1.87
2015.07.31 14:57:23.543,1.3031,1.30322,1.50,1.12
2015.07.31 14:57:23.646,1.30312,1.30324,1.37,1.87
2015.07.31 14:57:24.154,1.30314,1.30325,1.37,1.00
2015.07.31 14:57:24.962,1.30316,1.30326,2.85,1.00
2015.07.31 14:57:25.014,1.30316,1.3033,2.85,1.37
2015.07.31 14:57:25.066,1.30316,1.3033,1.00,1.37
2015.07.31 14:57:25.422,1.30316,1.30328,1.35,1.00
2015.07.31 14:57:26.179,1.30316,1.30329,1.72,1.00
2015.07.31 14:57:26.485,1.30321,1.30329,1.00,1.00
2015.07.31 14:57:26.792,1.30328,1.30338,1.60,1.12
2015.07.31 14:57:27.395,1.30333,1.30341,3.60,1.50
2015.07.31 14:57:27.446,1.30334,1.30344,2.10,1.12
2015.07.31 14:57:27.599,1.30332,1.30344,1.75,1.87
2015.07.31 14:57:27.904,1.30339,1.30346,2.10,1.10
2015.07.31 14:57:27.955,1.30339,1.3035,2.10,1.00
2015.07.31 14:57:28.603,1.30337,1.30351,2.10,1.12
2015.07.31 14:57:28.655,1.30337,1.30353,3.60,1.50
2015.07.31 14:57:28.861,1.30337,1.30353,4.35,1.50
2015.07.31 14:57:30.280,1.30337,1.3035,1.50,1.00
2015.07.31 14:57:30.723,1.3034,1.3035,1.37,1.10
2015.07.31 14:57:31.262,1.30338,1.30349,1.12,2.25
2015.07.31 14:57:31.566,1.30329,1.30341,1.29,1.00
2015.07.31 14:57:31.822,1.3033,1.3034,1.23,1.72
2015.07.31 14:57:32.331,1.30317,1.30323,6.00,2.10
2015.07.31 14:57:32.435,1.30312,1.30318,3.71,1.50
2015.07.31 14:57:32.540,1.3031,1.30318,3.75,3.60
2015.07.31 14:57:32.591,1.30306,1.30318,1.12,2.47
2015.07.31 14:57:32.693,1.30306,1.30314,1.00,1.00
2015.07.31 14:57:32.997,1.303,1.30309,3.75,1.00
2015.07.31 14:57:33.506,1.30291,1.30301,1.50,1.37
2015.07.31 14:57:33.557,1.30282,1.30294,1.12,2.47
2015.07.31 14:57:33.661,1.30282,1.30292,1.50,1.37
2015.07.31 14:57:33.974,1.30281,1.30286,1.50,1.00
2015.07.31 14:57:34.126,1.30276,1.30281,2.19,1.00
2015.07.31 14:57:34.919,1.30278,1.30282,1.00,1.00
2015.07.31 14:57:34.970,1.30278,1.30282,1.00,1.00
2015.07.31 14:57:35.072,1.30272,1.30276,1.00,1.00
2015.07.31 14:57:35.124,1.30268,1.30272,1.00,1.00
2015.07.31 14:57:35.278,1.30267,1.30272,1.50,1.50
2015.07.31 14:57:35.793,1.30265,1.30272,4.12,1.00
2015.07.31 14:57:35.845,1.30265,1.3027,4.12,1.00
2015.07.31 14:57:35.947,1.30266,1.30273,3.60,1.00
2015.07.31 14:57:36.101,1.30265,1.3027,1.12,1.00
2015.07.31 14:57:36.307,1.30262,1.30273,1.37,1.00
2015.07.31 14:57:36.358,1.30262,1.30269,1.12,1.00
2015.07.31 14:57:36.835,1.30264,1.3027,1.12,1.00
2015.07.31 14:57:36.887,1.30264,1.30273,1.12,1.00
2015.07.31 14:57:36.940,1.30264,1.30271,1.72,1.00
2015.07.31 14:57:37.246,1.30258,1.30265,3.75,1.00
2015.07.31 14:57:37.793,1.3024,1.3025,2.10,1.47
2015.07.31 14:57:37.896,1.30247,1.30253,1.00,1.37
2015.07.31 14:57:38.099,1.30244,1.30251,1.00,1.30
2015.07.31 14:57:38.201,1.30244,1.30253,1.00,3.97
2015.07.31 14:57:38.859,1.30242,1.30252,1.00,2.47
2015.07.31 14:57:39.115,1.30243,1.30249,1.00,1.12
2015.07.31 14:57:39.269,1.30245,1.30251,1.00,1.12
2015.07.31 14:57:39.930,1.30241,1.30246,1.00,1.30
2015.07.31 14:57:40.084,1.30238,1.30244,1.00,1.30
2015.07.31 14:57:40.288,1.3024,1.30246,1.00,1.20
2015.07.31 14:57:40.391,1.3024,1.30246,1.00,1.10
2015.07.31 14:57:40.544,1.30237,1.30247,1.00,1.35
2015.07.31 14:57:40.596,1.30235,1.30247,1.12,2.92
2015.07.31 14:57:40.990,1.30235,1.30244,1.00,1.12
2015.07.31 14:57:41.052,1.30231,1.30241,1.00,3.22
2015.07.31 14:57:41.557,1.30229,1.30241,1.87,1.37
2015.07.31 14:57:41.658,1.30232,1.30241,1.00,1.37
2015.07.31 14:57:42.190,1.30229,1.3024,1.00,1.10
2015.07.31 14:57:42.546,1.30231,1.30242,1.35,2.62
2015.07.31 14:57:42.852,1.30233,1.30243,1.50,1.37
2015.07.31 14:57:43.334,1.30235,1.30248,1.00,1.50
2015.07.31 14:57:43.386,1.30237,1.30248,1.00,1.50
2015.07.31 14:57:43.692,1.30237,1.30247,1.12,1.05
2015.07.31 14:57:44.294,1.30214,1.3022,1.00,2.10
2015.07.31 14:57:44.348,1.30218,1.30227,1.00,1.87
2015.07.31 14:57:44.502,1.30217,1.30227,1.00,1.12
2015.07.31 14:57:44.553,1.3022,1.30229,1.00,2.62
2015.07.31 14:57:44.706,1.30224,1.30232,1.00,1.12
2015.07.31 14:57:44.756,1.30224,1.30231,1.00,1.27
2015.07.31 14:57:44.859,1.30222,1.3023,1.10,1.05
2015.07.31 14:57:45.752,1.30222,1.30227,1.00,1.12
2015.07.31 14:57:45.804,1.30216,1.30226,1.00,1.35
2015.07.31 14:57:45.855,1.30216,1.30223,1.00,1.00
2015.07.31 14:57:45.957,1.30216,1.30225,1.00,1.12
2015.07.31 14:57:46.008,1.30214,1.30225,1.00,2.47
2015.07.31 14:57:46.313,1.30207,1.30218,2.62,1.35
2015.07.31 14:57:46.756,1.30207,1.30217,1.50,1.47
2015.07.31 14:57:46.859,1.30203,1.30209,1.12,1.35
2015.07.31 14:57:46.910,1.30203,1.30207,1.05,2.10
2015.07.31 14:57:46.961,1.30198,1.30207,1.65,2.10
2015.07.31 14:57:47.012,1.30198,1.30209,1.15,1.50
2015.07.31 14:57:47.064,1.30198,1.30209,1.00,1.50
2015.07.31 14:57:47.217,1.302,1.3021,1.00,1.47
2015.07.31 14:57:47.319,1.302,1.30211,1.00,1.12
2015.07.31 14:57:47.764,1.30201,1.30214,1.50,1.47
2015.07.31 14:57:47.865,1.30203,1.30215,1.00,3.00
2015.07.31 14:57:48.171,1.30196,1.30203,1.00,1.35
2015.07.31 14:57:48.833,1.3019,1.302,1.00,3.75
2015.07.31 14:57:49.087,1.30191,1.302,1.00,1.12
2015.07.31 14:57:49.845,1.3019,1.30201,1.10,1.87
2015.07.31 14:57:50.202,1.30185,1.30197,3.75,1.00
2015.07.31 14:57:50.356,1.30185,1.30195,1.87,1.00
2015.07.31 14:57:50.935,1.30185,1.30198,1.87,1.00
2015.07.31 14:57:51.446,1.30186,1.30198,1.50,1.00
2015.07.31 14:57:52.029,1.30186,1.30197,1.50,1.00
2015.07.31 14:57:52.081,1.30185,1.30194,1.37,1.00
2015.07.31 14:57:52.386,1.30193,1.30199,1.00,1.12
2015.07.31 14:57:53.008,1.30195,1.30199,1.00,1.00
2015.07.31 14:57:53.266,1.30196,1.30203,1.50,1.12
2015.07.31 14:57:54.075,1.30195,1.30202,1.00,2.17
2015.07.31 14:57:54.127,1.30197,1.30203,1.00,1.35
2015.07.31 14:57:54.382,1.30196,1.30203,1.00,1.35
2015.07.31 14:57:54.789,1.30197,1.30202,1.00,1.27
2015.07.31 14:57:55.607,1.30193,1.30197,1.00,1.00
2015.07.31 14:57:55.658,1.30191,1.30197,1.00,1.10
2015.07.31 14:57:55.862,1.30193,1.30199,1.00,1.50
2015.07.31 14:57:56.014,1.30193,1.302,1.00,1.12
2015.07.31 14:57:56.116,1.30191,1.302,1.00,1.57
2015.07.31 14:57:56.168,1.30191,1.30198,1.00,2.10
2015.07.31 14:57:56.219,1.30192,1.30198,1.00,1.00
2015.07.31 14:57:56.270,1.30192,1.30198,1.00,1.97
2015.07.31 14:57:56.731,1.30195,1.30201,1.00,1.05
2015.07.31 14:57:56.884,1.3019,1.30197,1.00,2.47
2015.07.31 14:57:56.935,1.30193,1.30197,1.00,1.00
2015.07.31 14:57:57.138,1.3019,1.30196,1.00,1.30
2015.07.31 14:57:57.343,1.30193,1.30199,1.00,1.37
2015.07.31 14:57:57.847,1.30186,1.30192,3.22,1.00
2015.07.31 14:57:57.898,1.3018,1.30188,4.50,2.85
2015.07.31 14:57:57.950,1.3018,1.30185,4.12,2.10
2015.07.31 14:57:58.003,1.3018,1.30185,1.00,2.10
2015.07.31 14:57:58.055,1.3018,1.30187,1.00,3.22
2015.07.31 14:57:58.107,1.30177,1.30184,1.00,2.17
2015.07.31 14:57:58.159,1.30177,1.30185,1.00,1.35
2015.07.31 14:57:58.898,1.30176,1.30182,1.00,1.37
2015.07.31 14:57:59.309,1.30174,1.30182,1.00,1.37
2015.07.31 14:57:59.964,1.30173,1.30182,1.00,1.12
2015.07.31 14:58:00.168,1.30172,1.3018,1.00,3.75
2015.07.31 14:58:00.575,1.30174,1.30178,1.00,1.35
2015.07.31 14:58:00.626,1.30166,1.30176,1.12,2.85
2015.07.31 14:58:00.728,1.30165,1.30173,1.50,1.00
2015.07.31 14:58:01.135,1.30161,1.30167,1.00,2.55
2015.07.31 14:58:01.186,1.30158,1.30166,1.00,3.22
2015.07.31 14:58:01.288,1.30155,1.30165,1.00,1.65
2015.07.31 14:58:01.651,1.30155,1.30162,1.50,1.87
2015.07.31 14:58:02.270,1.30153,1.30159,1.00,1.37
2015.07.31 14:58:02.321,1.30152,1.30159,1.50,1.37
2015.07.31 14:58:02.525,1.3015,1.30154,1.00,1.00
2015.07.31 14:58:02.576,1.30152,1.30156,1.00,1.00
2015.07.31 14:58:02.627,1.30148,1.30154,1.00,1.35
2015.07.31 14:58:02.729,1.30145,1.30149,1.00,1.00
2015.07.31 14:58:02.780,1.30147,1.30153,1.00,1.50
2015.07.31 14:58:02.831,1.30144,1.30153,1.10,1.37
2015.07.31 14:58:02.882,1.30144,1.3015,1.10,1.12
2015.07.31 14:58:03.430,1.30147,1.30155,1.00,1.20
2015.07.31 14:58:03.583,1.30149,1.30155,1.00,1.00
2015.07.31 14:58:03.837,1.30151,1.3016,1.00,1.20
2015.07.31 14:58:04.040,1.30153,1.30161,1.00,1.47
2015.07.31 14:58:04.406,1.30156,1.30161,1.00,1.37
2015.07.31 14:58:04.457,1.30156,1.30163,1.00,1.47
2015.07.31 14:58:04.508,1.30156,1.3016,1.00,1.00
2015.07.31 14:58:04.813,1.30153,1.30159,1.00,1.50
2015.07.31 14:58:05.118,1.30153,1.30161,1.00,3.75
2015.07.31 14:58:06.058,1.30154,1.30162,1.00,4.12
2015.07.31 14:58:06.110,1.30165,1.30172,1.00,1.00
2015.07.31 14:58:06.161,1.30165,1.30176,1.00,1.20
2015.07.31 14:58:06.364,1.30169,1.30177,1.00,1.12
2015.07.31 14:58:07.035,1.3017,1.30179,1.00,2.25
2015.07.31 14:58:07.340,1.30174,1.30181,1.00,1.50
2015.07.31 14:58:08.107,1.30172,1.30181,1.00,1.87
2015.07.31 14:58:08.419,1.30174,1.30182,1.00,5.25
2015.07.31 14:58:08.521,1.30174,1.30182,1.00,1.87
2015.07.31 14:58:08.876,1.30181,1.30186,1.00,4.50
2015.07.31 14:58:09.254,1.30181,1.30188,1.35,1.12
2015.07.31 14:58:09.305,1.30181,1.30189,1.50,1.00
2015.07.31 14:58:09.663,1.30179,1.30189,2.25,1.00
2015.07.31 14:58:10.230,1.30183,1.30191,1.00,1.62
2015.07.31 14:58:10.738,1.30184,1.3019,1.00,1.00
2015.07.31 14:58:11.290,1.30187,1.30195,1.50,3.75
2015.07.31 14:58:11.346,1.30194,1.30198,1.00,1.00
2015.07.31 14:58:11.500,1.30194,1.30202,1.00,1.37
2015.07.31 14:58:11.603,1.30194,1.30198,1.00,1.00
2015.07.31 14:58:11.655,1.30183,1.30193,1.91,1.00
2015.07.31 14:58:11.758,1.30183,1.30191,1.00,1.00
2015.07.31 14:58:12.098,1.30181,1.30186,3.37,3.60
2015.07.31 14:58:12.504,1.30177,1.30185,1.00,1.50
2015.07.31 14:58:12.606,1.30177,1.30185,1.00,2.85
2015.07.31 14:58:12.911,1.30176,1.30184,1.00,4.12
2015.07.31 14:58:13.588,1.30176,1.30182,1.00,1.12
2015.07.31 14:58:13.639,1.30172,1.3018,1.00,1.12
2015.07.31 14:58:14.146,1.30171,1.3018,1.10,1.12
2015.07.31 14:58:14.861,1.30169,1.30178,1.37,1.00
2015.07.31 14:58:15.014,1.30166,1.30178,1.37,1.00
2015.07.31 14:58:15.420,1.30166,1.30178,1.12,1.12
2015.07.31 14:58:15.522,1.30165,1.30176,1.37,1.60
2015.07.31 14:58:16.353,1.30165,1.30174,1.37,5.10
2015.07.31 14:58:16.404,1.30159,1.30169,3.75,1.12
2015.07.31 14:58:16.455,1.30158,1.30169,1.12,1.20
2015.07.31 14:58:16.760,1.30156,1.30166,1.50,1.00
2015.07.31 14:58:16.812,1.30156,1.30166,1.12,1.00
2015.07.31 14:58:17.016,1.30155,1.30163,1.00,1.00
2015.07.31 14:58:17.564,1.30155,1.30162,1.00,1.00
2015.07.31 14:58:17.717,1.30155,1.30165,1.00,1.50
2015.07.31 14:58:18.471,1.30155,1.30164,1.00,1.10
2015.07.31 14:58:18.984,1.30154,1.30162,1.87,1.00
2015.07.31 14:58:19.491,1.30156,1.30162,1.00,1.00
2015.07.31 14:58:19.543,1.30156,1.30165,1.00,1.10
2015.07.31 14:58:20.500,1.30156,1.30166,1.00,1.00
2015.07.31 14:58:20.551,1.30157,1.30166,2.47,1.00
2015.07.31 14:58:20.856,1.30162,1.30168,1.50,1.00
2015.07.31 14:58:21.110,1.30162,1.3017,1.50,1.05
2015.07.31 14:58:21.161,1.30162,1.30168,1.50,2.85
2015.07.31 14:58:21.541,1.30153,1.30158,1.50,1.57
2015.07.31 14:58:21.593,1.30145,1.30149,1.00,1.00
2015.07.31 14:58:21.851,1.30146,1.3015,1.00,1.00
2015.07.31 14:58:22.353,1.30147,1.30151,1.00,1.00
2015.07.31 14:58:22.860,1.30145,1.30149,1.00,1.00
2015.07.31 14:58:23.417,1.30146,1.3015,1.00,1.00
2015.07.31 14:58:23.920,1.30145,1.30149,1.00,1.00
2015.07.31 14:58:24.275,1.30145,1.30149,1.00,1.35
2015.07.31 14:58:24.478,1.30137,1.30141,1.00,1.00
2015.07.31 14:58:24.942,1.3013,1.30134,1.10,1.00
2015.07.31 14:58:24.996,1.30134,1.3014,1.00,1.12
2015.07.31 14:58:25.505,1.30134,1.30139,1.10,1.00
2015.07.31 14:58:26.374,1.30132,1.30137,1.00,1.12
2015.07.31 14:58:27.448,1.30132,1.30139,1.10,1.00
2015.07.31 14:58:27.552,1.30131,1.30136,1.50,1.00
2015.07.31 14:58:27.604,1.30132,1.30138,1.10,1.00
2015.07.31 14:58:27.708,1.30132,1.30136,1.00,1.00
2015.07.31 14:58:28.404,1.3013,1.30135,1.12,1.00
2015.07.31 14:58:28.557,1.30126,1.30135,1.50,1.00
2015.07.31 14:58:28.608,1.30126,1.30132,1.50,1.00
2015.07.31 14:58:28.811,1.30123,1.3013,1.20,1.00
2015.07.31 14:58:28.863,1.30123,1.30128,1.10,1.00
2015.07.31 14:58:29.309,1.3012,1.30127,3.75,1.72
2015.07.31 14:58:29.360,1.30113,1.30123,1.10,1.00
2015.07.31 14:58:29.512,1.30113,1.30121,1.10,1.00
2015.07.31 14:58:29.818,1.30112,1.30119,1.50,1.00
2015.07.31 14:58:30.403,1.30113,1.30118,1.00,1.12
2015.07.31 14:58:30.455,1.3011,1.30118,1.87,1.12
2015.07.31 14:58:30.556,1.3011,1.30118,4.50,1.00
2015.07.31 14:58:30.862,1.3011,1.30117,4.50,1.00
2015.07.31 14:58:30.964,1.3011,1.30115,1.00,1.00
2015.07.31 14:58:31.501,1.30111,1.30115,1.00,1.00
2015.07.31 14:58:31.908,1.30111,1.30118,1.00,1.12
2015.07.31 14:58:32.295,1.3011,1.30119,5.47,1.00
2015.07.31 14:58:32.720,1.30103,1.30109,1.50,1.00
2015.07.31 14:58:33.024,1.30105,1.30109,1.00,1.00
2015.07.31 14:58:33.075,1.30102,1.30108,1.12,1.00
2015.07.31 14:58:33.126,1.30101,1.30107,3.67,1.35
2015.07.31 14:58:33.279,1.30095,1.30099,1.00,1.00
2015.07.31 14:58:33.642,1.30091,1.30103,1.00,1.80
2015.07.31 14:58:33.693,1.30093,1.30098,1.00,1.00
2015.07.31 14:58:34.051,1.30091,1.30097,1.10,1.00
2015.07.31 14:58:34.153,1.30088,1.30095,3.75,1.00
2015.07.31 14:58:34.636,1.30086,1.30092,1.00,1.00
2015.07.31 14:58:34.688,1.30084,1.30095,1.00,1.00
2015.07.31 14:58:34.791,1.30084,1.30095,1.37,1.00
2015.07.31 14:58:36.155,1.30085,1.30093,1.37,1.00
2015.07.31 14:58:36.459,1.30088,1.30093,1.67,1.00
2015.07.31 14:58:37.143,1.30086,1.30092,4.12,1.00
2015.07.31 14:58:37.246,1.30084,1.30092,1.37,1.00
2015.07.31 14:58:37.297,1.30084,1.30089,1.12,1.00
2015.07.31 14:58:38.106,1.30083,1.3009,1.12,1.10
2015.07.31 14:58:38.622,1.30083,1.30091,1.10,1.00
2015.07.31 14:58:39.121,1.30077,1.30085,1.75,1.00
2015.07.31 14:58:39.172,1.30072,1.30084,1.50,1.12
2015.07.31 14:58:39.325,1.30075,1.30082,1.00,1.00
2015.07.31 14:58:39.376,1.30075,1.30085,1.00,1.37
2015.07.31 14:58:39.580,1.30075,1.30081,1.00,1.00
2015.07.31 14:58:39.631,1.30076,1.30084,1.00,1.00
2015.07.31 14:58:39.784,1.30075,1.3008,1.00,1.00
2015.07.31 14:58:40.305,1.30073,1.3008,1.50,1.00
2015.07.31 14:58:41.222,1.30068,1.30076,1.00,1.00
2015.07.31 14:58:41.733,1.30067,1.30076,1.12,1.00
2015.07.31 14:58:42.391,1.30067,1.30078,1.37,1.00
2015.07.31 14:58:42.443,1.3007,1.30082,1.30,1.50
2015.07.31 14:58:42.748,1.30066,1.30075,1.12,1.00
2015.07.31 14:58:42.901,1.30067,1.30078,1.30,1.00
2015.07.31 14:58:43.053,1.30069,1.30078,3.22,1.00
2015.07.31 14:58:43.526,1.30064,1.30068,2.32,1.00
2015.07.31 14:58:43.578,1.30061,1.30067,1.50,1.35
2015.07.31 14:58:43.631,1.30053,1.30061,3.75,1.00
2015.07.31 14:58:43.733,1.30048,1.3006,2.10,1.00
2015.07.31 14:58:43.885,1.30046,1.3006,2.47,1.00
2015.07.31 14:58:44.190,1.30047,1.3006,3.22,1.12
2015.07.31 14:58:44.611,1.30047,1.30059,2.10,1.87
2015.07.31 14:58:44.814,1.30044,1.30053,1.10,1.00
2015.07.31 14:58:44.865,1.30044,1.30057,2.85,1.12
2015.07.31 14:58:44.917,1.30046,1.30057,2.47,1.12
2015.07.31 14:58:45.223,1.30063,1.30072,1.60,2.22
2015.07.31 14:58:46.090,1.30058,1.30069,1.00,1.87
2015.07.31 14:58:46.142,1.30055,1.30068,1.37,1.12
2015.07.31 14:58:46.599,1.30054,1.30069,1.12,1.47
2015.07.31 14:58:47.150,1.30051,1.30065,2.25,1.00
2015.07.31 14:58:47.404,1.30052,1.30068,3.00,1.12
2015.07.31 14:58:47.761,1.30053,1.30065,1.60,1.00
2015.07.31 14:58:48.112,1.30056,1.30065,1.00,1.00
2015.07.31 14:58:49.326,1.30056,1.3006,1.00,1.00
2015.07.31 14:58:49.834,1.30056,1.30061,1.60,1.00
2015.07.31 14:58:50.087,1.30056,1.30061,2.10,1.00
2015.07.31 14:58:50.446,1.30051,1.30057,1.50,1.12
2015.07.31 14:58:50.498,1.30047,1.30051,1.00,1.00
2015.07.31 14:58:50.552,1.30044,1.30048,1.00,1.00
2015.07.31 14:58:50.604,1.30051,1.30057,2.10,5.62
2015.07.31 14:58:50.706,1.30051,1.30058,2.85,4.50
2015.07.31 14:58:50.809,1.30053,1.30058,1.42,1.00
2015.07.31 14:58:50.913,1.30058,1.30064,1.00,1.00
2015.07.31 14:58:51.517,1.30058,1.30065,2.85,1.50
2015.07.31 14:58:51.569,1.30058,1.30063,1.30,1.00
2015.07.31 14:58:51.620,1.30062,1.30066,1.00,1.50
2015.07.31 14:58:51.722,1.30061,1.30065,2.62,1.00
2015.07.31 14:58:51.987,1.30063,1.30068,1.12,1.20
2015.07.31 14:58:52.038,1.30063,1.30071,1.12,1.00
2015.07.31 14:58:52.139,1.30063,1.30074,1.12,1.35
2015.07.31 14:58:52.744,1.30063,1.30076,1.12,4.87
2015.07.31 14:58:53.209,1.3006,1.30072,1.50,1.00
2015.07.31 14:58:53.513,1.30056,1.30064,1.00,1.00
2015.07.31 14:58:53.871,1.30058,1.30064,1.50,1.00
2015.07.31 14:58:54.176,1.30051,1.30057,4.50,1.72
2015.07.31 14:58:54.330,1.30048,1.30056,1.00,1.72
2015.07.31 14:58:54.381,1.30047,1.30052,2.62,1.12
2015.07.31 14:58:54.897,1.30042,1.3005,2.25,1.00
2015.07.31 14:58:54.948,1.30042,1.30048,1.00,1.00
2015.07.31 14:58:55.407,1.30041,1.30048,1.00,1.37
2015.07.31 14:58:56.383,1.30039,1.30048,2.25,1.12
2015.07.31 14:58:56.586,1.30041,1.30047,1.00,1.00
2015.07.31 14:58:56.890,1.30046,1.3005,1.50,1.00
2015.07.31 14:58:57.144,1.3005,1.30055,1.00,1.00
2015.07.31 14:58:57.195,1.30052,1.30056,1.50,1.00
2015.07.31 14:58:57.559,1.30054,1.30058,1.00,1.10
2015.07.31 14:58:57.610,1.30056,1.30062,1.00,4.50
2015.07.31 14:58:57.712,1.3006,1.30066,1.00,1.00
2015.07.31 14:58:57.866,1.30062,1.30068,1.00,1.50
2015.07.31 14:58:57.967,1.30064,1.30069,1.00,1.87
2015.07.31 14:58:58.171,1.30066,1.30076,1.00,1.87
2015.07.31 14:58:58.680,1.30071,1.30078,1.00,5.40
2015.07.31 14:58:58.839,1.30079,1.30085,1.00,1.00
2015.07.31 14:58:58.941,1.30081,1.30087,1.00,1.12
2015.07.31 14:58:59.248,1.30082,1.3009,1.00,1.42
2015.07.31 14:58:59.706,1.30085,1.30095,1.50,1.37
2015.07.31 14:59:00.012,1.30092,1.30099,1.00,1.00
2015.07.31 14:59:00.728,1.30096,1.30102,1.00,1.12
2015.07.31 14:59:01.034,1.30096,1.301,1.00,1.35
2015.07.31 14:59:01.800,1.30096,1.30103,1.00,1.80
2015.07.31 14:59:02.003,1.30091,1.30101,1.00,3.30
2015.07.31 14:59:02.054,1.30088,1.30098,1.12,2.85
2015.07.31 14:59:02.383,1.30088,1.30095,1.00,1.60
2015.07.31 14:59:02.434,1.30088,1.30096,1.00,1.72
2015.07.31 14:59:02.536,1.30088,1.30099,1.00,1.87
2015.07.31 14:59:02.973,1.30084,1.30093,1.87,1.00
2015.07.31 14:59:03.025,1.30086,1.3009,1.00,1.00
2015.07.31 14:59:03.127,1.30086,1.30095,1.00,1.12
2015.07.31 14:59:03.281,1.30086,1.30093,1.00,1.00
2015.07.31 14:59:03.596,1.30083,1.30093,1.47,1.00
2015.07.31 14:59:04.138,1.30083,1.3009,1.47,1.00
2015.07.31 14:59:04.600,1.30083,1.30087,1.00,1.00
2015.07.31 14:59:04.854,1.30079,1.30089,1.50,2.47
2015.07.31 14:59:05.308,1.30076,1.30085,1.50,1.30
2015.07.31 14:59:05.359,1.30078,1.30087,1.00,1.05
2015.07.31 14:59:05.765,1.30074,1.30085,1.50,1.30
2015.07.31 14:59:05.816,1.30074,1.30085,1.50,2.47
2015.07.31 14:59:06.902,1.30075,1.30088,1.12,2.47
2015.07.31 14:59:07.309,1.30073,1.30082,2.25,1.00
2015.07.31 14:59:07.910,1.30076,1.30082,1.00,1.00
2015.07.31 14:59:07.961,1.30076,1.30089,4.50,1.87
2015.07.31 14:59:08.063,1.30074,1.30087,1.37,1.00
2015.07.31 14:59:08.115,1.30076,1.30084,1.00,1.00
2015.07.31 14:59:08.420,1.30074,1.30081,1.00,1.00
2015.07.31 14:59:08.626,1.30071,1.30081,1.87,1.00
2015.07.31 14:59:09.135,1.30072,1.30082,1.00,1.35
2015.07.31 14:59:09.288,1.30075,1.30082,1.00,1.35
2015.07.31 14:59:09.592,1.30077,1.30085,1.00,1.05
2015.07.31 14:59:09.643,1.30077,1.30085,1.00,1.05
2015.07.31 14:59:10.256,1.30076,1.30084,1.00,1.72
2015.07.31 14:59:10.921,1.30073,1.30083,1.12,1.60
2015.07.31 14:59:11.327,1.30067,1.30077,1.00,1.00
2015.07.31 14:59:11.430,1.30069,1.30079,1.00,1.87
2015.07.31 14:59:11.532,1.30065,1.30075,1.12,1.00
2015.07.31 14:59:12.041,1.30066,1.30079,1.00,1.87
2015.07.31 14:59:12.688,1.30067,1.3008,1.50,1.12
2015.07.31 14:59:12.992,1.30069,1.30079,1.00,1.12
2015.07.31 14:59:13.788,1.30069,1.3008,1.00,1.75
2015.07.31 14:59:14.095,1.30066,1.30076,1.00,2.92
2015.07.31 14:59:14.350,1.30067,1.30077,1.00,1.05
2015.07.31 14:59:14.401,1.30069,1.30077,1.00,1.42
2015.07.31 14:59:14.905,1.30069,1.30074,1.00,1.30
2015.07.31 14:59:15.476,1.30068,1.30076,1.00,1.47
2015.07.31 14:59:16.343,1.30064,1.30071,1.00,2.25
2015.07.31 14:59:16.397,1.3006,1.30068,1.00,1.42
2015.07.31 14:59:16.448,1.3006,1.30068,1.00,5.10
2015.07.31 14:59:16.754,1.30064,1.30071,1.00,1.87
2015.07.31 14:59:17.058,1.30065,1.3007,1.00,1.00
2015.07.31 14:59:17.422,1.30066,1.30071,1.00,1.10
2015.07.31 14:59:17.480,1.30062,1.30071,1.00,4.42
2015.07.31 14:59:17.633,1.30063,1.30069,1.00,1.50
2015.07.31 14:59:17.938,1.30066,1.30073,1.00,1.75
2015.07.31 14:59:18.640,1.30066,1.30073,1.00,1.75
2015.07.31 14:59:19.047,1.30063,1.3007,1.00,1.50
2015.07.31 14:59:19.148,1.3006,1.30069,1.00,1.60
2015.07.31 14:59:19.568,1.3006,1.30068,1.00,1.72
2015.07.31 14:59:19.874,1.30067,1.30071,1.00,1.00
2015.07.31 14:59:20.180,1.30071,1.30077,1.00,1.50
2015.07.31 14:59:20.231,1.30069,1.30077,1.00,1.50
2015.07.31 14:59:20.283,1.30067,1.30077,1.00,1.47
2015.07.31 14:59:20.861,1.30069,1.30077,1.00,2.07
2015.07.31 14:59:21.015,1.30066,1.30072,1.00,1.00
2015.07.31 14:59:21.067,1.30063,1.3007,1.00,1.60
2015.07.31 14:59:21.373,1.30061,1.30065,1.00,1.50
2015.07.31 14:59:21.784,1.30059,1.30063,1.00,1.00
2015.07.31 14:59:21.843,1.3006,1.30064,1.00,1.50
2015.07.31 14:59:22.048,1.30059,1.30063,1.00,1.00
2015.07.31 14:59:22.100,1.3006,1.30065,1.00,1.12
2015.07.31 14:59:22.202,1.30059,1.30068,1.00,2.10
2015.07.31 14:59:22.526,1.30057,1.30064,1.00,1.05
2015.07.31 14:59:23.016,1.30052,1.30057,1.50,1.00
2015.07.31 14:59:23.118,1.30047,1.30057,1.50,2.10
2015.07.31 14:59:23.169,1.30048,1.30052,1.00,1.00
2015.07.31 14:59:23.323,1.30047,1.30052,1.00,1.50
2015.07.31 14:59:23.374,1.30049,1.30053,1.00,1.00
2015.07.31 14:59:23.629,1.30046,1.30053,1.00,1.00
2015.07.31 14:59:23.680,1.30046,1.30051,1.00,1.00
2015.07.31 14:59:24.384,1.30049,1.30053,1.00,1.00
2015.07.31 14:59:24.537,1.30047,1.30053,1.00,1.00
2015.07.31 14:59:24.639,1.30044,1.30053,1.00,1.00
2015.07.31 14:59:24.892,1.30044,1.30051,1.10,1.00
2015.07.31 14:59:25.414,1.30044,1.30052,1.10,1.00
2015.07.31 14:59:27.049,1.30046,1.30052,1.00,1.00
2015.07.31 14:59:28.055,1.30046,1.30053,1.00,1.00
2015.07.31 14:59:28.667,1.30041,1.30048,4.50,1.50
2015.07.31 14:59:28.721,1.30042,1.30047,1.50,1.00
2015.07.31 14:59:29.153,1.30038,1.30049,2.25,2.62
2015.07.31 14:59:29.662,1.30039,1.30048,1.00,1.12
2015.07.31 14:59:30.616,1.30038,1.30044,1.00,1.00
2015.07.31 14:59:30.667,1.30038,1.30048,1.00,3.00
2015.07.31 14:59:31.511,1.30035,1.30046,1.87,1.10
2015.07.31 14:59:33.047,1.30035,1.30042,1.50,1.00
2015.07.31 14:59:33.605,1.30035,1.30039,1.50,1.00
2015.07.31 14:59:34.016,1.30026,1.30033,1.00,1.37
2015.07.31 14:59:34.321,1.30022,1.30034,1.12,2.07
2015.07.31 14:59:34.423,1.3002,1.30033,6.75,1.97
2015.07.31 14:59:34.474,1.3002,1.30033,3.00,1.97
2015.07.31 14:59:34.626,1.3002,1.30032,1.50,1.12
2015.07.31 14:59:34.677,1.30023,1.30032,1.10,1.12
2015.07.31 14:59:35.123,1.30023,1.30035,1.57,1.95
2015.07.31 14:59:35.376,1.30023,1.30033,1.57,1.00
2015.07.31 14:59:35.680,1.30023,1.30032,1.57,1.12
2015.07.31 14:59:36.142,1.30023,1.30032,1.57,4.50
2015.07.31 14:59:37.666,1.30022,1.30033,1.37,1.80
2015.07.31 14:59:37.724,1.30022,1.3003,1.37,1.00
2015.07.31 14:59:37.775,1.30021,1.30031,1.00,1.12
2015.07.31 14:59:37.979,1.3002,1.30033,4.87,1.50
2015.07.31 14:59:38.714,1.30023,1.30033,1.10,1.12
2015.07.31 14:59:39.173,1.30023,1.30035,1.10,1.12
2015.07.31 14:59:39.739,1.30022,1.30026,1.30,1.00
2015.07.31 14:59:39.791,1.30016,1.30026,1.37,1.60
2015.07.31 14:59:39.892,1.30015,1.30026,1.37,1.35
2015.07.31 14:59:40.400,1.30017,1.30029,1.50,1.50
2015.07.31 14:59:40.451,1.30017,1.3003,2.25,3.75
2015.07.31 14:59:40.502,1.30017,1.30031,3.00,1.50
2015.07.31 14:59:40.922,1.30023,1.30031,1.00,2.25
2015.07.31 14:59:41.379,1.3002,1.30031,1.50,1.00
2015.07.31 14:59:41.481,1.3002,1.30029,1.50,1.00
2015.07.31 14:59:42.064,1.3002,1.3003,1.00,3.75
2015.07.31 14:59:42.370,1.30014,1.30021,1.10,1.10
2015.07.31 14:59:43.175,1.30016,1.30024,1.00,1.00
2015.07.31 14:59:43.277,1.30018,1.30026,1.00,1.57
2015.07.31 14:59:43.824,1.30019,1.30026,1.12,1.00
2015.07.31 14:59:44.451,1.30019,1.30025,1.87,1.00
2015.07.31 14:59:44.506,1.30019,1.30026,1.12,1.00
2015.07.31 14:59:44.864,1.30021,1.30026,1.00,1.00
2015.07.31 14:59:45.538,1.30021,1.30026,1.37,1.00
2015.07.31 14:59:45.589,1.30021,1.30029,3.60,1.00
2015.07.31 14:59:46.045,1.30021,1.30027,2.62,1.00
2015.07.31 14:59:46.096,1.30021,1.30028,2.25,1.50
2015.07.31 14:59:46.147,1.30021,1.30025,1.00,1.00
2015.07.31 14:59:46.249,1.30019,1.30026,1.50,1.00
2015.07.31 14:59:46.300,1.30018,1.30022,1.50,1.00
2015.07.31 14:59:46.351,1.30017,1.30021,1.50,1.00
2015.07.31 14:59:46.897,1.30016,1.3002,1.00,1.00
2015.07.31 14:59:47.049,1.30015,1.3002,1.12,1.00
2015.07.31 14:59:47.101,1.30015,1.30022,1.12,1.00
2015.07.31 14:59:47.406,1.30015,1.3002,1.12,1.00
2015.07.31 14:59:48.330,1.30015,1.30023,1.87,1.00
2015.07.31 14:59:48.635,1.30015,1.30021,1.00,1.00
2015.07.31 14:59:48.941,1.30015,1.30019,1.00,1.00
2015.07.31 14:59:49.479,1.30014,1.30021,1.12,1.00
2015.07.31 14:59:49.683,1.30015,1.30023,2.25,1.00
2015.07.31 14:59:50.593,1.30016,1.30024,1.00,1.00
2015.07.31 14:59:50.644,1.30016,1.30026,1.00,1.12
2015.07.31 14:59:50.797,1.30019,1.30026,1.00,1.00
2015.07.31 14:59:51.102,1.30022,1.3003,1.60,1.37
2015.07.31 14:59:51.574,1.30024,1.30032,2.85,1.00
2015.07.31 14:59:52.032,1.30026,1.3003,1.50,1.00
2015.07.31 14:59:52.084,1.30023,1.3003,2.70,1.00
2015.07.31 14:59:52.712,1.30025,1.30031,1.00,1.50
2015.07.31 14:59:53.021,1.30028,1.30032,1.12,1.00
2015.07.31 14:59:53.073,1.30028,1.30034,1.12,1.00
2015.07.31 14:59:53.124,1.30028,1.30036,1.12,1.50
2015.07.31 14:59:53.176,1.30028,1.30036,2.25,1.50
2015.07.31 14:59:53.355,1.3003,1.30039,1.12,1.50
2015.07.31 14:59:53.755,1.30032,1.30038,1.00,1.00
2015.07.31 14:59:53.807,1.3003,1.30038,1.00,1.00
2015.07.31 14:59:54.018,1.30031,1.30035,1.50,1.00
2015.07.31 14:59:54.385,1.30019,1.30024,1.00,1.00
2015.07.31 14:59:54.487,1.30021,1.3003,1.00,1.47
2015.07.31 14:59:54.982,1.30024,1.30031,1.00,1.37
2015.07.31 14:59:55.286,1.30025,1.30031,1.60,1.00
2015.07.31 14:59:55.387,1.30029,1.30034,1.00,1.00
2015.07.31 14:59:55.438,1.3003,1.30034,1.00,1.00
2015.07.31 14:59:55.489,1.30028,1.30033,1.00,1.00
2015.07.31 14:59:56.049,1.30027,1.30032,1.12,1.00
2015.07.31 14:59:56.561,1.30024,1.30031,1.87,1.00
2015.07.31 14:59:56.814,1.30024,1.30031,1.12,1.00
2015.07.31 14:59:57.285,1.30023,1.3003,1.12,2.10
2015.07.31 14:59:57.337,1.30021,1.30028,1.00,1.00
2015.07.31 14:59:57.388,1.30021,1.30026,1.00,1.00
2015.07.31 14:59:57.592,1.30016,1.30025,1.50,1.00
2015.07.31 14:59:57.794,1.30016,1.30024,1.50,1.97
2015.07.31 14:59:58.706,1.30019,1.30023,1.00,1.00
2015.07.31 14:59:58.760,1.30015,1.30024,1.00,1.00
2015.07.31 14:59:58.812,1.30015,1.30024,1.37,1.00
2015.07.31 14:59:59.116,1.30016,1.30025,1.00,4.87
2015.07.31 14:59:59.782,1.30014,1.30024,1.37,1.50
