2014.01.06 06:00:09.716,1.06237,1.06246,1.10,2.50
2014.01.06 06:00:26.655,1.06237,1.06246,1.10,2.25
2014.01.06 06:00:40.599,1.06237,1.06246,1.10,2.50
2014.01.06 06:00:48.089,1.06237,1.06246,1.10,2.25
2014.01.06 06:00:48.850,1.06235,1.06247,2.03,1.10
2014.01.06 06:00:48.952,1.06239,1.06247,1.00,1.58
2014.01.06 06:00:49.255,1.06242,1.06247,1.20,1.00
2014.01.06 06:00:49.559,1.06248,1.06253,1.10,1.00
2014.01.06 06:00:49.834,1.06248,1.06253,1.10,1.00
2014.01.06 06:00:50.069,1.06248,1.06256,1.10,2.25
2014.01.06 06:01:02.379,1.06248,1.06256,1.10,2.50
2014.01.06 06:01:12.150,1.06248,1.06256,1.00,2.25
2014.01.06 06:01:22.079,1.06248,1.06256,1.00,1.00
2014.01.06 06:01:48.133,1.06246,1.06256,1.20,1.00
2014.01.06 06:01:55.139,1.06246,1.06256,1.20,1.00
2014.01.06 06:01:59.708,1.06246,1.06256,1.20,1.00
2014.01.06 06:02:07.679,1.06246,1.06256,1.18,1.00
2014.01.06 06:02:12.983,1.06246,1.06256,1.00,1.58
2014.01.06 06:02:19.968,1.06246,1.06254,1.00,2.65
2014.01.06 06:02:26.075,1.06245,1.06253,1.00,2.58
2014.01.06 06:02:29.118,1.06245,1.06253,1.00,2.58
2014.01.06 06:02:29.169,1.06243,1.06252,1.10,2.88
2014.01.06 06:02:29.472,1.06243,1.06251,1.00,6.15
2014.01.06 06:02:29.775,1.06238,1.06246,1.00,2.95
2014.01.06 06:02:30.280,1.06238,1.06246,1.00,2.78
2014.01.06 06:02:30.583,1.0624,1.06246,1.00,1.58
2014.01.06 06:03:02.869,1.06235,1.06246,1.18,1.00
2014.01.06 06:03:15.158,1.0624,1.06246,1.00,1.00
2014.01.06 06:03:15.781,1.06236,1.06246,1.15,1.00
2014.01.06 06:03:18.530,1.0624,1.06246,1.00,1.00
2014.01.06 06:03:30.524,1.06235,1.06246,3.90,1.00
2014.01.06 06:03:43.370,1.06235,1.06246,4.28,1.10
2014.01.06 06:03:52.378,1.06235,1.06246,3.90,1.00
2014.01.06 06:04:27.595,1.0624,1.06247,1.00,1.10
2014.01.06 06:04:28.158,1.0624,1.06248,1.18,1.00
2014.01.06 06:04:48.777,1.0624,1.06248,1.20,1.00
2014.01.06 06:04:56.640,1.06242,1.06251,1.00,2.03
2014.01.06 06:04:57.161,1.06243,1.06251,4.50,1.00
2014.01.06 06:05:03.234,1.06243,1.06251,4.65,1.00
2014.01.06 06:05:14.612,1.06243,1.06251,4.50,1.00
2014.01.06 06:05:15.694,1.06243,1.06252,5.25,1.95
2014.01.06 06:06:13.293,1.06243,1.06252,1.00,2.20
2014.01.06 06:06:18.675,1.06243,1.06252,1.00,2.13
2014.01.06 06:06:20.417,1.06241,1.06252,1.00,2.13
2014.01.06 06:06:35.298,1.06242,1.06252,1.00,1.00
2014.01.06 06:06:35.349,1.06245,1.06252,1.00,1.00
2014.01.06 06:06:35.653,1.06247,1.06256,1.65,2.25
2014.01.06 06:06:35.704,1.06247,1.06256,1.65,3.25
2014.01.06 06:06:36.238,1.06247,1.06256,1.65,2.25
2014.01.06 06:06:36.847,1.06249,1.06256,1.00,1.00
2014.01.06 06:06:40.806,1.06248,1.06256,1.10,1.00
2014.01.06 06:06:43.044,1.06248,1.06257,1.10,1.50
2014.01.06 06:06:44.035,1.06248,1.06257,1.10,2.50
2014.01.06 06:07:04.237,1.06246,1.06257,1.15,2.50
2014.01.06 06:07:05.774,1.06246,1.06257,1.15,2.50
2014.01.06 06:07:11.743,1.06247,1.06257,3.83,1.00
2014.01.06 06:07:27.143,1.06247,1.06257,4.58,1.00
2014.01.06 06:07:29.528,1.06248,1.06257,3.75,1.00
2014.01.06 06:07:29.630,1.06248,1.06257,3.83,1.00
2014.01.06 06:07:29.681,1.0625,1.06258,4.58,1.58
2014.01.06 06:07:29.832,1.06251,1.0626,4.58,1.50
2014.01.06 06:07:29.883,1.06256,1.06261,1.00,1.95
2014.01.06 06:07:30.085,1.06256,1.06265,1.65,1.00
2014.01.06 06:07:30.628,1.06256,1.06265,1.00,1.58
2014.01.06 06:07:47.282,1.06256,1.06265,1.08,1.00
2014.01.06 06:07:50.326,1.06255,1.06265,5.40,1.00
2014.01.06 06:07:53.783,1.06257,1.06265,1.10,1.00
2014.01.06 06:07:56.281,1.06257,1.06265,4.65,1.00
2014.01.06 06:07:58.183,1.06258,1.06266,1.18,1.50
2014.01.06 06:08:02.580,1.06258,1.06266,4.58,1.00
2014.01.06 06:08:03.541,1.06258,1.06268,4.50,2.40
2014.01.06 06:08:03.642,1.06262,1.06268,1.00,1.65
2014.01.06 06:08:04.051,1.06262,1.0627,1.00,1.95
2014.01.06 06:08:04.102,1.06265,1.06272,1.00,1.28
2014.01.06 06:08:04.153,1.06265,1.06272,1.00,1.20
2014.01.06 06:08:04.203,1.06268,1.06274,1.00,1.90
2014.01.06 06:08:04.811,1.06268,1.06276,1.10,1.50
2014.01.06 06:08:11.226,1.06269,1.06276,1.00,1.00
2014.01.06 06:08:22.070,1.06269,1.06276,1.18,1.00
2014.01.06 06:08:22.121,1.06271,1.06279,1.00,2.25
2014.01.06 06:08:22.627,1.0627,1.06279,1.10,1.88
2014.01.06 06:08:22.829,1.0627,1.06279,1.15,1.88
2014.01.06 06:08:23.233,1.06273,1.0628,1.00,1.00
2014.01.06 06:08:23.893,1.06275,1.06281,1.00,1.00
2014.01.06 06:08:24.045,1.06276,1.06283,1.10,1.50
2014.01.06 06:08:24.096,1.06278,1.06283,1.00,1.00
2014.01.06 06:08:24.688,1.06279,1.06283,1.00,1.00
2014.01.06 06:08:27.003,1.06278,1.06283,1.00,1.10
2014.01.06 06:08:27.306,1.06275,1.06282,1.00,2.13
2014.01.06 06:08:28.502,1.06276,1.06282,1.00,1.00
2014.01.06 06:08:34.568,1.06275,1.06282,1.00,1.00
2014.01.06 06:08:45.697,1.06277,1.06283,1.00,1.53
2014.01.06 06:08:50.603,1.06277,1.06283,1.00,1.10
2014.01.06 06:08:50.653,1.06273,1.06283,1.00,1.08
2014.01.06 06:08:51.160,1.06279,1.06283,1.00,1.00
2014.01.06 06:09:02.813,1.0628,1.06288,1.00,2.03
2014.01.06 06:09:03.890,1.0628,1.06288,1.00,2.65
2014.01.06 06:09:04.325,1.06277,1.06288,1.18,1.00
2014.01.06 06:09:04.628,1.06278,1.06286,1.00,2.26
2014.01.06 06:09:04.679,1.06278,1.06286,1.00,2.63
2014.01.06 06:09:04.932,1.06279,1.06286,1.00,2.40
2014.01.06 06:09:05.749,1.06279,1.06286,1.00,1.00
2014.01.06 06:09:08.611,1.06279,1.06286,1.00,1.00
2014.01.06 06:09:28.666,1.06277,1.06286,1.18,2.50
2014.01.06 06:09:29.276,1.06277,1.06286,1.00,2.58
2014.01.06 06:09:39.996,1.06276,1.06286,1.10,2.58
2014.01.06 06:09:44.250,1.06276,1.06286,1.10,2.58
2014.01.06 06:09:46.490,1.06276,1.06286,1.10,2.58
2014.01.06 06:10:01.081,1.06276,1.06286,1.00,2.68
2014.01.06 06:10:02.927,1.06277,1.06286,3.75,2.68
2014.01.06 06:10:03.130,1.06278,1.06286,4.65,1.00
2014.01.06 06:10:03.433,1.0628,1.06289,4.65,1.00
2014.01.06 06:10:21.601,1.06281,1.06289,3.90,1.00
2014.01.06 06:10:23.762,1.06282,1.06289,3.83,1.00
2014.01.06 06:10:26.551,1.06283,1.06289,3.75,1.00
2014.01.06 06:10:32.741,1.06281,1.06289,3.90,1.00
2014.01.06 06:10:55.866,1.06283,1.06289,1.00,1.00
2014.01.06 06:10:55.918,1.06283,1.0629,1.00,1.00
2014.01.06 06:10:56.127,1.06283,1.06294,4.58,1.18
2014.01.06 06:10:56.229,1.06285,1.06297,1.08,1.28
2014.01.06 06:10:56.775,1.06285,1.06297,1.18,1.18
2014.01.06 06:10:58.136,1.06285,1.06297,1.18,1.10
2014.01.06 06:10:58.439,1.06287,1.06298,1.15,1.00
2014.01.06 06:11:01.488,1.06292,1.06298,1.08,1.00
2014.01.06 06:11:01.791,1.06294,1.06302,1.48,1.00
2014.01.06 06:11:02.324,1.06296,1.06305,1.00,1.65
2014.01.06 06:11:15.658,1.06295,1.06304,1.00,2.68
2014.01.06 06:11:23.269,1.06295,1.06304,1.00,1.65
2014.01.06 06:11:24.549,1.06292,1.06304,1.18,2.78
2014.01.06 06:11:24.852,1.06292,1.06301,1.00,3.25
2014.01.06 06:12:06.379,1.06294,1.06303,1.00,1.53
2014.01.06 06:12:06.632,1.06292,1.06304,1.18,1.18
2014.01.06 06:12:06.683,1.06295,1.06306,1.00,1.15
2014.01.06 06:12:07.208,1.06295,1.06306,1.00,5.61
2014.01.06 06:12:07.360,1.06295,1.06306,1.00,3.43
2014.01.06 06:12:17.860,1.06295,1.06305,1.00,2.65
2014.01.06 06:12:18.400,1.06295,1.06305,1.00,2.68
2014.01.06 06:12:24.989,1.06293,1.06305,1.00,1.65
2014.01.06 06:12:29.654,1.06292,1.06305,1.00,2.68
2014.01.06 06:12:31.779,1.0629,1.06302,1.18,3.75
2014.01.06 06:12:32.084,1.06285,1.06298,1.38,10.05
2014.01.06 06:12:32.135,1.0628,1.06297,2.25,4.28
2014.01.06 06:12:32.186,1.0628,1.06297,2.25,8.26
2014.01.06 06:12:32.338,1.0628,1.06296,1.55,4.11
2014.01.06 06:12:32.540,1.06278,1.06296,1.15,5.61
2014.01.06 06:12:34.053,1.06279,1.06293,1.15,1.00
2014.01.06 06:12:34.307,1.06279,1.06292,1.10,4.50
2014.01.06 06:12:34.632,1.06279,1.06292,1.15,4.50
2014.01.06 06:12:38.667,1.06277,1.06291,1.65,3.33
2014.01.06 06:12:38.870,1.0628,1.06291,1.58,3.08
2014.01.06 06:12:42.030,1.06279,1.06291,1.18,1.50
2014.01.06 06:12:44.595,1.06279,1.06291,1.18,2.65
2014.01.06 06:12:54.284,1.06279,1.06291,1.18,1.50
2014.01.06 06:13:30.135,1.06279,1.0629,1.00,2.53
2014.01.06 06:13:38.153,1.06279,1.0629,1.00,3.25
2014.01.06 06:13:47.077,1.06279,1.0629,1.00,3.25
2014.01.06 06:13:52.570,1.06277,1.06286,1.00,2.55
2014.01.06 06:13:52.621,1.06277,1.06285,1.00,2.48
2014.01.06 06:13:59.723,1.06273,1.06282,1.58,2.21
2014.01.06 06:13:59.824,1.06271,1.06282,1.00,2.88
2014.01.06 06:14:00.329,1.0627,1.06282,1.10,4.13
2014.01.06 06:14:48.985,1.0627,1.06282,1.18,4.20
2014.01.06 06:14:49.137,1.06272,1.06282,1.10,2.20
2014.01.06 06:14:49.196,1.06272,1.06282,1.15,1.00
2014.01.06 06:14:49.719,1.06273,1.06282,1.65,1.00
2014.01.06 06:14:51.626,1.06274,1.06282,1.10,1.00
2014.01.06 06:14:58.103,1.06274,1.06282,1.15,1.00
2014.01.06 06:14:59.573,1.06276,1.06284,1.10,1.00
2014.01.06 06:15:05.492,1.06279,1.06287,1.00,1.65
2014.01.06 06:15:06.010,1.06279,1.06287,1.00,1.50
2014.01.06 06:16:05.804,1.06277,1.0629,1.15,1.18
2014.01.06 06:16:06.768,1.06277,1.0629,1.15,1.10
2014.01.06 06:16:27.713,1.06277,1.0629,1.15,1.18
2014.01.06 06:16:33.657,1.06277,1.0629,1.15,1.10
2014.01.06 06:16:35.243,1.06279,1.0629,3.08,1.00
2014.01.06 06:16:37.567,1.0628,1.0629,1.15,1.00
2014.01.06 06:16:54.689,1.0628,1.0629,1.15,1.00
2014.01.06 06:17:37.622,1.06278,1.06291,2.33,1.13
2014.01.06 06:17:42.738,1.06277,1.06291,5.25,1.13
2014.01.06 06:17:50.583,1.06277,1.06291,3.08,1.00
2014.01.06 06:18:05.914,1.0628,1.06291,1.15,2.20
2014.01.06 06:18:16.355,1.06279,1.06291,1.15,2.20
2014.01.06 06:18:39.874,1.06279,1.0629,1.00,5.65
2014.01.06 06:18:40.450,1.06278,1.0629,1.10,5.65
2014.01.06 06:19:29.377,1.06278,1.0629,4.65,1.00
2014.01.06 06:19:40.504,1.06278,1.0629,3.90,1.10
2014.01.06 06:20:29.453,1.06274,1.0629,4.50,1.00
2014.01.06 06:20:30.667,1.06274,1.0629,4.58,1.10
2014.01.06 06:20:31.172,1.06274,1.0629,4.65,1.18
2014.01.06 06:20:39.440,1.06278,1.06288,1.10,1.00
2014.01.06 06:21:35.008,1.06278,1.06288,1.10,1.00
2014.01.06 06:22:21.111,1.06276,1.06288,1.18,1.00
2014.01.06 06:22:49.911,1.06276,1.06288,1.50,1.00
2014.01.06 06:23:06.040,1.06276,1.06288,1.50,1.00
2014.01.06 06:23:10.968,1.06276,1.06288,1.50,1.00
2014.01.06 06:23:11.429,1.06276,1.06288,1.50,1.00
2014.01.06 06:23:16.032,1.06276,1.06288,1.50,1.00
2014.01.06 06:23:16.393,1.06276,1.06288,1.50,1.00
2014.01.06 06:23:21.015,1.06276,1.06288,1.50,1.00
2014.01.06 06:23:21.418,1.06276,1.06288,1.50,1.00
2014.01.06 06:23:25.928,1.06276,1.06288,1.50,1.00
2014.01.06 06:23:26.478,1.06276,1.06288,1.50,1.00
2014.01.06 06:23:30.988,1.06276,1.06288,1.50,1.00
2014.01.06 06:24:12.702,1.06276,1.06288,1.58,1.00
2014.01.06 06:24:19.228,1.06276,1.06288,1.58,1.00
2014.01.06 06:24:31.025,1.06276,1.0629,1.10,3.15
2014.01.06 06:24:31.978,1.06276,1.0629,1.18,3.15
2014.01.06 06:24:32.029,1.06276,1.0629,1.15,3.15
2014.01.06 06:24:52.722,1.06276,1.0629,1.15,3.90
2014.01.06 06:25:20.109,1.06276,1.06289,1.15,2.20
2014.01.06 06:25:34.730,1.06276,1.06289,1.65,5.20
2014.01.06 06:26:16.761,1.06276,1.06289,1.65,1.00
2014.01.06 06:26:20.301,1.06276,1.0629,1.15,6.90
2014.01.06 06:26:58.781,1.06276,1.0629,1.15,7.20
2014.01.06 06:27:00.844,1.06276,1.0629,1.15,7.28
2014.01.06 06:27:21.426,1.06276,1.06289,1.65,4.90
2014.01.06 06:27:30.283,1.06276,1.06289,1.65,4.90
2014.01.06 06:27:30.835,1.06276,1.06289,1.58,4.90
2014.01.06 06:27:38.037,1.06276,1.06289,1.10,4.90
2014.01.06 06:28:10.302,1.06276,1.06286,1.00,4.90
2014.01.06 06:28:10.504,1.06272,1.06284,1.10,4.90
2014.01.06 06:28:18.125,1.0627,1.06281,1.15,1.00
2014.01.06 06:28:18.276,1.06269,1.06281,2.03,1.00
2014.01.06 06:28:19.190,1.06268,1.06281,1.55,6.40
2014.01.06 06:28:22.268,1.06268,1.06281,1.95,6.40
2014.01.06 06:28:22.848,1.06268,1.06281,1.48,6.40
2014.01.06 06:28:25.153,1.06268,1.0628,1.95,4.90
2014.01.06 06:28:25.355,1.06268,1.0628,1.48,5.65
2014.01.06 06:28:25.557,1.06266,1.06279,2.33,3.03
2014.01.06 06:28:38.246,1.06266,1.06279,1.10,3.03
2014.01.06 06:29:22.907,1.06267,1.06279,1.00,4.48
2014.01.06 06:30:04.668,1.06267,1.06279,1.00,2.33
2014.01.06 06:30:05.236,1.06267,1.06279,1.00,2.33
2014.01.06 06:30:22.923,1.06267,1.0628,1.00,3.08
2014.01.06 06:30:43.736,1.06267,1.0628,1.00,9.01
2014.01.06 06:31:04.714,1.06267,1.0628,1.00,6.83
2014.01.06 06:31:07.363,1.06266,1.0628,1.00,6.83
2014.01.06 06:31:25.686,1.06266,1.0628,1.10,5.78
2014.01.06 06:31:45.659,1.06266,1.0628,1.00,7.95
2014.01.06 06:32:45.690,1.06266,1.0628,1.00,3.83
2014.01.06 06:32:45.741,1.06266,1.0628,1.00,3.75
2014.01.06 06:32:46.324,1.06266,1.0628,1.00,3.75
2014.01.06 06:32:53.139,1.06266,1.0628,1.00,3.75
2014.01.06 06:33:06.228,1.06266,1.06277,1.00,1.00
2014.01.06 06:33:11.186,1.06266,1.06277,1.00,1.00
2014.01.06 06:33:11.510,1.06266,1.06277,1.00,1.00
2014.01.06 06:33:16.146,1.06266,1.06277,1.00,1.00
2014.01.06 06:33:16.564,1.06266,1.06277,1.00,1.00
2014.01.06 06:33:21.224,1.06266,1.06277,1.00,1.00
2014.01.06 06:33:21.623,1.06266,1.06277,1.00,1.00
2014.01.06 06:33:26.266,1.06266,1.06277,1.00,1.00
2014.01.06 06:33:26.606,1.06266,1.06277,1.00,1.00
2014.01.06 06:33:31.194,1.06266,1.06277,1.00,1.00
2014.01.06 06:34:31.234,1.06266,1.06279,1.00,3.90
2014.01.06 06:35:09.977,1.06266,1.0628,1.00,5.25
2014.01.06 06:35:12.720,1.06266,1.0628,1.00,9.76
2014.01.06 06:35:22.626,1.06266,1.0628,1.10,6.83
2014.01.06 06:35:23.157,1.06267,1.0628,1.00,4.65
2014.01.06 06:35:42.806,1.06267,1.0628,1.00,3.08
2014.01.06 06:35:59.944,1.06267,1.06279,1.00,1.00
2014.01.06 06:36:16.948,1.06267,1.06277,1.00,1.00
2014.01.06 06:36:17.472,1.06266,1.06277,1.00,1.00
2014.01.06 06:37:16.948,1.06266,1.0628,1.00,8.33
2014.01.06 06:37:17.874,1.06267,1.0628,1.00,9.33
2014.01.06 06:37:22.491,1.06266,1.06279,1.50,1.00
2014.01.06 06:37:26.368,1.06266,1.06277,1.00,1.00
2014.01.06 06:38:06.392,1.06266,1.06275,1.10,1.00
2014.01.06 06:38:11.341,1.06266,1.06275,1.00,1.00
2014.01.06 06:38:11.802,1.06266,1.06275,1.00,1.00
2014.01.06 06:38:16.304,1.06266,1.06275,1.00,1.00
2014.01.06 06:38:16.634,1.06266,1.06275,1.00,1.00
2014.01.06 06:38:21.387,1.06266,1.06275,1.00,1.00
2014.01.06 06:38:21.716,1.06266,1.06275,1.00,1.00
2014.01.06 06:38:26.293,1.06266,1.06275,1.00,1.00
2014.01.06 06:38:26.752,1.06266,1.06275,1.00,1.00
2014.01.06 06:38:31.240,1.06266,1.06275,1.00,1.00
2014.01.06 06:39:31.310,1.06266,1.06277,1.00,3.75
2014.01.06 06:40:20.827,1.06266,1.06273,1.00,2.13
2014.01.06 06:40:20.928,1.06266,1.06272,1.00,2.13
2014.01.06 06:40:21.080,1.06263,1.06272,1.10,1.00
2014.01.06 06:40:21.131,1.06263,1.06272,1.58,1.13
2014.01.06 06:40:21.283,1.06263,1.06272,1.65,1.00
2014.01.06 06:40:35.939,1.06266,1.06272,1.00,1.00
2014.01.06 06:40:39.465,1.06265,1.06272,1.10,1.00
2014.01.06 06:41:04.221,1.06266,1.06275,1.00,1.00
2014.01.06 06:41:05.210,1.06265,1.06275,1.10,1.00
2014.01.06 06:41:08.384,1.06266,1.06275,1.00,1.00
2014.01.06 06:41:58.593,1.06266,1.06275,1.00,5.50
2014.01.06 06:41:58.745,1.06263,1.06274,1.18,6.38
2014.01.06 06:41:59.286,1.06263,1.06273,1.00,5.63
2014.01.06 06:42:01.262,1.06262,1.06273,1.58,5.63
2014.01.06 06:42:15.844,1.06263,1.06273,1.00,1.00
2014.01.06 06:42:16.316,1.06266,1.06273,1.00,1.00
2014.01.06 06:42:23.200,1.06266,1.06274,1.00,1.00
2014.01.06 06:42:41.958,1.06266,1.06274,1.00,1.15
2014.01.06 06:42:42.261,1.06266,1.06272,1.00,2.28
2014.01.06 06:42:42.312,1.06263,1.06272,1.00,2.28
2014.01.06 06:42:55.868,1.06263,1.06272,1.50,2.13
2014.01.06 06:42:56.273,1.06266,1.06272,1.00,1.00
2014.01.06 06:43:06.457,1.06266,1.06272,1.00,1.08
2014.01.06 06:43:06.509,1.06264,1.06272,1.00,1.08
2014.01.06 06:43:07.058,1.06263,1.06272,1.88,1.25
2014.01.06 06:43:38.373,1.06263,1.06272,1.10,1.00
2014.01.06 06:43:42.184,1.06262,1.06271,1.10,1.00
2014.01.06 06:43:42.728,1.06258,1.0627,4.20,5.50
2014.01.06 06:43:44.755,1.06258,1.0627,3.38,5.50
2014.01.06 06:43:44.907,1.06258,1.06268,1.10,2.13
2014.01.06 06:43:45.009,1.06256,1.06267,1.00,1.00
2014.01.06 06:43:45.110,1.06254,1.06267,1.58,2.65
2014.01.06 06:43:55.429,1.06258,1.06267,1.00,1.00
2014.01.06 06:43:59.917,1.06258,1.06267,1.00,1.00
2014.01.06 06:44:00.831,1.06255,1.06267,1.08,2.58
2014.01.06 06:44:01.380,1.06255,1.06267,1.00,6.40
2014.01.06 06:44:30.718,1.06254,1.06266,1.18,1.00
2014.01.06 06:44:42.340,1.06253,1.06264,1.18,5.50
2014.01.06 06:44:42.843,1.06253,1.06264,1.10,5.50
2014.01.06 06:44:52.808,1.06256,1.06264,1.00,1.00
2014.01.06 06:45:19.190,1.06256,1.06264,1.00,1.00
2014.01.06 06:45:21.447,1.06255,1.06264,1.00,1.00
2014.01.06 06:45:37.308,1.06255,1.06264,1.18,1.00
2014.01.06 06:45:42.764,1.06256,1.06265,1.10,1.00
2014.01.06 06:45:48.228,1.06255,1.06265,1.18,1.00
2014.01.06 06:45:56.731,1.06256,1.06265,1.10,1.00
2014.01.06 06:46:09.286,1.06255,1.06265,1.10,1.00
2014.01.06 06:46:32.198,1.06257,1.06266,1.00,1.00
2014.01.06 06:46:53.963,1.06257,1.06266,1.00,4.67
2014.01.06 06:47:04.121,1.06257,1.06266,1.00,4.50
2014.01.06 06:47:19.383,1.06257,1.06266,1.08,1.00
2014.01.06 06:47:31.360,1.06257,1.06266,1.00,1.00
2014.01.06 06:47:32.491,1.06255,1.06269,1.18,2.03
2014.01.06 06:48:06.606,1.06257,1.06268,1.00,5.20
2014.01.06 06:48:11.592,1.06257,1.06268,1.00,5.20
2014.01.06 06:48:11.996,1.06257,1.06268,1.00,5.20
2014.01.06 06:48:14.746,1.06255,1.06267,1.58,1.00
2014.01.06 06:48:16.538,1.06255,1.06266,1.00,4.90
2014.01.06 06:48:17.056,1.06255,1.06266,1.00,4.90
2014.01.06 06:48:17.624,1.06254,1.06266,1.00,4.90
2014.01.06 06:48:18.169,1.06255,1.06266,1.00,4.90
2014.01.06 06:48:21.606,1.06255,1.06266,1.00,4.90
2014.01.06 06:48:21.896,1.06255,1.06266,1.10,4.75
2014.01.06 06:48:26.516,1.06255,1.06266,1.10,4.75
2014.01.06 06:48:26.956,1.06255,1.06266,1.10,4.75
2014.01.06 06:48:31.576,1.06255,1.06266,1.00,4.90
2014.01.06 06:48:36.857,1.06253,1.06266,1.58,4.90
2014.01.06 06:48:40.797,1.06253,1.06266,5.33,4.90
2014.01.06 06:48:40.949,1.06257,1.06266,1.50,1.00
2014.01.06 06:48:41.050,1.06258,1.06267,1.38,4.58
2014.01.06 06:48:41.151,1.06256,1.06267,1.00,5.58
2014.01.06 06:48:41.757,1.06254,1.06266,2.03,4.75
2014.01.06 06:48:53.348,1.06254,1.06266,1.58,4.83
2014.01.06 06:49:00.086,1.06254,1.06265,1.00,4.90
2014.01.06 06:49:02.235,1.06255,1.06265,1.00,4.90
2014.01.06 06:49:19.026,1.06255,1.06264,1.00,5.50
2014.01.06 06:49:19.081,1.06252,1.06262,1.88,5.95
2014.01.06 06:49:19.132,1.06252,1.0626,1.00,3.10
2014.01.06 06:49:19.606,1.06249,1.0626,1.13,4.90
2014.01.06 06:49:31.306,1.06247,1.0626,1.95,3.90
2014.01.06 06:49:31.357,1.06247,1.06255,1.58,3.98
2014.01.06 06:49:31.509,1.06242,1.06251,1.10,2.35
2014.01.06 06:49:31.560,1.06242,1.06251,1.50,2.35
2014.01.06 06:49:55.397,1.06244,1.06251,1.00,1.00
2014.01.06 06:50:02.216,1.06242,1.06251,1.10,1.00
2014.01.06 06:50:02.522,1.06244,1.06251,1.00,1.00
2014.01.06 06:50:02.866,1.06242,1.06251,1.10,1.00
2014.01.06 06:50:03.219,1.06244,1.06251,1.00,1.00
2014.01.06 06:50:04.027,1.06242,1.06251,1.10,1.00
2014.01.06 06:50:04.330,1.06244,1.06251,1.00,1.00
2014.01.06 06:50:04.986,1.06242,1.06251,1.10,1.00
2014.01.06 06:50:05.289,1.06244,1.06251,1.00,1.00
2014.01.06 06:50:05.743,1.06242,1.06251,1.10,1.00
2014.01.06 06:50:06.096,1.06244,1.06251,1.00,1.00
2014.01.06 06:50:07.057,1.06242,1.06251,1.10,1.00
2014.01.06 06:50:07.360,1.06244,1.06251,1.00,1.00
2014.01.06 06:50:07.764,1.06242,1.06251,1.10,1.00
2014.01.06 06:50:08.629,1.06244,1.06251,1.00,1.00
2014.01.06 06:50:08.932,1.06242,1.06251,1.10,1.00
2014.01.06 06:50:09.286,1.06244,1.06251,1.00,1.00
2014.01.06 06:50:09.589,1.06242,1.06251,1.10,1.00
2014.01.06 06:50:10.044,1.06244,1.06251,1.00,1.00
2014.01.06 06:50:10.811,1.06242,1.06251,1.10,1.00
2014.01.06 06:50:11.114,1.06244,1.06251,1.00,1.00
2014.01.06 06:50:11.470,1.06242,1.06251,1.10,1.00
2014.01.06 06:50:11.783,1.06244,1.06251,1.00,1.00
2014.01.06 06:50:12.149,1.06242,1.06251,1.10,1.00
2014.01.06 06:50:12.251,1.06242,1.06251,1.58,1.00
2014.01.06 06:50:12.352,1.06242,1.06251,1.10,1.00
2014.01.06 06:50:12.607,1.06242,1.06251,1.58,1.00
2014.01.06 06:50:12.708,1.06242,1.06251,1.10,1.00
2014.01.06 06:50:12.912,1.06242,1.06251,1.58,1.00
2014.01.06 06:50:13.013,1.06242,1.06251,1.10,1.00
2014.01.06 06:50:15.237,1.06242,1.06251,1.58,1.00
2014.01.06 06:50:47.981,1.0624,1.06251,1.18,2.50
2014.01.06 06:50:48.284,1.06236,1.06247,1.50,1.00
2014.01.06 06:50:48.789,1.06234,1.06247,1.58,5.65
2014.01.06 06:50:53.372,1.06232,1.06241,1.36,2.13
2014.01.06 06:50:53.528,1.06232,1.06241,1.29,2.13
2014.01.06 06:51:17.388,1.06232,1.06241,1.29,1.00
2014.01.06 06:51:29.453,1.06232,1.06241,2.11,1.00
2014.01.06 06:51:30.111,1.06232,1.06241,2.04,1.00
2014.01.06 06:51:36.819,1.06232,1.06241,2.11,1.00
2014.01.06 06:51:37.322,1.06232,1.06241,2.11,1.00
2014.01.06 06:51:56.161,1.06232,1.06241,2.11,1.00
2014.01.06 06:51:56.821,1.06232,1.06241,1.29,1.00
2014.01.06 06:51:57.427,1.06231,1.06241,1.54,2.20
2014.01.06 06:51:57.528,1.0623,1.06241,1.00,2.28
2014.01.06 06:51:57.932,1.06225,1.06238,3.75,5.65
2014.01.06 06:51:58.033,1.06224,1.06235,1.10,5.58
2014.01.06 06:52:31.136,1.06224,1.06235,1.00,1.00
2014.01.06 06:52:59.458,1.06225,1.06235,1.00,1.00
2014.01.06 06:53:05.130,1.06225,1.06235,1.58,1.00
2014.01.06 06:53:22.594,1.06225,1.06234,1.00,2.33
2014.01.06 06:53:22.796,1.0622,1.06231,1.10,2.13
2014.01.06 06:53:22.847,1.06222,1.06231,1.00,1.88
2014.01.06 06:53:23.517,1.06219,1.06231,1.65,2.13
2014.01.06 06:53:23.618,1.06222,1.06231,1.00,1.88
2014.01.06 06:53:23.722,1.06219,1.06231,1.65,2.13
2014.01.06 06:53:23.826,1.06222,1.06231,1.00,1.88
2014.01.06 06:53:23.979,1.06219,1.06231,1.65,2.13
2014.01.06 06:53:24.180,1.06222,1.06231,1.00,1.88
2014.01.06 06:53:24.281,1.06219,1.06231,1.65,2.13
2014.01.06 06:53:24.383,1.06222,1.06231,1.00,1.88
2014.01.06 06:53:24.534,1.06219,1.06231,1.65,2.13
2014.01.06 06:53:24.855,1.06222,1.06231,1.00,1.88
2014.01.06 06:53:24.956,1.06219,1.06231,1.65,2.13
2014.01.06 06:53:25.707,1.06222,1.06231,1.00,1.88
2014.01.06 06:53:25.808,1.06219,1.06231,1.65,2.13
2014.01.06 06:53:25.960,1.06222,1.06231,1.00,1.88
2014.01.06 06:53:26.061,1.06219,1.06231,1.65,2.13
2014.01.06 06:53:26.162,1.06222,1.06231,1.00,1.88
2014.01.06 06:53:26.263,1.06219,1.06231,1.65,2.13
2014.01.06 06:53:26.365,1.06222,1.06231,1.00,1.88
2014.01.06 06:53:26.466,1.06219,1.06231,1.65,2.13
2014.01.06 06:53:26.575,1.06222,1.06231,1.00,1.88
2014.01.06 06:53:26.827,1.06219,1.06231,1.65,2.13
2014.01.06 06:53:27.147,1.06222,1.06231,1.00,1.88
2014.01.06 06:53:27.248,1.06219,1.06231,1.65,2.13
2014.01.06 06:53:27.500,1.06222,1.06231,1.00,1.88
2014.01.06 06:53:44.629,1.06221,1.06231,1.00,2.13
2014.01.06 06:53:44.932,1.06215,1.06225,2.33,1.00
2014.01.06 06:53:45.034,1.06211,1.06224,1.15,2.13
2014.01.06 06:53:45.085,1.0621,1.06222,2.25,1.50
2014.01.06 06:53:45.136,1.06209,1.06222,2.03,1.50
2014.01.06 06:53:45.642,1.06209,1.06221,1.50,3.15
2014.01.06 06:54:13.104,1.06208,1.06221,1.58,2.65
2014.01.06 06:54:18.707,1.0621,1.06221,1.10,1.00
2014.01.06 06:54:18.758,1.0621,1.06221,1.58,1.00
2014.01.06 06:54:46.358,1.0621,1.06221,1.00,1.00
2014.01.06 06:54:46.511,1.06208,1.06221,1.58,6.40
2014.01.06 06:55:04.229,1.06208,1.06221,1.58,2.20
2014.01.06 06:55:06.132,1.06208,1.06221,1.58,6.78
2014.01.06 06:55:06.234,1.06208,1.06221,1.65,6.63
2014.01.06 06:55:22.100,1.06208,1.06219,1.18,6.25
2014.01.06 06:55:22.774,1.06208,1.06219,1.10,6.25
2014.01.06 06:55:46.531,1.06206,1.06219,1.48,1.18
2014.01.06 06:56:00.652,1.06206,1.06219,1.20,1.18
2014.01.06 06:56:02.910,1.06206,1.06218,1.20,1.00
2014.01.06 06:56:03.213,1.06204,1.06217,1.20,4.90
2014.01.06 06:56:03.748,1.06205,1.06217,1.00,4.90
2014.01.06 06:57:03.044,1.06205,1.06217,1.10,4.58
2014.01.06 06:57:03.301,1.06205,1.06217,1.00,3.90
2014.01.06 06:57:03.813,1.06205,1.06217,1.10,3.75
2014.01.06 06:57:04.739,1.06205,1.06217,1.00,3.90
2014.01.06 06:57:11.019,1.06206,1.06217,1.00,5.65
2014.01.06 06:57:18.196,1.06206,1.06217,2.03,1.00
2014.01.06 06:57:38.739,1.06206,1.06217,2.03,1.00
2014.01.06 06:58:11.012,1.06206,1.06218,1.20,1.10
2014.01.06 06:58:19.700,1.06206,1.06218,1.20,1.00
2014.01.06 06:58:19.751,1.06207,1.06218,1.10,1.00
2014.01.06 06:58:20.104,1.06207,1.06218,1.15,1.00
2014.01.06 06:58:35.690,1.06206,1.06218,3.45,1.00
2014.01.06 06:58:35.792,1.06206,1.06218,1.65,1.00
2014.01.06 06:58:35.843,1.06206,1.06218,1.10,1.00
2014.01.06 06:58:47.325,1.06206,1.06218,1.20,1.00
2014.01.06 06:59:03.229,1.06207,1.06218,1.00,1.00
2014.01.06 06:59:06.403,1.06207,1.06218,1.18,1.00
2014.01.06 06:59:11.862,1.06207,1.06218,1.10,1.00
2014.01.06 06:59:30.402,1.06207,1.06218,1.18,1.00
2014.01.06 06:59:35.893,1.06206,1.06221,1.28,5.78
2014.01.06 06:59:38.338,1.06206,1.06221,1.15,6.78
