2009.04.14 13:00:00.499,1.21465,1.2148,3.20,4.80
2009.04.14 13:00:00.959,1.2146,1.2148,1.00,4.80
2009.04.14 13:00:01.179,1.2146,1.2148,1.00,5.40
2009.04.14 13:00:04.188,1.21475,1.21485,1.00,1.00
2009.04.14 13:00:04.598,1.21475,1.2152,3.40,7.80
2009.04.14 13:00:05.048,1.2149,1.2152,1.00,3.60
2009.04.14 13:00:05.268,1.2149,1.2152,1.00,2.00
2009.04.14 13:00:05.728,1.21485,1.215,3.60,8.60
2009.04.14 13:00:06.018,1.2149,1.2152,1.00,5.80
2009.04.14 13:00:06.548,1.2148,1.21515,4.80,2.00
2009.04.14 13:00:07.247,1.2148,1.215,3.40,4.80
2009.04.14 13:00:07.487,1.2148,1.215,5.00,4.80
2009.04.14 13:00:07.657,1.2149,1.2151,1.00,13.80
2009.04.14 13:00:08.347,1.21485,1.2151,3.80,15.40
2009.04.14 13:00:08.707,1.21485,1.21505,3.80,4.80
2009.04.14 13:00:08.997,1.2148,1.215,3.80,4.80
2009.04.14 13:00:09.327,1.2148,1.215,3.40,4.80
2009.04.14 13:00:09.617,1.2149,1.215,1.00,4.80
2009.04.14 13:00:10.687,1.2149,1.21505,1.00,4.80
2009.04.14 13:00:11.217,1.2149,1.215,1.00,4.80
2009.04.14 13:00:12.956,1.21495,1.215,7.80,4.80
2009.04.14 13:00:13.186,1.215,1.21505,2.00,3.60
2009.04.14 13:00:13.636,1.215,1.21525,1.00,4.80
2009.04.14 13:00:14.376,1.215,1.21525,1.00,5.40
2009.04.14 13:00:15.885,1.215,1.21505,1.00,4.80
2009.04.14 13:00:20.094,1.215,1.2151,1.00,11.20
2009.04.14 13:00:20.384,1.2146,1.215,5.20,5.40
2009.04.14 13:00:22.194,1.2147,1.215,5.40,5.40
2009.04.14 13:00:22.424,1.21475,1.215,4.80,4.80
2009.04.14 13:00:22.774,1.2148,1.215,1.00,4.80
2009.04.14 13:00:24.493,1.2149,1.215,1.00,4.80
2009.04.14 13:00:26.593,1.2149,1.215,1.00,4.80
2009.04.14 13:00:29.562,1.21465,1.215,3.40,5.40
2009.04.14 13:00:29.862,1.21465,1.215,2.00,5.40
2009.04.14 13:00:30.432,1.21465,1.215,5.20,5.40
2009.04.14 13:00:30.872,1.21485,1.215,1.00,5.40
2009.04.14 13:00:31.411,1.21485,1.215,1.00,4.80
2009.04.14 13:00:34.741,1.21475,1.2149,1.00,5.40
2009.04.14 13:00:35.431,1.21455,1.2149,1.00,1.00
2009.04.14 13:00:36.510,1.21455,1.2149,1.80,1.00
2009.04.14 13:00:36.870,1.21455,1.2149,3.20,1.00
2009.04.14 13:00:37.210,1.21455,1.2149,5.60,4.80
2009.04.14 13:00:37.860,1.2146,1.21495,1.00,8.00
2009.04.14 13:00:38.480,1.21455,1.21495,1.60,5.00
2009.04.14 13:00:38.880,1.21455,1.215,3.40,11.60
2009.04.14 13:00:39.170,1.2146,1.2149,5.00,4.80
2009.04.14 13:00:39.520,1.21465,1.2149,1.00,4.80
2009.04.14 13:00:39.980,1.2147,1.2149,1.00,5.40
2009.04.14 13:00:40.729,1.2147,1.215,1.00,9.40
2009.04.14 13:00:41.029,1.2147,1.215,1.00,5.40
2009.04.14 13:00:42.419,1.2147,1.215,1.00,4.80
2009.04.14 13:00:43.529,1.2147,1.215,5.00,4.80
2009.04.14 13:00:44.619,1.21485,1.215,1.00,4.80
2009.04.14 13:00:44.858,1.21485,1.215,1.00,4.80
2009.04.14 13:00:50.847,1.2149,1.215,1.00,5.40
2009.04.14 13:00:51.257,1.2149,1.215,1.00,4.80
2009.04.14 13:00:55.676,1.2149,1.21505,1.00,2.60
2009.04.14 13:00:59.315,1.2149,1.215,1.00,4.80
2009.04.14 13:01:05.774,1.2149,1.215,1.00,4.80
2009.04.14 13:01:06.913,1.2149,1.21505,1.00,4.80
2009.04.14 13:01:07.143,1.2149,1.215,1.00,4.80
2009.04.14 13:01:08.843,1.2149,1.215,1.00,5.40
2009.04.14 13:01:10.172,1.2145,1.21485,5.80,4.80
2009.04.14 13:01:10.512,1.2145,1.21485,1.80,4.80
2009.04.14 13:01:10.802,1.2146,1.2148,1.00,4.80
2009.04.14 13:01:11.313,1.2147,1.2149,1.00,5.40
2009.04.14 13:01:11.603,1.21455,1.2149,2.20,5.40
2009.04.14 13:01:12.062,1.21455,1.2149,1.00,5.40
2009.04.14 13:01:13.582,1.2146,1.2148,1.00,4.80
2009.04.14 13:01:13.902,1.2146,1.2148,1.00,4.80
2009.04.14 13:01:14.241,1.21455,1.2148,4.00,5.40
2009.04.14 13:01:14.542,1.21465,1.2148,4.80,4.80
2009.04.14 13:01:14.842,1.2147,1.2148,1.60,4.80
2009.04.14 13:01:15.301,1.2144,1.2149,3.80,8.40
2009.04.14 13:01:15.701,1.21445,1.2148,1.00,5.40
2009.04.14 13:01:16.041,1.2145,1.2148,1.00,5.40
2009.04.14 13:01:21.880,1.2147,1.2148,1.00,4.80
2009.04.14 13:01:24.259,1.2147,1.21485,2.00,1.60
2009.04.14 13:01:24.539,1.2147,1.21505,3.80,5.40
2009.04.14 13:01:27.118,1.2146,1.2149,12.00,9.00
2009.04.14 13:01:27.278,1.21465,1.21485,7.20,2.40
2009.04.14 13:01:27.718,1.2146,1.2148,4.60,6.80
2009.04.14 13:01:28.128,1.2146,1.2148,4.60,14.80
2009.04.14 13:01:28.358,1.2147,1.2148,1.00,14.80
2009.04.14 13:01:29.068,1.21475,1.2148,4.80,14.80
2009.04.14 13:01:29.468,1.2148,1.21505,1.00,7.20
2009.04.14 13:01:29.648,1.2148,1.21505,1.00,4.80
2009.04.14 13:01:30.057,1.2147,1.21505,11.80,5.40
2009.04.14 13:01:30.458,1.2147,1.21505,3.80,5.40
2009.04.14 13:01:30.858,1.2147,1.215,1.00,5.40
2009.04.14 13:01:35.096,1.2147,1.2148,1.00,4.80
2009.04.14 13:01:35.316,1.2146,1.2148,1.00,4.80
2009.04.14 13:01:36.006,1.2146,1.2148,1.00,4.80
2009.04.14 13:01:36.296,1.2147,1.21485,4.80,2.00
2009.04.14 13:01:36.636,1.2146,1.2148,2.00,4.80
2009.04.14 13:01:37.086,1.2146,1.2148,1.00,4.80
2009.04.14 13:01:41.275,1.2145,1.2147,10.20,11.20
2009.04.14 13:01:41.575,1.21445,1.21465,4.00,1.00
2009.04.14 13:01:41.865,1.21425,1.21485,2.80,11.60
2009.04.14 13:01:42.285,1.21425,1.21485,7.80,11.60
2009.04.14 13:01:42.584,1.21425,1.21475,7.80,1.60
2009.04.14 13:01:42.874,1.2143,1.21455,1.00,4.80
2009.04.14 13:01:43.664,1.21425,1.21455,5.60,4.80
2009.04.14 13:01:44.074,1.2143,1.2145,1.00,4.80
2009.04.14 13:01:44.474,1.2142,1.2145,5.00,4.80
2009.04.14 13:01:44.884,1.2143,1.2146,1.00,8.00
2009.04.14 13:01:45.334,1.2143,1.2146,1.00,4.80
2009.04.14 13:01:45.554,1.21425,1.21465,3.60,2.00
2009.04.14 13:01:45.794,1.2143,1.21465,4.80,2.00
2009.04.14 13:01:46.085,1.2144,1.21465,1.00,2.00
2009.04.14 13:01:46.364,1.21445,1.21475,1.00,2.80
2009.04.14 13:01:46.604,1.21445,1.2148,1.00,10.00
2009.04.14 13:01:46.874,1.21445,1.2148,1.00,4.80
2009.04.14 13:01:48.093,1.2145,1.2147,1.00,1.20
2009.04.14 13:01:48.273,1.2145,1.2146,1.00,7.40
2009.04.14 13:01:48.563,1.2145,1.2146,4.80,13.20
2009.04.14 13:01:48.743,1.2145,1.21485,5.00,4.80
2009.04.14 13:01:50.803,1.2145,1.2147,1.00,1.00
2009.04.14 13:01:51.313,1.2146,1.2147,1.00,12.20
2009.04.14 13:01:51.662,1.2146,1.21465,1.00,2.40
2009.04.14 13:01:52.132,1.21455,1.21485,7.40,4.80
2009.04.14 13:01:52.432,1.21455,1.2147,7.60,2.00
2009.04.14 13:01:53.802,1.21455,1.21465,2.80,2.00
2009.04.14 13:01:54.312,1.2145,1.2147,1.00,10.00
2009.04.14 13:01:55.861,1.2145,1.2147,5.00,6.80
2009.04.14 13:01:56.241,1.2145,1.2147,5.40,4.80
2009.04.14 13:01:56.531,1.2145,1.2147,3.80,4.80
2009.04.14 13:01:57.751,1.2146,1.21475,6.40,5.40
2009.04.14 13:01:57.921,1.21465,1.21475,1.00,5.40
2009.04.14 13:01:58.622,1.2145,1.2147,3.80,4.80
2009.04.14 13:01:59.571,1.2146,1.2147,1.00,4.80
2009.04.14 13:02:00.210,1.2146,1.2148,1.00,4.80
2009.04.14 13:02:00.560,1.2146,1.2148,1.00,4.80
2009.04.14 13:02:01.140,1.2146,1.2148,1.00,4.80
2009.04.14 13:02:04.110,1.2146,1.2148,1.00,4.80
2009.04.14 13:02:04.349,1.21465,1.2148,1.00,1.80
2009.04.14 13:02:04.519,1.2146,1.21485,21.40,9.40
2009.04.14 13:02:05.960,1.2147,1.2148,1.00,1.80
2009.04.14 13:02:06.559,1.21465,1.2149,1.00,7.20
2009.04.14 13:02:07.788,1.21465,1.21485,8.60,5.40
2009.04.14 13:02:08.129,1.2146,1.2148,1.00,4.80
2009.04.14 13:02:09.138,1.2146,1.2148,1.00,4.80
2009.04.14 13:02:09.368,1.2146,1.2148,1.00,4.80
2009.04.14 13:02:10.678,1.21455,1.2148,6.00,6.80
2009.04.14 13:02:10.968,1.21455,1.2148,5.40,10.00
2009.04.14 13:02:11.368,1.2146,1.2147,1.00,4.80
2009.04.14 13:02:12.037,1.21455,1.2148,6.00,10.00
2009.04.14 13:02:12.318,1.2146,1.2148,1.00,10.60
2009.04.14 13:02:12.677,1.2146,1.2147,1.00,4.80
2009.04.14 13:02:14.707,1.2146,1.2148,1.00,17.00
2009.04.14 13:02:15.117,1.2146,1.2148,1.00,17.00
2009.04.14 13:02:15.397,1.21455,1.2147,8.60,1.00
2009.04.14 13:02:20.336,1.21465,1.2148,1.00,15.40
2009.04.14 13:02:20.566,1.21465,1.2148,1.00,12.20
2009.04.14 13:02:21.015,1.21465,1.2148,1.00,10.60
2009.04.14 13:02:21.515,1.21465,1.2147,1.00,4.80
2009.04.14 13:02:21.975,1.2146,1.2147,2.00,5.40
2009.04.14 13:02:22.205,1.21445,1.2147,1.00,4.80
2009.04.14 13:02:22.655,1.21465,1.2147,1.00,4.80
2009.04.14 13:02:25.155,1.2147,1.2148,1.00,6.80
2009.04.14 13:02:25.334,1.2147,1.2148,1.00,4.80
2009.04.14 13:02:26.664,1.21465,1.2148,1.00,4.80
2009.04.14 13:02:26.894,1.21465,1.2148,1.00,4.80
2009.04.14 13:02:27.124,1.21465,1.2147,1.00,4.80
2009.04.14 13:02:30.213,1.2145,1.2147,1.00,2.00
2009.04.14 13:02:31.093,1.2145,1.2146,1.00,1.00
2009.04.14 13:02:31.483,1.2145,1.2146,1.00,7.80
2009.04.14 13:02:31.893,1.2145,1.2147,1.00,2.00
2009.04.14 13:02:33.072,1.21445,1.2146,2.80,7.40
2009.04.14 13:02:33.412,1.2144,1.2147,5.20,2.00
2009.04.14 13:02:33.922,1.2144,1.2147,5.00,2.00
2009.04.14 13:02:34.102,1.2144,1.2147,5.00,3.60
2009.04.14 13:02:34.342,1.2144,1.21465,5.00,1.00
2009.04.14 13:02:34.732,1.2144,1.2147,5.00,3.60
2009.04.14 13:02:35.152,1.2144,1.2147,5.00,4.80
2009.04.14 13:02:40.551,1.2144,1.2146,1.00,4.80
2009.04.14 13:03:03.205,1.21435,1.2146,4.80,4.80
2009.04.14 13:03:03.785,1.2143,1.2146,9.80,4.80
2009.04.14 13:03:04.075,1.2143,1.2146,5.00,4.80
2009.04.14 13:03:05.465,1.2143,1.2146,5.00,2.00
2009.04.14 13:03:09.204,1.21435,1.2146,4.80,2.00
2009.04.14 13:03:11.793,1.21445,1.2146,4.80,2.00
2009.04.14 13:03:16.262,1.21445,1.2147,5.20,4.80
2009.04.14 13:03:16.771,1.21445,1.2147,4.80,4.80
2009.04.14 13:03:19.781,1.2145,1.2147,5.00,4.80
2009.04.14 13:03:36.758,1.21445,1.2147,4.80,4.80
2009.04.14 13:03:39.576,1.2144,1.2146,5.00,4.40
2009.04.14 13:03:39.636,1.2144,1.2146,5.00,4.80
2009.04.14 13:03:44.675,1.21435,1.2146,4.80,4.80
2009.04.14 13:03:52.793,1.21435,1.2145,4.80,4.80
2009.04.14 13:03:57.842,1.2144,1.2146,4.80,10.00
2009.04.14 13:04:00.292,1.2145,1.2146,1.00,8.40
2009.04.14 13:04:00.511,1.2145,1.21455,1.00,2.80
2009.04.14 13:04:00.731,1.21455,1.21465,5.00,2.00
2009.04.14 13:04:00.951,1.21455,1.2147,5.00,11.60
2009.04.14 13:04:01.172,1.21455,1.2147,5.00,2.00
2009.04.14 13:04:01.791,1.21455,1.2147,5.00,1.20
2009.04.14 13:04:02.141,1.21455,1.2147,5.00,1.00
2009.04.14 13:04:03.940,1.2145,1.2147,1.00,13.20
2009.04.14 13:04:05.600,1.2145,1.2147,5.00,11.20
2009.04.14 13:04:05.940,1.21455,1.2147,5.00,1.00
2009.04.14 13:04:06.160,1.21455,1.2148,5.00,13.20
2009.04.14 13:04:08.479,1.21455,1.2148,5.00,16.40
2009.04.14 13:04:08.819,1.2145,1.2147,5.00,11.20
2009.04.14 13:04:09.109,1.2145,1.2147,5.00,4.80
2009.04.14 13:04:14.068,1.21455,1.2147,4.80,4.80
2009.04.14 13:04:14.648,1.21465,1.2147,4.80,4.80
2009.04.14 13:04:15.058,1.2145,1.2147,4.80,16.40
2009.04.14 13:04:17.157,1.21455,1.2147,6.20,16.40
2009.04.14 13:04:17.337,1.21465,1.21475,4.80,2.00
2009.04.14 13:04:17.847,1.21465,1.21485,4.80,10.00
2009.04.14 13:04:18.067,1.21465,1.21485,4.80,8.00
2009.04.14 13:04:18.477,1.21465,1.21485,4.80,4.80
2009.04.14 13:04:19.566,1.21465,1.2148,4.80,6.80
2009.04.14 13:04:19.686,1.21465,1.2148,4.80,16.40
2009.04.14 13:04:20.456,1.21475,1.2148,4.80,14.40
2009.04.14 13:04:20.846,1.21475,1.2148,4.80,7.20
2009.04.14 13:04:21.146,1.2147,1.2148,4.80,4.80
2009.04.14 13:04:26.635,1.2147,1.2148,4.80,6.80
2009.04.14 13:04:27.355,1.21465,1.2148,4.80,6.80
2009.04.14 13:04:27.754,1.2147,1.2148,4.80,4.80
2009.04.14 13:04:29.834,1.21475,1.21485,4.80,4.40
2009.04.14 13:04:30.434,1.21475,1.2149,4.80,2.00
2009.04.14 13:04:33.083,1.21475,1.2149,4.80,4.80
2009.04.14 13:04:48.289,1.21475,1.215,4.80,19.20
2009.04.14 13:04:48.689,1.21475,1.215,4.80,10.80
2009.04.14 13:04:53.568,1.21475,1.2149,4.80,4.80
2009.04.14 13:04:53.748,1.21475,1.215,4.80,8.00
2009.04.14 13:05:05.645,1.2149,1.215,4.80,2.00
2009.04.14 13:05:05.755,1.2149,1.21525,4.80,16.40
2009.04.14 13:05:06.325,1.21485,1.2152,4.80,1.00
2009.04.14 13:05:06.495,1.21485,1.2153,4.80,8.40
2009.04.14 13:05:07.005,1.21495,1.2152,4.80,2.00
2009.04.14 13:05:08.275,1.2149,1.2151,4.80,5.20
2009.04.14 13:05:08.444,1.2149,1.2151,4.80,21.20
2009.04.14 13:05:09.405,1.2149,1.2151,4.80,5.60
2009.04.14 13:05:09.694,1.2149,1.2151,4.80,8.40
2009.04.14 13:05:09.754,1.21485,1.215,4.80,3.20
2009.04.14 13:05:10.094,1.21485,1.21495,4.80,4.40
2009.04.14 13:05:16.912,1.2149,1.215,4.80,1.00
2009.04.14 13:05:17.932,1.2149,1.21505,4.80,5.40
2009.04.14 13:05:18.402,1.2149,1.215,4.80,4.80
2009.04.14 13:05:24.451,1.21485,1.215,5.00,4.80
2009.04.14 13:05:24.851,1.21505,1.21515,4.80,3.60
2009.04.14 13:05:25.381,1.21495,1.21525,5.00,3.20
2009.04.14 13:05:26.240,1.21505,1.21525,5.00,1.00
2009.04.14 13:05:26.590,1.21505,1.2152,5.00,1.00
2009.04.14 13:05:28.530,1.21505,1.2151,2.80,4.80
2009.04.14 13:05:28.810,1.21505,1.2151,1.00,4.80
2009.04.14 13:05:29.110,1.2148,1.2151,4.80,4.80
2009.04.14 13:05:31.179,1.21485,1.2151,6.80,4.80
2009.04.14 13:05:33.059,1.215,1.2152,5.00,3.20
2009.04.14 13:05:33.789,1.2151,1.21525,4.80,5.20
2009.04.14 13:05:37.908,1.21505,1.2153,4.80,4.80
2009.04.14 13:05:40.067,1.2149,1.21505,1.00,4.80
2009.04.14 13:05:41.777,1.21485,1.21505,6.80,1.00
2009.04.14 13:05:42.176,1.21485,1.21525,6.80,8.00
2009.04.14 13:05:42.716,1.21495,1.21525,4.80,8.00
2009.04.14 13:05:43.056,1.21495,1.21525,5.00,4.80
2009.04.14 13:05:43.696,1.21495,1.2152,1.00,8.00
2009.04.14 13:05:43.936,1.2148,1.2152,6.80,8.00
2009.04.14 13:05:44.566,1.2148,1.21505,6.80,4.80
2009.04.14 13:05:44.736,1.2148,1.21515,2.20,15.00
2009.04.14 13:05:45.006,1.21485,1.21515,7.00,16.40
2009.04.14 13:05:45.226,1.21485,1.21515,7.00,13.20
2009.04.14 13:05:46.325,1.2151,1.21535,5.00,4.00
2009.04.14 13:05:46.775,1.21515,1.2154,4.80,1.60
2009.04.14 13:05:47.115,1.2152,1.2156,5.00,2.00
2009.04.14 13:05:48.005,1.2153,1.21565,5.00,2.00
2009.04.14 13:05:48.295,1.21525,1.21565,2.40,9.00
2009.04.14 13:05:48.805,1.2152,1.21555,5.20,3.80
2009.04.14 13:05:49.265,1.2152,1.21545,1.00,1.00
2009.04.14 13:05:49.385,1.2152,1.2154,1.00,4.80
2009.04.14 13:05:52.154,1.21495,1.2152,4.80,4.80
2009.04.14 13:05:52.484,1.21485,1.2152,11.40,8.00
2009.04.14 13:05:53.114,1.21485,1.2152,11.60,8.00
2009.04.14 13:05:54.154,1.21495,1.2152,5.00,8.00
2009.04.14 13:05:54.574,1.21495,1.2152,5.00,4.80
2009.04.14 13:05:58.633,1.21505,1.2152,4.80,4.80
2009.04.14 13:05:59.322,1.215,1.2152,5.00,4.80
2009.04.14 13:06:09.620,1.21495,1.2152,3.60,4.80
2009.04.14 13:06:09.680,1.21495,1.2152,2.00,8.00
2009.04.14 13:06:10.070,1.21485,1.2152,6.80,8.00
2009.04.14 13:06:10.410,1.21485,1.2152,7.00,8.00
2009.04.14 13:06:11.719,1.21495,1.2152,5.00,8.00
2009.04.14 13:06:12.089,1.21495,1.2152,5.00,4.80
2009.04.14 13:06:19.688,1.21505,1.21525,1.00,10.40
2009.04.14 13:06:19.927,1.21505,1.21525,5.00,10.40
2009.04.14 13:06:20.507,1.21505,1.21525,5.00,10.20
2009.04.14 13:06:20.977,1.21505,1.21525,5.00,10.00
2009.04.14 13:06:21.707,1.2151,1.21525,4.80,4.80
2009.04.14 13:06:21.827,1.21515,1.2152,4.80,2.40
2009.04.14 13:06:22.127,1.2152,1.21545,5.00,4.80
2009.04.14 13:06:24.726,1.2152,1.2155,5.00,13.80
2009.04.14 13:06:25.006,1.2152,1.2155,5.00,10.60
2009.04.14 13:06:25.406,1.21525,1.2155,4.80,4.80
2009.04.14 13:06:26.056,1.21525,1.21535,4.80,2.00
2009.04.14 13:06:26.376,1.2152,1.21535,5.00,2.00
2009.04.14 13:06:26.716,1.2152,1.21535,1.00,2.00
2009.04.14 13:06:27.066,1.21515,1.2153,4.80,2.00
2009.04.14 13:06:28.005,1.21515,1.2154,4.80,4.80
2009.04.14 13:06:29.885,1.2152,1.2154,5.00,4.80
2009.04.14 13:06:31.345,1.21515,1.2154,4.80,4.80
2009.04.14 13:06:32.784,1.2151,1.2153,1.00,2.00
2009.04.14 13:06:33.014,1.21515,1.2153,4.80,2.00
2009.04.14 13:06:33.234,1.21515,1.21545,4.80,4.80
2009.04.14 13:06:39.773,1.21515,1.2154,4.80,8.00
2009.04.14 13:06:40.113,1.21505,1.2154,4.80,8.00
2009.04.14 13:06:40.582,1.21505,1.2153,4.80,1.00
2009.04.14 13:06:42.182,1.21505,1.2153,4.80,1.00
2009.04.14 13:06:42.242,1.21505,1.2153,4.80,1.00
2009.04.14 13:06:42.943,1.21505,1.2153,4.80,1.00
2009.04.14 13:06:43.562,1.21495,1.21535,4.80,6.00
2009.04.14 13:06:43.861,1.21495,1.21535,4.80,5.60
2009.04.14 13:06:44.621,1.21495,1.21535,4.80,5.40
2009.04.14 13:06:44.851,1.21495,1.21535,4.80,5.00
2009.04.14 13:06:45.611,1.21495,1.21525,4.80,1.00
2009.04.14 13:06:45.931,1.215,1.21525,1.60,1.00
2009.04.14 13:06:46.231,1.21505,1.21535,4.80,1.20
2009.04.14 13:06:47.781,1.21505,1.2153,4.80,1.00
2009.04.14 13:06:48.540,1.215,1.2152,5.00,4.80
2009.04.14 13:06:48.820,1.21495,1.21515,5.00,4.80
2009.04.14 13:06:49.850,1.21495,1.2151,3.60,4.80
2009.04.14 13:06:50.150,1.21485,1.21515,6.80,3.20
2009.04.14 13:06:50.450,1.21485,1.2152,6.80,8.00
2009.04.14 13:06:51.980,1.21495,1.2152,4.80,8.00
2009.04.14 13:06:52.660,1.2149,1.2151,2.00,4.80
2009.04.14 13:06:53.250,1.21485,1.2152,6.80,8.00
2009.04.14 13:06:54.049,1.21485,1.2152,7.00,4.80
2009.04.14 13:06:54.399,1.21495,1.2152,5.00,10.00
2009.04.14 13:06:55.319,1.21495,1.2151,4.80,4.80
2009.04.14 13:06:55.909,1.21495,1.21515,5.00,4.80
2009.04.14 13:06:56.249,1.21495,1.2152,5.00,10.00
2009.04.14 13:06:57.308,1.21495,1.2151,1.00,4.80
2009.04.14 13:06:57.669,1.21485,1.2151,6.80,4.80
2009.04.14 13:07:00.317,1.2149,1.2151,1.00,4.80
2009.04.14 13:07:00.428,1.2149,1.2151,5.00,4.80
2009.04.14 13:07:02.827,1.2149,1.2151,4.80,4.80
2009.04.14 13:07:04.058,1.21485,1.2151,10.00,4.80
2009.04.14 13:07:04.359,1.21485,1.2152,10.20,10.60
2009.04.14 13:07:04.766,1.21485,1.2152,10.20,8.00
2009.04.14 13:07:05.406,1.21485,1.2152,10.60,8.00
2009.04.14 13:07:05.706,1.21485,1.2153,11.00,3.20
2009.04.14 13:07:06.066,1.2149,1.21535,2.20,10.80
2009.04.14 13:07:06.696,1.2149,1.2153,2.20,8.00
2009.04.14 13:07:07.566,1.215,1.2153,1.00,8.00
2009.04.14 13:07:08.145,1.21495,1.2153,6.00,8.00
2009.04.14 13:07:08.496,1.21495,1.2153,7.20,8.00
2009.04.14 13:07:08.796,1.21505,1.2153,4.80,3.20
2009.04.14 13:07:09.085,1.21505,1.21535,4.80,3.20
2009.04.14 13:07:09.415,1.21505,1.2154,4.80,8.00
2009.04.14 13:07:10.515,1.21495,1.21525,9.60,4.80
2009.04.14 13:07:10.735,1.21495,1.2153,11.00,8.00
2009.04.14 13:07:11.025,1.21495,1.2153,6.00,6.80
2009.04.14 13:07:11.355,1.21505,1.2153,4.80,1.00
2009.04.14 13:07:11.875,1.21515,1.2154,5.00,4.80
2009.04.14 13:07:12.465,1.21515,1.2154,5.00,5.60
2009.04.14 13:07:12.705,1.21495,1.21525,5.00,4.80
2009.04.14 13:07:13.394,1.21495,1.21525,6.60,4.80
2009.04.14 13:07:13.874,1.21515,1.2156,5.00,10.00
2009.04.14 13:07:16.273,1.2153,1.2155,5.00,6.80
2009.04.14 13:07:16.444,1.2153,1.2155,5.00,4.80
2009.04.14 13:07:18.413,1.2153,1.2155,5.00,8.60
2009.04.14 13:07:18.763,1.2153,1.21535,4.80,4.80
2009.04.14 13:07:19.053,1.21505,1.21555,2.00,10.80
2009.04.14 13:07:19.393,1.215,1.21545,9.40,4.80
2009.04.14 13:07:19.793,1.215,1.21545,9.40,8.00
2009.04.14 13:07:21.622,1.21515,1.21545,1.00,3.20
2009.04.14 13:07:21.972,1.2151,1.21545,5.80,3.20
2009.04.14 13:07:23.192,1.21515,1.2155,6.00,8.00
2009.04.14 13:07:23.412,1.2153,1.21555,5.00,4.80
2009.04.14 13:07:23.982,1.2153,1.2156,5.00,19.20
2009.04.14 13:07:24.482,1.21535,1.21555,5.00,4.80
2009.04.14 13:07:24.702,1.21535,1.2156,5.00,16.40
2009.04.14 13:07:24.872,1.21535,1.2156,5.00,14.80
2009.04.14 13:07:25.571,1.2153,1.2155,11.80,6.80
2009.04.14 13:07:25.841,1.21535,1.21545,5.00,2.40
2009.04.14 13:07:26.451,1.21525,1.2155,10.40,4.80
2009.04.14 13:07:26.731,1.21525,1.2155,8.00,4.80
2009.04.14 13:07:26.961,1.21525,1.2156,4.80,8.60
2009.04.14 13:07:27.191,1.21525,1.2156,4.80,8.00
2009.04.14 13:07:30.040,1.2153,1.2155,4.80,7.20
2009.04.14 13:07:30.260,1.2153,1.2155,4.80,5.60
2009.04.14 13:07:30.370,1.2153,1.2155,4.80,4.80
2009.04.14 13:07:31.110,1.21535,1.2154,4.80,4.80
2009.04.14 13:07:31.230,1.21535,1.2154,5.60,4.80
2009.04.14 13:07:31.630,1.2151,1.2154,4.80,4.80
2009.04.14 13:07:31.970,1.215,1.2154,7.80,8.00
2009.04.14 13:07:39.098,1.21505,1.2153,4.80,1.00
2009.04.14 13:07:39.518,1.21505,1.2155,4.80,3.20
2009.04.14 13:07:39.978,1.21505,1.2155,5.00,3.20
2009.04.14 13:07:40.258,1.21505,1.2155,5.00,4.80
2009.04.14 13:07:40.658,1.215,1.2153,5.00,4.80
2009.04.14 13:07:41.757,1.21505,1.21555,4.80,3.20
2009.04.14 13:07:42.037,1.21505,1.2155,4.80,4.80
2009.04.14 13:07:42.387,1.21505,1.2155,4.80,8.00
2009.04.14 13:07:42.967,1.21505,1.2153,4.80,4.80
2009.04.14 13:07:46.757,1.2152,1.2153,4.80,4.80
2009.04.14 13:07:47.096,1.2152,1.2153,1.00,4.80
2009.04.14 13:07:47.376,1.215,1.21535,4.80,3.20
2009.04.14 13:07:47.656,1.215,1.2154,4.80,8.80
2009.04.14 13:07:47.886,1.215,1.2154,4.80,8.00
2009.04.14 13:07:50.095,1.21505,1.2153,4.80,1.00
2009.04.14 13:07:50.815,1.21505,1.2152,4.80,2.00
2009.04.14 13:07:51.275,1.21505,1.2152,4.80,3.60
2009.04.14 13:07:51.485,1.21505,1.2153,4.80,4.80
2009.04.14 13:07:51.955,1.21505,1.21535,4.80,4.00
2009.04.14 13:07:52.235,1.21505,1.2153,4.80,4.80
2009.04.14 13:07:54.134,1.21505,1.2154,4.80,8.80
2009.04.14 13:07:54.245,1.21505,1.2154,4.80,8.00
2009.04.14 13:07:57.184,1.21505,1.2153,4.80,1.00
2009.04.14 13:07:57.764,1.21505,1.2153,4.80,1.00
2009.04.14 13:07:58.793,1.2153,1.21535,4.80,2.10
2009.04.14 13:07:59.213,1.21525,1.21565,9.60,3.80
2009.04.14 13:07:59.393,1.215,1.21565,10.40,4.40
2009.04.14 13:07:59.803,1.21515,1.21565,10.80,4.40
2009.04.14 13:08:00.203,1.21515,1.21565,10.80,4.80
2009.04.14 13:08:00.313,1.21515,1.21555,10.80,4.00
2009.04.14 13:08:00.653,1.21515,1.21555,10.80,3.20
2009.04.14 13:08:00.763,1.21515,1.21555,10.80,4.40
2009.04.14 13:08:01.103,1.21515,1.21555,11.20,4.40
2009.04.14 13:08:01.503,1.21515,1.2155,11.20,8.00
2009.04.14 13:08:01.983,1.21525,1.2155,4.80,8.00
2009.04.14 13:08:02.282,1.21525,1.2155,2.80,8.00
2009.04.14 13:08:03.522,1.2151,1.2155,5.40,8.00
2009.04.14 13:08:04.172,1.2151,1.21555,5.40,8.60
2009.04.14 13:08:04.512,1.2151,1.2155,4.80,3.20
2009.04.14 13:08:04.682,1.21515,1.2155,4.80,8.00
2009.04.14 13:08:05.332,1.21505,1.21545,8.20,3.20
2009.04.14 13:08:05.612,1.2151,1.2153,1.00,4.80
2009.04.14 13:08:06.191,1.215,1.2153,5.00,4.80
2009.04.14 13:08:07.241,1.21515,1.2153,1.00,11.60
2009.04.14 13:08:07.571,1.2151,1.2155,7.60,3.20
2009.04.14 13:08:07.851,1.2151,1.21545,9.20,4.80
2009.04.14 13:08:08.191,1.2151,1.21545,6.00,4.80
2009.04.14 13:08:09.620,1.21515,1.2153,4.80,2.40
2009.04.14 13:08:09.731,1.21515,1.2154,4.80,5.60
2009.04.14 13:08:09.841,1.21515,1.2153,4.80,1.00
2009.04.14 13:08:10.131,1.21515,1.21545,4.80,4.80
2009.04.14 13:08:10.190,1.21505,1.21545,4.80,8.00
2009.04.14 13:08:10.760,1.21515,1.21545,5.00,8.00
2009.04.14 13:08:10.882,1.21515,1.21545,5.00,4.80
2009.04.14 13:08:11.270,1.21515,1.2154,1.00,4.80
2009.04.14 13:08:11.610,1.215,1.2154,4.80,8.00
2009.04.14 13:08:13.040,1.21515,1.2154,4.80,8.00
2009.04.14 13:08:13.210,1.21515,1.2154,4.80,4.80
2009.04.14 13:08:15.799,1.2151,1.21535,1.60,1.00
2009.04.14 13:08:16.189,1.21505,1.21525,5.00,4.80
2009.04.14 13:08:16.649,1.2151,1.21525,1.60,2.00
2009.04.14 13:08:17.129,1.21515,1.2153,4.80,1.00
2009.04.14 13:08:21.748,1.21515,1.2153,4.80,1.20
2009.04.14 13:08:22.528,1.21515,1.2153,4.80,1.00
2009.04.14 13:08:23.147,1.2151,1.2153,1.60,1.00
2009.04.14 13:08:23.437,1.2151,1.2153,1.00,1.00
2009.04.14 13:08:23.847,1.2151,1.2153,4.00,1.00
2009.04.14 13:08:25.227,1.2151,1.2154,4.00,5.40
2009.04.14 13:08:27.956,1.21505,1.2153,5.00,4.80
2009.04.14 13:08:28.246,1.2151,1.2153,2.40,5.40
2009.04.14 13:08:28.696,1.2151,1.21525,1.60,1.60
2009.04.14 13:08:29.116,1.2151,1.2156,1.60,11.60
2009.04.14 13:08:33.065,1.2151,1.2154,1.60,4.80
2009.04.14 13:08:33.415,1.2151,1.2154,1.60,5.40
2009.04.14 13:08:33.945,1.2151,1.2154,4.00,5.40
2009.04.14 13:08:35.864,1.21525,1.2155,1.00,8.00
2009.04.14 13:08:36.504,1.21525,1.2155,1.00,5.40
2009.04.14 13:08:36.734,1.21515,1.2155,1.00,5.40
2009.04.14 13:08:46.102,1.2152,1.2155,1.00,8.60
2009.04.14 13:08:46.322,1.2152,1.2154,1.00,4.80
2009.04.14 13:08:58.019,1.21515,1.2153,7.60,4.80
2009.04.14 13:08:58.459,1.2151,1.21535,1.00,18.60
2009.04.14 13:09:00.508,1.2151,1.2153,1.00,13.80
2009.04.14 13:09:00.669,1.215,1.21525,13.60,4.40
2009.04.14 13:09:01.259,1.215,1.21545,7.80,8.00
2009.04.14 13:09:01.678,1.21515,1.2155,1.00,3.20
2009.04.14 13:09:02.248,1.21515,1.2154,1.00,3.20
2009.04.14 13:09:02.768,1.215,1.2154,1.60,8.60
2009.04.14 13:09:03.238,1.2149,1.21525,3.20,10.60
2009.04.14 13:09:03.647,1.2149,1.2152,3.20,4.80
2009.04.14 13:09:03.928,1.21495,1.2152,3.20,5.40
2009.04.14 13:09:04.107,1.215,1.2152,2.00,4.40
2009.04.14 13:09:04.337,1.215,1.21535,2.00,4.80
2009.04.14 13:09:04.397,1.215,1.21535,1.00,5.40
2009.04.14 13:09:09.226,1.215,1.2152,1.00,1.00
2009.04.14 13:09:09.386,1.215,1.21515,1.00,5.40
2009.04.14 13:09:09.556,1.21495,1.21515,6.20,5.40
2009.04.14 13:09:12.075,1.21495,1.21515,6.20,4.80
2009.04.14 13:09:12.256,1.21495,1.2152,3.60,7.40
2009.04.14 13:09:12.535,1.2149,1.2152,4.40,5.40
2009.04.14 13:09:13.395,1.21495,1.2152,4.80,4.80
2009.04.14 13:09:13.555,1.215,1.2152,1.00,4.80
2009.04.14 13:09:14.965,1.21505,1.21525,2.20,4.80
2009.04.14 13:09:15.205,1.21505,1.21525,2.20,5.40
2009.04.14 13:09:15.265,1.215,1.2152,1.00,4.80
2009.04.14 13:09:16.005,1.215,1.21525,1.60,3.60
2009.04.14 13:09:16.294,1.215,1.2153,2.00,1.00
2009.04.14 13:09:16.464,1.215,1.2153,2.00,1.00
2009.04.14 13:09:17.204,1.215,1.2153,2.00,1.00
2009.04.14 13:09:17.894,1.215,1.2153,2.00,1.00
2009.04.14 13:09:19.684,1.215,1.2155,2.00,6.00
2009.04.14 13:09:21.883,1.215,1.21545,3.60,6.00
2009.04.14 13:09:22.003,1.215,1.21545,2.00,6.00
2009.04.14 13:09:22.763,1.215,1.21545,2.00,7.60
2009.04.14 13:09:22.983,1.215,1.21535,2.00,1.20
2009.04.14 13:09:23.423,1.215,1.21535,4.40,1.00
2009.04.14 13:09:26.062,1.215,1.2153,4.40,5.40
2009.04.14 13:09:26.592,1.215,1.2153,3.00,5.40
2009.04.14 13:09:26.943,1.2149,1.2152,2.60,1.80
2009.04.14 13:09:27.172,1.2149,1.2152,4.40,5.40
2009.04.14 13:09:28.072,1.2149,1.2152,4.00,5.40
2009.04.14 13:09:29.581,1.215,1.2152,1.00,5.40
2009.04.14 13:09:32.121,1.215,1.2152,1.00,4.80
2009.04.14 13:09:33.670,1.2149,1.2152,5.40,5.40
2009.04.14 13:09:33.890,1.2149,1.2152,4.00,5.40
2009.04.14 13:09:34.690,1.21485,1.2151,1.60,7.60
2009.04.14 13:09:34.860,1.21485,1.21505,5.60,4.80
2009.04.14 13:09:35.260,1.21485,1.21505,3.20,4.80
2009.04.14 13:09:35.610,1.2148,1.21505,1.00,4.80
2009.04.14 13:09:38.249,1.2148,1.21505,2.20,8.40
2009.04.14 13:09:38.789,1.2148,1.21505,8.60,7.60
2009.04.14 13:09:40.609,1.21485,1.21505,6.20,7.60
2009.04.14 13:09:40.948,1.2148,1.215,8.60,4.80
2009.04.14 13:09:41.169,1.2148,1.215,10.20,4.80
2009.04.14 13:09:41.528,1.2148,1.215,3.80,8.80
2009.04.14 13:09:41.908,1.2148,1.215,3.80,8.00
2009.04.14 13:09:42.078,1.2148,1.215,1.00,4.80
2009.04.14 13:09:46.447,1.2146,1.2149,5.80,10.60
2009.04.14 13:09:46.747,1.2147,1.2149,3.20,5.80
2009.04.14 13:09:47.037,1.21465,1.215,1.00,5.40
2009.04.14 13:09:47.797,1.21465,1.2149,6.20,13.80
2009.04.14 13:09:48.487,1.2147,1.21485,1.00,2.40
2009.04.14 13:09:48.727,1.2147,1.21505,1.00,5.40
2009.04.14 13:09:49.936,1.2147,1.215,1.00,5.40
2009.04.14 13:09:52.056,1.2147,1.215,1.00,5.40
2009.04.14 13:09:53.686,1.21475,1.21495,1.00,4.80
2009.04.14 13:09:53.926,1.21475,1.21495,2.20,4.80
2009.04.14 13:09:54.405,1.21475,1.21495,3.80,4.80
2009.04.14 13:09:55.105,1.2148,1.215,1.00,10.00
2009.04.14 13:09:55.385,1.2148,1.215,1.00,4.80
2009.04.14 13:09:56.355,1.21475,1.21495,6.20,4.80
2009.04.14 13:09:56.885,1.21475,1.21495,3.80,4.80
2009.04.14 13:09:58.765,1.2148,1.215,1.00,10.60
2009.04.14 13:09:59.784,1.21475,1.21495,3.80,4.80
2009.04.14 13:10:00.174,1.2148,1.215,1.00,8.00
2009.04.14 13:10:00.474,1.2148,1.2149,1.00,1.00
2009.04.14 13:10:00.834,1.21475,1.215,3.20,5.40
2009.04.14 13:10:01.124,1.2147,1.215,1.00,5.40
2009.04.14 13:10:01.644,1.2147,1.215,1.00,5.40
2009.04.14 13:10:03.493,1.2147,1.2149,1.00,4.80
2009.04.14 13:10:04.043,1.21475,1.21495,1.00,2.60
2009.04.14 13:10:04.613,1.21475,1.21495,3.80,5.00
2009.04.14 13:10:06.852,1.21475,1.215,3.80,10.60
2009.04.14 13:10:07.652,1.21475,1.21495,3.80,5.00
2009.04.14 13:10:08.392,1.21475,1.215,3.80,12.20
2009.04.14 13:10:16.210,1.21475,1.215,3.80,13.80
2009.04.14 13:10:17.290,1.2148,1.21495,1.00,4.40
2009.04.14 13:10:17.670,1.2148,1.215,1.60,1.00
2009.04.14 13:10:18.240,1.2148,1.21525,1.60,8.60
2009.04.14 13:10:21.329,1.2148,1.2152,1.60,5.40
2009.04.14 13:10:30.046,1.2148,1.215,4.00,1.00
2009.04.14 13:10:30.317,1.2148,1.2151,4.00,5.40
2009.04.14 13:10:37.585,1.2149,1.21515,1.00,4.80
2009.04.14 13:10:37.925,1.2149,1.2152,3.80,12.60
2009.04.14 13:10:39.805,1.21495,1.2151,3.20,5.40
2009.04.14 13:10:40.044,1.21495,1.2151,1.60,5.40
2009.04.14 13:10:40.264,1.2149,1.2151,1.00,4.80
2009.04.14 13:10:41.144,1.21485,1.21505,5.40,4.80
2009.04.14 13:10:41.474,1.21485,1.21505,5.00,4.80
2009.04.14 13:10:41.824,1.21485,1.21505,3.80,4.80
2009.04.14 13:10:43.253,1.21485,1.2151,3.80,9.40
2009.04.14 13:10:43.543,1.2149,1.2151,1.00,8.80
2009.04.14 13:10:43.824,1.2148,1.2151,5.00,4.80
2009.04.14 13:10:44.293,1.2148,1.2151,4.40,5.40
2009.04.14 13:10:44.583,1.2148,1.2151,2.00,5.40
2009.04.14 13:10:47.413,1.2148,1.2151,1.60,5.40
2009.04.14 13:10:48.462,1.2149,1.2152,1.00,9.40
2009.04.14 13:10:49.392,1.215,1.2152,1.60,4.80
2009.04.14 13:10:49.682,1.215,1.2152,1.00,4.80
2009.04.14 13:10:52.141,1.21515,1.21545,3.80,12.20
2009.04.14 13:10:52.651,1.2151,1.21525,13.20,4.80
2009.04.14 13:10:53.181,1.2152,1.21525,4.80,4.80
2009.04.14 13:10:53.232,1.2152,1.21535,11.60,4.80
2009.04.14 13:10:53.521,1.21525,1.21535,1.00,4.80
2009.04.14 13:10:53.871,1.2149,1.2154,2.00,8.40
2009.04.14 13:10:53.981,1.2149,1.2154,2.00,5.40
2009.04.14 13:10:54.791,1.21505,1.2154,4.80,4.80
2009.04.14 13:10:55.131,1.2152,1.2154,1.00,4.80
2009.04.14 13:10:56.790,1.2153,1.2154,2.00,4.80
2009.04.14 13:10:57.080,1.2153,1.2154,3.60,4.80
2009.04.14 13:10:57.530,1.21515,1.2154,1.00,4.80
2009.04.14 13:10:58.860,1.2152,1.2154,2.20,4.80
2009.04.14 13:10:59.149,1.21525,1.2154,1.00,4.80
2009.04.14 13:10:59.479,1.2152,1.2154,1.00,4.80
2009.04.14 13:11:00.739,1.21515,1.2153,3.20,1.00
2009.04.14 13:11:01.499,1.21495,1.2153,6.00,1.00
2009.04.14 13:11:01.669,1.21495,1.2153,4.40,1.00
2009.04.14 13:11:02.709,1.215,1.2153,4.40,1.00
2009.04.14 13:11:03.519,1.215,1.2153,4.60,1.00
2009.04.14 13:11:03.988,1.215,1.2153,4.60,4.80
2009.04.14 13:11:04.098,1.215,1.2153,5.00,4.80
2009.04.14 13:11:05.238,1.21505,1.2153,4.80,4.80
2009.04.14 13:11:05.808,1.2151,1.2153,1.00,4.80
2009.04.14 13:11:11.057,1.2151,1.2154,1.00,5.40
2009.04.14 13:11:13.586,1.2151,1.2153,1.00,4.80
2009.04.14 13:11:14.576,1.2151,1.2153,1.60,1.00
2009.04.14 13:11:14.916,1.2151,1.2153,1.60,1.00
2009.04.14 13:11:15.396,1.2151,1.2153,1.60,1.00
2009.04.14 13:11:15.755,1.2151,1.21535,1.60,1.00
2009.04.14 13:11:16.046,1.2151,1.2153,1.60,1.00
2009.04.14 13:11:19.385,1.2151,1.21535,1.60,1.00
2009.04.14 13:11:20.654,1.2151,1.2153,1.60,1.00
2009.04.14 13:11:20.884,1.2151,1.2153,5.00,1.00
2009.04.14 13:11:21.054,1.2151,1.2153,1.60,1.00
2009.04.14 13:11:21.294,1.2151,1.2153,4.00,1.00
2009.04.14 13:11:21.524,1.2151,1.2153,5.00,1.00
2009.04.14 13:11:21.764,1.2151,1.2153,4.00,1.00
2009.04.14 13:11:25.193,1.2151,1.2153,5.00,1.00
2009.04.14 13:11:25.543,1.2151,1.2153,4.00,1.00
2009.04.14 13:11:27.913,1.2151,1.2153,5.00,1.00
2009.04.14 13:11:28.142,1.2151,1.2153,4.00,1.00
2009.04.14 13:11:28.322,1.21525,1.2153,1.00,1.00
2009.04.14 13:11:28.672,1.2152,1.2154,1.00,4.80
2009.04.14 13:11:28.962,1.2151,1.2154,2.40,4.80
2009.04.14 13:11:29.312,1.21505,1.21535,4.00,1.00
2009.04.14 13:11:31.641,1.2151,1.2154,5.00,4.80
2009.04.14 13:11:31.932,1.2151,1.2153,4.00,1.00
2009.04.14 13:11:32.271,1.2151,1.2153,4.00,1.00
2009.04.14 13:11:35.241,1.2151,1.2153,4.00,1.00
2009.04.14 13:11:37.630,1.2151,1.2153,4.00,1.00
2009.04.14 13:11:38.200,1.2151,1.2153,4.00,1.40
2009.04.14 13:11:38.620,1.2151,1.2153,4.00,1.00
2009.04.14 13:11:38.900,1.2151,1.2153,4.00,1.40
2009.04.14 13:11:39.650,1.2151,1.2153,1.60,1.40
2009.04.14 13:11:41.629,1.2152,1.2153,1.00,1.40
2009.04.14 13:11:42.459,1.2151,1.2153,5.00,1.40
2009.04.14 13:11:43.729,1.2151,1.2153,5.00,1.20
2009.04.14 13:11:46.388,1.21485,1.21505,1.00,1.00
2009.04.14 13:11:46.498,1.21485,1.21505,1.00,1.00
2009.04.14 13:11:47.998,1.2149,1.215,1.00,1.00
2009.04.14 13:11:48.508,1.2149,1.215,1.00,1.00
2009.04.14 13:11:49.027,1.2148,1.215,3.60,1.00
2009.04.14 13:11:49.197,1.2148,1.215,4.20,1.00
2009.04.14 13:11:50.137,1.2148,1.21505,4.00,3.60
2009.04.14 13:11:50.927,1.2148,1.21505,4.00,3.00
2009.04.14 13:11:51.257,1.2148,1.21505,4.00,3.40
2009.04.14 13:11:51.657,1.2148,1.21505,4.00,3.00
2009.04.14 13:11:52.358,1.2148,1.21505,4.00,3.80
2009.04.14 13:11:52.637,1.2148,1.21505,4.00,3.60
2009.04.14 13:11:54.626,1.2148,1.21505,4.00,3.00
2009.04.14 13:11:55.097,1.2148,1.21505,4.00,3.20
2009.04.14 13:11:55.386,1.2148,1.21505,4.00,3.40
2009.04.14 13:11:55.746,1.2148,1.21505,4.00,3.00
2009.04.14 13:11:57.235,1.2149,1.215,1.00,1.00
2009.04.14 13:11:59.915,1.2149,1.2152,1.00,3.00
2009.04.14 13:12:00.435,1.2149,1.21525,2.60,4.80
2009.04.14 13:12:00.965,1.21485,1.2152,2.20,4.80
2009.04.14 13:12:01.605,1.2148,1.2152,4.00,4.80
2009.04.14 13:12:04.374,1.2148,1.21505,4.00,2.00
2009.04.14 13:12:04.844,1.2148,1.215,4.00,1.00
2009.04.14 13:12:05.134,1.2148,1.215,4.00,1.00
2009.04.14 13:12:07.094,1.21495,1.21505,1.00,1.00
2009.04.14 13:12:07.433,1.21495,1.21525,1.00,4.80
2009.04.14 13:12:10.502,1.2151,1.21525,1.00,1.60
2009.04.14 13:12:10.792,1.21515,1.2153,1.00,1.20
2009.04.14 13:12:11.272,1.21515,1.2153,1.00,1.00
2009.04.14 13:12:15.171,1.2152,1.2153,1.00,1.20
2009.04.14 13:12:18.440,1.21515,1.21535,3.20,2.60
2009.04.14 13:12:18.780,1.2151,1.21535,4.00,2.60
2009.04.14 13:12:19.010,1.2152,1.21535,1.60,2.60
2009.04.14 13:12:19.360,1.21525,1.21535,3.60,1.60
2009.04.14 13:12:19.720,1.21505,1.21535,4.00,3.40
2009.04.14 13:12:20.061,1.21505,1.21535,4.00,3.60
2009.04.14 13:12:23.529,1.2151,1.21525,2.60,1.20
2009.04.14 13:12:23.989,1.2151,1.21525,2.40,12.00
2009.04.14 13:12:24.409,1.215,1.21535,1.00,1.00
2009.04.14 13:12:27.418,1.215,1.2153,2.40,1.00
2009.04.14 13:12:27.688,1.215,1.2153,4.00,1.00
2009.04.14 13:12:28.428,1.2151,1.2153,1.00,1.00
2009.04.14 13:12:30.897,1.215,1.2153,3.60,1.00
2009.04.14 13:12:31.067,1.21505,1.2153,1.60,1.00
2009.04.14 13:12:31.177,1.2151,1.2153,1.00,1.00
2009.04.14 13:12:38.486,1.215,1.2153,7.80,1.00
2009.04.14 13:12:45.164,1.215,1.2152,4.60,5.40
2009.04.14 13:12:45.504,1.215,1.2152,3.80,5.40
2009.04.14 13:12:45.904,1.215,1.2152,2.20,5.40
2009.04.14 13:12:48.133,1.2151,1.21525,1.60,4.00
2009.04.14 13:12:48.363,1.21515,1.2153,3.20,3.40
2009.04.14 13:12:48.643,1.21495,1.2153,1.00,1.00
2009.04.14 13:12:48.933,1.21495,1.2153,1.00,1.00
2009.04.14 13:12:49.673,1.215,1.2153,1.00,1.00
2009.04.14 13:12:52.962,1.215,1.2152,1.00,4.80
2009.04.14 13:12:53.232,1.215,1.2152,1.00,5.40
2009.04.14 13:12:54.951,1.21495,1.2151,3.80,4.80
2009.04.14 13:12:55.231,1.21495,1.21505,3.80,1.00
2009.04.14 13:12:55.641,1.2149,1.21515,3.80,3.00
2009.04.14 13:12:55.921,1.2149,1.21515,1.00,1.00
2009.04.14 13:12:56.601,1.215,1.21525,1.00,5.40
2009.04.14 13:12:56.951,1.215,1.21525,6.00,6.60
2009.04.14 13:12:57.291,1.215,1.21515,3.60,1.00
2009.04.14 13:12:57.401,1.215,1.21515,1.00,1.00
2009.04.14 13:12:57.761,1.215,1.21515,1.00,1.00
2009.04.14 13:12:59.370,1.215,1.2152,1.00,5.40
2009.04.14 13:13:07.439,1.215,1.2152,1.00,5.40
2009.04.14 13:13:08.688,1.215,1.2152,1.00,1.00
2009.04.14 13:13:11.187,1.21495,1.2152,5.20,1.00
2009.04.14 13:13:11.467,1.21495,1.2152,8.40,1.00
2009.04.14 13:13:11.818,1.215,1.2152,1.00,1.00
2009.04.14 13:13:12.117,1.2149,1.2152,10.20,1.00
2009.04.14 13:13:12.397,1.2149,1.2152,8.40,1.00
2009.04.14 13:13:13.297,1.2149,1.2152,6.00,1.00
2009.04.14 13:13:15.267,1.2149,1.2152,4.40,1.00
2009.04.14 13:13:17.816,1.2149,1.2152,2.00,1.00
2009.04.14 13:13:19.066,1.2149,1.21525,1.60,3.20
2009.04.14 13:13:20.136,1.2149,1.21525,1.60,3.00
2009.04.14 13:13:21.645,1.2149,1.2152,2.00,1.00
2009.04.14 13:13:22.465,1.215,1.2152,1.00,1.00
2009.04.14 13:13:23.095,1.215,1.2152,1.00,1.00
2009.04.14 13:13:23.565,1.215,1.2152,3.80,1.00
2009.04.14 13:13:29.203,1.215,1.21525,7.60,1.00
2009.04.14 13:13:29.503,1.215,1.21525,6.00,1.00
2009.04.14 13:13:33.782,1.215,1.21525,5.20,1.00
2009.04.14 13:13:35.222,1.215,1.21525,2.00,1.00
2009.04.14 13:13:35.342,1.215,1.21525,5.20,1.00
2009.04.14 13:13:36.191,1.215,1.21525,2.00,1.00
2009.04.14 13:13:37.651,1.2151,1.2153,1.00,4.80
2009.04.14 13:13:38.051,1.21515,1.21535,1.00,5.40
2009.04.14 13:13:38.471,1.21495,1.21525,8.40,1.00
2009.04.14 13:13:38.701,1.21495,1.21525,2.00,1.00
2009.04.14 13:13:39.880,1.21505,1.21525,1.60,1.00
2009.04.14 13:13:40.291,1.2151,1.21525,1.00,1.00
2009.04.14 13:13:40.400,1.215,1.21525,2.00,1.00
2009.04.14 13:13:40.681,1.2151,1.21525,1.00,1.00
2009.04.14 13:13:41.270,1.21515,1.21525,1.00,1.00
2009.04.14 13:13:41.620,1.2152,1.21525,1.00,1.00
2009.04.14 13:13:41.910,1.21515,1.21525,1.00,1.00
2009.04.14 13:13:42.210,1.21515,1.21535,1.00,2.60
2009.04.14 13:13:42.500,1.2151,1.21535,1.00,1.00
2009.04.14 13:13:43.700,1.2151,1.21535,1.00,1.00
2009.04.14 13:13:51.248,1.2151,1.21535,1.00,1.00
2009.04.14 13:13:51.418,1.2151,1.21535,1.00,1.00
2009.04.14 13:13:51.718,1.2151,1.21535,1.00,1.00
2009.04.14 13:13:52.997,1.2151,1.21535,1.00,1.00
2009.04.14 13:13:53.637,1.2151,1.21535,1.00,1.00
2009.04.14 13:13:54.667,1.215,1.21535,10.60,1.00
2009.04.14 13:13:54.787,1.215,1.21535,10.20,1.00
2009.04.14 13:13:54.897,1.215,1.21535,5.40,1.00
2009.04.14 13:14:06.314,1.2151,1.21535,1.00,1.00
2009.04.14 13:14:06.914,1.2151,1.21535,1.00,1.00
2009.04.14 13:14:07.374,1.2151,1.21535,1.00,1.00
2009.04.14 13:14:07.844,1.2151,1.21535,1.00,1.00
2009.04.14 13:14:20.821,1.2151,1.21535,1.00,1.00
2009.04.14 13:14:20.991,1.2151,1.21535,1.00,1.00
2009.04.14 13:14:22.370,1.2151,1.21535,1.00,1.00
2009.04.14 13:14:23.300,1.2151,1.21535,1.00,1.00
2009.04.14 13:14:23.470,1.2151,1.21535,1.00,1.00
2009.04.14 13:14:24.290,1.2151,1.21535,1.00,1.00
2009.04.14 13:14:31.788,1.2152,1.21535,1.00,1.00
2009.04.14 13:14:31.908,1.2152,1.2154,1.00,5.40
2009.04.14 13:14:43.655,1.21515,1.21535,6.20,2.60
2009.04.14 13:14:44.125,1.2151,1.2153,1.00,5.40
2009.04.14 13:14:44.405,1.2151,1.2153,1.00,5.40
2009.04.14 13:14:53.153,1.21515,1.21535,2.20,5.00
2009.04.14 13:14:53.493,1.21515,1.21535,3.80,5.00
2009.04.14 13:14:54.293,1.21515,1.21535,5.40,5.00
2009.04.14 13:14:54.582,1.21515,1.21535,6.20,5.00
2009.04.14 13:14:56.002,1.21515,1.21535,5.80,5.00
2009.04.14 13:14:56.232,1.21515,1.21535,5.00,5.00
2009.04.14 13:14:56.462,1.21515,1.21535,3.80,6.60
2009.04.14 13:14:59.591,1.21525,1.21535,1.00,4.00
2009.04.14 13:15:07.519,1.21525,1.21545,1.00,6.60
2009.04.14 13:15:07.739,1.21525,1.21545,2.20,6.60
2009.04.14 13:15:08.199,1.21525,1.21545,3.80,6.60
2009.04.14 13:15:09.739,1.2153,1.2155,1.00,7.00
2009.04.14 13:15:09.969,1.2153,1.2155,1.00,5.40
2009.04.14 13:15:15.177,1.21545,1.21555,1.00,3.80
2009.04.14 13:15:15.627,1.21535,1.21555,1.00,1.00
2009.04.14 13:15:15.867,1.21535,1.2156,1.00,5.40
2009.04.14 13:15:20.236,1.2154,1.2155,3.60,5.40
2009.04.14 13:15:20.696,1.2154,1.2155,1.60,5.40
2009.04.14 13:15:20.876,1.2152,1.2155,7.00,5.40
2009.04.14 13:15:21.336,1.2152,1.21545,3.80,5.40
2009.04.14 13:15:21.516,1.21525,1.2154,1.00,5.40
2009.04.14 13:15:22.846,1.21535,1.2156,4.80,1.00
2009.04.14 13:15:23.196,1.2154,1.2156,2.00,1.00
2009.04.14 13:15:23.496,1.2154,1.2156,3.60,1.00
2009.04.14 13:15:30.664,1.2155,1.21575,8.60,20.20
2009.04.14 13:15:31.174,1.2155,1.21575,16.60,20.20
2009.04.14 13:15:31.634,1.21555,1.2158,2.20,5.40
2009.04.14 13:15:32.043,1.21555,1.21575,3.00,5.40
2009.04.14 13:15:32.973,1.2156,1.2158,3.80,9.00
2009.04.14 13:15:33.253,1.2157,1.2158,1.00,2.20
2009.04.14 13:15:33.483,1.2157,1.2159,1.00,2.80
2009.04.14 13:15:34.173,1.2157,1.21595,3.80,5.40
2009.04.14 13:15:34.403,1.2157,1.21585,3.60,1.00
2009.04.14 13:15:35.492,1.2157,1.2158,3.60,5.40
2009.04.14 13:15:37.272,1.2157,1.21575,3.60,1.00
2009.04.14 13:15:37.562,1.21565,1.21575,3.20,1.40
2009.04.14 13:15:37.872,1.21565,1.21575,3.20,1.00
2009.04.14 13:15:42.201,1.2156,1.21575,3.60,1.00
2009.04.14 13:15:42.891,1.21565,1.21575,1.60,1.00
2009.04.14 13:15:43.350,1.21565,1.21575,3.20,1.00
2009.04.14 13:15:45.990,1.2157,1.21575,1.00,1.00
2009.04.14 13:15:46.340,1.2157,1.21575,3.60,1.00
2009.04.14 13:15:47.150,1.2157,1.21575,1.00,1.00
2009.04.14 13:15:48.769,1.2156,1.2157,1.00,5.40
2009.04.14 13:15:52.048,1.2156,1.2157,3.60,5.40
2009.04.14 13:16:01.296,1.2156,1.21575,16.60,1.00
2009.04.14 13:16:01.526,1.2157,1.2158,1.00,2.40
2009.04.14 13:16:01.866,1.2157,1.21585,1.00,4.60
2009.04.14 13:16:02.107,1.2157,1.21585,1.00,6.20
2009.04.14 13:16:04.235,1.2157,1.2159,1.00,6.20
2009.04.14 13:16:04.355,1.2157,1.2159,1.00,5.40
2009.04.14 13:16:04.535,1.2157,1.2159,1.80,5.40
2009.04.14 13:16:04.655,1.2157,1.2159,2.80,5.40
2009.04.14 13:16:05.845,1.21585,1.2159,1.60,5.40
2009.04.14 13:16:05.965,1.21585,1.21595,8.10,3.20
2009.04.14 13:16:06.365,1.21605,1.21615,5.20,4.40
2009.04.14 13:16:06.535,1.21605,1.2166,7.60,3.80
2009.04.14 13:16:06.815,1.21605,1.21665,7.60,7.80
2009.04.14 13:16:06.975,1.21615,1.21665,8.20,5.40
2009.04.14 13:16:07.635,1.21615,1.2165,7.60,5.40
2009.04.14 13:16:08.725,1.21615,1.21645,7.60,1.00
2009.04.14 13:16:08.905,1.21615,1.2164,7.60,4.80
2009.04.14 13:16:10.644,1.2162,1.2164,8.00,4.80
2009.04.14 13:16:10.754,1.21625,1.2164,1.60,2.60
2009.04.14 13:16:10.874,1.21625,1.2164,3.20,5.80
2009.04.14 13:16:10.984,1.21625,1.2164,1.60,10.60
2009.04.14 13:16:11.104,1.2162,1.2164,1.00,10.60
2009.04.14 13:16:14.433,1.21585,1.21625,5.40,4.80
2009.04.14 13:16:14.963,1.21595,1.21625,5.00,4.80
2009.04.14 13:16:15.363,1.216,1.21625,1.00,5.40
2009.04.14 13:16:15.633,1.21595,1.2162,3.20,5.40
2009.04.14 13:16:16.153,1.21585,1.2161,3.80,4.80
2009.04.14 13:16:16.833,1.21585,1.21605,6.80,1.00
2009.04.14 13:16:17.183,1.21585,1.216,3.60,5.40
2009.04.14 13:16:17.482,1.2158,1.216,2.00,5.40
2009.04.14 13:16:20.541,1.2158,1.216,1.60,5.40
2009.04.14 13:16:20.822,1.2158,1.216,1.00,5.40
2009.04.14 13:16:21.173,1.2157,1.2159,1.00,9.80
2009.04.14 13:16:21.231,1.2156,1.2158,1.00,1.00
2009.04.14 13:16:21.542,1.2156,1.21575,1.60,2.40
2009.04.14 13:16:22.021,1.21555,1.21575,1.00,5.40
2009.04.14 13:16:22.541,1.21535,1.2157,1.00,5.40
2009.04.14 13:16:23.982,1.2154,1.21555,1.00,4.80
2009.04.14 13:16:24.601,1.2154,1.21565,4.80,4.80
2009.04.14 13:16:24.901,1.2154,1.2157,8.60,4.80
2009.04.14 13:16:26.040,1.2155,1.21565,1.00,2.00
2009.04.14 13:16:26.380,1.21545,1.21555,1.60,4.80
2009.04.14 13:16:26.770,1.2154,1.21575,1.00,1.60
2009.04.14 13:16:27.230,1.2154,1.21585,4.40,5.40
2009.04.14 13:16:27.470,1.2155,1.21585,1.00,5.40
2009.04.14 13:16:28.440,1.2155,1.2158,1.00,5.40
2009.04.14 13:16:28.830,1.2155,1.2158,1.00,5.40
2009.04.14 13:16:28.890,1.2155,1.2158,1.00,5.40
2009.04.14 13:16:29.569,1.21545,1.2157,1.00,1.00
2009.04.14 13:16:29.949,1.2154,1.2157,1.00,1.00
2009.04.14 13:16:31.640,1.2154,1.21575,1.00,2.40
2009.04.14 13:16:37.138,1.21545,1.2156,3.60,5.40
2009.04.14 13:16:37.488,1.21545,1.2156,1.00,5.40
2009.04.14 13:16:37.838,1.21525,1.2156,1.00,5.40
2009.04.14 13:16:38.357,1.21535,1.2156,1.00,5.40
2009.04.14 13:16:40.167,1.21535,1.2155,3.80,1.00
2009.04.14 13:16:40.637,1.21535,1.2155,3.80,2.40
2009.04.14 13:16:40.757,1.21535,1.2155,2.00,5.40
2009.04.14 13:16:41.047,1.21515,1.2155,2.00,5.40
2009.04.14 13:16:41.567,1.2151,1.2155,10.00,5.40
2009.04.14 13:16:41.626,1.2151,1.2155,8.60,5.40
2009.04.14 13:16:42.186,1.21515,1.2155,1.00,5.40
2009.04.14 13:16:42.249,1.2151,1.2155,5.40,5.40
2009.04.14 13:16:42.536,1.2151,1.2155,7.00,5.40
2009.04.14 13:16:42.816,1.2151,1.2155,7.80,5.40
2009.04.14 13:16:43.236,1.2151,1.2155,3.80,5.40
2009.04.14 13:16:43.566,1.2151,1.2154,2.20,1.00
2009.04.14 13:16:44.077,1.2151,1.2154,2.00,1.20
2009.04.14 13:16:44.296,1.2151,1.2154,2.00,5.40
2009.04.14 13:16:44.636,1.2151,1.2154,4.40,5.40
2009.04.14 13:16:44.976,1.2151,1.2154,2.00,5.40
2009.04.14 13:16:46.386,1.21525,1.2155,3.40,2.60
2009.04.14 13:16:46.686,1.21515,1.2155,3.00,5.40
2009.04.14 13:16:47.035,1.21515,1.2155,7.00,5.40
2009.04.14 13:16:47.335,1.21515,1.2155,1.00,5.40
2009.04.14 13:16:47.515,1.2152,1.2155,1.00,5.40
2009.04.14 13:16:48.255,1.2152,1.2154,1.00,4.80
2009.04.14 13:16:48.486,1.2152,1.2154,1.00,4.80
2009.04.14 13:16:48.935,1.2151,1.2154,7.00,5.40
2009.04.14 13:16:49.285,1.2152,1.21545,1.00,4.80
2009.04.14 13:16:49.685,1.2152,1.21545,1.00,4.80
2009.04.14 13:16:50.035,1.21505,1.2154,6.80,5.40
2009.04.14 13:16:50.375,1.2152,1.2154,1.00,1.00
2009.04.14 13:16:50.714,1.2152,1.2154,1.00,1.00
2009.04.14 13:16:51.004,1.2152,1.2154,3.80,1.00
2009.04.14 13:16:52.994,1.21505,1.2154,2.00,5.40
2009.04.14 13:17:10.040,1.2151,1.2154,2.00,5.40
2009.04.14 13:17:13.089,1.2152,1.2154,1.00,5.40
2009.04.14 13:17:13.689,1.2151,1.2154,2.00,5.40
2009.04.14 13:17:25.576,1.2151,1.2154,1.60,5.40
2009.04.14 13:17:54.599,1.2151,1.2153,1.00,4.80
2009.04.14 13:17:55.139,1.2151,1.2152,1.00,1.00
2009.04.14 13:17:57.288,1.2151,1.2153,1.00,4.80
2009.04.14 13:18:08.905,1.215,1.2153,7.00,5.40
2009.04.14 13:18:09.185,1.215,1.2153,1.00,5.40
2009.04.14 13:18:09.885,1.215,1.2152,1.00,1.00
2009.04.14 13:18:14.334,1.2149,1.2151,1.00,4.80
2009.04.14 13:18:19.932,1.2149,1.2151,1.00,4.80
2009.04.14 13:18:21.712,1.215,1.2152,1.00,4.80
2009.04.14 13:18:25.171,1.21505,1.2152,1.00,1.00
2009.04.14 13:18:25.641,1.21505,1.2153,1.00,10.60
2009.04.14 13:18:25.941,1.2151,1.2154,1.00,5.40
2009.04.14 13:18:27.841,1.21505,1.2153,3.80,13.80
2009.04.14 13:18:28.251,1.2151,1.2153,1.00,9.00
2009.04.14 13:18:28.611,1.2151,1.2154,1.00,5.40
2009.04.14 13:18:31.820,1.2151,1.2153,1.00,4.80
2009.04.14 13:18:32.100,1.2151,1.2153,1.00,6.00
2009.04.14 13:18:32.450,1.21505,1.21515,3.20,4.80
2009.04.14 13:18:32.730,1.2148,1.2152,8.80,21.20
2009.04.14 13:18:33.130,1.21495,1.2153,1.00,1.00
2009.04.14 13:18:33.809,1.21495,1.2153,1.00,5.40
2009.04.14 13:18:40.988,1.2149,1.2153,5.40,5.40
2009.04.14 13:18:43.487,1.215,1.2153,1.00,5.40
2009.04.14 13:18:43.897,1.215,1.2153,1.00,5.40
2009.04.14 13:18:50.825,1.2151,1.2153,1.00,5.40
2009.04.14 13:18:50.936,1.21505,1.2153,4.80,4.80
2009.04.14 13:18:51.465,1.21505,1.2153,5.20,4.80
2009.04.14 13:18:51.825,1.21505,1.2153,6.00,4.80
2009.04.14 13:18:53.035,1.21515,1.2154,1.00,13.80
2009.04.14 13:18:53.365,1.2151,1.2153,8.60,4.80
2009.04.14 13:18:53.645,1.2152,1.2153,1.00,4.80
2009.04.14 13:18:53.985,1.2151,1.2153,3.40,4.80
2009.04.14 13:18:54.444,1.2151,1.2153,1.00,4.80
2009.04.14 13:18:57.324,1.21505,1.2153,8.40,4.80
2009.04.14 13:18:57.724,1.2151,1.2154,1.00,10.60
2009.04.14 13:18:58.064,1.2151,1.2154,1.00,5.40
2009.04.14 13:19:01.053,1.21505,1.2154,3.20,5.40
2009.04.14 13:19:01.383,1.21505,1.2154,2.20,5.40
2009.04.14 13:19:02.173,1.21505,1.2154,3.80,5.40
2009.04.14 13:19:06.611,1.21505,1.2154,1.00,5.40
2009.04.14 13:19:07.181,1.21505,1.2154,2.20,5.40
2009.04.14 13:19:12.650,1.2151,1.2154,1.00,5.40
2009.04.14 13:19:13.160,1.215,1.2154,2.00,5.40
2009.04.14 13:19:33.185,1.215,1.2154,1.60,5.40
2009.04.14 13:19:33.525,1.2151,1.2154,1.00,5.40
2009.04.14 13:19:36.964,1.2151,1.2153,1.00,4.80
2009.04.14 13:19:42.183,1.21515,1.21535,1.00,5.00
2009.04.14 13:19:42.753,1.2153,1.2156,2.20,3.20
2009.04.14 13:19:43.342,1.21545,1.2157,1.00,3.20
2009.04.14 13:19:44.132,1.21545,1.21575,3.80,3.20
2009.04.14 13:19:44.192,1.2155,1.21575,3.80,1.00
2009.04.14 13:19:44.482,1.2155,1.21595,5.20,8.60
2009.04.14 13:19:44.752,1.2155,1.21595,5.20,5.40
2009.04.14 13:19:45.102,1.21555,1.21595,1.00,5.40
2009.04.14 13:19:45.282,1.2156,1.216,2.80,2.80
2009.04.14 13:19:45.982,1.2156,1.216,7.60,5.40
2009.04.14 13:19:47.871,1.2156,1.216,7.80,5.40
2009.04.14 13:19:51.111,1.21575,1.216,1.00,4.80
2009.04.14 13:19:51.340,1.21575,1.216,1.00,10.60
2009.04.14 13:19:51.620,1.2157,1.21595,3.80,4.80
2009.04.14 13:19:51.800,1.21575,1.216,1.00,4.80
2009.04.14 13:19:57.299,1.21585,1.21605,2.20,4.80
2009.04.14 13:19:57.649,1.21585,1.21605,3.80,4.80
2009.04.14 13:19:57.819,1.2159,1.2161,1.00,10.60
2009.04.14 13:19:57.939,1.2159,1.2161,1.00,6.80
2009.04.14 13:20:01.048,1.21585,1.21605,1.60,9.60
2009.04.14 13:20:01.268,1.2158,1.21605,4.00,10.20
2009.04.14 13:20:01.618,1.2157,1.21585,4.80,1.00
2009.04.14 13:20:01.958,1.21545,1.21585,10.20,1.20
2009.04.14 13:20:02.248,1.2154,1.21585,9.80,5.40
2009.04.14 13:20:02.638,1.21545,1.2158,1.00,5.40
2009.04.14 13:20:02.978,1.21545,1.2159,4.60,5.40
2009.04.14 13:20:03.448,1.21545,1.2159,9.80,5.40
2009.04.14 13:20:04.088,1.21555,1.2159,1.00,5.40
2009.04.14 13:20:05.307,1.2156,1.2159,1.00,5.40
2009.04.14 13:20:09.266,1.2156,1.2159,1.00,5.40
2009.04.14 13:20:10.686,1.2158,1.2159,1.00,5.40
2009.04.14 13:20:14.955,1.2155,1.2159,1.00,5.40
2009.04.14 13:20:15.755,1.2155,1.2159,1.00,5.40
2009.04.14 13:20:16.095,1.2156,1.2158,1.00,1.00
2009.04.14 13:20:16.825,1.2156,1.21585,1.00,1.00
2009.04.14 13:20:16.944,1.2156,1.2159,1.00,5.40
2009.04.14 13:20:19.554,1.2156,1.2158,1.00,1.00
2009.04.14 13:20:19.834,1.2156,1.2158,1.00,1.00
2009.04.14 13:20:20.733,1.2156,1.2158,1.00,1.00
2009.04.14 13:20:21.453,1.21555,1.2158,3.20,5.40
2009.04.14 13:20:22.103,1.21535,1.2158,6.00,5.40
2009.04.14 13:20:22.573,1.21535,1.2158,4.40,5.40
2009.04.14 13:20:23.813,1.2154,1.21565,4.40,4.80
2009.04.14 13:20:23.987,1.2153,1.21555,7.00,6.20
2009.04.14 13:20:24.282,1.21535,1.21545,1.00,1.00
2009.04.14 13:20:24.393,1.2153,1.21545,1.00,5.40
2009.04.14 13:20:24.842,1.2153,1.2154,1.00,4.80
2009.04.14 13:20:25.132,1.2152,1.2154,1.00,4.80
2009.04.14 13:20:25.362,1.2152,1.2154,1.00,5.40
2009.04.14 13:20:26.862,1.2151,1.2154,3.80,5.40
2009.04.14 13:20:27.152,1.2151,1.2154,6.00,5.40
2009.04.14 13:20:27.442,1.21505,1.21525,6.20,1.20
2009.04.14 13:20:27.722,1.215,1.21525,7.80,1.20
2009.04.14 13:20:28.022,1.215,1.21525,5.60,1.00
2009.04.14 13:20:28.372,1.2149,1.21525,5.40,3.20
2009.04.14 13:20:28.962,1.2149,1.2152,4.60,3.20
2009.04.14 13:20:29.502,1.215,1.2152,1.00,3.20
2009.04.14 13:20:31.211,1.215,1.2152,1.00,4.80
2009.04.14 13:20:31.681,1.215,1.2152,1.00,10.00
2009.04.14 13:20:32.291,1.215,1.2152,1.00,10.60
2009.04.14 13:20:32.691,1.21495,1.2151,3.60,10.20
2009.04.14 13:20:33.330,1.2149,1.2151,1.00,12.20
2009.04.14 13:20:33.390,1.2149,1.2151,1.00,13.80
2009.04.14 13:20:35.060,1.2149,1.21505,1.00,10.80
2009.04.14 13:20:35.580,1.2149,1.21505,1.00,2.40
2009.04.14 13:20:47.917,1.215,1.2151,1.00,1.00
2009.04.14 13:20:48.447,1.2148,1.2151,3.40,10.60
2009.04.14 13:20:48.777,1.21485,1.2152,1.00,5.40
2009.04.14 13:21:10.481,1.215,1.2152,1.00,4.80
2009.04.14 13:21:16.780,1.215,1.2151,1.00,1.60
2009.04.14 13:21:17.280,1.215,1.21505,1.00,1.00
2009.04.14 13:21:17.510,1.2149,1.2152,6.60,5.00
2009.04.14 13:21:17.740,1.2149,1.2152,3.40,2.20
2009.04.14 13:21:18.020,1.2149,1.2152,1.80,2.20
2009.04.14 13:21:18.250,1.2149,1.2152,1.00,2.20
2009.04.14 13:21:18.429,1.2149,1.21515,1.00,4.80
2009.04.14 13:21:23.938,1.2149,1.2151,1.00,5.40
2009.04.14 13:21:31.406,1.21485,1.2149,2.00,1.00
2009.04.14 13:21:31.876,1.2148,1.2149,6.60,1.00
2009.04.14 13:21:32.456,1.2148,1.2149,5.00,2.40
2009.04.14 13:21:32.906,1.2148,1.2149,1.00,3.20
2009.04.14 13:21:33.197,1.21475,1.2148,1.60,1.00
2009.04.14 13:21:33.827,1.2147,1.2148,1.00,1.00
2009.04.14 13:21:34.176,1.2147,1.2148,1.00,1.20
2009.04.14 13:21:34.756,1.2147,1.2148,1.00,1.00
2009.04.14 13:21:36.385,1.2147,1.21475,1.00,2.40
2009.04.14 13:21:37.245,1.2145,1.21455,1.60,1.00
2009.04.14 13:21:37.635,1.21435,1.21455,1.00,2.40
2009.04.14 13:21:39.225,1.2144,1.2145,1.00,1.00
2009.04.14 13:21:40.024,1.2144,1.2145,1.00,1.00
2009.04.14 13:21:40.724,1.2144,1.2145,1.00,1.20
2009.04.14 13:21:41.294,1.2144,1.2146,1.00,13.20
2009.04.14 13:21:41.624,1.2144,1.2146,1.00,10.60
2009.04.14 13:21:41.964,1.2144,1.2146,2.00,4.80
2009.04.14 13:21:42.284,1.21445,1.21485,6.40,7.40
2009.04.14 13:21:42.554,1.2145,1.21485,1.00,1.00
2009.04.14 13:21:42.894,1.2145,1.21495,2.00,9.20
2009.04.14 13:21:45.983,1.21445,1.2148,7.00,2.60
2009.04.14 13:21:46.273,1.2144,1.2148,8.20,3.00
2009.04.14 13:21:46.613,1.2144,1.2147,4.40,5.40
2009.04.14 13:21:46.903,1.2144,1.2147,1.00,2.20
2009.04.14 13:21:47.192,1.2144,1.2147,1.00,5.40
2009.04.14 13:21:48.012,1.2144,1.2146,1.00,4.80
2009.04.14 13:21:48.352,1.2144,1.2147,1.00,2.20
2009.04.14 13:21:49.512,1.2144,1.2147,1.00,5.40
2009.04.14 13:21:50.762,1.2144,1.2147,1.00,2.20
2009.04.14 13:21:58.950,1.2144,1.2146,1.00,1.00
2009.04.14 13:21:59.290,1.2144,1.2146,1.00,1.00
2009.04.14 13:22:00.670,1.2144,1.2147,1.00,2.20
2009.04.14 13:22:00.959,1.21435,1.2147,6.80,2.20
2009.04.14 13:22:01.299,1.2144,1.2147,1.00,2.20
2009.04.14 13:22:03.209,1.2143,1.2146,5.20,1.00
2009.04.14 13:22:08.397,1.2144,1.2147,1.00,3.00
2009.04.14 13:22:08.877,1.2144,1.2147,1.00,5.40
2009.04.14 13:22:09.837,1.2144,1.2147,1.00,2.20
2009.04.14 13:22:14.646,1.2145,1.21475,1.00,3.00
2009.04.14 13:22:17.455,1.2145,1.2147,1.00,4.80
2009.04.14 13:22:21.174,1.2145,1.2147,1.00,4.80
2009.04.14 13:22:23.515,1.2145,1.2147,1.00,4.80
2009.04.14 13:22:27.213,1.2145,1.2147,1.00,4.80
2009.04.14 13:22:27.833,1.21445,1.2147,1.60,4.80
2009.04.14 13:22:28.113,1.2144,1.2147,1.00,4.80
2009.04.14 13:22:40.369,1.2144,1.2147,1.00,5.40
2009.04.14 13:22:52.247,1.2144,1.2147,1.00,4.80
2009.04.14 13:22:52.657,1.2144,1.2146,5.00,1.00
2009.04.14 13:22:53.426,1.2144,1.2146,5.00,1.00
2009.04.14 13:22:58.355,1.2144,1.2147,5.00,4.80
2009.04.14 13:22:58.575,1.2144,1.21465,5.00,1.00
2009.04.14 13:22:58.815,1.2144,1.2147,5.00,4.80
2009.04.14 13:23:02.874,1.2144,1.2148,5.00,7.60
2009.04.14 13:23:03.964,1.2144,1.2148,5.00,4.80
2009.04.14 13:23:04.074,1.2145,1.2148,5.00,4.80
2009.04.14 13:23:06.623,1.2145,1.2147,5.00,1.00
2009.04.14 13:23:06.743,1.2145,1.2148,5.00,4.80
2009.04.14 13:23:07.143,1.2145,1.2147,5.00,1.00
2009.04.14 13:23:07.383,1.2145,1.21475,5.00,3.40
2009.04.14 13:23:08.173,1.2145,1.2148,5.00,7.20
2009.04.14 13:23:08.923,1.2145,1.2148,5.00,5.60
2009.04.14 13:23:09.033,1.2145,1.21485,5.00,4.40
2009.04.14 13:23:09.692,1.21465,1.21475,4.80,1.00
2009.04.14 13:23:10.192,1.21455,1.21485,2.40,3.00
2009.04.14 13:23:10.422,1.21445,1.2148,5.00,4.80
2009.04.14 13:23:10.782,1.2145,1.21485,5.00,3.00
2009.04.14 13:23:11.582,1.2145,1.2148,5.00,4.80
2009.04.14 13:23:17.641,1.2144,1.2148,12.20,7.60
2009.04.14 13:23:18.212,1.2144,1.2148,5.00,7.60
2009.04.14 13:23:20.370,1.2145,1.2148,5.00,4.80
2009.04.14 13:23:20.970,1.2146,1.2148,1.00,4.80
2009.04.14 13:23:25.299,1.21475,1.21485,4.80,4.40
2009.04.14 13:23:25.689,1.2148,1.21505,5.00,1.00
2009.04.14 13:23:25.979,1.21485,1.21505,1.00,1.00
2009.04.14 13:23:26.278,1.21485,1.2151,1.00,1.80
2009.04.14 13:23:26.629,1.2149,1.21515,5.00,1.00
2009.04.14 13:23:28.328,1.2149,1.2152,5.00,4.80
2009.04.14 13:23:28.620,1.2149,1.21525,5.00,4.40
2009.04.14 13:23:28.738,1.2149,1.2153,5.00,7.20
2009.04.14 13:23:29.228,1.2149,1.2153,5.00,6.40
2009.04.14 13:23:29.578,1.2149,1.21535,5.00,5.20
2009.04.14 13:23:30.447,1.21485,1.2152,8.40,1.00
2009.04.14 13:23:30.748,1.2149,1.21515,4.80,1.00
2009.04.14 13:23:31.047,1.2149,1.21535,5.00,3.80
2009.04.14 13:23:31.937,1.21495,1.21525,4.80,2.60
2009.04.14 13:23:32.177,1.21495,1.21525,4.80,2.60
2009.04.14 13:23:32.647,1.21505,1.2153,5.00,5.80
2009.04.14 13:23:32.927,1.21505,1.2154,1.00,7.80
2009.04.14 13:23:33.577,1.21505,1.2154,1.00,5.40
2009.04.14 13:23:34.966,1.2152,1.21535,1.00,1.60
2009.04.14 13:23:35.376,1.21515,1.21555,1.00,5.40
2009.04.14 13:23:35.786,1.2151,1.21555,5.40,5.40
2009.04.14 13:23:38.216,1.2151,1.21535,5.40,4.80
2009.04.14 13:23:38.455,1.2151,1.21535,3.80,4.80
2009.04.14 13:23:38.915,1.2151,1.21535,3.40,4.80
2009.04.14 13:23:39.246,1.2151,1.2153,8.60,4.80
2009.04.14 13:23:39.715,1.2152,1.2154,1.00,4.80
2009.04.14 13:23:40.005,1.2152,1.2154,1.00,5.00
2009.04.14 13:23:41.105,1.2152,1.2155,1.00,9.80
2009.04.14 13:23:41.165,1.2152,1.2155,1.00,5.40
2009.04.14 13:23:50.313,1.2155,1.21585,5.00,1.00
2009.04.14 13:23:53.362,1.2155,1.2158,5.00,1.60
2009.04.14 13:23:53.662,1.2155,1.21565,4.80,13.20
2009.04.14 13:23:53.942,1.2155,1.21565,1.00,13.80
2009.04.14 13:23:54.342,1.2154,1.2157,5.00,4.20
2009.04.14 13:23:54.701,1.2154,1.21585,5.00,2.80
2009.04.14 13:23:55.341,1.2154,1.21575,5.00,4.80
2009.04.14 13:23:57.881,1.2155,1.2157,1.00,4.80
2009.04.14 13:23:59.650,1.2154,1.2157,5.00,4.80
2009.04.14 13:24:02.100,1.2155,1.2157,1.00,4.80
2009.04.14 13:24:02.790,1.2155,1.2157,1.00,4.80
2009.04.14 13:24:03.140,1.2154,1.2157,5.00,4.80
2009.04.14 13:24:04.009,1.2154,1.2156,1.00,10.60
2009.04.14 13:24:06.600,1.21535,1.2155,2.00,4.80
2009.04.14 13:24:06.889,1.2153,1.2155,1.00,4.80
2009.04.14 13:24:07.548,1.2153,1.2156,1.00,4.80
2009.04.14 13:24:10.438,1.21525,1.2156,2.20,4.80
2009.04.14 13:24:10.917,1.2152,1.2156,5.00,4.80
2009.04.14 13:24:14.807,1.2152,1.2155,5.00,1.00
2009.04.14 13:24:15.337,1.2151,1.21555,11.00,3.20
2009.04.14 13:24:15.717,1.2151,1.2155,5.00,4.80
2009.04.14 13:24:16.566,1.2151,1.21535,2.00,4.80
2009.04.14 13:24:16.946,1.2151,1.21535,1.00,4.80
2009.04.14 13:24:17.656,1.215,1.21535,3.40,4.80
2009.04.14 13:24:17.836,1.215,1.2153,1.00,4.80
2009.04.14 13:24:22.545,1.21495,1.2153,3.40,4.80
2009.04.14 13:24:22.885,1.21495,1.2153,5.00,4.80
2009.04.14 13:24:26.114,1.21495,1.2152,4.80,2.00
2009.04.14 13:24:26.694,1.21495,1.2152,4.80,4.80
2009.04.14 13:24:27.045,1.21485,1.2152,4.80,4.80
2009.04.14 13:24:58.196,1.21485,1.2152,6.00,4.80
2009.04.14 13:24:58.537,1.21485,1.2153,6.00,9.00
2009.04.14 13:24:58.827,1.21485,1.2153,8.60,9.00
2009.04.14 13:24:59.176,1.21485,1.2153,8.40,7.60
2009.04.14 13:24:59.596,1.21485,1.2153,8.20,7.60
2009.04.14 13:25:00.006,1.21485,1.2153,8.40,7.60
2009.04.14 13:25:00.296,1.21495,1.2153,1.60,7.60
2009.04.14 13:25:00.586,1.215,1.2153,4.80,7.60
2009.04.14 13:25:01.235,1.21505,1.2153,1.00,7.60
2009.04.14 13:25:06.354,1.215,1.21515,1.00,1.00
2009.04.14 13:25:06.764,1.21495,1.2151,4.80,10.00
2009.04.14 13:25:06.884,1.21495,1.2152,1.00,4.80
2009.04.14 13:25:07.124,1.21505,1.2152,1.00,1.00
2009.04.14 13:25:07.294,1.21505,1.2152,1.00,1.00
2009.04.14 13:25:08.064,1.2151,1.2152,1.00,1.00
2009.04.14 13:25:08.454,1.2151,1.2153,1.00,7.60
2009.04.14 13:25:12.483,1.21505,1.2153,1.00,9.00
2009.04.14 13:25:21.841,1.21505,1.21525,1.00,4.40
2009.04.14 13:25:22.171,1.21505,1.21525,1.00,5.20
2009.04.14 13:25:23.520,1.21495,1.2152,1.00,4.80
2009.04.14 13:25:24.320,1.21505,1.21525,1.00,7.80
2009.04.14 13:25:24.650,1.21485,1.21515,1.00,4.80
2009.04.14 13:25:25.249,1.21485,1.21515,1.00,4.80
2009.04.14 13:25:29.429,1.21495,1.2152,2.20,10.60
2009.04.14 13:25:29.768,1.21495,1.2152,3.80,10.60
2009.04.14 13:25:31.818,1.215,1.2152,1.00,10.00
2009.04.14 13:25:32.378,1.215,1.2152,1.00,4.80
2009.04.14 13:25:33.888,1.2151,1.2152,1.00,3.60
2009.04.14 13:25:34.188,1.2151,1.2152,1.00,2.00
2009.04.14 13:25:35.827,1.21505,1.21525,1.00,9.40
2009.04.14 13:25:36.237,1.21505,1.21525,1.00,6.40
2009.04.14 13:25:36.467,1.21505,1.21525,1.00,5.20
2009.04.14 13:25:36.747,1.21505,1.21525,1.00,5.20
2009.04.14 13:25:37.727,1.21505,1.21525,1.00,6.00
2009.04.14 13:25:37.906,1.215,1.2152,1.00,4.80
2009.04.14 13:25:41.916,1.215,1.2152,1.00,7.60
2009.04.14 13:25:44.715,1.21495,1.2152,1.00,7.60
2009.04.14 13:25:45.255,1.21495,1.2152,1.00,7.60
2009.04.14 13:25:46.005,1.21495,1.2151,1.00,1.20
2009.04.14 13:25:46.354,1.21495,1.21515,1.00,3.00
2009.04.14 13:25:46.724,1.21495,1.2151,1.00,4.80
2009.04.14 13:25:49.064,1.21475,1.21495,3.80,4.80
2009.04.14 13:25:49.644,1.2146,1.21485,1.00,1.00
2009.04.14 13:25:49.984,1.2146,1.21485,3.80,1.00
2009.04.14 13:25:50.624,1.21465,1.2149,1.00,4.80
2009.04.14 13:25:53.073,1.21465,1.2149,3.80,8.60
2009.04.14 13:25:53.413,1.21465,1.2149,3.80,10.60
2009.04.14 13:26:01.781,1.2146,1.21485,1.00,3.00
2009.04.14 13:26:02.360,1.2146,1.2149,5.00,4.80
2009.04.14 13:26:10.868,1.2148,1.21515,4.80,4.80
2009.04.14 13:26:11.208,1.21485,1.21515,4.80,1.00
2009.04.14 13:26:11.729,1.21485,1.2152,4.80,6.40
2009.04.14 13:26:12.059,1.2149,1.21515,4.80,4.80
2009.04.14 13:26:12.348,1.2149,1.2152,4.80,4.80
2009.04.14 13:26:13.028,1.2148,1.2152,5.00,4.80
2009.04.14 13:26:16.197,1.2149,1.21525,1.00,3.60
2009.04.14 13:26:16.587,1.2149,1.2153,3.80,9.00
2009.04.14 13:26:17.058,1.2149,1.2153,3.80,7.60
2009.04.14 13:26:19.956,1.2149,1.2153,3.80,4.80
2009.04.14 13:26:20.306,1.215,1.2153,5.00,4.80
2009.04.14 13:26:42.851,1.21515,1.2154,3.80,11.00
2009.04.14 13:26:45.470,1.21515,1.2154,5.00,12.00
2009.04.14 13:26:45.710,1.2152,1.2154,4.80,5.60
2009.04.14 13:26:46.060,1.2152,1.2155,5.00,4.80
2009.04.14 13:26:51.050,1.2152,1.2154,5.00,1.60
2009.04.14 13:26:51.389,1.2152,1.2154,1.00,4.80
2009.04.14 13:26:55.368,1.21515,1.2154,5.80,4.80
2009.04.14 13:26:55.928,1.21505,1.2153,4.80,4.80
2009.04.14 13:26:56.487,1.21485,1.21525,5.00,4.80
2009.04.14 13:27:01.436,1.215,1.2152,5.00,1.20
2009.04.14 13:27:01.886,1.215,1.2153,5.00,4.80
2009.04.14 13:27:02.226,1.215,1.2154,5.00,6.00
2009.04.14 13:27:04.825,1.215,1.2154,5.00,4.80
2009.04.14 13:27:12.174,1.215,1.21535,5.00,3.20
2009.04.14 13:27:14.583,1.21515,1.21535,1.00,3.20
2009.04.14 13:27:15.093,1.2151,1.2154,1.00,3.20
2009.04.14 13:27:15.543,1.2151,1.21545,1.00,3.20
2009.04.14 13:27:15.723,1.2152,1.2155,5.00,8.00
2009.04.14 13:27:16.932,1.2152,1.2155,6.40,8.00
2009.04.14 13:27:17.152,1.2153,1.21555,3.80,4.80
2009.04.14 13:27:17.682,1.21525,1.2155,8.40,4.80
2009.04.14 13:27:17.963,1.21535,1.2155,4.80,4.80
2009.04.14 13:27:18.182,1.2154,1.2157,8.60,14.40
2009.04.14 13:27:18.412,1.21545,1.21565,1.00,4.80
2009.04.14 13:27:18.702,1.2154,1.21565,1.60,4.80
2009.04.14 13:27:18.932,1.21515,1.21565,5.00,4.80
2009.04.14 13:27:19.642,1.2154,1.2156,1.00,4.80
2009.04.14 13:27:19.982,1.2154,1.21565,1.00,1.60
2009.04.14 13:27:20.272,1.2154,1.2157,1.00,14.80
2009.04.14 13:27:20.322,1.2154,1.2157,1.00,4.80
2009.04.14 13:27:21.421,1.2155,1.2157,1.00,4.80
2009.04.14 13:27:24.921,1.2155,1.2157,1.00,4.80
2009.04.14 13:27:27.330,1.2155,1.2158,5.00,10.00
2009.04.14 13:27:27.610,1.2155,1.21575,5.00,1.00
2009.04.14 13:27:27.910,1.2155,1.21595,5.00,7.20
2009.04.14 13:27:28.020,1.2155,1.21595,5.00,4.80
2009.04.14 13:27:30.259,1.2155,1.2159,5.20,4.80
2009.04.14 13:27:30.599,1.2155,1.2159,10.20,4.80
2009.04.14 13:27:30.949,1.2156,1.2159,1.00,4.80
2009.04.14 13:27:31.239,1.2156,1.216,3.80,7.20
2009.04.14 13:27:31.729,1.2157,1.2161,5.00,15.80
2009.04.14 13:27:32.019,1.2157,1.2161,5.00,14.20
2009.04.14 13:27:32.259,1.2157,1.2161,5.00,10.80
2009.04.14 13:27:32.559,1.2157,1.2161,5.00,7.60
2009.04.14 13:27:33.009,1.2158,1.2161,1.00,4.80
2009.04.14 13:27:39.697,1.2158,1.2161,1.00,7.60
2009.04.14 13:27:39.757,1.2158,1.216,1.00,4.80
2009.04.14 13:27:40.157,1.21575,1.216,1.00,4.80
2009.04.14 13:27:40.277,1.2157,1.2158,5.00,1.40
2009.04.14 13:27:40.497,1.2157,1.2159,5.00,1.00
2009.04.14 13:27:40.557,1.2157,1.2159,5.40,1.00
2009.04.14 13:27:40.607,1.2156,1.2159,7.40,1.40
2009.04.14 13:27:40.667,1.2156,1.2159,5.00,1.40
2009.04.14 13:27:40.897,1.21565,1.2159,1.60,1.40
2009.04.14 13:27:41.246,1.21545,1.2159,5.00,1.20
2009.04.14 13:27:41.536,1.21545,1.2158,5.00,4.40
2009.04.14 13:27:41.896,1.21545,1.2158,3.00,4.80
2009.04.14 13:27:42.167,1.21545,1.2158,1.00,4.80
2009.04.14 13:27:48.525,1.2155,1.21565,1.00,1.00
2009.04.14 13:27:48.755,1.2155,1.2156,1.00,4.80
2009.04.14 13:27:49.225,1.2153,1.2156,3.80,5.60
2009.04.14 13:27:49.555,1.21525,1.2155,3.80,4.80
2009.04.14 13:27:49.904,1.2153,1.2155,1.00,4.80
2009.04.14 13:27:50.074,1.21525,1.2155,1.00,4.80
2009.04.14 13:27:51.624,1.2153,1.2154,1.00,4.80
2009.04.14 13:27:52.784,1.21525,1.2154,1.00,4.80
2009.04.14 13:27:52.954,1.2152,1.2154,3.80,4.80
2009.04.14 13:27:53.194,1.2152,1.2154,1.00,4.80
2009.04.14 13:27:54.523,1.2152,1.2154,1.00,4.80
2009.04.14 13:27:55.113,1.21515,1.2153,5.80,4.80
2009.04.14 13:27:55.403,1.21495,1.2153,8.60,4.80
2009.04.14 13:27:55.733,1.21495,1.21525,8.40,5.80
2009.04.14 13:27:56.033,1.21485,1.2152,8.60,1.00
2009.04.14 13:27:56.323,1.2149,1.2152,1.00,1.00
2009.04.14 13:27:56.663,1.21495,1.2152,1.00,1.20
2009.04.14 13:27:57.023,1.21485,1.2152,1.80,1.20
2009.04.14 13:27:57.623,1.2149,1.2152,1.00,1.60
2009.04.14 13:27:58.133,1.2149,1.2152,1.00,4.80
2009.04.14 13:27:58.602,1.2148,1.2152,5.20,4.80
2009.04.14 13:27:59.642,1.2149,1.2152,4.80,4.80
2009.04.14 13:27:59.922,1.21495,1.2152,1.00,4.80
2009.04.14 13:28:08.130,1.21495,1.2152,3.80,7.40
2009.04.14 13:28:08.290,1.215,1.2152,1.00,5.80
2009.04.14 13:28:08.980,1.215,1.2151,1.00,1.00
2009.04.14 13:28:10.030,1.215,1.2152,1.00,10.60
2009.04.14 13:28:10.090,1.215,1.2152,1.00,8.00
2009.04.14 13:28:10.439,1.215,1.2152,1.00,4.80
2009.04.14 13:28:12.159,1.21495,1.2152,4.80,4.80
2009.04.14 13:28:12.849,1.2149,1.2152,5.00,4.80
2009.04.14 13:28:13.579,1.2149,1.2151,2.60,23.40
2009.04.14 13:28:13.689,1.2148,1.21505,14.20,4.80
2009.04.14 13:28:14.249,1.2148,1.21505,11.80,7.20
2009.04.14 13:28:20.087,1.2148,1.21505,13.40,7.20
2009.04.14 13:28:21.327,1.2148,1.21505,11.80,7.20
2009.04.14 13:28:23.057,1.2148,1.215,11.60,4.80
2009.04.14 13:28:23.346,1.21485,1.215,3.60,4.80
2009.04.14 13:28:23.516,1.2145,1.2149,2.60,4.80
2009.04.14 13:28:23.747,1.2145,1.2149,7.40,4.80
2009.04.14 13:28:23.926,1.2145,1.2149,5.00,4.80
2009.04.14 13:28:26.326,1.2147,1.2149,1.00,4.80
2009.04.14 13:28:33.324,1.2147,1.21495,5.00,8.00
2009.04.14 13:28:33.554,1.2147,1.21495,6.60,7.80
2009.04.14 13:28:33.784,1.2147,1.21495,8.60,7.40
2009.04.14 13:28:35.763,1.2147,1.21495,8.60,7.20
2009.04.14 13:28:36.223,1.2147,1.21495,8.60,7.20
2009.04.14 13:28:38.973,1.21475,1.21485,2.00,1.20
2009.04.14 13:28:39.322,1.21455,1.2149,5.00,4.80
2009.04.14 13:28:41.202,1.21465,1.2149,4.80,4.80
2009.04.14 13:28:43.222,1.21465,1.2148,4.80,1.20
2009.04.14 13:28:50.020,1.21475,1.21495,4.80,6.80
2009.04.14 13:28:50.130,1.21475,1.21495,4.80,7.20
2009.04.14 13:28:50.880,1.21475,1.21495,5.00,7.20
2009.04.14 13:28:52.369,1.21475,1.21495,5.00,7.20
2009.04.14 13:28:52.539,1.21475,1.21495,5.00,7.00
2009.04.14 13:28:57.518,1.21485,1.21495,4.80,2.40
2009.04.14 13:28:57.998,1.2148,1.215,5.00,4.80
2009.04.14 13:28:58.288,1.21475,1.215,4.80,4.80
2009.04.14 13:28:59.298,1.2147,1.21505,1.00,3.20
2009.04.14 13:28:59.697,1.2147,1.2151,1.00,9.00
2009.04.14 13:29:00.329,1.2147,1.2151,1.00,9.00
2009.04.14 13:29:00.617,1.21485,1.2151,1.00,9.00
2009.04.14 13:29:00.977,1.2149,1.2152,1.00,4.80
2009.04.14 13:29:01.597,1.2149,1.2153,5.80,20.80
2009.04.14 13:29:01.947,1.21505,1.2154,5.00,6.00
2009.04.14 13:29:02.707,1.2151,1.21545,1.00,6.80
2009.04.14 13:29:03.037,1.2152,1.2154,1.00,4.00
2009.04.14 13:29:03.337,1.2152,1.2155,1.00,11.40
2009.04.14 13:29:03.818,1.21515,1.2155,6.20,4.80
2009.04.14 13:29:04.458,1.21525,1.2155,1.00,6.80
2009.04.14 13:29:04.756,1.21525,1.2155,1.00,4.80
2009.04.14 13:29:05.136,1.2153,1.2155,1.00,5.40
2009.04.14 13:29:05.376,1.2152,1.2155,6.20,5.40
2009.04.14 13:29:06.416,1.2152,1.2155,1.00,5.40
2009.04.14 13:29:06.966,1.2152,1.2155,1.00,5.40
2009.04.14 13:29:08.885,1.2151,1.2155,5.40,8.40
2009.04.14 13:29:09.405,1.2152,1.2155,1.00,8.40
2009.04.14 13:29:11.394,1.2152,1.2154,1.00,5.40
2009.04.14 13:29:14.684,1.2152,1.2154,1.00,4.80
2009.04.14 13:29:15.344,1.2152,1.2154,1.00,4.80
2009.04.14 13:29:15.984,1.21515,1.2153,1.00,5.40
2009.04.14 13:29:16.223,1.21505,1.2153,1.60,10.60
2009.04.14 13:29:16.683,1.2151,1.2154,1.00,5.40
2009.04.14 13:29:18.453,1.2151,1.2153,1.00,4.80
2009.04.14 13:29:18.793,1.21515,1.2154,1.00,13.80
2009.04.14 13:29:19.143,1.21515,1.2154,3.80,13.80
2009.04.14 13:29:22.272,1.2151,1.2153,1.00,4.80
2009.04.14 13:29:22.562,1.21505,1.2153,4.20,10.60
2009.04.14 13:29:23.192,1.215,1.2152,1.00,4.80
2009.04.14 13:29:24.821,1.215,1.2152,1.00,4.80
2009.04.14 13:29:27.181,1.2149,1.2152,5.00,4.80
2009.04.14 13:29:37.058,1.215,1.2152,4.80,4.80
2009.04.14 13:29:44.697,1.21505,1.2152,4.80,5.60
2009.04.14 13:29:44.857,1.21505,1.2151,4.80,4.80
2009.04.14 13:29:46.767,1.215,1.2152,4.80,4.80
2009.04.14 13:29:47.296,1.21495,1.2151,4.80,4.80
2009.04.14 13:29:47.646,1.215,1.2152,4.80,4.80
2009.04.14 13:29:52.225,1.21475,1.2151,4.80,4.80
2009.04.14 13:29:52.345,1.21475,1.215,4.80,4.80
2009.04.14 13:29:53.945,1.2148,1.21495,4.80,1.00
2009.04.14 13:29:54.224,1.2147,1.2149,4.00,3.20
2009.04.14 13:29:54.614,1.2147,1.2149,4.00,3.60
2009.04.14 13:29:54.674,1.2147,1.2149,2.00,4.80
2009.04.14 13:29:54.784,1.2147,1.2149,2.00,1.60
2009.04.14 13:29:54.844,1.2148,1.21495,4.80,4.40
2009.04.14 13:29:55.124,1.2148,1.21495,4.80,2.40
2009.04.14 13:29:55.244,1.2148,1.2152,5.00,2.80
2009.04.14 13:29:55.884,1.2149,1.21525,1.00,4.80
2009.04.14 13:29:56.114,1.21485,1.21525,1.00,4.80
2009.04.14 13:29:56.344,1.2148,1.2152,5.00,4.80
2009.04.14 13:29:59.163,1.2149,1.2152,1.00,4.80
2009.04.14 13:29:59.443,1.2149,1.2152,1.00,4.80
2009.04.14 13:30:02.812,1.2149,1.2152,4.80,4.80
2009.04.14 13:30:07.381,1.2149,1.2151,4.80,4.80
2009.04.14 13:30:07.661,1.2148,1.2151,4.80,4.80
2009.04.14 13:30:12.820,1.2149,1.21515,1.00,4.80
2009.04.14 13:30:13.110,1.2149,1.2152,4.80,4.80
2009.04.14 13:30:15.019,1.215,1.2152,1.00,4.80
2009.04.14 13:30:15.439,1.2149,1.2152,4.80,4.80
2009.04.14 13:30:19.668,1.21515,1.21525,4.80,5.20
2009.04.14 13:30:20.138,1.21515,1.21545,4.80,16.80
2009.04.14 13:30:20.478,1.21515,1.21545,4.80,13.20
2009.04.14 13:30:25.017,1.21505,1.2153,12.80,4.80
2009.04.14 13:30:25.427,1.21505,1.2153,4.80,4.80
2009.04.14 13:30:25.837,1.21495,1.2153,4.80,4.80
2009.04.14 13:30:26.057,1.215,1.2152,4.80,1.20
2009.04.14 13:30:26.286,1.215,1.2152,4.80,1.60
2009.04.14 13:30:26.727,1.215,1.2152,4.80,4.80
2009.04.14 13:30:27.066,1.2149,1.2152,4.80,4.80
2009.04.14 13:30:37.684,1.21515,1.2152,4.80,3.60
2009.04.14 13:30:37.974,1.21515,1.2152,4.80,1.20
2009.04.14 13:30:40.533,1.21515,1.2152,4.80,1.00
2009.04.14 13:30:40.943,1.21515,1.2152,4.80,1.00
2009.04.14 13:30:41.853,1.21515,1.2153,4.80,10.00
2009.04.14 13:30:42.303,1.21515,1.2153,4.80,4.80
2009.04.14 13:30:46.992,1.21515,1.21525,4.80,1.00
2009.04.14 13:30:47.572,1.21515,1.2153,4.80,4.80
2009.04.14 13:30:47.851,1.2151,1.2153,4.80,7.20
2009.04.14 13:30:48.201,1.2151,1.2152,4.80,1.00
2009.04.14 13:30:49.311,1.2151,1.2153,4.80,10.00
2009.04.14 13:30:50.511,1.2151,1.2153,4.80,4.80
2009.04.14 13:30:58.799,1.21515,1.2153,4.80,4.80
2009.04.14 13:31:00.918,1.2152,1.2153,14.20,4.80
2009.04.14 13:31:01.138,1.21525,1.21535,5.40,5.60
2009.04.14 13:31:01.488,1.21525,1.21545,3.20,10.00
2009.04.14 13:31:01.838,1.21505,1.21535,4.80,2.40
2009.04.14 13:31:02.128,1.21505,1.2154,4.80,4.80
2009.04.14 13:31:03.458,1.2152,1.2154,1.40,4.80
2009.04.14 13:31:03.798,1.21525,1.2154,4.80,4.80
2009.04.14 13:31:05.147,1.2153,1.2155,4.80,13.20
2009.04.14 13:31:05.487,1.2153,1.2155,4.80,7.60
2009.04.14 13:31:07.327,1.2153,1.2154,4.80,4.80
2009.04.14 13:31:07.497,1.21525,1.2154,4.80,4.80
2009.04.14 13:31:17.014,1.2153,1.2154,4.80,3.00
2009.04.14 13:31:17.374,1.2153,1.2154,4.80,1.00
2009.04.14 13:31:20.423,1.21545,1.21555,4.80,2.60
2009.04.14 13:31:20.873,1.2154,1.21575,4.80,4.80
2009.04.14 13:31:25.712,1.2154,1.2157,5.00,4.80
2009.04.14 13:31:32.950,1.2154,1.21565,1.00,2.60
2009.04.14 13:31:33.281,1.2154,1.2156,1.00,4.80
2009.04.14 13:31:35.910,1.2154,1.2157,1.00,5.40
2009.04.14 13:31:41.208,1.2154,1.2157,1.00,8.60
2009.04.14 13:31:41.388,1.2154,1.2156,1.00,4.80
2009.04.14 13:31:51.116,1.2154,1.2155,1.00,2.00
2009.04.14 13:31:51.336,1.2154,1.2155,1.00,5.40
2009.04.14 13:31:51.796,1.21535,1.2155,6.20,5.40
2009.04.14 13:31:57.254,1.21535,1.21545,6.20,1.80
2009.04.14 13:32:00.344,1.21535,1.21545,5.00,1.80
2009.04.14 13:32:00.684,1.2154,1.21565,1.00,8.00
2009.04.14 13:32:00.863,1.2154,1.21575,1.00,6.60
2009.04.14 13:32:01.203,1.2154,1.21575,1.00,5.40
2009.04.14 13:32:15.440,1.21545,1.2157,1.00,5.40
2009.04.14 13:32:15.730,1.2155,1.2157,1.00,5.40
2009.04.14 13:32:17.050,1.21545,1.2156,1.00,13.20
2009.04.14 13:32:17.380,1.2155,1.2157,1.00,5.40
2009.04.14 13:32:17.909,1.2154,1.2157,3.40,5.40
2009.04.14 13:32:18.089,1.2154,1.2157,1.00,5.40
2009.04.14 13:32:24.588,1.2155,1.2157,1.00,5.40
2009.04.14 13:32:26.418,1.2155,1.2157,1.00,5.40
2009.04.14 13:32:27.167,1.21545,1.2157,4.80,4.80
2009.04.14 13:32:27.687,1.2156,1.21595,1.00,5.40
2009.04.14 13:32:28.137,1.2157,1.21605,1.00,8.40
2009.04.14 13:32:28.657,1.2158,1.216,1.00,5.40
2009.04.14 13:32:29.687,1.2158,1.2159,1.00,4.80
2009.04.14 13:32:38.515,1.2157,1.2159,1.00,4.80
2009.04.14 13:32:39.454,1.2157,1.216,1.00,21.60
2009.04.14 13:32:39.924,1.2158,1.216,1.00,12.20
2009.04.14 13:32:40.044,1.2158,1.216,1.00,5.40
2009.04.14 13:32:50.192,1.2159,1.216,1.60,5.40
2009.04.14 13:32:50.422,1.2159,1.216,3.20,5.40
2009.04.14 13:32:52.201,1.2159,1.216,3.20,8.40
2009.04.14 13:32:53.771,1.2158,1.21605,10.20,7.00
2009.04.14 13:32:54.351,1.2158,1.216,5.40,4.80
2009.04.14 13:32:54.701,1.2159,1.216,3.20,7.60
2009.04.14 13:32:55.170,1.2159,1.216,3.20,8.40
2009.04.14 13:32:55.620,1.2159,1.216,3.20,9.80
2009.04.14 13:33:00.809,1.2159,1.216,3.20,8.40
2009.04.14 13:33:07.848,1.2159,1.216,1.20,8.40
2009.04.14 13:33:08.377,1.2155,1.216,6.00,9.80
2009.04.14 13:33:08.677,1.2155,1.2159,3.60,4.80
2009.04.14 13:33:14.706,1.2157,1.2159,1.00,4.80
2009.04.14 13:33:14.996,1.2156,1.2159,3.60,4.80
2009.04.14 13:33:16.145,1.2156,1.2158,2.20,2.60
2009.04.14 13:33:16.605,1.2156,1.21585,1.00,8.60
2009.04.14 13:33:17.175,1.2156,1.21605,2.00,9.80
2009.04.14 13:33:17.465,1.2156,1.21605,2.00,8.40
2009.04.14 13:33:21.254,1.2156,1.216,1.60,8.40
2009.04.14 13:33:22.674,1.2156,1.216,1.60,9.20
2009.04.14 13:33:23.154,1.2156,1.2159,5.00,4.80
2009.04.14 13:33:30.112,1.2156,1.2158,5.00,3.60
2009.04.14 13:33:30.472,1.2155,1.2158,4.80,4.80
2009.04.14 13:33:30.752,1.21545,1.2158,1.60,5.40
2009.04.14 13:33:31.042,1.2154,1.2158,1.00,8.60
2009.04.14 13:33:31.345,1.2154,1.2157,1.00,1.00
2009.04.14 13:33:31.632,1.2154,1.21575,1.00,1.00
2009.04.14 13:33:31.972,1.2154,1.2158,1.00,8.60
2009.04.14 13:33:32.997,1.2154,1.2158,1.60,8.60
2009.04.14 13:33:33.272,1.2154,1.2158,1.60,5.40
2009.04.14 13:33:35.902,1.2155,1.2158,1.00,5.40
2009.04.14 13:33:38.000,1.2154,1.2158,4.00,5.40
2009.04.14 13:33:38.740,1.2154,1.2158,4.40,5.40
2009.04.14 13:33:39.320,1.2154,1.2157,6.00,5.40
2009.04.14 13:33:39.720,1.2155,1.2157,1.00,4.80
2009.04.14 13:33:40.299,1.2155,1.2157,1.00,4.80
2009.04.14 13:33:41.779,1.21545,1.2157,3.20,5.40
2009.04.14 13:33:42.119,1.2154,1.2157,4.00,5.40
2009.04.14 13:33:42.759,1.2154,1.2157,4.60,5.40
2009.04.14 13:33:43.339,1.2154,1.2158,4.60,5.40
2009.04.14 13:33:44.029,1.2154,1.21565,2.60,4.80
2009.04.14 13:33:44.368,1.2155,1.2157,1.00,1.00
2009.04.14 13:33:45.248,1.2155,1.21585,1.00,5.40
2009.04.14 13:33:56.036,1.2155,1.2158,1.00,5.40
2009.04.14 13:33:58.605,1.2155,1.2158,2.00,2.40
2009.04.14 13:33:59.225,1.2155,1.2159,4.40,10.00
2009.04.14 13:33:59.565,1.2155,1.2159,4.40,8.40
2009.04.14 13:33:59.915,1.21555,1.2159,1.00,3.60
2009.04.14 13:34:00.635,1.2155,1.2159,4.40,8.40
2009.04.14 13:34:02.064,1.2156,1.2159,2.00,8.40
2009.04.14 13:34:02.334,1.21565,1.2159,1.60,2.80
2009.04.14 13:34:02.614,1.21565,1.21595,3.20,4.20
2009.04.14 13:34:02.674,1.21565,1.2159,3.20,5.40
2009.04.14 13:34:03.134,1.2156,1.2159,3.60,5.40
2009.04.14 13:34:03.814,1.21565,1.2159,3.20,5.40
2009.04.14 13:34:04.044,1.21565,1.21595,3.20,6.00
2009.04.14 13:34:04.525,1.21565,1.21595,3.20,2.80
2009.04.14 13:34:04.753,1.21565,1.2159,3.20,4.80
2009.04.14 13:34:05.644,1.2157,1.216,3.60,13.00
2009.04.14 13:34:05.883,1.2157,1.216,3.60,9.80
2009.04.14 13:34:09.982,1.21585,1.21605,8.60,3.20
2009.04.14 13:34:10.262,1.2159,1.2161,5.60,5.40
2009.04.14 13:34:10.562,1.21575,1.2161,3.60,4.80
2009.04.14 13:34:10.922,1.2157,1.21615,2.20,5.20
2009.04.14 13:34:11.272,1.21575,1.21615,3.80,7.60
2009.04.14 13:34:11.672,1.2158,1.21615,3.80,4.40
2009.04.14 13:34:11.972,1.21585,1.21615,3.20,4.20
2009.04.14 13:34:12.262,1.2159,1.21615,1.60,4.20
2009.04.14 13:34:12.542,1.21605,1.2161,1.60,1.00
2009.04.14 13:34:13.011,1.2161,1.2165,3.20,16.20
2009.04.14 13:34:13.522,1.2161,1.21645,3.20,4.80
2009.04.14 13:34:13.941,1.21615,1.2165,3.20,7.60
2009.04.14 13:34:14.821,1.21615,1.2164,1.60,7.60
2009.04.14 13:34:15.101,1.2158,1.21615,1.80,2.00
2009.04.14 13:34:15.151,1.21585,1.21625,1.00,2.60
2009.04.14 13:34:15.631,1.21585,1.21615,3.60,1.00
2009.04.14 13:34:15.861,1.2157,1.21625,3.40,9.40
2009.04.14 13:34:16.091,1.2157,1.21625,1.00,7.40
2009.04.14 13:34:16.311,1.2157,1.2161,9.00,4.80
2009.04.14 13:34:17.121,1.2157,1.2161,7.80,4.80
2009.04.14 13:34:17.411,1.2157,1.2161,6.20,4.80
2009.04.14 13:34:17.810,1.2157,1.21605,6.20,1.00
2009.04.14 13:34:18.260,1.2157,1.21605,6.00,1.00
2009.04.14 13:34:18.610,1.2157,1.21605,4.40,1.00
2009.04.14 13:34:20.290,1.2158,1.21605,1.00,1.00
2009.04.14 13:34:20.631,1.21585,1.21595,3.20,1.00
2009.04.14 13:34:20.800,1.2158,1.21595,3.60,1.00
2009.04.14 13:34:27.148,1.2157,1.21595,3.60,1.00
2009.04.14 13:34:55.381,1.2158,1.21595,5.00,1.00
2009.04.14 13:34:55.591,1.2158,1.21595,6.80,1.00
2009.04.14 13:34:55.981,1.21595,1.21605,1.00,2.40
2009.04.14 13:34:56.282,1.21605,1.21625,1.60,1.60
2009.04.14 13:34:56.571,1.21605,1.21655,3.20,3.60
2009.04.14 13:34:56.931,1.21595,1.21655,12.40,2.80
2009.04.14 13:34:57.501,1.21605,1.2166,12.20,10.00
2009.04.14 13:34:57.861,1.21605,1.2165,12.60,10.00
2009.04.14 13:34:58.421,1.21605,1.2165,12.40,10.00
2009.04.14 13:34:58.880,1.21605,1.2165,12.60,10.00
2009.04.14 13:34:59.101,1.21605,1.2165,12.40,10.00
2009.04.14 13:35:00.400,1.21605,1.2165,12.80,10.00
2009.04.14 13:35:00.850,1.21615,1.2165,1.00,10.00
2009.04.14 13:35:01.300,1.21615,1.21645,1.60,2.80
2009.04.14 13:35:01.590,1.216,1.21645,8.00,2.80
2009.04.14 13:35:02.450,1.216,1.21645,7.80,2.80
2009.04.14 13:35:03.219,1.21605,1.21645,7.40,2.80
2009.04.14 13:35:03.510,1.21605,1.21635,6.20,1.00
2009.04.14 13:35:03.789,1.2161,1.21645,4.80,4.80
2009.04.14 13:35:04.539,1.2162,1.2164,4.80,4.80
2009.04.14 13:35:04.829,1.2162,1.21645,8.40,10.40
2009.04.14 13:35:05.529,1.2162,1.21635,8.40,1.00
2009.04.14 13:35:05.829,1.2162,1.21635,8.60,1.60
2009.04.14 13:35:06.919,1.21625,1.2163,4.40,1.60
2009.04.14 13:35:07.488,1.21625,1.2163,4.80,1.60
2009.04.14 13:35:07.778,1.21625,1.2163,3.20,1.00
2009.04.14 13:35:07.898,1.21605,1.2163,4.40,1.00
2009.04.14 13:35:11.348,1.2161,1.21635,4.40,1.00
2009.04.14 13:35:11.708,1.2161,1.2163,4.40,1.00
2009.04.14 13:35:15.087,1.2162,1.21635,1.00,1.00
2009.04.14 13:35:15.487,1.2162,1.21655,3.40,5.80
2009.04.14 13:35:15.787,1.2161,1.21655,7.60,8.80
2009.04.14 13:35:16.177,1.2162,1.21655,1.00,8.80
2009.04.14 13:35:16.296,1.2162,1.21655,2.00,8.80
2009.04.14 13:35:16.356,1.2162,1.21655,3.60,5.80
2009.04.14 13:35:16.667,1.2162,1.2165,1.00,5.80
2009.04.14 13:35:17.076,1.2162,1.2165,1.00,8.80
2009.04.14 13:35:17.866,1.2162,1.2165,3.80,5.80
2009.04.14 13:35:18.156,1.2162,1.2165,3.60,5.80
2009.04.14 13:35:18.456,1.2162,1.2165,3.80,5.80
2009.04.14 13:35:20.205,1.2162,1.2164,3.80,4.80
2009.04.14 13:35:21.305,1.2162,1.2164,4.60,4.80
2009.04.14 13:35:21.575,1.2162,1.2164,6.20,4.80
2009.04.14 13:35:21.805,1.2163,1.2165,5.00,10.00
2009.04.14 13:35:22.265,1.21635,1.2165,1.00,4.80
2009.04.14 13:35:22.545,1.2164,1.2166,7.80,2.40
2009.04.14 13:35:22.775,1.21645,1.21655,3.60,1.00
2009.04.14 13:35:23.245,1.2165,1.21695,7.60,2.80
2009.04.14 13:35:23.525,1.2166,1.217,1.00,18.20
2009.04.14 13:35:26.284,1.2167,1.21675,1.00,1.00
2009.04.14 13:35:26.634,1.2166,1.21675,1.80,1.00
2009.04.14 13:35:27.214,1.2166,1.21675,1.00,1.00
2009.04.14 13:35:28.184,1.2167,1.2168,1.00,1.40
2009.04.14 13:35:29.133,1.2166,1.2167,1.00,1.00
2009.04.14 13:35:29.473,1.2167,1.2168,1.00,1.40
2009.04.14 13:35:30.253,1.2167,1.2169,3.80,2.60
2009.04.14 13:35:31.693,1.2168,1.2169,3.40,3.00
2009.04.14 13:35:31.993,1.2168,1.2169,1.00,1.00
2009.04.14 13:35:34.462,1.2169,1.21695,2.20,1.60
2009.04.14 13:35:34.923,1.2169,1.2171,3.80,2.20
2009.04.14 13:35:35.312,1.2168,1.21695,2.60,1.60
2009.04.14 13:35:35.712,1.2168,1.21695,1.00,1.00
2009.04.14 13:35:40.061,1.2169,1.21695,1.00,1.60
2009.04.14 13:35:41.330,1.2169,1.21695,1.20,1.60
2009.04.14 13:35:42.610,1.21695,1.21715,4.80,4.80
2009.04.14 13:35:42.940,1.217,1.21705,1.00,1.00
2009.04.14 13:35:43.270,1.2169,1.2171,2.80,2.60
2009.04.14 13:35:43.620,1.2169,1.217,1.20,1.00
2009.04.14 13:35:44.200,1.2169,1.2172,1.20,3.00
2009.04.14 13:35:44.550,1.2169,1.2172,2.20,3.00
2009.04.14 13:35:46.419,1.217,1.2172,1.00,5.40
2009.04.14 13:35:48.749,1.2169,1.21715,2.20,3.00
2009.04.14 13:35:49.819,1.2169,1.21705,2.20,1.00
2009.04.14 13:35:50.159,1.21695,1.217,1.00,1.00
2009.04.14 13:35:50.508,1.2169,1.217,5.80,1.00
2009.04.14 13:35:50.848,1.2169,1.2172,1.20,3.00
2009.04.14 13:35:53.827,1.2169,1.21705,1.20,11.80
2009.04.14 13:35:54.177,1.21685,1.21695,3.20,1.00
2009.04.14 13:35:54.577,1.2166,1.217,4.80,4.80
2009.04.14 13:35:54.917,1.2166,1.217,5.20,1.00
2009.04.14 13:35:55.148,1.2166,1.217,4.80,4.80
2009.04.14 13:35:55.877,1.21665,1.217,4.60,4.80
2009.04.14 13:35:56.617,1.2167,1.217,1.00,1.00
2009.04.14 13:35:59.586,1.21675,1.217,1.60,1.00
2009.04.14 13:35:59.706,1.21685,1.2171,4.80,5.00
2009.04.14 13:35:59.946,1.2169,1.2171,1.60,5.00
2009.04.14 13:36:00.066,1.21695,1.217,1.00,1.00
2009.04.14 13:36:00.306,1.21695,1.217,3.80,1.00
2009.04.14 13:36:00.486,1.2169,1.217,3.80,1.00
2009.04.14 13:36:01.396,1.21695,1.217,2.00,1.00
2009.04.14 13:36:02.315,1.21695,1.2171,4.80,5.00
2009.04.14 13:36:03.345,1.21695,1.217,3.60,1.20
2009.04.14 13:36:03.525,1.21695,1.217,1.60,5.40
2009.04.14 13:36:03.995,1.2169,1.217,3.20,5.40
2009.04.14 13:36:09.214,1.2168,1.217,5.40,4.80
2009.04.14 13:36:09.883,1.21695,1.217,1.00,1.00
2009.04.14 13:36:11.613,1.21675,1.217,5.40,4.80
2009.04.14 13:36:12.013,1.21675,1.2172,5.40,6.40
2009.04.14 13:36:12.303,1.21675,1.21725,5.40,8.40
2009.04.14 13:36:13.892,1.2169,1.2172,1.00,4.80
2009.04.14 13:36:14.482,1.2169,1.21725,1.00,4.80
2009.04.14 13:36:14.922,1.217,1.21735,1.00,4.80
2009.04.14 13:36:15.502,1.21695,1.21735,3.60,4.80
2009.04.14 13:36:15.902,1.21705,1.21735,1.00,4.80
2009.04.14 13:36:16.182,1.2171,1.21735,1.00,4.80
2009.04.14 13:36:16.932,1.21705,1.21735,1.00,4.80
2009.04.14 13:36:17.232,1.2171,1.21735,1.00,4.80
2009.04.14 13:36:18.642,1.21705,1.21735,1.00,4.80
2009.04.14 13:36:18.931,1.21695,1.21735,3.80,4.80
2009.04.14 13:36:21.860,1.21695,1.21735,3.80,4.80
2009.04.14 13:36:23.360,1.21695,1.21735,3.40,5.00
2009.04.14 13:36:23.590,1.21695,1.21735,3.40,5.40
2009.04.14 13:36:26.189,1.2171,1.2173,1.00,1.00
2009.04.14 13:36:26.589,1.21685,1.21735,5.40,5.40
2009.04.14 13:36:26.979,1.21685,1.21735,5.60,5.40
2009.04.14 13:36:30.908,1.21705,1.21735,1.00,5.40
2009.04.14 13:36:31.328,1.2169,1.2173,14.00,4.80
2009.04.14 13:36:31.678,1.2169,1.2173,10.80,4.80
2009.04.14 13:36:32.258,1.21695,1.2173,6.20,1.00
2009.04.14 13:36:32.608,1.217,1.2173,7.60,1.00
2009.04.14 13:36:36.027,1.217,1.2172,5.00,4.80
2009.04.14 13:36:36.417,1.2172,1.21735,1.00,3.20
2009.04.14 13:36:36.757,1.2172,1.2174,1.00,3.20
2009.04.14 13:36:36.877,1.2172,1.21755,1.00,5.40
2009.04.14 13:36:37.337,1.2172,1.21745,1.00,1.60
2009.04.14 13:36:37.677,1.2171,1.2175,1.00,4.80
2009.04.14 13:36:40.186,1.21715,1.2174,6.00,4.80
2009.04.14 13:36:42.766,1.2172,1.2174,1.00,4.80
2009.04.14 13:36:46.065,1.21735,1.21775,1.00,8.40
2009.04.14 13:36:46.295,1.2174,1.21775,1.00,5.40
2009.04.14 13:36:46.745,1.2174,1.2177,1.00,5.40
2009.04.14 13:36:47.025,1.2174,1.2177,2.20,5.40
2009.04.14 13:36:47.345,1.2174,1.2177,3.80,5.40
2009.04.14 13:36:50.104,1.2174,1.2177,1.00,4.80
2009.04.14 13:36:50.434,1.2174,1.21775,1.00,5.20
2009.04.14 13:36:50.954,1.2176,1.2178,4.80,7.60
2009.04.14 13:36:51.464,1.2176,1.2179,3.20,15.00
2009.04.14 13:36:51.873,1.21755,1.21785,1.20,2.80
2009.04.14 13:36:52.293,1.2176,1.21785,1.20,2.80
2009.04.14 13:36:52.637,1.2176,1.2178,1.00,5.40
2009.04.14 13:36:52.973,1.2176,1.2178,1.00,4.80
2009.04.14 13:36:53.253,1.2176,1.21785,1.00,2.60
2009.04.14 13:36:54.163,1.2178,1.21805,5.40,5.00
2009.04.14 13:36:54.623,1.21775,1.218,4.80,3.20
2009.04.14 13:36:55.203,1.21775,1.2178,4.80,1.00
2009.04.14 13:36:55.602,1.21755,1.21785,1.00,1.60
2009.04.14 13:36:56.012,1.2175,1.21795,1.80,1.20
2009.04.14 13:36:56.363,1.21765,1.21795,1.00,3.20
2009.04.14 13:36:56.712,1.2176,1.218,4.40,3.80
2009.04.14 13:36:57.062,1.21765,1.21805,4.40,2.00
2009.04.14 13:36:57.642,1.2177,1.21805,10.80,2.00
2009.04.14 13:36:58.163,1.2177,1.218,7.80,2.00
2009.04.14 13:36:59.181,1.2177,1.218,6.20,2.00
2009.04.14 13:37:00.181,1.2177,1.218,6.20,1.00
2009.04.14 13:37:01.261,1.2177,1.218,3.80,1.00
2009.04.14 13:37:02.911,1.2177,1.218,5.20,1.00
2009.04.14 13:37:03.371,1.2177,1.21805,6.20,3.60
2009.04.14 13:37:03.601,1.2177,1.21805,7.80,2.00
2009.04.14 13:37:03.781,1.2178,1.218,1.20,4.80
2009.04.14 13:37:04.001,1.2178,1.218,2.80,4.80
2009.04.14 13:37:04.231,1.21785,1.218,1.00,4.80
2009.04.14 13:37:10.749,1.21785,1.218,3.20,4.80
2009.04.14 13:37:11.229,1.2179,1.218,1.00,4.80
2009.04.14 13:37:11.579,1.2179,1.218,1.00,4.80
2009.04.14 13:37:17.507,1.2178,1.218,3.40,4.80
2009.04.14 13:37:17.787,1.2178,1.218,1.00,4.80
2009.04.14 13:37:20.047,1.2177,1.218,9.40,5.40
2009.04.14 13:37:20.487,1.2176,1.2179,9.60,1.00
2009.04.14 13:37:20.546,1.2176,1.2179,3.00,1.00
2009.04.14 13:37:21.226,1.2176,1.2179,1.00,2.80
2009.04.14 13:37:21.667,1.2175,1.2179,7.00,5.40
2009.04.14 13:37:21.996,1.2175,1.2179,5.40,5.40
2009.04.14 13:37:22.646,1.2175,1.2178,5.20,4.80
2009.04.14 13:37:23.286,1.2175,1.2178,5.20,5.40
2009.04.14 13:37:23.956,1.21745,1.21765,4.20,5.40
2009.04.14 13:37:24.426,1.2175,1.21755,3.20,4.80
2009.04.14 13:37:24.835,1.2174,1.21775,1.00,8.60
2009.04.14 13:37:25.865,1.21735,1.21775,6.20,3.20
2009.04.14 13:37:26.275,1.21745,1.2177,1.00,1.00
2009.04.14 13:37:26.335,1.2173,1.2178,8.20,11.60
2009.04.14 13:37:26.565,1.21745,1.2178,1.00,5.40
2009.04.14 13:37:27.525,1.2174,1.2178,1.00,1.00
2009.04.14 13:37:27.995,1.21745,1.21785,1.00,4.80
2009.04.14 13:37:28.284,1.2175,1.21785,1.00,4.80
2009.04.14 13:37:28.545,1.2175,1.2178,2.00,4.80
2009.04.14 13:37:28.994,1.2175,1.2178,3.60,5.40
2009.04.14 13:37:29.524,1.2174,1.2178,5.60,5.40
2009.04.14 13:37:29.794,1.2174,1.2178,2.40,5.40
2009.04.14 13:37:30.774,1.2175,1.2179,1.00,11.60
2009.04.14 13:37:31.054,1.2175,1.2179,1.00,11.60
2009.04.14 13:37:31.764,1.21745,1.2179,5.60,11.60
2009.04.14 13:37:32.004,1.21745,1.21775,5.60,5.40
2009.04.14 13:37:32.354,1.2175,1.21775,1.00,4.80
2009.04.14 13:37:32.863,1.2175,1.2179,1.00,9.40
2009.04.14 13:37:33.214,1.21745,1.21775,1.00,1.40
2009.04.14 13:37:33.553,1.2175,1.21775,1.00,3.00
2009.04.14 13:37:33.843,1.2173,1.21765,4.40,2.40
2009.04.14 13:37:34.203,1.2173,1.21765,1.00,5.40
2009.04.14 13:37:34.773,1.21735,1.21765,1.00,3.20
2009.04.14 13:37:35.133,1.21715,1.2176,3.80,8.40
2009.04.14 13:37:35.473,1.21735,1.2176,1.00,7.60
2009.04.14 13:37:35.893,1.21735,1.21755,1.00,1.00
2009.04.14 13:37:36.835,1.21715,1.21755,3.80,1.00
2009.04.14 13:37:37.163,1.21715,1.21755,1.00,1.00
2009.04.14 13:37:37.802,1.21745,1.21775,1.00,2.40
2009.04.14 13:37:38.192,1.2173,1.21765,3.80,5.40
2009.04.14 13:37:38.542,1.2173,1.2176,3.80,1.60
2009.04.14 13:37:39.062,1.2173,1.21755,3.80,2.00
2009.04.14 13:37:39.412,1.2173,1.21765,1.00,1.00
2009.04.14 13:37:39.703,1.21725,1.21765,5.80,1.00
2009.04.14 13:37:40.242,1.21725,1.21765,5.60,1.00
2009.04.14 13:37:40.532,1.2174,1.2177,1.00,5.40
2009.04.14 13:37:41.171,1.2174,1.2177,1.00,2.40
2009.04.14 13:37:41.811,1.2175,1.2177,1.00,2.80
2009.04.14 13:37:42.381,1.2175,1.2177,1.00,2.60
2009.04.14 13:37:43.051,1.21745,1.21765,3.60,1.00
2009.04.14 13:37:43.411,1.21725,1.21765,1.00,3.60
2009.04.14 13:37:47.741,1.2173,1.21755,1.00,1.00
2009.04.14 13:37:49.489,1.21725,1.21765,2.60,3.60
2009.04.14 13:37:49.899,1.2173,1.21765,1.00,3.60
2009.04.14 13:37:50.199,1.2173,1.2175,1.00,1.60
2009.04.14 13:37:50.479,1.2172,1.2175,3.60,1.00
2009.04.14 13:37:50.989,1.2171,1.2175,3.80,1.00
2009.04.14 13:37:51.509,1.2171,1.21745,7.60,1.00
2009.04.14 13:37:52.749,1.21725,1.2175,1.00,4.80
2009.04.14 13:37:52.868,1.21725,1.21755,1.00,3.60
2009.04.14 13:37:53.159,1.21725,1.21755,1.00,1.00
2009.04.14 13:37:54.428,1.2173,1.21765,1.00,3.60
2009.04.14 13:37:55.728,1.2173,1.2175,1.00,1.60
2009.04.14 13:37:56.708,1.2173,1.2175,1.00,1.60
2009.04.14 13:37:57.117,1.21705,1.21745,10.20,1.60
2009.04.14 13:37:57.447,1.2171,1.21745,6.00,1.00
2009.04.14 13:37:57.907,1.2171,1.21745,3.20,1.00
2009.04.14 13:37:58.367,1.2173,1.21765,3.20,2.80
2009.04.14 13:37:58.828,1.2172,1.21765,1.00,7.60
2009.04.14 13:37:59.907,1.2173,1.2175,1.00,1.60
2009.04.14 13:38:00.187,1.21725,1.21745,3.40,1.60
2009.04.14 13:38:00.587,1.21705,1.21745,3.60,1.60
2009.04.14 13:38:00.877,1.2171,1.21745,3.20,1.00
2009.04.14 13:38:02.356,1.2171,1.2175,9.20,5.40
2009.04.14 13:38:03.946,1.2171,1.2175,7.60,5.40
2009.04.14 13:38:04.236,1.2172,1.2175,1.00,5.40
2009.04.14 13:38:05.645,1.2172,1.2175,1.00,7.00
2009.04.14 13:38:05.885,1.2172,1.2174,1.00,1.20
2009.04.14 13:38:13.723,1.2172,1.2174,1.20,1.60
2009.04.14 13:38:13.894,1.2172,1.21735,1.20,1.60
2009.04.14 13:38:14.233,1.2172,1.2174,1.20,1.40
2009.04.14 13:38:14.353,1.2172,1.2174,1.00,5.40
2009.04.14 13:38:14.923,1.2171,1.21745,4.80,7.60
2009.04.14 13:38:15.543,1.2171,1.21745,1.80,7.60
2009.04.14 13:38:15.703,1.2171,1.21745,1.60,7.60
2009.04.14 13:38:17.513,1.2171,1.2173,1.40,7.00
2009.04.14 13:38:17.803,1.2171,1.2173,1.40,10.60
2009.04.14 13:38:18.132,1.2171,1.2173,1.40,6.80
2009.04.14 13:38:18.412,1.217,1.2174,3.60,4.80
2009.04.14 13:38:18.992,1.2171,1.2173,1.60,3.20
2009.04.14 13:38:19.352,1.2171,1.2174,5.20,3.20
2009.04.14 13:38:21.391,1.2171,1.2174,2.00,3.20
2009.04.14 13:38:30.600,1.2171,1.2174,5.20,3.20
2009.04.14 13:38:30.959,1.2171,1.21735,5.20,1.60
2009.04.14 13:38:31.359,1.2171,1.2173,3.40,5.60
2009.04.14 13:38:31.709,1.2171,1.2173,1.00,5.60
2009.04.14 13:38:34.229,1.217,1.2172,5.40,1.20
2009.04.14 13:38:34.398,1.217,1.2172,5.20,1.20
2009.04.14 13:38:34.858,1.217,1.2172,2.00,1.20
2009.04.14 13:39:00.712,1.217,1.2172,2.00,1.20
2009.04.14 13:39:04.401,1.217,1.2173,2.00,8.00
2009.04.14 13:39:04.571,1.2171,1.2173,1.00,7.20
2009.04.14 13:39:05.191,1.2171,1.2172,1.00,1.20
2009.04.14 13:39:05.361,1.217,1.2172,8.20,1.20
2009.04.14 13:39:05.601,1.217,1.2172,5.00,1.20
2009.04.14 13:39:10.120,1.2167,1.2169,1.60,1.20
2009.04.14 13:39:10.530,1.2167,1.2169,1.60,1.60
2009.04.14 13:39:10.590,1.2168,1.2169,1.00,3.20
2009.04.14 13:39:11.000,1.2167,1.2169,8.20,4.00
2009.04.14 13:39:11.180,1.21665,1.2168,3.80,1.20
2009.04.14 13:39:11.300,1.2167,1.2168,1.00,1.20
2009.04.14 13:39:12.099,1.2167,1.2168,1.00,1.60
2009.04.14 13:39:12.329,1.21665,1.2167,3.60,1.20
2009.04.14 13:39:12.610,1.21665,1.2167,1.60,1.20
2009.04.14 13:39:13.119,1.21645,1.2168,2.00,3.20
2009.04.14 13:39:14.159,1.2166,1.2168,1.00,4.00
2009.04.14 13:39:14.459,1.2166,1.2168,1.60,3.20
2009.04.14 13:39:15.249,1.2167,1.2168,1.00,3.20
2009.04.14 13:39:15.479,1.2166,1.2168,4.00,3.20
2009.04.14 13:39:15.709,1.2166,1.2168,1.60,3.20
2009.04.14 13:39:16.648,1.2166,1.2168,1.60,2.40
2009.04.14 13:39:16.708,1.2166,1.21685,1.60,2.40
2009.04.14 13:39:16.938,1.2167,1.21685,1.00,2.40
2009.04.14 13:39:16.998,1.2167,1.21685,1.00,1.60
2009.04.14 13:39:17.058,1.2167,1.2169,1.00,1.60
2009.04.14 13:39:17.358,1.2167,1.2169,1.00,4.00
2009.04.14 13:39:20.877,1.2167,1.2169,1.00,4.00
2009.04.14 13:39:21.687,1.2167,1.21685,1.00,2.40
2009.04.14 13:39:23.217,1.2167,1.21685,1.00,2.40
2009.04.14 13:39:23.627,1.2167,1.2169,1.00,1.20
2009.04.14 13:39:34.904,1.2168,1.2169,1.00,1.20
2009.04.14 13:39:35.324,1.21675,1.2169,1.00,1.20
2009.04.14 13:39:35.564,1.2167,1.2169,1.00,1.20
2009.04.14 13:39:40.202,1.2167,1.217,1.00,6.40
2009.04.14 13:39:45.481,1.2167,1.217,1.00,6.40
2009.04.14 13:39:48.160,1.2167,1.217,1.00,6.40
2009.04.14 13:39:49.901,1.2167,1.21685,1.00,1.00
2009.04.14 13:39:50.540,1.2166,1.21665,1.40,1.00
2009.04.14 13:39:51.130,1.2164,1.2166,5.20,1.00
2009.04.14 13:39:51.460,1.21625,1.2166,4.40,1.00
2009.04.14 13:39:52.030,1.21625,1.21665,1.60,1.00
2009.04.14 13:39:52.310,1.21625,1.2166,2.00,1.00
2009.04.14 13:39:52.609,1.2163,1.2167,1.60,5.40
2009.04.14 13:39:52.719,1.2163,1.2166,1.60,1.60
2009.04.14 13:39:52.839,1.2163,1.2165,1.60,4.80
2009.04.14 13:39:53.069,1.2163,1.2165,1.00,4.80
2009.04.14 13:39:54.829,1.2162,1.2165,1.00,6.40
2009.04.14 13:39:56.779,1.2162,1.21645,1.00,4.20
2009.04.14 13:39:57.128,1.2162,1.2164,1.00,3.20
2009.04.14 13:39:57.418,1.2161,1.21635,10.40,2.00
2009.04.14 13:39:57.698,1.2161,1.21635,5.20,2.00
2009.04.14 13:39:59.348,1.2161,1.2163,5.00,3.20
2009.04.14 13:40:00.457,1.21615,1.2163,4.80,3.20
2009.04.14 13:40:00.778,1.2162,1.2163,1.00,3.20
2009.04.14 13:40:01.647,1.2162,1.2163,1.00,2.00
2009.04.14 13:40:02.107,1.2162,1.21635,1.00,2.00
2009.04.14 13:40:02.337,1.2162,1.2164,1.00,3.20
2009.04.14 13:40:05.666,1.2162,1.2164,1.80,2.40
2009.04.14 13:40:05.956,1.2162,1.2165,3.80,6.40
2009.04.14 13:40:08.106,1.2163,1.2165,1.00,5.40
2009.04.14 13:40:08.446,1.2163,1.2165,1.00,4.80
2009.04.14 13:40:11.495,1.2163,1.21645,1.00,1.20
2009.04.14 13:40:11.895,1.2163,1.2165,1.00,4.80
2009.04.14 13:40:12.305,1.21635,1.2166,6.00,7.00
2009.04.14 13:40:12.645,1.2164,1.2166,1.00,4.80
2009.04.14 13:40:16.284,1.2164,1.2166,5.00,4.80
2009.04.14 13:40:16.804,1.2164,1.2166,6.80,4.80
2009.04.14 13:40:16.983,1.2166,1.21665,1.00,2.00
2009.04.14 13:40:17.274,1.2166,1.21665,1.00,1.00
2009.04.14 13:40:17.453,1.2166,1.217,1.00,3.20
2009.04.14 13:40:20.443,1.2168,1.21695,1.00,3.20
2009.04.14 13:40:20.782,1.2168,1.2169,1.00,1.20
2009.04.14 13:40:21.233,1.2167,1.217,1.00,5.40
2009.04.14 13:40:21.583,1.2167,1.2169,1.00,1.20
2009.04.14 13:40:22.612,1.21685,1.21695,5.00,2.00
2009.04.14 13:40:23.142,1.21685,1.21705,3.20,2.00
2009.04.14 13:40:23.252,1.21685,1.217,3.20,1.20
2009.04.14 13:40:23.842,1.21695,1.217,1.60,1.20
2009.04.14 13:40:23.952,1.2166,1.217,2.00,3.20
2009.04.14 13:40:24.632,1.2166,1.217,2.00,3.00
2009.04.14 13:40:27.951,1.2167,1.217,2.00,1.20
2009.04.14 13:40:28.941,1.2167,1.217,1.60,1.20
2009.04.14 13:40:29.111,1.21675,1.217,1.00,1.20
2009.04.14 13:40:29.461,1.21675,1.217,1.00,3.00
2009.04.14 13:40:30.490,1.21675,1.2169,1.00,1.20
2009.04.14 13:40:39.418,1.2168,1.217,3.40,6.40
2009.04.14 13:40:39.868,1.2168,1.217,3.60,4.80
2009.04.14 13:40:40.548,1.2168,1.21685,4.00,1.00
2009.04.14 13:40:40.838,1.2168,1.217,1.00,2.80
2009.04.14 13:40:41.298,1.21675,1.21705,4.80,4.80
2009.04.14 13:40:41.588,1.21675,1.21695,6.00,4.80
2009.04.14 13:40:41.818,1.21675,1.21705,6.00,4.80
2009.04.14 13:40:42.577,1.21675,1.217,4.80,4.80
2009.04.14 13:40:43.037,1.2168,1.217,1.00,5.40
2009.04.14 13:40:47.456,1.2168,1.21695,1.00,6.60
2009.04.14 13:40:47.816,1.2168,1.2169,1.00,2.60
2009.04.14 13:40:48.176,1.2168,1.21695,1.00,4.80
2009.04.14 13:40:55.664,1.2168,1.2169,1.00,1.60
2009.04.14 13:40:56.124,1.2168,1.217,1.00,5.40
2009.04.14 13:40:57.184,1.2168,1.2169,1.00,1.00
2009.04.14 13:40:59.353,1.2167,1.2168,1.00,1.00
2009.04.14 13:40:59.533,1.2166,1.2167,2.30,1.20
2009.04.14 13:40:59.923,1.2167,1.21695,1.00,7.20
2009.04.14 13:41:00.273,1.21665,1.21685,5.60,1.20
2009.04.14 13:41:00.453,1.2167,1.21695,1.00,5.60
2009.04.14 13:41:00.803,1.2167,1.21695,1.00,5.60
2009.04.14 13:41:03.622,1.2167,1.2169,1.00,5.60
2009.04.14 13:41:04.422,1.2167,1.2169,1.00,5.60
2009.04.14 13:41:04.872,1.21645,1.2169,10.80,5.40
2009.04.14 13:41:05.172,1.21645,1.2169,9.20,5.40
2009.04.14 13:41:14.240,1.21665,1.2168,1.00,1.20
2009.04.14 13:41:23.167,1.2166,1.2168,3.40,1.20
2009.04.14 13:41:23.277,1.2166,1.2168,1.00,1.20
2009.04.14 13:41:25.987,1.2166,1.2169,1.00,6.40
2009.04.14 13:41:36.285,1.21645,1.2166,2.40,1.00
2009.04.14 13:41:36.904,1.21625,1.2166,2.20,1.40
2009.04.14 13:41:38.634,1.2164,1.2166,1.00,1.40
2009.04.14 13:41:38.984,1.21635,1.2168,1.60,9.80
2009.04.14 13:41:39.264,1.21635,1.2167,8.80,1.00
2009.04.14 13:41:39.554,1.21645,1.2168,1.00,1.00
2009.04.14 13:41:39.844,1.21645,1.2169,1.00,11.60
2009.04.14 13:41:40.143,1.21645,1.21685,1.00,8.00
2009.04.14 13:41:40.713,1.2165,1.21695,5.20,14.00
2009.04.14 13:41:42.573,1.2165,1.21695,3.60,14.00
2009.04.14 13:41:42.913,1.2165,1.21695,5.20,12.00
2009.04.14 13:41:43.263,1.2165,1.21695,7.60,10.60
2009.04.14 13:41:43.782,1.2165,1.21695,7.60,11.00
2009.04.14 13:41:44.253,1.2165,1.21695,7.60,11.00
2009.04.14 13:41:44.472,1.2165,1.21695,7.80,11.00
2009.04.14 13:41:44.792,1.21655,1.21695,1.00,10.20
2009.04.14 13:41:47.832,1.2165,1.21685,1.00,2.80
2009.04.14 13:41:48.191,1.2165,1.21685,1.00,3.60
2009.04.14 13:41:49.221,1.2165,1.21685,1.00,2.80
2009.04.14 13:41:49.601,1.2165,1.21685,1.00,3.60
2009.04.14 13:41:49.901,1.2165,1.21685,1.00,2.80
2009.04.14 13:41:50.701,1.2165,1.21685,1.00,3.60
2009.04.14 13:41:51.221,1.2165,1.2169,1.60,9.80
2009.04.14 13:41:52.270,1.2165,1.21685,1.60,1.00
2009.04.14 13:41:52.380,1.2165,1.2168,1.60,1.00
2009.04.14 13:41:52.670,1.2165,1.2169,1.60,9.80
2009.04.14 13:41:53.010,1.2165,1.21685,1.60,1.00
2009.04.14 13:41:53.520,1.2165,1.21685,1.60,1.60
2009.04.14 13:41:53.760,1.2165,1.2169,1.60,12.20
2009.04.14 13:41:54.220,1.2165,1.2169,1.60,10.60
2009.04.14 13:41:54.390,1.2165,1.2169,1.60,9.80
2009.04.14 13:41:54.620,1.2165,1.21685,1.60,1.00
2009.04.14 13:41:54.840,1.2165,1.2168,1.60,1.00
2009.04.14 13:41:55.020,1.2165,1.21685,1.60,1.00
2009.04.14 13:41:55.260,1.2165,1.2169,1.60,9.80
2009.04.14 13:41:55.430,1.2165,1.21685,1.60,1.00
2009.04.14 13:41:55.590,1.2165,1.2168,1.60,1.00
2009.04.14 13:41:55.929,1.2165,1.2169,1.60,12.20
2009.04.14 13:41:58.359,1.21665,1.2169,1.00,4.80
2009.04.14 13:41:58.869,1.21665,1.2169,1.00,1.00
2009.04.14 13:42:00.378,1.2167,1.2169,1.00,1.00
2009.04.14 13:42:06.107,1.2167,1.2169,1.00,1.00
2009.04.14 13:42:06.227,1.2167,1.2169,1.00,1.00
2009.04.14 13:42:11.866,1.2168,1.2169,4.80,1.00
2009.04.14 13:42:12.155,1.2168,1.2169,5.00,1.00
2009.04.14 13:42:12.266,1.2168,1.217,8.60,4.80
2009.04.14 13:42:18.834,1.2168,1.21705,8.60,5.60
2009.04.14 13:42:24.842,1.21685,1.21705,4.80,4.80
2009.04.14 13:42:25.003,1.2169,1.2171,1.00,1.20
2009.04.14 13:42:25.822,1.21685,1.2172,4.80,9.80
2009.04.14 13:42:25.932,1.2168,1.21715,3.80,2.80
2009.04.14 13:42:26.262,1.21685,1.21715,3.20,2.80
2009.04.14 13:42:26.382,1.2168,1.21715,7.60,2.80
2009.04.14 13:42:32.901,1.2169,1.21715,1.40,2.80
2009.04.14 13:42:33.201,1.217,1.2172,2.20,3.60
2009.04.14 13:42:33.442,1.21705,1.2172,1.00,5.40
2009.04.14 13:42:34.070,1.21705,1.2172,1.00,1.00
2009.04.14 13:42:49.187,1.2171,1.2172,1.00,1.60
2009.04.14 13:42:49.417,1.2171,1.2173,1.00,4.80
2009.04.14 13:42:49.637,1.2171,1.2173,1.00,1.40
2009.04.14 13:42:49.857,1.2171,1.2173,1.00,1.20
2009.04.14 13:42:51.506,1.21705,1.2173,1.00,1.20
2009.04.14 13:42:52.726,1.21705,1.2173,1.00,1.40
2009.04.14 13:42:53.026,1.217,1.2173,2.20,2.40
2009.04.14 13:42:53.326,1.217,1.21735,2.20,4.80
2009.04.14 13:42:58.035,1.2172,1.2173,1.00,2.40
2009.04.14 13:42:58.215,1.21695,1.2173,4.60,2.40
2009.04.14 13:42:58.664,1.21695,1.2173,2.20,2.40
2009.04.14 13:43:01.024,1.217,1.21735,2.20,4.80
2009.04.14 13:43:01.614,1.217,1.2173,2.20,2.40
2009.04.14 13:43:06.634,1.217,1.21735,2.20,4.80
2009.04.14 13:43:07.282,1.217,1.2173,2.20,2.40
2009.04.14 13:43:07.862,1.2171,1.2173,1.00,1.40
2009.04.14 13:43:08.242,1.2171,1.2173,3.60,1.20
2009.04.14 13:43:09.292,1.2171,1.2173,1.00,1.20
2009.04.14 13:43:09.592,1.21705,1.2173,1.00,1.20
2009.04.14 13:43:10.473,1.217,1.2173,2.20,1.20
2009.04.14 13:43:11.311,1.217,1.2173,1.00,1.20
2009.04.14 13:43:11.611,1.217,1.2173,1.00,1.60
2009.04.14 13:43:13.731,1.217,1.21735,1.00,3.80
2009.04.14 13:43:16.570,1.21695,1.2173,3.40,1.60
2009.04.14 13:43:16.900,1.21695,1.2173,1.80,1.60
2009.04.14 13:43:17.600,1.21695,1.2173,1.80,1.60
2009.04.14 13:43:27.837,1.217,1.2172,1.00,1.00
2009.04.14 13:43:29.437,1.217,1.2172,1.00,1.60
2009.04.14 13:43:29.997,1.2171,1.2172,1.00,1.00
2009.04.14 13:43:30.237,1.2171,1.21725,1.00,1.00
2009.04.14 13:43:30.757,1.2171,1.21725,1.00,1.00
2009.04.14 13:43:33.276,1.21705,1.2172,1.60,1.60
2009.04.14 13:43:33.396,1.217,1.2172,1.00,1.60
2009.04.14 13:43:35.046,1.21695,1.2174,1.80,10.00
2009.04.14 13:43:36.885,1.21695,1.2173,1.80,1.60
2009.04.14 13:43:37.685,1.21695,1.2172,1.80,1.00
2009.04.14 13:43:37.965,1.217,1.2172,1.00,1.60
2009.04.14 13:43:42.174,1.21675,1.217,10.20,1.60
2009.04.14 13:43:43.144,1.2168,1.217,1.00,1.60
2009.04.14 13:43:43.603,1.2168,1.2169,1.00,1.00
2009.04.14 13:44:06.548,1.21675,1.2169,3.60,1.00
2009.04.14 13:44:07.198,1.2167,1.2168,1.00,1.60
2009.04.14 13:44:07.478,1.2167,1.2168,1.00,1.00
2009.04.14 13:44:08.407,1.2167,1.2169,1.00,4.80
2009.04.14 13:44:08.757,1.2167,1.2169,1.00,1.60
2009.04.14 13:44:12.686,1.2168,1.2169,1.00,1.60
2009.04.14 13:44:13.426,1.2167,1.2169,1.00,1.60
2009.04.14 13:44:15.897,1.2167,1.2168,1.00,4.80
2009.04.14 13:44:18.545,1.2167,1.21685,1.00,4.40
2009.04.14 13:44:18.895,1.2167,1.21705,3.60,1.60
2009.04.14 13:44:19.235,1.2168,1.2171,1.00,5.60
2009.04.14 13:44:19.625,1.2168,1.21705,1.00,1.20
2009.04.14 13:44:20.024,1.2166,1.2171,6.40,5.60
2009.04.14 13:44:20.194,1.21675,1.21705,1.00,5.60
2009.04.14 13:44:21.174,1.21675,1.217,1.00,1.20
2009.04.14 13:44:22.774,1.2168,1.2169,1.00,4.80
2009.04.14 13:44:26.523,1.21675,1.2169,2.60,4.80
2009.04.14 13:44:26.693,1.2167,1.2169,1.00,4.80
2009.04.14 13:44:27.983,1.2168,1.2169,1.00,4.80
2009.04.14 13:44:28.282,1.2168,1.21695,1.00,4.40
2009.04.14 13:44:28.393,1.21675,1.21695,1.00,1.60
2009.04.14 13:44:28.822,1.21665,1.217,7.20,1.20
2009.04.14 13:44:29.552,1.21675,1.217,1.00,1.20
2009.04.14 13:44:29.842,1.21675,1.2169,1.00,1.60
2009.04.14 13:44:32.622,1.2168,1.2169,1.00,1.00
2009.04.14 13:44:36.091,1.21675,1.2169,1.00,1.00
2009.04.14 13:44:36.310,1.2167,1.2169,1.00,1.00
2009.04.14 13:44:38.370,1.2167,1.21685,1.00,1.00
2009.04.14 13:44:40.770,1.2167,1.21685,1.00,1.00
2009.04.14 13:44:41.289,1.2165,1.2168,3.40,1.60
2009.04.14 13:44:41.729,1.21645,1.2168,5.40,1.60
2009.04.14 13:44:51.357,1.21665,1.2168,1.00,1.60
2009.04.14 13:44:52.327,1.21645,1.2168,5.40,1.60
2009.04.14 13:44:56.676,1.21665,1.2168,1.00,1.60
2009.04.14 13:44:57.046,1.2166,1.2168,3.20,1.00
2009.04.14 13:44:57.156,1.21655,1.2168,1.00,1.00
2009.04.14 13:44:57.775,1.2165,1.2168,5.40,1.60
2009.04.14 13:45:00.415,1.2165,1.2168,5.40,5.40
2009.04.14 13:45:00.645,1.2165,1.2168,7.80,5.40
2009.04.14 13:45:03.104,1.2165,1.2168,9.40,5.40
2009.04.14 13:45:03.974,1.21665,1.2168,1.00,5.40
2009.04.14 13:45:04.304,1.21665,1.2168,1.00,1.00
2009.04.14 13:45:04.644,1.21665,1.2169,1.00,1.60
2009.04.14 13:45:10.173,1.2167,1.2169,1.00,3.60
2009.04.14 13:45:10.472,1.2167,1.2169,1.00,3.60
2009.04.14 13:45:10.813,1.2167,1.21685,1.00,3.20
2009.04.14 13:45:11.392,1.2167,1.21685,1.00,3.20
2009.04.14 13:45:11.782,1.2167,1.2169,1.00,3.20
2009.04.14 13:45:16.141,1.2167,1.21695,1.00,2.00
2009.04.14 13:45:17.901,1.2167,1.21695,1.00,1.40
2009.04.14 13:45:18.181,1.2167,1.21695,1.00,1.00
2009.04.14 13:45:22.030,1.2168,1.21695,1.00,1.00
2009.04.14 13:45:22.330,1.2167,1.21695,2.00,1.00
2009.04.14 13:45:22.619,1.2167,1.21695,3.60,1.00
2009.04.14 13:45:23.649,1.21685,1.21695,1.00,1.00
2009.04.14 13:45:24.009,1.2167,1.2172,4.60,6.00
2009.04.14 13:45:24.349,1.2167,1.2172,3.80,2.00
2009.04.14 13:45:26.179,1.2168,1.217,3.60,5.40
2009.04.14 13:45:26.538,1.21675,1.217,1.80,2.60
2009.04.14 13:45:26.718,1.21675,1.217,2.20,5.00
2009.04.14 13:45:27.248,1.2168,1.2169,1.00,4.80
2009.04.14 13:45:27.988,1.2168,1.2169,1.00,5.40
2009.04.14 13:45:28.498,1.2168,1.2169,1.00,4.80
2009.04.14 13:45:30.997,1.2168,1.2169,1.00,6.80
2009.04.14 13:45:31.277,1.2168,1.2169,1.00,10.00
2009.04.14 13:45:31.447,1.2167,1.2169,3.80,4.80
2009.04.14 13:45:31.727,1.2167,1.2169,2.20,4.80
2009.04.14 13:45:32.127,1.2167,1.2169,1.00,4.80
2009.04.14 13:45:32.857,1.2168,1.2169,1.00,4.80
2009.04.14 13:45:34.346,1.2168,1.21695,2.00,4.80
2009.04.14 13:45:34.866,1.2168,1.217,3.80,4.80
2009.04.14 13:45:36.336,1.2168,1.217,3.80,13.80
2009.04.14 13:45:36.886,1.2168,1.21695,5.00,6.00
2009.04.14 13:45:37.056,1.2168,1.21705,8.60,8.80
2009.04.14 13:45:37.396,1.21685,1.21705,2.20,4.80
2009.04.14 13:45:37.676,1.21695,1.217,1.00,4.80
2009.04.14 13:45:44.094,1.21675,1.217,1.80,4.80
2009.04.14 13:45:44.504,1.21675,1.217,3.80,4.80
2009.04.14 13:45:51.013,1.2168,1.217,3.80,5.40
2009.04.14 13:45:51.132,1.2168,1.217,3.80,13.80
2009.04.14 13:45:51.912,1.2168,1.21695,3.60,4.80
2009.04.14 13:45:53.862,1.2168,1.2169,3.60,4.80
2009.04.14 13:45:54.082,1.2168,1.2169,2.00,4.80
2009.04.14 13:45:54.252,1.2167,1.2169,1.00,4.80
2009.04.14 13:45:55.122,1.21675,1.217,1.00,10.60
2009.04.14 13:45:55.991,1.21675,1.217,2.20,10.60
2009.04.14 13:45:56.391,1.21675,1.217,3.80,10.60
2009.04.14 13:45:57.301,1.21675,1.217,5.40,10.60
2009.04.14 13:45:57.411,1.21675,1.217,6.20,10.60
2009.04.14 13:45:58.051,1.2167,1.2169,5.00,4.80
2009.04.14 13:45:58.751,1.2167,1.217,5.00,6.80
2009.04.14 13:45:58.981,1.2167,1.217,5.00,4.80
2009.04.14 13:46:01.180,1.2167,1.2169,1.00,4.80
2009.04.14 13:46:02.520,1.2167,1.2169,5.00,4.80
2009.04.14 13:46:02.980,1.21675,1.217,3.00,13.80
2009.04.14 13:46:03.159,1.21675,1.217,6.20,13.80
2009.04.14 13:46:03.399,1.21675,1.217,7.00,13.80
2009.04.14 13:46:03.629,1.2168,1.217,1.00,15.40
2009.04.14 13:46:04.549,1.2167,1.2169,8.60,4.80
2009.04.14 13:46:04.769,1.2167,1.2169,1.00,4.80
2009.04.14 13:46:09.248,1.2168,1.2169,1.00,4.80
2009.04.14 13:46:17.146,1.2168,1.21695,3.60,4.80
2009.04.14 13:46:17.597,1.2167,1.21695,12.20,4.80
2009.04.14 13:46:17.766,1.2168,1.217,1.00,4.80
2009.04.14 13:46:18.066,1.21675,1.217,1.00,4.80
2009.04.14 13:46:18.346,1.21665,1.217,5.00,4.80
2009.04.14 13:46:19.496,1.2168,1.217,1.00,4.80
2009.04.14 13:46:20.465,1.2168,1.217,1.00,4.80
2009.04.14 13:46:21.195,1.2168,1.217,1.00,4.80
2009.04.14 13:46:35.182,1.2168,1.217,1.00,4.80
2009.04.14 13:46:35.462,1.2168,1.217,3.80,4.80
2009.04.14 13:46:54.967,1.2168,1.217,5.20,4.80
2009.04.14 13:46:55.077,1.2168,1.21705,5.00,4.80
2009.04.14 13:46:55.467,1.2168,1.2171,5.00,1.40
2009.04.14 13:46:55.647,1.2168,1.2171,5.20,1.40
2009.04.14 13:46:59.816,1.2168,1.2171,5.20,1.60
2009.04.14 13:47:00.456,1.2168,1.2171,5.20,2.00
2009.04.14 13:47:00.746,1.2168,1.2171,5.20,2.20
2009.04.14 13:47:01.266,1.2168,1.21705,5.00,1.20
2009.04.14 13:47:06.434,1.2169,1.21705,5.00,1.20
2009.04.14 13:47:06.755,1.2169,1.2171,1.00,4.80
2009.04.14 13:47:09.534,1.2169,1.2171,1.00,4.80
2009.04.14 13:47:12.983,1.217,1.2172,1.00,5.20
2009.04.14 13:47:13.453,1.217,1.2172,1.00,4.80
2009.04.14 13:47:13.793,1.2169,1.2172,5.00,4.80
2009.04.14 13:47:16.272,1.217,1.2172,1.00,4.80
2009.04.14 13:47:16.612,1.217,1.2172,1.00,4.80
2009.04.14 13:47:17.162,1.217,1.2171,1.00,4.80
2009.04.14 13:47:17.522,1.2168,1.21715,1.60,10.60
2009.04.14 13:47:20.521,1.21695,1.21705,1.00,1.60
2009.04.14 13:47:20.821,1.21695,1.21725,1.00,4.80
2009.04.14 13:47:25.570,1.2171,1.2172,1.00,4.80
2009.04.14 13:47:25.910,1.21705,1.21725,1.60,1.60
2009.04.14 13:47:26.250,1.21705,1.2172,1.20,4.80
2009.04.14 13:47:27.019,1.21685,1.2172,5.00,4.80
2009.04.14 13:47:29.869,1.2169,1.21715,2.60,1.00
2009.04.14 13:47:30.108,1.2169,1.2171,1.00,4.80
2009.04.14 13:47:30.839,1.21695,1.2172,2.20,10.60
2009.04.14 13:47:30.958,1.21695,1.2172,3.80,10.60
2009.04.14 13:47:32.558,1.21695,1.2172,2.00,10.60
2009.04.14 13:47:32.918,1.217,1.21715,8.60,3.20
2009.04.14 13:47:33.258,1.21705,1.2172,5.60,4.80
2009.04.14 13:47:33.618,1.217,1.2172,1.00,4.80
2009.04.14 13:47:34.587,1.2171,1.2172,1.00,4.80
2009.04.14 13:47:35.267,1.217,1.2172,2.20,4.80
2009.04.14 13:47:35.557,1.2171,1.2172,1.00,4.80
2009.04.14 13:47:35.887,1.2171,1.21725,3.60,4.80
2009.04.14 13:47:37.597,1.217,1.2173,6.60,5.40
2009.04.14 13:47:37.877,1.217,1.2173,5.00,4.80
2009.04.14 13:47:39.297,1.217,1.2172,5.00,3.20
2009.04.14 13:47:39.586,1.217,1.2172,1.00,10.60
2009.04.14 13:47:39.766,1.21695,1.2172,6.60,13.80
2009.04.14 13:47:40.216,1.21695,1.2172,6.20,13.80
2009.04.14 13:47:41.596,1.21695,1.21705,5.60,4.80
2009.04.14 13:47:42.296,1.21675,1.21705,6.20,4.80
2009.04.14 13:47:47.154,1.2167,1.217,1.00,5.40
2009.04.14 13:47:48.624,1.21665,1.217,4.20,3.60
2009.04.14 13:47:48.974,1.21665,1.2171,4.80,8.00
2009.04.14 13:47:49.504,1.21665,1.21705,4.80,4.80
2009.04.14 13:47:49.864,1.21665,1.21705,3.80,10.00
2009.04.14 13:47:50.534,1.21665,1.217,4.60,2.00
2009.04.14 13:47:51.154,1.2167,1.2172,2.00,20.20
2009.04.14 13:47:51.494,1.2167,1.21715,5.00,4.80
2009.04.14 13:47:52.683,1.2168,1.2171,2.00,4.80
2009.04.14 13:47:53.064,1.2168,1.2171,6.20,5.40
2009.04.14 13:47:53.643,1.2168,1.2171,5.00,2.00
2009.04.14 13:47:54.802,1.2168,1.2171,7.60,2.00
2009.04.14 13:47:55.143,1.21695,1.2172,1.00,10.00
2009.04.14 13:47:55.482,1.21695,1.21715,1.00,2.00
2009.04.14 13:47:55.943,1.21695,1.21725,1.00,5.80
2009.04.14 13:47:58.872,1.2171,1.21735,3.40,5.80
2009.04.14 13:47:59.461,1.217,1.21735,1.00,5.80
2009.04.14 13:47:59.831,1.217,1.21725,1.00,5.40
2009.04.14 13:48:01.311,1.217,1.2173,1.00,3.60
2009.04.14 13:48:01.591,1.217,1.2173,1.00,2.00
2009.04.14 13:48:02.243,1.2172,1.21745,1.00,3.60
2009.04.14 13:48:02.591,1.217,1.21745,1.80,3.20
2009.04.14 13:48:03.181,1.2171,1.21735,1.00,1.00
2009.04.14 13:48:07.109,1.2171,1.21735,1.00,3.00
2009.04.14 13:48:07.780,1.21705,1.21725,6.20,1.00
2009.04.14 13:48:08.409,1.21695,1.21715,8.00,4.80
2009.04.14 13:48:08.749,1.2169,1.2172,1.00,1.00
2009.04.14 13:48:14.008,1.2168,1.21715,15.40,1.00
2009.04.14 13:48:14.358,1.2168,1.21715,5.40,1.00
2009.04.14 13:48:14.698,1.2168,1.2171,9.40,1.00
2009.04.14 13:48:15.028,1.2168,1.21715,6.20,1.60
2009.04.14 13:48:15.198,1.2168,1.21715,6.00,2.80
2009.04.14 13:48:15.738,1.2168,1.21705,6.00,1.00
2009.04.14 13:48:16.737,1.21685,1.217,1.60,5.40
2009.04.14 13:48:17.097,1.217,1.2172,1.00,1.60
2009.04.14 13:48:17.397,1.2168,1.2173,5.20,5.40
2009.04.14 13:48:17.797,1.21675,1.2173,2.60,5.40
2009.04.14 13:48:18.137,1.21685,1.21725,1.00,5.40
2009.04.14 13:48:19.167,1.21685,1.21725,1.00,6.20
2009.04.14 13:48:19.797,1.21685,1.21725,1.00,5.40
2009.04.14 13:48:21.696,1.21685,1.21725,1.00,8.40
2009.04.14 13:48:22.546,1.2169,1.21725,1.00,4.40
2009.04.14 13:48:23.218,1.2169,1.2172,1.00,4.80
2009.04.14 13:48:23.556,1.2169,1.21725,1.00,5.00
2009.04.14 13:48:23.896,1.2169,1.21725,1.00,1.00
2009.04.14 13:48:24.246,1.217,1.2173,1.00,4.80
2009.04.14 13:48:24.585,1.217,1.21735,1.00,6.40
2009.04.14 13:48:27.505,1.217,1.2172,1.00,1.00
2009.04.14 13:48:30.484,1.2169,1.21715,1.60,1.00
2009.04.14 13:48:31.234,1.217,1.21715,1.00,1.00
2009.04.14 13:48:32.503,1.217,1.21705,1.00,4.80
2009.04.14 13:48:33.123,1.217,1.21715,1.00,1.40
2009.04.14 13:48:33.473,1.217,1.21715,1.00,1.00
2009.04.14 13:48:35.193,1.217,1.21715,1.00,1.00
2009.04.14 13:48:35.363,1.217,1.2172,1.00,5.40
2009.04.14 13:48:36.463,1.217,1.2171,1.00,4.80
2009.04.14 13:48:37.042,1.2169,1.21715,4.80,13.20
2009.04.14 13:48:37.282,1.21685,1.21715,3.80,13.80
2009.04.14 13:48:37.522,1.21685,1.2171,4.60,13.80
2009.04.14 13:48:37.862,1.21685,1.2171,6.20,13.80
2009.04.14 13:48:38.162,1.21695,1.2172,1.00,5.40
2009.04.14 13:48:41.981,1.217,1.2172,1.00,1.00
2009.04.14 13:48:42.391,1.217,1.2173,1.00,3.20
2009.04.14 13:48:42.731,1.21695,1.21735,4.00,5.60
2009.04.14 13:48:43.081,1.21705,1.21735,1.00,4.80
2009.04.14 13:48:44.151,1.2171,1.2173,1.00,4.80
2009.04.14 13:48:44.750,1.2171,1.21735,1.00,4.80
2009.04.14 13:48:47.110,1.21725,1.21755,1.00,9.80
2009.04.14 13:48:47.580,1.21725,1.21755,1.00,8.40
2009.04.14 13:48:48.390,1.2173,1.2174,1.00,3.20
2009.04.14 13:48:48.790,1.2173,1.21735,1.20,4.80
2009.04.14 13:48:49.129,1.2173,1.21735,1.60,3.20
2009.04.14 13:48:49.409,1.2173,1.21755,1.20,5.40
2009.04.14 13:48:49.689,1.2173,1.21755,1.60,5.40
2009.04.14 13:48:53.098,1.2173,1.2174,1.60,4.80
2009.04.14 13:48:55.508,1.2174,1.2175,1.00,4.80
2009.04.14 13:48:56.298,1.2174,1.21755,1.00,4.80
2009.04.14 13:48:56.638,1.2174,1.2176,2.80,6.40
2009.04.14 13:48:56.928,1.2174,1.2176,5.00,4.80
2009.04.14 13:48:57.557,1.21735,1.2176,5.80,4.80
2009.04.14 13:48:58.307,1.21735,1.2176,5.20,4.80
2009.04.14 13:48:58.637,1.21735,1.2176,4.80,4.80
2009.04.14 13:48:58.937,1.2173,1.2175,11.60,4.80
2009.04.14 13:49:04.536,1.21735,1.2175,1.00,5.40
2009.04.14 13:49:04.815,1.2173,1.2175,1.60,5.40
2009.04.14 13:49:06.935,1.21735,1.2176,1.00,12.80
2009.04.14 13:49:07.285,1.21735,1.2176,1.20,10.80
2009.04.14 13:49:07.515,1.21735,1.2176,1.20,7.60
2009.04.14 13:49:09.935,1.21735,1.2176,1.20,8.00
2009.04.14 13:49:10.045,1.2174,1.2176,1.00,8.00
2009.04.14 13:49:11.914,1.21735,1.2175,1.20,5.40
2009.04.14 13:49:12.904,1.2173,1.2175,1.60,5.40
2009.04.14 13:49:14.573,1.2173,1.2175,1.80,4.80
2009.04.14 13:49:16.643,1.2174,1.2175,1.20,5.40
2009.04.14 13:49:23.731,1.2174,1.2175,1.20,7.70
2009.04.14 13:49:24.661,1.2174,1.2175,1.20,5.40
2009.04.14 13:49:30.350,1.2174,1.2175,1.20,7.00
2009.04.14 13:49:31.059,1.2174,1.21745,1.20,5.20
2009.04.14 13:49:34.599,1.2174,1.2175,1.20,5.40
2009.04.14 13:49:34.888,1.2174,1.2175,1.40,5.40
2009.04.14 13:49:36.928,1.2174,1.2175,1.20,5.40
2009.04.14 13:49:38.708,1.2172,1.2174,1.20,1.20
2009.04.14 13:49:39.407,1.21705,1.2174,3.40,1.00
2009.04.14 13:49:40.048,1.21705,1.2174,3.40,1.00
2009.04.14 13:49:40.457,1.2171,1.2174,3.40,1.20
2009.04.14 13:49:40.687,1.2171,1.21745,3.40,5.60
2009.04.14 13:49:41.187,1.2171,1.2174,1.60,4.80
2009.04.14 13:49:41.587,1.2171,1.21735,1.60,4.80
2009.04.14 13:49:41.879,1.2171,1.2174,1.60,4.80
2009.04.14 13:49:44.966,1.2171,1.2173,1.60,1.00
2009.04.14 13:49:45.206,1.21705,1.2173,1.20,5.40
2009.04.14 13:49:45.477,1.21705,1.2173,1.20,8.60
2009.04.14 13:49:45.816,1.217,1.2172,1.00,4.80
2009.04.14 13:49:50.295,1.21695,1.2171,1.00,1.20
2009.04.14 13:49:50.645,1.2166,1.21695,2.20,4.80
2009.04.14 13:49:50.985,1.21655,1.21685,2.80,1.40
2009.04.14 13:49:51.375,1.2165,1.21695,5.40,5.40
2009.04.14 13:49:53.284,1.21675,1.2169,3.20,5.40
2009.04.14 13:49:53.974,1.2167,1.217,4.80,4.80
2009.04.14 13:49:54.324,1.21665,1.21705,4.20,6.40
2009.04.14 13:49:55.014,1.21665,1.217,9.20,4.80
2009.04.14 13:49:55.633,1.21675,1.21705,1.20,4.80
2009.04.14 13:49:56.313,1.21675,1.21705,1.20,8.00
2009.04.14 13:49:56.603,1.21685,1.21705,1.00,3.20
2009.04.14 13:49:57.313,1.2168,1.21715,4.80,8.20
2009.04.14 13:49:57.713,1.21685,1.2171,4.80,3.20
2009.04.14 13:49:58.353,1.2169,1.21715,1.00,3.60
2009.04.14 13:49:58.763,1.2169,1.2172,2.00,2.00
2009.04.14 13:49:59.103,1.2169,1.2172,3.40,2.00
2009.04.14 13:50:01.832,1.2169,1.2172,3.40,1.00
2009.04.14 13:50:02.451,1.217,1.21725,1.00,2.40
2009.04.14 13:50:02.853,1.217,1.2173,1.00,10.00
2009.04.14 13:50:03.142,1.217,1.2173,1.00,8.40
2009.04.14 13:50:04.511,1.217,1.2173,1.60,4.80
2009.04.14 13:50:05.131,1.21705,1.2173,1.20,4.80
2009.04.14 13:50:06.961,1.2171,1.2173,2.20,4.80
2009.04.14 13:50:07.240,1.2171,1.2173,2.60,4.80
2009.04.14 13:50:07.570,1.217,1.21725,13.00,5.60
2009.04.14 13:50:07.961,1.217,1.21715,1.00,1.00
2009.04.14 13:50:08.260,1.2169,1.21715,1.60,1.00
2009.04.14 13:50:08.600,1.2169,1.21715,1.00,1.20
2009.04.14 13:50:08.980,1.2167,1.2171,1.80,4.80
2009.04.14 13:50:09.320,1.21675,1.2171,1.20,4.80
2009.04.14 13:50:09.380,1.21675,1.2171,1.00,4.80
2009.04.14 13:50:11.469,1.2168,1.2171,1.60,4.80
2009.04.14 13:50:14.429,1.2168,1.2171,1.60,5.40
2009.04.14 13:50:16.038,1.2168,1.2171,1.80,5.40
2009.04.14 13:50:17.088,1.2168,1.2171,1.60,5.40
2009.04.14 13:50:22.627,1.21695,1.2171,1.00,1.00
2009.04.14 13:50:22.987,1.21705,1.21735,1.20,4.80
2009.04.14 13:50:23.277,1.2171,1.21735,1.20,4.80
2009.04.14 13:50:23.666,1.2172,1.2174,1.00,3.20
2009.04.14 13:50:24.066,1.21725,1.21735,1.20,3.20
2009.04.14 13:50:24.406,1.21725,1.2174,1.20,8.60
2009.04.14 13:50:24.806,1.21725,1.2174,1.20,5.40
2009.04.14 13:50:27.645,1.2173,1.21735,1.00,4.80
2009.04.14 13:50:28.056,1.2172,1.2174,1.00,5.40
2009.04.14 13:50:30.705,1.2172,1.2173,1.00,4.80
2009.04.14 13:50:31.225,1.21715,1.2173,1.00,4.80
2009.04.14 13:50:32.314,1.2171,1.2173,1.00,5.40
2009.04.14 13:50:32.714,1.217,1.2173,6.00,5.40
2009.04.14 13:50:33.064,1.21695,1.2173,3.20,5.40
2009.04.14 13:50:33.624,1.217,1.2173,1.00,5.40
2009.04.14 13:50:33.914,1.217,1.2172,1.00,3.20
2009.04.14 13:50:34.244,1.217,1.2173,1.00,8.60
2009.04.14 13:50:34.734,1.21695,1.21715,8.40,2.00
2009.04.14 13:50:34.964,1.2169,1.21715,4.00,2.00
2009.04.14 13:50:35.324,1.2168,1.21715,6.40,2.00
2009.04.14 13:50:35.544,1.2169,1.21715,1.00,2.00
2009.04.14 13:50:35.874,1.2169,1.21715,1.00,8.40
2009.04.14 13:50:36.053,1.2167,1.21705,1.80,1.00
2009.04.14 13:50:36.473,1.2167,1.21705,1.00,5.40
2009.04.14 13:50:37.423,1.21665,1.217,2.00,8.60
2009.04.14 13:50:37.713,1.2167,1.217,1.00,8.60
2009.04.14 13:50:38.053,1.2167,1.217,1.00,11.60
2009.04.14 13:50:38.633,1.2166,1.217,3.20,11.60
2009.04.14 13:50:38.983,1.2166,1.217,1.00,11.60
2009.04.14 13:50:40.683,1.21665,1.217,1.00,11.60
2009.04.14 13:50:40.912,1.2167,1.217,1.00,11.60
2009.04.14 13:50:41.252,1.2168,1.217,1.00,3.20
2009.04.14 13:50:41.542,1.21675,1.2172,2.20,17.00
2009.04.14 13:50:41.892,1.21675,1.2172,3.40,12.00
2009.04.14 13:50:42.352,1.21675,1.2172,3.40,6.80
2009.04.14 13:50:42.692,1.2167,1.21705,5.40,3.20
2009.04.14 13:50:43.052,1.2167,1.21695,2.20,1.00
2009.04.14 13:50:43.342,1.2167,1.21695,1.00,1.00
2009.04.14 13:50:43.682,1.2167,1.21705,1.00,5.40
2009.04.14 13:50:43.972,1.2167,1.217,1.00,2.60
2009.04.14 13:50:44.781,1.21675,1.21695,1.00,1.00
2009.04.14 13:50:46.501,1.2168,1.21695,1.00,1.00
2009.04.14 13:50:47.061,1.2167,1.21685,5.60,1.00
2009.04.14 13:50:47.171,1.21645,1.21685,4.60,2.40
2009.04.14 13:50:47.731,1.2164,1.21685,1.60,2.40
2009.04.14 13:50:48.021,1.21645,1.21685,2.40,3.60
2009.04.14 13:50:48.311,1.21645,1.2168,1.00,3.60
2009.04.14 13:50:49.060,1.21625,1.2166,3.40,1.00
2009.04.14 13:50:49.410,1.21625,1.2166,4.00,1.00
2009.04.14 13:50:50.110,1.2162,1.2165,3.80,2.40
2009.04.14 13:50:50.560,1.2162,1.2165,1.80,2.80
2009.04.14 13:50:50.890,1.2162,1.2165,4.40,2.80
2009.04.14 13:50:51.870,1.2164,1.2165,1.00,1.60
2009.04.14 13:50:52.450,1.2163,1.2165,1.00,1.00
2009.04.14 13:50:52.809,1.2163,1.2166,1.00,1.60
2009.04.14 13:50:53.490,1.2164,1.2166,1.00,1.00
2009.04.14 13:50:53.829,1.2164,1.2166,1.00,1.00
2009.04.14 13:50:54.579,1.2164,1.2166,1.00,1.00
2009.04.14 13:51:03.517,1.2164,1.2165,1.00,2.00
2009.04.14 13:51:04.237,1.2164,1.21655,1.00,6.60
2009.04.14 13:51:04.706,1.2164,1.21655,1.00,6.80
2009.04.14 13:51:05.177,1.2164,1.2165,1.00,1.00
2009.04.14 13:51:05.407,1.2164,1.2166,1.00,1.60
2009.04.14 13:51:07.316,1.2164,1.2166,1.00,1.00
2009.04.14 13:51:07.606,1.2164,1.21665,1.00,1.00
2009.04.14 13:51:08.236,1.2164,1.21655,1.00,1.00
2009.04.14 13:51:09.835,1.2163,1.21665,4.80,1.00
2009.04.14 13:51:10.225,1.2162,1.2166,7.80,4.80
2009.04.14 13:51:10.505,1.2162,1.2166,5.40,4.80
2009.04.14 13:51:13.425,1.21635,1.2167,4.80,5.40
2009.04.14 13:51:13.724,1.2164,1.21665,1.60,1.00
2009.04.14 13:51:14.024,1.21625,1.21665,5.00,1.00
2009.04.14 13:51:14.324,1.21625,1.21665,1.00,1.00
2009.04.14 13:51:16.514,1.2164,1.21665,1.00,1.00
2009.04.14 13:51:17.774,1.2165,1.21665,1.00,1.00
2009.04.14 13:51:18.173,1.2165,1.2167,1.00,5.40
2009.04.14 13:51:19.743,1.2165,1.2166,1.00,2.00
2009.04.14 13:51:19.863,1.2165,1.2167,1.00,5.40
2009.04.14 13:51:23.292,1.2165,1.21675,1.00,4.40
2009.04.14 13:51:23.762,1.2165,1.21685,1.00,11.60
2009.04.14 13:51:25.322,1.2165,1.21685,1.00,11.40
2009.04.14 13:51:25.742,1.2165,1.21685,1.00,8.00
2009.04.14 13:51:26.032,1.2165,1.2168,1.00,1.00
2009.04.14 13:51:26.322,1.2165,1.2169,2.00,7.60
2009.04.14 13:51:26.771,1.2165,1.2168,6.00,1.00
2009.04.14 13:51:27.231,1.2165,1.21685,6.00,2.20
2009.04.14 13:51:27.401,1.2165,1.2168,6.00,1.00
2009.04.14 13:51:28.431,1.2165,1.21685,6.00,2.20
2009.04.14 13:51:29.380,1.2165,1.21685,5.20,2.20
2009.04.14 13:51:30.870,1.2165,1.21685,5.20,2.40
2009.04.14 13:51:31.100,1.2165,1.21685,2.00,2.60
2009.04.14 13:51:32.200,1.2165,1.21685,1.60,6.60
2009.04.14 13:51:32.420,1.2165,1.21685,1.60,6.60
2009.04.14 13:51:32.870,1.2166,1.2168,8.40,1.40
2009.04.14 13:51:33.110,1.2167,1.2168,1.00,1.40
2009.04.14 13:51:34.159,1.2167,1.2168,1.00,1.00
2009.04.14 13:51:34.869,1.2167,1.2168,1.00,1.40
2009.04.14 13:51:38.339,1.2167,1.21685,1.00,6.00
2009.04.14 13:51:38.678,1.21645,1.21685,5.20,3.40
2009.04.14 13:51:39.059,1.21645,1.2169,5.20,10.80
2009.04.14 13:51:39.618,1.21645,1.2169,5.20,7.60
2009.04.14 13:51:44.327,1.2167,1.21695,1.00,10.60
2009.04.14 13:51:44.547,1.2167,1.21695,1.00,3.60
2009.04.14 13:51:46.317,1.2166,1.21695,1.00,3.60
2009.04.14 13:51:46.777,1.2166,1.21695,1.00,5.20
2009.04.14 13:51:46.996,1.2166,1.21695,1.00,6.00
2009.04.14 13:51:47.406,1.2166,1.21695,1.00,3.60
2009.04.14 13:51:47.646,1.2167,1.21695,1.00,3.60
2009.04.14 13:51:48.676,1.2167,1.21695,1.00,1.00
2009.04.14 13:51:56.044,1.2167,1.21695,1.00,1.00
2009.04.14 13:51:56.974,1.21685,1.21695,1.00,1.00
2009.04.14 13:51:59.473,1.2169,1.217,1.00,5.40
2009.04.14 13:52:05.242,1.2169,1.21695,1.00,1.00
2009.04.14 13:52:06.192,1.2169,1.21695,1.00,3.60
2009.04.14 13:52:06.492,1.2169,1.21695,1.00,6.60
2009.04.14 13:52:07.121,1.2169,1.21695,1.00,6.40
2009.04.14 13:52:07.451,1.2169,1.21695,1.00,6.00
2009.04.14 13:52:08.501,1.2169,1.21695,1.00,5.60
2009.04.14 13:52:08.681,1.2169,1.21695,1.00,6.40
2009.04.14 13:52:09.091,1.2169,1.21695,1.00,1.80
2009.04.14 13:52:09.381,1.2169,1.21695,1.00,1.00
2009.04.14 13:52:13.480,1.2167,1.21685,3.20,1.20
2009.04.14 13:52:14.171,1.2165,1.21685,2.20,1.80
2009.04.14 13:52:14.619,1.2165,1.21685,1.60,2.60
2009.04.14 13:52:15.139,1.2165,1.21685,1.60,2.40
2009.04.14 13:52:15.249,1.2166,1.21685,1.60,2.20
2009.04.14 13:52:15.419,1.2166,1.21685,1.60,2.00
2009.04.14 13:52:15.709,1.2166,1.21685,1.60,1.60
2009.04.14 13:52:16.169,1.2166,1.21695,1.60,6.00
2009.04.14 13:52:16.459,1.2166,1.21695,1.60,3.60
2009.04.14 13:52:16.799,1.2167,1.21695,1.00,3.60
2009.04.14 13:52:17.099,1.2167,1.21695,1.00,3.60
2009.04.14 13:52:17.619,1.2167,1.21695,1.00,1.00
2009.04.14 13:52:23.427,1.2166,1.21695,1.60,3.60
2009.04.14 13:52:25.747,1.2166,1.21695,1.60,6.00
2009.04.14 13:52:26.187,1.2166,1.21695,1.60,3.60
2009.04.14 13:52:26.416,1.2166,1.21695,1.60,4.40
2009.04.14 13:52:27.336,1.2166,1.21695,1.60,3.60
2009.04.14 13:52:29.946,1.2166,1.21675,1.60,1.00
2009.04.14 13:52:30.116,1.21655,1.2166,1.60,1.00
2009.04.14 13:52:30.356,1.2162,1.2166,1.00,1.00
2009.04.14 13:52:30.526,1.2162,1.2166,1.00,1.80
2009.04.14 13:52:31.545,1.2163,1.2165,1.00,2.20
2009.04.14 13:52:32.115,1.2163,1.2165,1.00,1.00
2009.04.14 13:52:33.285,1.2163,1.2165,1.00,1.20
2009.04.14 13:52:33.975,1.2163,1.2165,1.00,1.00
2009.04.14 13:52:34.785,1.2163,1.21655,1.00,5.00
2009.04.14 13:52:35.374,1.2163,1.21655,1.00,1.60
2009.04.14 13:52:36.544,1.2163,1.2165,1.00,1.00
2009.04.14 13:52:36.804,1.2163,1.21655,1.00,5.40
2009.04.14 13:52:37.314,1.2163,1.21655,1.00,5.00
2009.04.14 13:52:39.533,1.2163,1.21655,1.00,5.40
2009.04.14 13:52:40.293,1.2163,1.2165,1.00,4.80
2009.04.14 13:52:41.693,1.2163,1.2165,1.00,7.80
2009.04.14 13:52:42.163,1.2163,1.2165,1.00,10.60
2009.04.14 13:52:42.613,1.2163,1.2165,1.00,8.80
2009.04.14 13:52:42.833,1.2163,1.2165,1.00,4.80
2009.04.14 13:52:43.244,1.21625,1.2165,1.60,5.40
2009.04.14 13:52:43.412,1.2162,1.2165,5.20,5.40
2009.04.14 13:52:46.392,1.2163,1.2166,1.00,21.60
2009.04.14 13:52:46.452,1.21625,1.2165,4.80,5.40
2009.04.14 13:52:46.881,1.21615,1.2165,5.20,5.40
2009.04.14 13:52:50.070,1.2162,1.2164,1.60,1.20
2009.04.14 13:52:50.231,1.2162,1.2164,1.00,8.00
2009.04.14 13:52:50.691,1.2162,1.2164,1.00,3.80
2009.04.14 13:52:51.331,1.2161,1.21635,1.60,3.20
2009.04.14 13:52:51.620,1.2161,1.21635,6.00,3.20
2009.04.14 13:52:51.860,1.2161,1.21635,6.00,4.40
2009.04.14 13:52:52.150,1.2161,1.21635,6.00,3.20
2009.04.14 13:52:52.380,1.2161,1.2163,3.80,3.20
2009.04.14 13:52:52.780,1.2161,1.21635,3.80,3.20
2009.04.14 13:52:55.330,1.2161,1.21635,1.80,3.20
2009.04.14 13:52:55.619,1.2161,1.2163,1.00,8.00
2009.04.14 13:52:56.009,1.2161,1.2163,1.00,3.20
2009.04.14 13:52:56.189,1.2161,1.21635,1.00,2.20
2009.04.14 13:52:57.119,1.2161,1.2163,1.00,1.00
2009.04.14 13:52:57.239,1.21605,1.2163,3.80,7.40
2009.04.14 13:52:57.529,1.21605,1.2163,3.80,10.60
2009.04.14 13:53:00.068,1.2161,1.21645,1.00,5.40
2009.04.14 13:53:02.028,1.2161,1.2164,2.20,5.40
2009.04.14 13:53:02.318,1.2161,1.2164,3.80,5.40
2009.04.14 13:53:02.838,1.2162,1.2164,1.00,4.80
2009.04.14 13:53:03.068,1.21615,1.2164,2.00,5.40
2009.04.14 13:53:03.298,1.21615,1.2164,3.60,5.40
2009.04.14 13:53:03.477,1.2161,1.2164,2.00,5.40
2009.04.14 13:53:04.097,1.2161,1.2164,2.00,5.40
2009.04.14 13:53:07.617,1.2161,1.21635,2.00,1.00
2009.04.14 13:53:07.966,1.2161,1.21635,2.00,1.00
2009.04.14 13:53:08.946,1.21615,1.2164,1.00,1.00
2009.04.14 13:53:09.526,1.2162,1.2166,1.00,7.40
2009.04.14 13:53:09.866,1.2162,1.2166,1.00,6.00
2009.04.14 13:53:12.726,1.2162,1.21655,1.00,4.60
2009.04.14 13:53:12.965,1.2162,1.21655,1.00,3.60
2009.04.14 13:53:13.425,1.2162,1.2165,4.00,1.00
2009.04.14 13:53:13.775,1.2162,1.2166,4.00,4.80
2009.04.14 13:53:18.004,1.21635,1.2166,4.80,4.80
2009.04.14 13:53:18.464,1.21645,1.2167,1.00,5.40
2009.04.14 13:53:19.634,1.2165,1.21675,1.00,4.00
2009.04.14 13:53:19.913,1.2165,1.21675,1.00,1.00
2009.04.14 13:53:20.143,1.2165,1.21675,1.00,1.00
2009.04.14 13:53:21.283,1.2165,1.2167,1.00,5.40
2009.04.14 13:53:37.889,1.21645,1.21655,1.60,5.40
2009.04.14 13:53:38.349,1.2161,1.21655,5.00,5.40
2009.04.14 13:53:39.019,1.2161,1.21645,5.20,1.00
2009.04.14 13:53:39.469,1.2162,1.21645,2.00,1.00
2009.04.14 13:53:40.849,1.2162,1.21645,1.00,1.00
2009.04.14 13:53:43.578,1.2161,1.21645,6.20,1.00
2009.04.14 13:53:45.697,1.2161,1.21645,6.20,1.40
2009.04.14 13:53:45.817,1.2161,1.21645,6.00,2.20
2009.04.14 13:53:46.047,1.2161,1.21645,4.40,2.20
2009.04.14 13:53:46.217,1.2161,1.2164,4.40,1.00
2009.04.14 13:53:46.397,1.2161,1.21645,4.40,1.00
2009.04.14 13:53:46.857,1.2161,1.21645,6.00,1.00
2009.04.14 13:53:47.787,1.2161,1.21645,6.00,3.00
2009.04.14 13:53:48.786,1.2161,1.2164,6.00,4.80
2009.04.14 13:53:49.196,1.2162,1.2164,1.00,4.80
2009.04.14 13:53:49.766,1.2162,1.2164,1.00,5.40
2009.04.14 13:53:52.846,1.2162,1.21635,1.00,1.00
2009.04.14 13:53:52.966,1.2161,1.21635,2.20,1.00
2009.04.14 13:53:53.206,1.2161,1.21635,1.80,1.00
2009.04.14 13:53:53.546,1.2161,1.21635,4.40,1.00
2009.04.14 13:53:56.515,1.2161,1.21635,2.00,1.00
2009.04.14 13:53:56.757,1.2161,1.21635,3.60,1.00
2009.04.14 13:53:57.055,1.2161,1.21635,5.20,1.00
2009.04.14 13:53:58.254,1.2161,1.21645,5.20,2.20
2009.04.14 13:53:58.664,1.2161,1.21645,5.20,1.00
2009.04.14 13:53:59.244,1.2162,1.21645,1.00,1.00
2009.04.14 13:54:01.163,1.2163,1.21645,1.00,1.00
2009.04.14 13:54:01.443,1.2163,1.2165,1.00,5.40
2009.04.14 13:54:05.142,1.2163,1.2165,1.00,4.80
2009.04.14 13:54:05.662,1.2163,1.2167,1.00,7.60
2009.04.14 13:54:06.632,1.2163,1.2167,1.00,6.80
2009.04.14 13:54:06.852,1.2163,1.21665,1.00,3.80
2009.04.14 13:54:08.962,1.2163,1.21665,1.00,4.60
2009.04.14 13:54:09.192,1.2163,1.21665,1.00,6.00
2009.04.14 13:54:13.531,1.2163,1.21665,1.00,6.00
2009.04.14 13:54:13.650,1.2163,1.21665,1.00,3.80
2009.04.14 13:54:16.480,1.2163,1.21665,1.00,3.80
2009.04.14 13:54:19.389,1.21635,1.21665,1.80,1.00
2009.04.14 13:54:21.628,1.21635,1.21665,2.00,1.00
2009.04.14 13:54:21.920,1.2164,1.2167,4.80,5.40
2009.04.14 13:54:22.318,1.2165,1.2167,1.00,5.40
2009.04.14 13:54:23.068,1.2165,1.2167,1.00,2.20
2009.04.14 13:54:23.398,1.2165,1.2167,1.00,1.00
2009.04.14 13:54:23.518,1.2165,1.21675,1.00,1.00
2009.04.14 13:54:32.946,1.2165,1.21675,1.00,3.00
2009.04.14 13:54:33.476,1.2165,1.21675,1.00,1.00
2009.04.14 13:54:39.975,1.2165,1.21675,1.00,1.00
2009.04.14 13:54:40.614,1.2166,1.2168,1.00,5.40
2009.04.14 13:54:42.454,1.2165,1.21675,4.00,1.00
2009.04.14 13:54:42.784,1.21665,1.21675,1.00,1.00
2009.04.14 13:54:45.323,1.2167,1.21675,1.00,1.00
2009.04.14 13:54:47.882,1.2167,1.2168,1.00,5.40
2009.04.14 13:54:49.462,1.2167,1.21685,1.00,3.20
2009.04.14 13:54:49.822,1.2167,1.21695,1.00,1.00
2009.04.14 13:54:53.461,1.2167,1.2168,1.00,5.00
2009.04.14 13:54:54.622,1.21655,1.2167,1.90,5.40
2009.04.14 13:54:55.930,1.2167,1.21675,1.00,4.40
2009.04.14 13:54:56.430,1.2167,1.21685,1.00,3.00
2009.04.14 13:54:57.020,1.2167,1.21685,1.00,1.40
2009.04.14 13:54:57.361,1.21645,1.21675,1.00,6.80
2009.04.14 13:54:57.420,1.2164,1.21675,2.20,17.00
2009.04.14 13:54:57.990,1.2164,1.21675,3.80,17.00
2009.04.14 13:55:00.829,1.2164,1.2166,5.00,4.80
2009.04.14 13:55:01.249,1.2164,1.2166,1.00,4.80
2009.04.14 13:55:02.109,1.2164,1.2167,1.00,17.00
2009.04.14 13:55:02.569,1.2164,1.2167,1.00,5.40
2009.04.14 13:55:03.939,1.2164,1.2166,1.00,2.00
2009.04.14 13:55:04.168,1.21635,1.2166,3.80,4.80
2009.04.14 13:55:04.618,1.2163,1.2166,8.80,4.80
2009.04.14 13:55:12.917,1.2163,1.21655,5.60,4.80
2009.04.14 13:55:13.319,1.21635,1.21645,3.20,1.20
2009.04.14 13:55:13.866,1.21595,1.21625,1.00,5.40
2009.04.14 13:55:14.666,1.2158,1.21625,2.20,5.40
2009.04.14 13:55:15.176,1.216,1.2163,1.00,18.60
2009.04.14 13:55:15.566,1.216,1.2164,1.60,5.40
2009.04.14 13:55:17.925,1.2159,1.2163,5.40,4.80
2009.04.14 13:55:18.216,1.2159,1.2163,5.40,5.40
2009.04.14 13:55:18.735,1.21605,1.2163,1.00,5.40
2009.04.14 13:55:19.205,1.21605,1.2163,3.60,5.40
2009.04.14 13:55:19.715,1.216,1.2163,2.20,5.40
2009.04.14 13:55:19.824,1.216,1.2163,3.40,5.40
2009.04.14 13:55:20.494,1.2159,1.2163,5.40,5.40
2009.04.14 13:55:21.934,1.216,1.2163,1.00,3.00
2009.04.14 13:55:22.694,1.2159,1.2163,6.20,5.40
2009.04.14 13:55:24.033,1.216,1.2163,1.00,5.40
2009.04.14 13:55:25.013,1.2161,1.2163,1.00,5.40
2009.04.14 13:55:29.402,1.2161,1.2163,2.00,5.40
2009.04.14 13:55:29.692,1.2161,1.2163,3.60,5.40
2009.04.14 13:55:30.032,1.2161,1.21635,3.80,2.60
2009.04.14 13:55:30.842,1.2161,1.21635,2.00,1.00
2009.04.14 13:55:31.142,1.2161,1.21655,3.60,11.40
2009.04.14 13:55:31.482,1.2161,1.21655,5.20,9.80
2009.04.14 13:55:35.401,1.2161,1.2165,5.20,8.40
2009.04.14 13:55:40.260,1.2161,1.2165,6.00,8.40
2009.04.14 13:55:40.549,1.2161,1.2165,7.60,8.40
2009.04.14 13:55:40.899,1.2162,1.2165,1.00,8.40
2009.04.14 13:55:41.699,1.2161,1.2165,7.60,8.40
2009.04.14 13:55:44.208,1.21615,1.2165,1.00,8.40
2009.04.14 13:55:44.598,1.2161,1.2165,7.60,8.40
2009.04.14 13:55:52.257,1.2161,1.2165,5.20,8.40
2009.04.14 13:55:55.226,1.2161,1.2165,5.20,5.40
2009.04.14 13:56:06.234,1.2161,1.2164,5.20,2.00
2009.04.14 13:56:06.473,1.2161,1.2164,5.20,5.40
2009.04.14 13:56:06.933,1.2161,1.2164,4.00,5.40
2009.04.14 13:56:07.223,1.2161,1.2164,2.60,5.40
2009.04.14 13:56:07.523,1.216,1.2164,2.60,5.40
2009.04.14 13:56:07.863,1.216,1.2164,4.00,5.40
2009.04.14 13:56:19.990,1.21615,1.2164,1.00,4.80
2009.04.14 13:56:21.779,1.21615,1.2164,3.60,5.40
2009.04.14 13:56:21.999,1.2162,1.2164,1.00,4.80
2009.04.14 13:56:22.449,1.21615,1.2164,4.80,4.80
2009.04.14 13:56:22.899,1.2161,1.2164,1.00,5.40
2009.04.14 13:56:28.588,1.2161,1.2164,1.00,5.40
2009.04.14 13:56:28.828,1.216,1.2164,1.00,8.60
2009.04.14 13:56:29.578,1.216,1.2164,1.00,8.60
2009.04.14 13:56:30.498,1.216,1.2164,1.00,8.60
2009.04.14 13:56:31.717,1.2159,1.2163,7.60,4.80
2009.04.14 13:56:32.227,1.2159,1.2163,7.60,5.40
2009.04.14 13:56:34.166,1.216,1.2163,1.00,5.40
2009.04.14 13:56:34.586,1.2161,1.2163,1.00,5.40
2009.04.14 13:56:34.876,1.2161,1.2163,2.00,5.40
2009.04.14 13:56:35.116,1.2161,1.2163,3.60,5.40
2009.04.14 13:56:35.526,1.2161,1.2163,3.80,4.80
2009.04.14 13:56:38.735,1.2161,1.21635,3.80,5.00
2009.04.14 13:56:38.855,1.2161,1.21635,5.20,4.40
2009.04.14 13:56:39.136,1.2162,1.21655,1.00,5.40
2009.04.14 13:56:39.495,1.2162,1.21655,3.80,5.40
2009.04.14 13:56:42.344,1.2162,1.2164,3.40,6.40
2009.04.14 13:56:42.694,1.2162,1.2165,1.00,5.40
2009.04.14 13:56:43.264,1.21615,1.2165,4.80,5.40
2009.04.14 13:56:43.964,1.2161,1.2165,6.00,5.40
2009.04.14 13:56:51.192,1.21605,1.2163,5.60,5.40
2009.04.14 13:56:51.662,1.21585,1.2163,7.60,5.40
2009.04.14 13:56:52.192,1.21585,1.2163,4.40,5.40
2009.04.14 13:56:57.471,1.216,1.2163,1.00,2.00
2009.04.14 13:56:59.741,1.216,1.2163,1.00,1.40
2009.04.14 13:57:07.279,1.2161,1.2163,1.00,1.40
2009.04.14 13:57:07.578,1.2161,1.2164,1.00,5.40
2009.04.14 13:57:08.580,1.2161,1.21635,1.00,1.00
2009.04.14 13:57:08.639,1.216,1.21635,4.80,1.00
2009.04.14 13:57:09.168,1.216,1.2163,1.60,2.00
2009.04.14 13:57:09.518,1.216,1.2163,1.00,5.40
2009.04.14 13:57:12.737,1.216,1.2162,1.00,2.00
2009.04.14 13:57:13.559,1.216,1.2162,1.00,2.80
2009.04.14 13:57:13.847,1.2159,1.2161,1.00,1.00
2009.04.14 13:57:14.127,1.2159,1.2161,1.00,1.00
2009.04.14 13:57:14.428,1.2159,1.2161,1.00,1.80
2009.04.14 13:57:14.727,1.2159,1.2161,1.00,2.00
2009.04.14 13:57:15.027,1.2158,1.216,3.40,2.80
2009.04.14 13:57:15.386,1.2157,1.2159,4.80,2.00
2009.04.14 13:57:15.677,1.2156,1.2159,6.60,2.00
2009.04.14 13:57:16.016,1.2156,1.2158,1.00,1.00
2009.04.14 13:57:16.536,1.2155,1.2159,7.80,5.40
2009.04.14 13:57:16.926,1.2156,1.2159,1.00,6.00
2009.04.14 13:57:17.956,1.2156,1.2158,1.00,1.00
2009.04.14 13:57:18.596,1.2156,1.2159,1.00,6.00
2009.04.14 13:57:18.876,1.2156,1.2158,1.00,1.00
2009.04.14 13:57:23.995,1.2156,1.2159,1.00,6.00
2009.04.14 13:57:24.294,1.2156,1.2159,1.00,5.20
2009.04.14 13:57:24.634,1.2156,1.2159,1.00,3.60
2009.04.14 13:57:26.753,1.2156,1.2159,1.00,2.60
2009.04.14 13:57:27.034,1.2156,1.2159,1.00,2.00
2009.04.14 13:57:27.684,1.2156,1.2159,1.00,2.00
2009.04.14 13:57:28.703,1.2156,1.2159,1.00,2.00
2009.04.14 13:57:30.013,1.2156,1.2159,1.00,1.40
2009.04.14 13:57:30.253,1.2156,1.216,1.00,16.80
2009.04.14 13:57:30.543,1.2156,1.216,2.00,11.60
2009.04.14 13:57:30.873,1.2156,1.216,2.00,5.40
2009.04.14 13:57:34.412,1.2156,1.216,1.60,8.40
2009.04.14 13:57:37.141,1.2156,1.216,1.60,9.80
2009.04.14 13:57:37.361,1.2156,1.216,1.00,9.80
2009.04.14 13:57:37.761,1.2156,1.2159,1.00,1.40
2009.04.14 13:57:41.060,1.2156,1.2159,1.60,1.40
2009.04.14 13:57:42.360,1.2156,1.216,1.60,9.80
2009.04.14 13:57:44.140,1.2156,1.216,2.00,9.80
2009.04.14 13:57:45.619,1.2156,1.216,2.00,8.40
2009.04.14 13:57:46.119,1.2156,1.216,5.20,8.40
2009.04.14 13:57:46.579,1.2157,1.21605,1.00,10.20
2009.04.14 13:57:46.799,1.2157,1.216,1.00,2.80
2009.04.14 13:57:47.269,1.2158,1.216,1.00,2.00
2009.04.14 13:57:47.739,1.21575,1.216,1.00,2.00
2009.04.14 13:57:48.039,1.2157,1.216,1.60,2.00
2009.04.14 13:57:48.388,1.2158,1.216,1.00,1.60
2009.04.14 13:57:48.628,1.2158,1.21605,1.00,8.40
2009.04.14 13:57:49.028,1.2158,1.2161,1.00,2.80
2009.04.14 13:57:49.488,1.2158,1.2162,5.20,15.20
2009.04.14 13:57:49.548,1.2158,1.2162,5.20,7.20
2009.04.14 13:57:49.998,1.2158,1.2162,5.20,4.80
2009.04.14 13:57:50.698,1.2158,1.2162,5.40,4.80
2009.04.14 13:57:50.928,1.21595,1.21625,1.00,7.40
2009.04.14 13:57:51.048,1.21595,1.2162,1.00,1.00
2009.04.14 13:57:51.508,1.21595,1.2163,1.00,10.60
2009.04.14 13:57:51.847,1.21605,1.2163,1.00,9.00
2009.04.14 13:57:54.067,1.21605,1.2163,1.80,8.00
2009.04.14 13:57:54.577,1.21605,1.2163,1.60,8.00
2009.04.14 13:57:55.047,1.2161,1.2163,1.00,8.00
2009.04.14 13:57:55.548,1.2161,1.2163,1.00,12.80
2009.04.14 13:57:57.746,1.21605,1.2162,1.00,1.20
2009.04.14 13:57:58.027,1.216,1.2161,1.60,2.00
2009.04.14 13:57:58.376,1.21575,1.21625,5.00,7.60
2009.04.14 13:57:58.656,1.2157,1.21625,8.60,8.40
2009.04.14 13:57:58.946,1.21585,1.21625,1.00,11.60
2009.04.14 13:58:02.246,1.2159,1.2162,1.00,5.40
2009.04.14 13:58:02.475,1.2159,1.2162,5.00,4.80
2009.04.14 13:58:08.364,1.2159,1.2162,5.00,8.00
2009.04.14 13:58:08.643,1.2159,1.2162,5.00,4.80
2009.04.14 13:58:08.803,1.2159,1.2162,1.00,4.80
2009.04.14 13:58:09.293,1.2159,1.2162,1.00,7.60
2009.04.14 13:58:14.292,1.2159,1.2162,1.00,4.80
2009.04.14 13:58:14.592,1.2159,1.2162,5.00,4.80
2009.04.14 13:58:19.081,1.21605,1.2162,1.00,4.80
2009.04.14 13:58:19.441,1.21585,1.2162,5.00,4.80
2009.04.14 13:58:25.400,1.2159,1.2162,1.00,4.80
2009.04.14 13:58:25.700,1.2159,1.2162,1.00,4.80
2009.04.14 13:58:26.389,1.2159,1.2161,1.00,4.80
2009.04.14 13:58:26.789,1.2158,1.2161,5.00,4.80
2009.04.14 13:58:28.639,1.2159,1.21615,1.80,5.40
2009.04.14 13:58:28.919,1.21595,1.2161,3.20,4.80
2009.04.14 13:58:29.209,1.21575,1.2161,5.00,4.80
2009.04.14 13:58:30.179,1.21575,1.2161,4.80,4.80
2009.04.14 13:58:30.408,1.2158,1.2161,2.80,4.80
2009.04.14 13:58:30.918,1.2158,1.2161,1.00,4.80
2009.04.14 13:58:31.688,1.2158,1.2161,1.00,9.00
2009.04.14 13:58:31.978,1.2158,1.2161,1.00,12.20
2009.04.14 13:58:32.778,1.2158,1.2161,1.00,7.60
2009.04.14 13:58:38.386,1.2158,1.21605,1.80,5.40
2009.04.14 13:58:38.916,1.21585,1.216,3.60,4.80
2009.04.14 13:58:39.216,1.2158,1.216,1.00,4.80
2009.04.14 13:58:41.516,1.21555,1.216,6.00,4.80
2009.04.14 13:58:42.036,1.21555,1.216,5.00,8.00
2009.04.14 13:58:42.326,1.21555,1.216,5.00,4.80
2009.04.14 13:58:43.615,1.2156,1.21605,5.00,14.40
2009.04.14 13:58:43.895,1.2156,1.21605,5.00,10.60
2009.04.14 13:58:47.934,1.21565,1.216,1.00,1.40
2009.04.14 13:58:48.224,1.2156,1.2159,5.20,4.80
2009.04.14 13:58:48.624,1.2156,1.2159,5.00,4.80
2009.04.14 13:58:52.053,1.2156,1.2159,2.80,4.80
2009.04.14 13:58:52.283,1.2156,1.2159,1.00,4.80
2009.04.14 13:58:59.311,1.2156,1.21575,1.00,4.80
2009.04.14 13:58:59.641,1.2155,1.21575,4.40,4.80
2009.04.14 13:58:59.941,1.2155,1.21575,1.00,4.80
2009.04.14 13:59:01.801,1.2155,1.2157,1.00,4.80
2009.04.14 13:59:04.070,1.2155,1.2157,1.00,4.80
2009.04.14 13:59:07.270,1.2155,1.2159,5.00,3.20
2009.04.14 13:59:07.609,1.2155,1.21595,5.00,4.80
2009.04.14 13:59:08.829,1.2155,1.21585,1.00,1.00
2009.04.14 13:59:09.219,1.2155,1.21585,1.00,2.20
2009.04.14 13:59:09.759,1.21545,1.2156,6.00,1.00
2009.04.14 13:59:10.089,1.21525,1.21565,1.00,3.80
2009.04.14 13:59:10.389,1.21525,1.2156,1.00,3.20
2009.04.14 13:59:13.778,1.2153,1.2154,1.00,1.00
2009.04.14 13:59:14.068,1.2153,1.2154,1.00,1.00
2009.04.14 13:59:14.698,1.2153,1.2154,1.00,5.40
2009.04.14 13:59:16.897,1.2152,1.21545,4.20,7.80
2009.04.14 13:59:17.177,1.2153,1.21545,1.00,8.80
2009.04.14 13:59:17.627,1.2153,1.2154,1.00,5.40
2009.04.14 13:59:18.506,1.2153,1.21545,1.00,1.00
2009.04.14 13:59:18.867,1.2153,1.21535,1.00,5.40
2009.04.14 13:59:20.446,1.21505,1.2153,1.00,5.40
2009.04.14 13:59:22.466,1.2151,1.2152,10.20,1.00
2009.04.14 13:59:23.036,1.2151,1.2152,1.00,1.40
2009.04.14 13:59:23.505,1.21515,1.2152,1.00,2.00
2009.04.14 13:59:23.845,1.21515,1.21525,1.00,7.80
2009.04.14 13:59:24.415,1.215,1.21515,1.00,1.00
2009.04.14 13:59:25.105,1.215,1.21515,1.00,1.20
2009.04.14 13:59:25.655,1.215,1.2151,8.60,1.00
2009.04.14 13:59:26.015,1.215,1.21515,1.00,1.60
2009.04.14 13:59:26.355,1.215,1.2152,1.00,5.40
2009.04.14 13:59:27.295,1.215,1.21525,1.00,6.60
2009.04.14 13:59:28.054,1.2151,1.21525,16.60,2.00
2009.04.14 13:59:28.394,1.2151,1.21535,13.40,7.40
2009.04.14 13:59:29.624,1.21515,1.2153,3.60,4.80
2009.04.14 13:59:29.914,1.21495,1.21525,4.20,1.00
2009.04.14 13:59:30.184,1.21495,1.21525,4.00,1.00
2009.04.14 13:59:33.243,1.2151,1.21535,1.00,5.40
2009.04.14 13:59:33.593,1.21515,1.2154,1.00,7.80
2009.04.14 13:59:33.943,1.21525,1.21545,1.00,2.60
2009.04.14 13:59:34.183,1.21525,1.2155,1.00,12.20
2009.04.14 13:59:34.473,1.2153,1.2155,1.00,5.40
2009.04.14 13:59:35.103,1.21525,1.21545,3.60,1.40
2009.04.14 13:59:35.393,1.2152,1.21545,1.00,1.40
2009.04.14 13:59:36.022,1.2152,1.21545,1.00,2.60
2009.04.14 13:59:36.465,1.21535,1.21545,1.00,1.80
2009.04.14 13:59:36.822,1.2153,1.2155,5.40,2.00
2009.04.14 13:59:37.102,1.2153,1.2155,5.40,1.40
2009.04.14 13:59:38.312,1.21545,1.21555,3.20,3.00
2009.04.14 13:59:38.612,1.21545,1.2155,1.60,4.80
2009.04.14 13:59:38.932,1.21525,1.2155,1.00,5.40
2009.04.14 13:59:40.171,1.2153,1.2155,1.00,4.80
2009.04.14 13:59:40.471,1.2153,1.21555,1.00,3.00
2009.04.14 13:59:42.561,1.2153,1.2155,1.00,5.40
2009.04.14 13:59:45.050,1.2153,1.2155,1.00,1.60
2009.04.14 13:59:45.330,1.2153,1.2155,1.00,1.80
2009.04.14 13:59:46.080,1.2153,1.21555,1.00,3.80
2009.04.14 13:59:48.130,1.2153,1.21545,1.00,1.00
2009.04.14 13:59:51.029,1.2154,1.21545,1.00,1.20
2009.04.14 13:59:51.369,1.2154,1.2155,7.00,1.00
2009.04.14 13:59:52.218,1.2154,1.2155,5.40,1.00
2009.04.14 13:59:52.509,1.2154,1.2155,5.40,1.00
2009.04.14 13:59:54.518,1.2154,1.21545,5.00,1.00
2009.04.14 13:59:54.878,1.21515,1.21545,10.20,6.20
2009.04.14 13:59:55.408,1.21515,1.2154,9.80,5.40
2009.04.14 13:59:55.768,1.21515,1.2154,1.00,5.40
2009.04.14 13:59:57.987,1.2148,1.21515,3.20,1.00
2009.04.14 13:59:58.267,1.2147,1.2151,5.40,5.40
2009.04.14 13:59:58.557,1.2147,1.2151,3.80,5.40
2009.04.14 13:59:59.007,1.2148,1.215,2.20,5.40
2009.04.14 13:59:59.557,1.2148,1.215,1.00,5.40
