2011.08.31 23:00:27.964,0.97806,0.97827,3.00,1.59
2011.08.31 23:00:57.733,0.97806,0.9783,2.25,2.50
2011.08.31 23:01:32.008,0.97806,0.97829,2.25,1.38
2011.08.31 23:01:39.615,0.97805,0.97828,3.00,1.59
2011.08.31 23:01:42.783,0.97805,0.97827,3.00,1.59
2011.08.31 23:02:18.924,0.97806,0.97827,1.50,1.59
2011.08.31 23:03:00.220,0.97811,0.97831,1.50,1.59
2011.08.31 23:03:02.496,0.97812,0.97831,1.50,1.59
2011.08.31 23:03:04.015,0.97812,0.97831,1.50,1.59
2011.08.31 23:03:28.581,0.97811,0.9783,2.25,1.59
2011.08.31 23:03:29.731,0.97811,0.9783,1.50,1.59
2011.08.31 23:03:31.275,0.97809,0.9783,1.50,3.09
2011.08.31 23:03:48.046,0.97808,0.97828,2.25,1.96
2011.08.31 23:03:48.823,0.97809,0.97828,1.50,1.59
2011.08.31 23:04:11.775,0.97811,0.97829,1.50,1.59
2011.08.31 23:04:25.466,0.9781,0.97828,1.50,1.59
2011.08.31 23:04:37.201,0.97809,0.97829,1.50,1.59
2011.08.31 23:04:37.433,0.97811,0.97829,1.50,1.59
2011.08.31 23:04:41.234,0.97811,0.97828,1.50,1.59
2011.08.31 23:05:05.904,0.97811,0.97828,2.25,1.50
2011.08.31 23:05:34.424,0.97811,0.97828,1.50,1.50
2011.08.31 23:05:41.274,0.97811,0.97829,1.50,1.50
2011.08.31 23:06:02.702,0.97811,0.9783,1.50,1.59
2011.08.31 23:06:04.508,0.97809,0.97832,1.88,3.09
2011.08.31 23:06:11.252,0.9781,0.9783,2.63,1.59
2011.08.31 23:06:17.610,0.97811,0.9783,1.13,1.59
2011.08.31 23:06:25.934,0.97809,0.97829,3.38,1.50
2011.08.31 23:06:26.176,0.97808,0.97829,1.50,2.13
2011.08.31 23:07:02.694,0.9781,0.97829,2.25,1.59
2011.08.31 23:07:02.816,0.9781,0.97829,2.25,2.34
2011.08.31 23:07:03.374,0.9781,0.97829,1.50,2.34
2011.08.31 23:07:24.013,0.9781,0.97829,2.25,2.34
2011.08.31 23:07:37.313,0.97813,0.97831,1.13,1.50
2011.08.31 23:07:56.653,0.97811,0.9783,2.25,1.50
2011.08.31 23:07:59.653,0.97811,0.9783,2.25,1.50
2011.08.31 23:08:18.866,0.97811,0.97829,2.25,1.13
2011.08.31 23:08:19.425,0.97811,0.97827,2.25,1.13
2011.08.31 23:08:24.934,0.97813,0.9783,1.50,2.63
2011.08.31 23:08:25.056,0.97815,0.9783,1.50,1.88
2011.08.31 23:08:29.963,0.97812,0.97828,2.25,1.13
2011.08.31 23:08:30.195,0.97816,0.97828,1.50,1.13
2011.08.31 23:08:34.933,0.97813,0.97826,1.50,1.13
2011.08.31 23:08:35.056,0.97812,0.97827,1.50,1.13
2011.08.31 23:08:35.502,0.97815,0.97827,1.50,1.13
2011.08.31 23:08:35.625,0.97815,0.97828,1.50,1.13
2011.08.31 23:08:45.163,0.97813,0.97827,1.50,1.13
2011.08.31 23:08:45.283,0.97812,0.97827,1.50,1.13
2011.08.31 23:08:45.405,0.97812,0.9783,2.25,1.88
2011.08.31 23:08:45.525,0.97813,0.9783,1.50,1.88
2011.08.31 23:08:45.873,0.97816,0.97828,1.50,1.13
2011.08.31 23:08:55.532,0.97813,0.97828,1.50,1.13
2011.08.31 23:08:55.653,0.97813,0.97828,2.25,1.13
2011.08.31 23:08:56.255,0.97816,0.97828,1.50,1.13
2011.08.31 23:09:00.409,0.97816,0.97826,1.50,1.13
2011.08.31 23:09:00.535,0.97812,0.97826,1.50,1.13
2011.08.31 23:09:00.776,0.97815,0.97829,1.50,1.13
2011.08.31 23:09:10.684,0.97815,0.97826,1.50,1.13
2011.08.31 23:09:10.804,0.97813,0.97826,1.88,1.13
2011.08.31 23:09:10.926,0.97813,0.9783,2.25,1.13
2011.08.31 23:09:11.044,0.97815,0.9783,1.50,1.13
2011.08.31 23:09:25.939,0.97814,0.97827,1.50,1.13
2011.08.31 23:09:26.185,0.97811,0.97827,1.50,1.13
2011.08.31 23:09:26.764,0.97814,0.97829,1.13,1.88
2011.08.31 23:09:41.514,0.97813,0.9783,1.13,1.88
2011.08.31 23:09:44.780,0.97814,0.97829,1.13,1.13
2011.08.31 23:09:45.333,0.97814,0.97829,1.13,1.13
2011.08.31 23:09:49.027,0.97815,0.97829,1.50,1.50
2011.08.31 23:09:51.435,0.97814,0.97829,1.50,1.88
2011.08.31 23:09:51.984,0.97813,0.97827,1.13,1.13
2011.08.31 23:09:52.115,0.97816,0.97828,1.50,1.13
2011.08.31 23:10:01.774,0.97814,0.97828,2.63,1.13
2011.08.31 23:10:02.006,0.97816,0.97828,1.50,1.13
2011.08.31 23:10:06.825,0.97815,0.97826,2.25,1.13
2011.08.31 23:10:06.945,0.97816,0.9783,1.50,1.88
2011.08.31 23:10:07.515,0.97816,0.97828,1.50,1.13
2011.08.31 23:10:16.925,0.97814,0.97827,1.50,1.13
2011.08.31 23:10:17.375,0.97816,0.97826,1.50,1.13
2011.08.31 23:10:17.498,0.97816,0.97828,1.50,1.13
2011.08.31 23:10:18.072,0.97816,0.97831,1.50,1.13
2011.08.31 23:10:18.201,0.97814,0.97834,1.50,1.50
2011.08.31 23:10:18.557,0.97814,0.97831,1.50,1.50
2011.08.31 23:10:19.371,0.97814,0.9783,1.50,1.50
2011.08.31 23:10:21.533,0.97813,0.97831,1.50,1.50
2011.08.31 23:10:25.466,0.97816,0.97834,2.25,2.25
2011.08.31 23:10:25.703,0.97816,0.97834,2.25,1.50
2011.08.31 23:11:25.775,0.97816,0.97837,2.25,1.59
2011.08.31 23:11:27.213,0.97818,0.97837,1.50,2.34
2011.08.31 23:12:00.615,0.97817,0.97837,1.50,1.59
2011.08.31 23:12:08.702,0.97817,0.97837,1.50,1.59
2011.08.31 23:12:09.046,0.9782,0.97835,1.50,1.59
2011.08.31 23:12:09.165,0.97816,0.97835,1.50,1.59
2011.08.31 23:12:09.734,0.97816,0.97835,1.50,1.59
2011.08.31 23:12:11.604,0.97816,0.97835,1.50,1.59
2011.08.31 23:12:11.727,0.97813,0.97833,1.50,1.50
2011.08.31 23:12:11.969,0.97813,0.97832,1.50,2.34
2011.08.31 23:13:02.664,0.97813,0.97832,1.50,1.59
2011.08.31 23:13:08.793,0.97812,0.97832,1.50,1.50
2011.08.31 23:13:18.814,0.9781,0.97829,1.50,1.50
2011.08.31 23:13:59.334,0.97812,0.97833,1.50,3.00
2011.08.31 23:14:02.744,0.97812,0.97833,1.50,2.25
2011.08.31 23:14:54.282,0.97812,0.97833,2.25,1.59
2011.08.31 23:15:00.654,0.97812,0.97833,2.25,1.59
2011.08.31 23:15:01.103,0.97812,0.97833,2.25,1.59
2011.08.31 23:15:14.494,0.97812,0.97832,1.50,1.50
2011.08.31 23:15:14.723,0.97811,0.97831,1.50,1.50
2011.08.31 23:15:15.811,0.97811,0.97831,1.50,1.50
2011.08.31 23:15:22.907,0.97811,0.97831,1.50,1.50
2011.08.31 23:15:25.115,0.9781,0.97832,1.50,3.09
2011.08.31 23:15:25.894,0.97812,0.97832,1.50,2.34
2011.08.31 23:15:26.494,0.97812,0.97832,1.50,1.59
2011.08.31 23:15:37.897,0.97812,0.97833,1.50,1.59
2011.08.31 23:15:41.384,0.97812,0.97831,1.50,1.50
2011.08.31 23:15:51.342,0.97812,0.9783,2.25,1.50
2011.08.31 23:15:53.787,0.97812,0.9783,2.25,1.50
2011.08.31 23:16:02.393,0.97811,0.9783,1.50,2.25
2011.08.31 23:16:17.463,0.97811,0.9783,2.25,1.50
2011.08.31 23:16:30.180,0.97813,0.97832,2.25,1.50
2011.08.31 23:16:30.538,0.97815,0.97834,1.50,3.09
2011.08.31 23:16:30.887,0.97813,0.97833,1.50,1.50
2011.08.31 23:16:31.475,0.97813,0.97833,2.25,1.50
2011.08.31 23:16:50.903,0.97813,0.97835,2.25,1.59
2011.08.31 23:16:51.473,0.97813,0.97833,2.25,1.50
2011.08.31 23:17:04.484,0.97813,0.97832,1.50,3.00
2011.08.31 23:17:18.632,0.97811,0.97832,1.50,1.50
2011.08.31 23:17:23.606,0.97813,0.97833,2.25,1.50
2011.08.31 23:17:32.072,0.97813,0.97833,2.25,1.88
2011.08.31 23:18:08.903,0.97813,0.97834,1.50,2.34
2011.08.31 23:18:32.068,0.97813,0.97834,2.25,2.34
2011.08.31 23:18:34.150,0.97813,0.97834,2.25,2.34
2011.08.31 23:18:34.497,0.97813,0.9783,2.25,1.50
2011.08.31 23:18:34.833,0.97812,0.9783,1.50,1.67
2011.08.31 23:18:35.608,0.9781,0.97828,1.50,1.50
2011.08.31 23:19:34.432,0.9781,0.9783,1.50,1.59
2011.08.31 23:20:01.003,0.97809,0.9783,1.50,1.59
2011.08.31 23:20:01.593,0.97807,0.9783,2.25,1.59
2011.08.31 23:20:08.104,0.97807,0.97829,3.00,2.04
2011.08.31 23:20:08.665,0.97807,0.97828,2.25,1.21
2011.08.31 23:20:08.894,0.97807,0.97828,2.25,1.75
2011.08.31 23:20:09.536,0.97807,0.97827,3.00,1.21
2011.08.31 23:20:13.253,0.97807,0.97827,3.00,1.21
2011.08.31 23:20:18.406,0.97807,0.97824,1.50,1.50
2011.08.31 23:20:18.766,0.97804,0.97824,1.50,2.25
2011.08.31 23:20:19.484,0.97804,0.97824,2.25,1.50
2011.08.31 23:20:23.512,0.97804,0.97824,1.50,3.17
2011.08.31 23:20:27.405,0.97804,0.97824,1.50,1.50
2011.08.31 23:20:32.304,0.97804,0.97824,1.50,2.63
2011.08.31 23:20:32.854,0.97804,0.97824,2.25,2.63
2011.08.31 23:20:46.758,0.97805,0.97826,2.25,1.59
2011.08.31 23:20:57.214,0.97806,0.97827,2.25,1.59
2011.08.31 23:20:57.746,0.97806,0.97827,2.25,1.59
2011.08.31 23:20:59.483,0.97807,0.97827,1.50,1.59
2011.08.31 23:20:59.988,0.97806,0.97827,2.25,1.59
2011.08.31 23:21:13.258,0.97807,0.97824,1.50,2.25
2011.08.31 23:21:13.605,0.97804,0.97824,2.25,2.25
2011.08.31 23:21:17.693,0.97803,0.97824,3.53,2.25
2011.08.31 23:22:17.704,0.97803,0.97824,1.50,1.13
2011.08.31 23:22:18.735,0.97803,0.97825,2.03,2.50
2011.08.31 23:22:20.402,0.97803,0.97824,1.50,1.13
2011.08.31 23:22:21.050,0.97803,0.97825,1.50,1.96
2011.08.31 23:22:27.207,0.97803,0.97825,1.50,1.96
2011.08.31 23:23:46.716,0.97804,0.97825,1.50,1.74
2011.08.31 23:23:47.356,0.97803,0.97825,1.50,2.86
2011.08.31 23:23:52.345,0.97803,0.9782,1.28,1.50
2011.08.31 23:23:52.708,0.97794,0.97811,2.25,1.59
2011.08.31 23:23:52.829,0.97789,0.9781,1.50,1.38
2011.08.31 23:23:53.187,0.97785,0.97806,1.50,2.25
2011.08.31 23:23:53.777,0.97785,0.97805,1.50,1.59
2011.08.31 23:23:59.600,0.97784,0.97805,2.25,1.59
2011.08.31 23:23:59.840,0.97784,0.97805,2.25,1.59
2011.08.31 23:24:03.938,0.97784,0.97801,2.25,1.50
2011.08.31 23:24:04.396,0.97784,0.97801,1.50,1.50
2011.08.31 23:24:08.279,0.97784,0.978,1.50,1.50
2011.08.31 23:24:08.403,0.97782,0.978,1.13,1.50
2011.08.31 23:24:08.530,0.97782,0.978,1.50,1.50
2011.08.31 23:24:09.066,0.97782,0.978,1.50,1.50
2011.08.31 23:24:15.850,0.97783,0.97804,1.50,1.59
2011.08.31 23:24:15.967,0.97784,0.97804,1.50,1.59
2011.08.31 23:24:16.088,0.97784,0.97805,2.25,3.84
2011.08.31 23:24:16.438,0.97784,0.97802,2.25,1.50
2011.08.31 23:24:17.039,0.97784,0.97805,1.50,2.34
2011.08.31 23:24:17.277,0.97784,0.97803,1.50,2.34
2011.08.31 23:24:17.656,0.97784,0.97803,2.25,1.59
2011.08.31 23:24:17.777,0.97784,0.97803,2.25,1.59
2011.08.31 23:24:18.648,0.97782,0.97801,1.50,1.50
2011.08.31 23:24:18.767,0.97782,0.97801,2.63,1.50
2011.08.31 23:24:44.797,0.97784,0.978,1.50,1.50
2011.08.31 23:24:49.113,0.97782,0.97799,2.25,1.50
2011.08.31 23:24:49.237,0.97782,0.97798,1.50,1.50
2011.08.31 23:24:49.816,0.97779,0.97798,2.25,2.25
2011.08.31 23:24:50.057,0.97779,0.97796,1.50,1.50
2011.08.31 23:24:50.569,0.97779,0.97797,1.58,2.63
2011.08.31 23:24:50.807,0.97779,0.97798,1.58,1.59
2011.08.31 23:24:51.506,0.97779,0.97799,1.58,1.59
2011.08.31 23:24:52.036,0.97779,0.97798,1.58,1.59
2011.08.31 23:25:00.536,0.97779,0.97801,1.95,2.34
2011.08.31 23:25:01.118,0.97779,0.978,1.50,1.59
2011.08.31 23:25:02.714,0.97779,0.97801,1.50,2.34
2011.08.31 23:25:06.105,0.9778,0.97801,1.50,1.59
2011.08.31 23:25:07.418,0.97781,0.97802,1.50,2.34
2011.08.31 23:25:12.027,0.9778,0.97801,2.25,1.59
2011.08.31 23:25:14.915,0.97778,0.978,1.50,2.34
2011.08.31 23:25:16.819,0.97778,0.978,3.75,2.34
2011.08.31 23:25:17.058,0.97779,0.978,1.50,2.34
2011.08.31 23:25:28.645,0.9778,0.97799,1.50,1.59
2011.08.31 23:25:29.007,0.97778,0.97799,1.50,1.59
2011.08.31 23:25:30.720,0.97779,0.97799,1.50,1.59
2011.08.31 23:25:31.068,0.97779,0.97799,2.25,1.59
2011.08.31 23:25:35.729,0.97778,0.97798,2.25,1.50
2011.08.31 23:25:35.967,0.97778,0.97798,1.50,1.50
2011.08.31 23:25:37.667,0.97779,0.97799,1.50,1.59
2011.08.31 23:25:38.235,0.9778,0.97799,1.50,1.59
2011.08.31 23:25:48.615,0.9778,0.978,1.50,2.34
2011.08.31 23:25:49.203,0.97778,0.97799,1.50,1.59
2011.08.31 23:26:28.389,0.97779,0.97799,1.50,1.59
2011.08.31 23:26:55.397,0.97783,0.978,1.50,1.59
2011.08.31 23:26:55.756,0.97783,0.97805,3.00,2.34
2011.08.31 23:27:04.014,0.97783,0.97804,1.50,2.34
2011.08.31 23:27:04.488,0.97782,0.97802,1.50,1.59
2011.08.31 23:27:04.608,0.97781,0.97799,2.25,1.50
2011.08.31 23:27:13.688,0.9778,0.97799,1.50,1.50
2011.08.31 23:28:04.651,0.97777,0.978,1.50,1.59
2011.08.31 23:28:30.174,0.97777,0.97799,1.50,2.34
2011.08.31 23:28:30.303,0.97776,0.97792,1.50,1.50
2011.08.31 23:28:30.888,0.97775,0.97792,1.50,1.50
2011.08.31 23:29:05.581,0.97775,0.97793,1.50,2.25
2011.08.31 23:29:32.986,0.97775,0.97793,2.25,1.50
2011.08.31 23:30:00.385,0.97775,0.97793,2.25,1.50
2011.08.31 23:30:23.393,0.97775,0.97793,1.50,1.50
2011.08.31 23:31:02.687,0.97775,0.97793,1.50,1.50
2011.08.31 23:31:21.186,0.97773,0.97793,2.25,1.50
2011.08.31 23:31:21.306,0.97771,0.97793,1.50,1.59
2011.08.31 23:31:21.425,0.97771,0.97793,1.50,1.59
2011.08.31 23:31:26.386,0.97773,0.97793,1.50,1.59
2011.08.31 23:31:41.878,0.97773,0.97783,1.50,2.85
2011.08.31 23:31:42.117,0.9776,0.97779,1.65,1.50
2011.08.31 23:31:42.240,0.9776,0.97778,1.65,1.50
2011.08.31 23:31:43.047,0.97758,0.97776,2.03,1.50
2011.08.31 23:31:43.275,0.97758,0.97776,1.88,1.50
2011.08.31 23:31:44.216,0.97758,0.97776,2.25,1.50
2011.08.31 23:31:45.067,0.97758,0.97776,2.25,1.50
2011.08.31 23:31:47.920,0.9776,0.97776,1.50,1.88
2011.08.31 23:31:48.157,0.97758,0.97776,2.25,1.88
2011.08.31 23:31:49.307,0.97758,0.97776,3.38,1.88
2011.08.31 23:31:49.425,0.97759,0.97776,1.50,1.50
2011.08.31 23:31:50.174,0.97759,0.97778,2.25,1.50
2011.08.31 23:31:50.331,0.9776,0.9778,1.50,2.10
2011.08.31 23:31:56.869,0.97761,0.97779,1.50,1.50
2011.08.31 23:32:09.109,0.9776,0.97781,2.25,2.56
2011.08.31 23:32:09.456,0.97761,0.97781,1.50,1.59
2011.08.31 23:32:12.945,0.9776,0.97781,1.50,1.59
2011.08.31 23:32:22.727,0.9776,0.97779,1.50,1.88
2011.08.31 23:32:23.298,0.9776,0.97779,1.50,2.34
2011.08.31 23:32:23.418,0.9776,0.97778,1.50,3.75
2011.08.31 23:32:23.541,0.97758,0.97774,2.63,1.50
2011.08.31 23:33:06.645,0.97757,0.97773,1.13,1.50
2011.08.31 23:33:35.264,0.97757,0.97774,1.13,1.50
2011.08.31 23:34:00.554,0.97759,0.97774,1.50,1.50
2011.08.31 23:34:00.918,0.97761,0.9778,1.50,2.04
2011.08.31 23:34:01.518,0.97764,0.9778,1.50,1.50
2011.08.31 23:34:02.768,0.97764,0.97781,1.50,1.50
2011.08.31 23:34:06.379,0.97764,0.97782,1.50,1.50
2011.08.31 23:34:28.926,0.97765,0.97782,1.50,1.50
2011.08.31 23:34:39.779,0.97764,0.97783,1.50,1.50
2011.08.31 23:34:40.339,0.97764,0.97782,1.50,1.50
2011.08.31 23:34:46.813,0.97764,0.97783,1.50,2.25
2011.08.31 23:34:47.291,0.97765,0.97785,1.50,1.96
2011.08.31 23:34:48.260,0.97765,0.97787,3.00,1.59
2011.08.31 23:34:50.182,0.97766,0.97787,1.50,1.59
2011.08.31 23:35:14.597,0.97766,0.97787,1.50,2.34
2011.08.31 23:35:21.087,0.97765,0.97787,1.50,2.71
2011.08.31 23:35:21.449,0.97764,0.97785,1.50,1.59
2011.08.31 23:35:21.697,0.97764,0.97783,1.50,1.50
2011.08.31 23:35:22.063,0.97765,0.97785,1.50,1.59
2011.08.31 23:35:22.656,0.97765,0.97786,2.25,1.59
2011.08.31 23:35:32.697,0.97765,0.97786,2.25,1.59
2011.08.31 23:36:08.717,0.97765,0.97786,2.25,1.96
2011.08.31 23:36:16.346,0.97766,0.97785,1.50,1.59
2011.08.31 23:36:17.718,0.97766,0.97785,1.50,1.59
2011.08.31 23:36:22.227,0.97766,0.97785,1.50,1.59
2011.08.31 23:36:22.348,0.97766,0.97787,1.50,1.59
2011.08.31 23:36:39.396,0.97766,0.97789,1.50,1.59
2011.08.31 23:36:40.077,0.97769,0.97789,1.50,1.59
2011.08.31 23:36:44.865,0.97769,0.97789,1.50,1.59
2011.08.31 23:36:45.465,0.97769,0.97787,1.50,1.59
2011.08.31 23:36:45.588,0.97769,0.97787,1.50,1.59
2011.08.31 23:36:46.159,0.97769,0.97788,1.50,1.59
2011.08.31 23:36:51.375,0.97769,0.97788,1.50,1.59
2011.08.31 23:37:09.970,0.97765,0.97786,1.50,1.59
2011.08.31 23:37:10.091,0.97765,0.97784,1.50,1.50
2011.08.31 23:37:11.586,0.97765,0.97784,1.50,1.50
2011.08.31 23:37:11.857,0.97765,0.97784,1.50,1.50
2011.08.31 23:37:19.019,0.97764,0.97783,1.50,1.50
2011.08.31 23:37:19.619,0.97764,0.97783,1.50,1.50
2011.08.31 23:37:20.526,0.97764,0.97783,1.50,1.50
2011.08.31 23:37:21.096,0.97764,0.97783,1.50,1.50
2011.08.31 23:37:22.306,0.97764,0.97783,1.50,1.50
2011.08.31 23:37:22.866,0.97764,0.97783,1.50,1.50
2011.08.31 23:37:23.487,0.97764,0.97783,1.50,1.50
2011.08.31 23:37:24.297,0.97764,0.97783,1.50,1.50
2011.08.31 23:37:24.538,0.97764,0.97785,1.50,1.21
2011.08.31 23:37:25.137,0.97766,0.97787,1.50,1.96
2011.08.31 23:37:25.719,0.97766,0.97787,1.50,1.59
2011.08.31 23:37:27.268,0.97766,0.97788,1.50,1.59
2011.08.31 23:37:50.637,0.97766,0.9779,2.25,3.09
2011.08.31 23:37:50.759,0.97767,0.9779,1.50,2.34
2011.08.31 23:37:51.438,0.97767,0.97789,1.50,1.59
2011.08.31 23:37:56.032,0.97767,0.97788,1.50,1.59
2011.08.31 23:38:06.926,0.97767,0.97787,1.50,1.59
2011.08.31 23:38:09.246,0.97769,0.97788,1.50,1.59
2011.08.31 23:38:09.816,0.97769,0.9779,1.50,1.59
2011.08.31 23:38:25.287,0.97769,0.97791,1.50,1.21
2011.08.31 23:38:25.936,0.97769,0.97791,1.50,2.34
2011.08.31 23:38:26.498,0.97769,0.97791,1.50,1.59
2011.08.31 23:38:29.947,0.97769,0.97791,1.50,2.88
2011.08.31 23:38:41.646,0.97769,0.9779,1.50,1.75
2011.08.31 23:38:42.318,0.97769,0.97788,1.50,1.08
2011.08.31 23:38:42.683,0.97768,0.97787,1.50,1.29
2011.08.31 23:38:43.276,0.97767,0.97786,1.50,1.83
2011.08.31 23:38:44.530,0.97767,0.97785,1.50,1.13
2011.08.31 23:38:51.264,0.97767,0.97786,1.50,1.21
2011.08.31 23:38:51.732,0.97769,0.97788,1.50,2.88
2011.08.31 23:38:52.097,0.9777,0.9779,1.13,1.96
2011.08.31 23:38:52.218,0.9777,0.9779,1.13,1.21
2011.08.31 23:38:52.788,0.97771,0.97789,1.13,1.59
2011.08.31 23:38:59.876,0.97771,0.97788,1.13,1.13
2011.08.31 23:39:01.663,0.9777,0.97789,1.13,1.21
2011.08.31 23:39:04.829,0.97771,0.97791,1.13,2.13
2011.08.31 23:39:08.657,0.97771,0.97791,1.13,1.38
2011.08.31 23:39:09.175,0.9777,0.97789,1.13,1.21
2011.08.31 23:39:10.085,0.97771,0.97792,1.13,5.13
2011.08.31 23:39:16.814,0.9777,0.97789,1.13,1.21
2011.08.31 23:39:17.686,0.9777,0.97789,1.13,1.21
2011.08.31 23:39:25.536,0.97771,0.97788,1.13,1.48
2011.08.31 23:39:25.888,0.97764,0.97784,1.50,3.10
2011.08.31 23:39:26.725,0.97762,0.97784,2.63,2.56
2011.08.31 23:39:29.349,0.97763,0.97784,1.13,3.10
2011.08.31 23:39:31.647,0.97762,0.97784,2.63,3.48
2011.08.31 23:39:32.260,0.97762,0.97784,2.63,3.48
2011.08.31 23:39:36.029,0.97762,0.97782,2.63,1.29
2011.08.31 23:39:36.810,0.97762,0.97782,1.13,4.23
2011.08.31 23:39:37.168,0.97758,0.97779,2.63,2.13
2011.08.31 23:39:37.397,0.97758,0.97779,1.88,2.88
2011.08.31 23:39:41.523,0.97758,0.97779,1.88,2.34
2011.08.31 23:39:42.069,0.97757,0.97778,1.88,1.59
2011.08.31 23:39:47.537,0.97757,0.97779,1.13,3.09
2011.08.31 23:39:55.394,0.97757,0.97775,1.13,1.21
2011.08.31 23:39:55.645,0.97757,0.97773,1.13,1.21
2011.08.31 23:39:57.518,0.97758,0.97772,1.13,1.21
2011.08.31 23:39:59.040,0.97753,0.97772,1.13,1.21
2011.08.31 23:39:59.616,0.97753,0.97772,1.13,2.34
2011.08.31 23:40:00.168,0.97753,0.97771,1.13,1.21
2011.08.31 23:40:00.639,0.97755,0.97772,1.50,1.21
2011.08.31 23:40:00.988,0.97755,0.97774,1.50,1.59
2011.08.31 23:40:01.578,0.97755,0.97774,1.50,1.96
2011.08.31 23:40:02.579,0.97755,0.97774,1.50,1.96
2011.08.31 23:40:03.215,0.97755,0.97774,1.50,1.96
2011.08.31 23:40:03.766,0.97755,0.97774,1.50,1.59
2011.08.31 23:40:06.789,0.97755,0.97774,1.50,1.96
2011.08.31 23:40:10.492,0.97754,0.97772,1.13,1.21
2011.08.31 23:40:10.848,0.97754,0.97772,1.13,1.96
2011.08.31 23:40:11.458,0.97755,0.97772,1.50,1.21
2011.08.31 23:40:12.028,0.97755,0.97773,1.50,1.21
2011.08.31 23:40:16.103,0.97755,0.97774,1.50,2.13
2011.08.31 23:40:16.631,0.97755,0.97774,1.50,1.96
2011.08.31 23:40:22.428,0.97755,0.97774,1.50,2.50
2011.08.31 23:40:23.828,0.97754,0.97774,1.88,2.34
2011.08.31 23:40:24.437,0.97754,0.97777,1.88,1.96
2011.08.31 23:40:24.556,0.97755,0.97777,1.50,1.21
2011.08.31 23:40:25.018,0.97758,0.9778,1.50,3.09
2011.08.31 23:40:25.480,0.97758,0.97782,2.25,2.34
2011.08.31 23:40:25.707,0.9776,0.97782,1.50,1.59
2011.08.31 23:40:25.939,0.97761,0.97783,1.50,2.71
2011.08.31 23:40:26.179,0.9776,0.97782,1.50,1.59
2011.08.31 23:40:26.648,0.9776,0.97782,1.50,2.34
2011.08.31 23:40:27.236,0.9776,0.97782,1.50,3.09
2011.08.31 23:40:29.626,0.9776,0.97782,1.50,3.09
2011.08.31 23:40:30.288,0.9776,0.97782,1.50,3.09
2011.08.31 23:40:31.898,0.9776,0.97782,1.50,3.09
2011.08.31 23:40:32.248,0.97758,0.9778,1.50,3.63
2011.08.31 23:40:32.828,0.97761,0.9778,1.50,1.21
2011.08.31 23:40:33.058,0.97761,0.97781,2.63,1.38
2011.08.31 23:40:33.771,0.97761,0.97783,1.50,1.96
2011.08.31 23:40:37.425,0.97763,0.97782,1.50,1.21
2011.08.31 23:40:39.687,0.97761,0.97782,1.88,1.21
2011.08.31 23:40:39.931,0.9776,0.97781,1.50,1.21
2011.08.31 23:40:40.289,0.97758,0.97778,1.50,1.21
2011.08.31 23:40:40.847,0.97756,0.97778,2.25,1.96
2011.08.31 23:41:35.017,0.97755,0.97778,1.50,1.96
2011.08.31 23:41:35.788,0.97756,0.97778,1.50,1.96
2011.08.31 23:41:40.967,0.97754,0.97778,2.63,1.96
2011.08.31 23:41:52.795,0.97754,0.97778,2.63,1.75
2011.08.31 23:41:53.528,0.97754,0.97778,1.88,1.75
2011.08.31 23:41:59.261,0.97756,0.97778,1.50,1.75
2011.08.31 23:41:59.826,0.97754,0.97778,1.88,2.50
2011.08.31 23:42:00.386,0.97754,0.97778,1.88,3.25
2011.08.31 23:42:00.508,0.97756,0.97777,1.50,1.75
2011.08.31 23:42:01.070,0.97754,0.97775,2.25,1.08
2011.08.31 23:42:01.704,0.97753,0.97775,1.13,3.33
2011.08.31 23:42:02.098,0.97753,0.97771,1.13,1.21
2011.08.31 23:42:02.572,0.97753,0.97772,1.13,1.96
2011.08.31 23:42:04.938,0.97753,0.97772,1.13,2.34
2011.08.31 23:42:08.669,0.97753,0.97771,1.13,1.21
2011.08.31 23:42:12.085,0.97753,0.97772,1.13,1.59
2011.08.31 23:42:17.735,0.97753,0.97772,1.13,1.59
2011.08.31 23:42:26.523,0.97753,0.97771,1.13,1.50
2011.08.31 23:42:30.759,0.97753,0.97772,1.13,1.59
2011.08.31 23:42:31.316,0.97754,0.97774,1.13,2.34
2011.08.31 23:42:31.439,0.97754,0.97776,2.63,1.21
2011.08.31 23:42:35.937,0.97754,0.97776,1.88,1.59
2011.08.31 23:42:40.210,0.97755,0.97778,1.50,1.59
2011.08.31 23:42:40.330,0.97756,0.97779,1.50,2.71
2011.08.31 23:42:40.448,0.97756,0.97779,1.50,2.34
2011.08.31 23:42:40.909,0.97758,0.97781,1.50,2.50
2011.08.31 23:42:41.479,0.97758,0.97781,2.25,1.38
2011.08.31 23:43:02.427,0.97759,0.97782,3.75,1.59
2011.08.31 23:43:40.870,0.9776,0.97782,1.50,2.34
2011.08.31 23:43:44.764,0.97762,0.97782,1.50,1.59
2011.08.31 23:43:44.897,0.97767,0.97785,2.10,1.59
2011.08.31 23:43:45.144,0.97768,0.9779,6.23,2.34
2011.08.31 23:43:45.718,0.97769,0.97791,1.50,1.59
2011.08.31 23:43:47.688,0.97769,0.97791,1.50,1.59
2011.08.31 23:43:48.360,0.97769,0.97791,1.50,1.59
2011.08.31 23:43:48.916,0.97772,0.97792,1.50,2.34
2011.08.31 23:43:49.663,0.97772,0.97792,1.50,2.34
2011.08.31 23:43:50.734,0.97772,0.97792,1.50,2.34
2011.08.31 23:43:54.008,0.9777,0.97792,1.50,2.88
2011.08.31 23:43:54.558,0.97768,0.97789,3.75,1.96
2011.08.31 23:44:11.166,0.97768,0.9779,4.50,1.59
2011.08.31 23:44:11.591,0.97768,0.9779,4.50,1.59
2011.08.31 23:44:12.144,0.97768,0.9779,4.50,1.59
2011.08.31 23:44:20.468,0.97773,0.9779,3.00,1.59
2011.08.31 23:44:20.708,0.97773,0.97792,3.00,1.59
2011.08.31 23:44:20.827,0.97774,0.97793,1.50,1.89
2011.08.31 23:44:21.602,0.97774,0.97794,2.25,1.14
2011.08.31 23:44:36.176,0.97773,0.97793,5.10,1.59
2011.08.31 23:44:36.297,0.97773,0.97793,4.35,1.59
2011.08.31 23:44:41.213,0.97778,0.97794,1.13,1.89
2011.08.31 23:44:41.788,0.97774,0.97794,4.35,1.89
2011.08.31 23:44:47.757,0.97774,0.97793,3.00,1.68
2011.08.31 23:44:48.289,0.97774,0.97792,3.38,1.21
2011.08.31 23:44:56.297,0.97774,0.97793,3.00,1.14
2011.08.31 23:45:17.198,0.97774,0.97792,4.73,1.21
2011.08.31 23:45:17.318,0.97774,0.97791,4.73,1.59
2011.08.31 23:45:17.441,0.97774,0.9779,3.38,1.59
2011.08.31 23:45:17.559,0.97774,0.97789,3.00,1.38
2011.08.31 23:45:17.799,0.97769,0.97789,3.00,3.63
2011.08.31 23:45:18.356,0.97769,0.97789,3.00,1.59
2011.08.31 23:45:18.705,0.97769,0.97789,3.00,1.59
2011.08.31 23:45:22.535,0.97769,0.97789,3.00,1.59
2011.08.31 23:45:22.658,0.97769,0.97789,3.00,1.59
2011.08.31 23:45:23.217,0.97769,0.97788,3.00,1.21
2011.08.31 23:45:23.774,0.97769,0.97788,3.00,1.21
2011.08.31 23:45:50.176,0.97769,0.97787,3.00,1.21
2011.08.31 23:46:02.586,0.97769,0.9779,3.00,2.34
2011.08.31 23:46:11.699,0.97769,0.97789,3.45,1.59
2011.08.31 23:46:20.675,0.97769,0.97789,3.00,1.59
2011.08.31 23:46:21.381,0.97769,0.97789,3.00,1.59
2011.08.31 23:46:22.963,0.97769,0.97789,3.00,1.59
2011.08.31 23:46:23.086,0.97769,0.9779,3.68,1.59
2011.08.31 23:46:23.562,0.97775,0.97796,1.50,1.59
2011.08.31 23:46:23.684,0.97779,0.97796,2.25,1.50
2011.08.31 23:46:23.810,0.97779,0.97801,4.50,1.21
2011.08.31 23:46:24.049,0.9778,0.97802,1.50,2.34
2011.08.31 23:46:25.802,0.9778,0.97802,1.50,2.41
2011.08.31 23:46:26.460,0.9778,0.97802,1.50,2.95
2011.08.31 23:46:28.118,0.9778,0.97802,1.50,2.95
2011.08.31 23:46:28.242,0.97783,0.97803,1.50,1.38
2011.08.31 23:46:28.839,0.97783,0.97801,1.50,1.59
2011.08.31 23:46:29.617,0.97783,0.97801,1.50,1.59
2011.08.31 23:46:36.210,0.97783,0.97801,1.50,1.59
2011.08.31 23:46:47.289,0.97783,0.97801,1.50,1.59
2011.08.31 23:46:47.626,0.97783,0.97801,1.50,1.59
2011.08.31 23:46:52.459,0.97783,0.97804,1.50,2.41
2011.08.31 23:46:52.928,0.97787,0.97809,1.50,2.79
2011.08.31 23:46:56.438,0.97787,0.97809,1.50,2.79
2011.08.31 23:46:57.160,0.97787,0.97809,1.50,2.41
2011.08.31 23:46:57.819,0.97787,0.97809,1.50,2.41
2011.08.31 23:46:59.558,0.97787,0.97809,1.50,2.49
2011.08.31 23:47:01.467,0.97787,0.97808,1.50,1.36
2011.08.31 23:47:04.387,0.97787,0.97808,1.50,1.36
2011.08.31 23:47:04.956,0.97787,0.97808,1.50,1.36
2011.08.31 23:47:06.208,0.97787,0.97808,1.50,1.36
2011.08.31 23:47:09.537,0.97787,0.97808,1.50,1.29
2011.08.31 23:47:13.298,0.97787,0.97809,1.50,2.41
2011.08.31 23:47:13.917,0.97787,0.97809,1.50,2.41
2011.08.31 23:47:14.732,0.97787,0.97809,1.50,2.79
2011.08.31 23:47:16.288,0.97787,0.97809,1.50,2.79
2011.08.31 23:47:16.856,0.97787,0.97809,1.50,2.79
2011.08.31 23:47:16.990,0.97788,0.97809,1.50,2.41
2011.08.31 23:47:17.337,0.9779,0.9781,1.50,1.66
2011.08.31 23:47:23.497,0.9779,0.9781,1.50,2.04
2011.08.31 23:47:24.647,0.9779,0.9781,1.50,1.66
2011.08.31 23:47:31.357,0.9779,0.9781,1.50,2.04
2011.08.31 23:47:32.619,0.9779,0.9781,1.50,1.66
2011.08.31 23:47:34.447,0.9779,0.9781,1.50,2.04
2011.08.31 23:47:35.606,0.9779,0.9781,1.50,1.66
2011.08.31 23:47:36.294,0.9779,0.9781,1.50,2.04
2011.08.31 23:47:36.859,0.9779,0.9781,1.50,1.66
2011.08.31 23:47:39.637,0.9779,0.9781,3.38,2.04
2011.08.31 23:47:40.957,0.9779,0.9781,1.50,1.66
2011.08.31 23:47:41.539,0.9779,0.9781,3.00,2.04
2011.08.31 23:47:42.108,0.9779,0.9781,1.50,1.66
2011.08.31 23:47:42.747,0.9779,0.9781,1.50,2.04
2011.08.31 23:47:44.240,0.9779,0.9781,1.88,1.66
2011.08.31 23:47:45.774,0.97791,0.9781,2.25,2.04
2011.08.31 23:47:49.578,0.9779,0.9781,3.38,1.66
2011.08.31 23:47:51.226,0.9779,0.9781,3.38,2.04
2011.08.31 23:47:54.957,0.9779,0.97811,3.38,2.41
2011.08.31 23:47:58.287,0.97791,0.9781,2.25,1.29
2011.08.31 23:47:58.830,0.9779,0.97811,3.38,2.41
2011.08.31 23:48:00.136,0.9779,0.9781,3.38,1.29
2011.08.31 23:48:00.696,0.9779,0.97811,3.38,2.41
2011.08.31 23:48:01.268,0.97791,0.9781,2.25,1.29
2011.08.31 23:48:02.080,0.9779,0.97811,3.38,2.41
2011.08.31 23:48:07.747,0.9779,0.9781,3.38,1.29
2011.08.31 23:48:08.658,0.9779,0.9781,3.38,1.29
2011.08.31 23:48:09.000,0.97792,0.97811,2.25,1.20
2011.08.31 23:48:09.240,0.97793,0.97811,1.50,1.13
2011.08.31 23:48:09.801,0.97793,0.97811,1.50,1.13
2011.08.31 23:48:10.400,0.97793,0.97812,1.50,1.13
2011.08.31 23:48:11.630,0.97796,0.97812,1.50,1.13
2011.08.31 23:48:11.989,0.97796,0.97813,2.63,1.29
2011.08.31 23:48:12.518,0.97796,0.97815,2.63,1.67
2011.08.31 23:48:12.641,0.97798,0.97817,1.50,1.59
2011.08.31 23:48:13.098,0.97799,0.97819,1.13,2.34
2011.08.31 23:48:13.572,0.97798,0.97817,2.10,2.34
2011.08.31 23:48:14.047,0.97796,0.97817,1.50,3.09
2011.08.31 23:48:15.098,0.97796,0.97817,1.50,2.34
2011.08.31 23:48:15.881,0.97796,0.97817,1.50,2.34
2011.08.31 23:48:21.317,0.97796,0.97816,1.50,1.59
2011.08.31 23:48:48.072,0.97799,0.97818,3.00,1.59
2011.08.31 23:48:48.301,0.97799,0.97818,3.00,1.59
2011.08.31 23:48:51.249,0.97799,0.97819,4.53,2.71
2011.08.31 23:48:53.827,0.97799,0.97819,4.90,1.96
2011.08.31 23:49:02.586,0.97799,0.97818,3.38,1.59
2011.08.31 23:49:03.130,0.97799,0.97818,3.38,1.59
2011.08.31 23:49:08.556,0.97799,0.97818,3.38,1.59
2011.08.31 23:49:13.560,0.97799,0.97819,3.38,1.59
2011.08.31 23:49:20.737,0.97799,0.97819,3.38,1.59
2011.08.31 23:49:20.967,0.97799,0.97819,3.38,1.59
2011.08.31 23:49:33.748,0.97799,0.97821,3.00,3.40
2011.08.31 23:49:36.629,0.978,0.9782,3.00,1.38
2011.08.31 23:49:37.140,0.978,0.97821,1.50,3.40
2011.08.31 23:49:38.695,0.978,0.9782,1.50,1.38
2011.08.31 23:49:42.019,0.97805,0.97822,1.50,2.04
2011.08.31 23:49:42.138,0.97805,0.97823,1.50,1.50
2011.08.31 23:49:42.699,0.97805,0.97824,2.63,1.50
2011.08.31 23:49:47.538,0.97807,0.97825,1.50,2.25
2011.08.31 23:49:48.508,0.97807,0.97825,1.50,1.50
2011.08.31 23:49:49.459,0.97807,0.97825,1.50,1.50
2011.08.31 23:50:13.226,0.97806,0.97825,1.50,1.59
2011.08.31 23:50:41.835,0.97806,0.97824,1.50,1.59
2011.08.31 23:50:49.443,0.97803,0.97825,1.88,1.59
2011.08.31 23:50:49.684,0.97805,0.97825,3.00,1.59
2011.08.31 23:50:50.040,0.97805,0.97825,3.38,1.59
2011.08.31 23:50:50.162,0.97808,0.97829,2.25,1.96
2011.08.31 23:50:50.280,0.97807,0.97829,4.13,1.96
2011.08.31 23:51:50.348,0.97806,0.97829,2.25,1.98
2011.08.31 23:51:55.626,0.97807,0.97829,1.50,2.73
2011.08.31 23:52:11.705,0.97807,0.97829,1.50,2.19
2011.08.31 23:52:20.746,0.97807,0.97829,2.25,1.98
2011.08.31 23:52:21.300,0.97807,0.97828,2.25,1.44
2011.08.31 23:52:29.816,0.97807,0.97829,2.25,2.19
2011.08.31 23:52:33.227,0.97807,0.97829,1.50,2.73
2011.08.31 23:52:34.419,0.97807,0.97829,1.50,2.56
2011.08.31 23:52:39.141,0.97807,0.97829,1.50,1.21
2011.08.31 23:52:56.608,0.97807,0.9783,1.50,2.13
2011.08.31 23:53:35.061,0.97808,0.9783,1.50,1.96
2011.08.31 23:53:41.636,0.97808,0.9783,1.50,1.96
2011.08.31 23:53:42.438,0.97808,0.97829,1.50,1.96
2011.08.31 23:53:47.669,0.97812,0.97832,1.50,2.71
2011.08.31 23:53:52.402,0.97812,0.97832,1.50,1.21
2011.08.31 23:53:52.520,0.97812,0.97834,1.50,1.21
2011.08.31 23:53:52.989,0.97813,0.97834,1.88,1.59
2011.08.31 23:54:00.755,0.97814,0.97837,3.38,1.44
2011.08.31 23:54:01.221,0.97819,0.97839,1.50,2.68
2011.08.31 23:54:41.428,0.97818,0.97837,3.00,1.59
2011.08.31 23:54:41.988,0.97816,0.97837,1.50,1.59
2011.08.31 23:54:43.129,0.97816,0.97836,1.50,1.59
2011.08.31 23:54:47.177,0.97816,0.97838,1.50,2.71
2011.08.31 23:54:48.085,0.9782,0.97837,3.38,1.59
2011.08.31 23:54:48.211,0.97821,0.97838,2.63,1.96
2011.08.31 23:54:48.332,0.97824,0.97838,3.00,1.13
2011.08.31 23:54:48.452,0.97824,0.97839,3.00,1.18
2011.08.31 23:54:49.019,0.97824,0.97839,3.00,1.18
2011.08.31 23:54:52.977,0.97825,0.97838,2.10,1.18
2011.08.31 23:54:53.846,0.97824,0.9784,3.00,1.75
2011.08.31 23:54:53.982,0.97824,0.97843,3.00,1.59
2011.08.31 23:54:54.104,0.97824,0.97845,3.38,2.34
2011.08.31 23:54:54.231,0.97827,0.97846,1.50,1.88
2011.08.31 23:54:57.520,0.97829,0.97847,1.88,1.50
2011.08.31 23:54:57.641,0.9783,0.9785,1.50,1.59
2011.08.31 23:54:59.474,0.9783,0.97851,1.35,1.50
2011.08.31 23:54:59.839,0.97836,0.97853,1.50,1.50
2011.08.31 23:55:00.524,0.97838,0.97856,1.50,1.50
2011.08.31 23:55:04.561,0.97835,0.97855,2.10,1.50
2011.08.31 23:55:05.272,0.97835,0.97855,2.10,1.50
2011.08.31 23:55:08.908,0.97835,0.97855,1.50,2.85
2011.08.31 23:55:09.250,0.97835,0.97854,1.50,2.04
2011.08.31 23:55:09.828,0.97835,0.97854,1.50,1.50
2011.08.31 23:55:19.878,0.97835,0.97855,1.50,1.35
2011.08.31 23:55:20.437,0.97835,0.97855,1.50,2.10
2011.08.31 23:55:22.700,0.97835,0.97855,1.50,2.10
2011.08.31 23:55:23.649,0.97835,0.97855,1.50,2.10
2011.08.31 23:55:23.998,0.97835,0.97855,1.50,1.35
2011.08.31 23:55:25.767,0.97835,0.97856,1.50,1.44
2011.08.31 23:55:26.139,0.97838,0.97858,1.50,1.21
2011.08.31 23:55:26.720,0.97838,0.97859,3.75,1.96
2011.08.31 23:55:33.820,0.97839,0.97859,1.50,1.21
2011.08.31 23:55:35.030,0.97839,0.97859,1.50,1.21
2011.08.31 23:55:41.565,0.97842,0.97859,1.50,1.13
2011.08.31 23:55:43.142,0.97842,0.97859,1.50,1.13
2011.08.31 23:55:44.330,0.97843,0.97859,1.50,1.13
2011.08.31 23:55:45.970,0.97843,0.97859,1.50,1.13
2011.08.31 23:55:46.872,0.97843,0.97859,1.50,1.13
2011.08.31 23:55:47.421,0.97843,0.97859,1.50,1.13
2011.08.31 23:55:48.103,0.97843,0.97861,1.50,2.57
2011.08.31 23:55:48.658,0.97843,0.97861,1.50,2.57
2011.08.31 23:55:49.360,0.97843,0.97861,1.50,2.57
2011.08.31 23:55:50.514,0.97843,0.97859,1.50,1.13
2011.08.31 23:55:51.542,0.97843,0.97859,1.50,1.13
2011.08.31 23:55:52.434,0.97843,0.97859,1.50,1.13
2011.08.31 23:55:53.019,0.97843,0.97859,1.50,1.13
2011.08.31 23:55:54.549,0.97842,0.97861,1.50,1.50
2011.08.31 23:55:54.890,0.97845,0.9786,1.50,1.50
2011.08.31 23:56:00.147,0.97845,0.97862,1.50,1.50
2011.08.31 23:56:03.382,0.97844,0.97865,3.75,1.35
2011.08.31 23:56:04.392,0.97847,0.97864,1.50,1.35
2011.08.31 23:56:04.983,0.97846,0.97864,1.50,1.35
2011.08.31 23:56:11.822,0.97845,0.97865,1.50,2.56
2011.08.31 23:56:11.943,0.97844,0.97865,4.50,2.19
2011.08.31 23:56:12.524,0.97844,0.9786,1.50,1.50
2011.08.31 23:56:28.651,0.97844,0.97862,1.50,1.50
2011.08.31 23:56:31.781,0.97844,0.97862,1.50,1.50
2011.08.31 23:56:32.731,0.97844,0.97863,1.50,2.10
2011.08.31 23:56:32.970,0.97844,0.97863,1.50,2.10
2011.08.31 23:56:33.211,0.97846,0.97866,1.50,2.19
2011.08.31 23:56:34.075,0.97846,0.97865,1.50,1.59
2011.08.31 23:56:35.238,0.97846,0.97866,1.50,1.44
2011.08.31 23:56:36.973,0.97846,0.97866,1.50,1.44
2011.08.31 23:56:42.838,0.97846,0.97865,1.50,1.59
2011.08.31 23:56:43.681,0.97845,0.97866,1.50,2.19
2011.08.31 23:56:56.235,0.97844,0.97861,1.50,1.50
2011.08.31 23:57:04.282,0.97844,0.97861,1.50,1.50
2011.08.31 23:57:17.587,0.97842,0.97862,1.50,1.59
2011.08.31 23:57:26.629,0.97842,0.97862,1.50,1.59
2011.08.31 23:57:29.164,0.97843,0.97864,3.60,2.34
2011.08.31 23:57:31.450,0.97844,0.97864,1.88,1.59
2011.08.31 23:57:31.568,0.97844,0.97864,1.88,1.59
2011.08.31 23:57:31.808,0.97844,0.97866,1.50,2.19
2011.08.31 23:57:35.248,0.97846,0.97866,1.50,1.44
2011.08.31 23:57:35.846,0.97846,0.97864,1.50,1.50
2011.08.31 23:57:36.978,0.97846,0.97864,1.50,1.50
2011.08.31 23:57:37.208,0.97845,0.97864,2.25,2.25
2011.08.31 23:57:44.567,0.97846,0.97864,1.50,1.50
2011.08.31 23:57:48.666,0.97846,0.97864,1.50,1.50
2011.08.31 23:57:49.023,0.97844,0.97861,1.50,1.50
2011.08.31 23:57:49.590,0.97845,0.97862,1.50,1.50
2011.08.31 23:57:58.519,0.97845,0.97863,1.50,1.59
2011.08.31 23:57:59.088,0.97845,0.97862,1.50,1.50
2011.08.31 23:58:01.980,0.97845,0.97861,1.50,1.50
2011.08.31 23:58:03.209,0.97843,0.97862,1.50,1.50
2011.08.31 23:58:03.761,0.97843,0.97862,1.50,2.25
2011.08.31 23:58:04.000,0.97843,0.97864,1.50,1.59
2011.08.31 23:58:04.231,0.97843,0.97861,3.75,1.50
2011.08.31 23:58:05.097,0.97843,0.97862,1.50,1.50
2011.08.31 23:58:06.153,0.97843,0.9786,1.50,1.13
2011.08.31 23:58:06.269,0.97843,0.9786,1.50,1.67
2011.08.31 23:58:06.830,0.97843,0.9786,1.50,2.42
2011.08.31 23:58:07.393,0.97843,0.9786,1.50,2.42
2011.08.31 23:58:08.748,0.97843,0.9786,1.50,2.42
2011.08.31 23:58:09.648,0.97843,0.9786,1.50,2.42
2011.08.31 23:58:10.648,0.97843,0.9786,1.50,2.42
2011.08.31 23:58:11.349,0.97843,0.9786,1.50,2.42
2011.08.31 23:58:14.257,0.97843,0.9786,1.50,1.67
2011.08.31 23:58:18.060,0.97843,0.9786,1.50,1.67
2011.08.31 23:58:19.780,0.97843,0.9786,1.50,1.67
2011.08.31 23:58:22.889,0.97842,0.9786,1.50,2.04
2011.08.31 23:58:26.259,0.97842,0.9786,1.50,2.04
2011.08.31 23:58:27.037,0.97842,0.9786,1.50,2.04
2011.08.31 23:58:27.906,0.97842,0.9786,1.50,2.04
2011.08.31 23:58:30.007,0.97842,0.9786,1.50,2.04
2011.08.31 23:58:31.478,0.97842,0.9786,1.50,2.04
2011.08.31 23:58:33.270,0.97842,0.9786,1.50,2.04
2011.08.31 23:58:34.078,0.97842,0.9786,1.50,2.04
2011.08.31 23:58:34.648,0.97842,0.9786,1.50,2.04
2011.08.31 23:58:35.511,0.97842,0.9786,1.50,2.04
2011.08.31 23:58:36.109,0.97842,0.9786,1.50,2.04
2011.08.31 23:58:37.649,0.97842,0.9786,1.50,2.04
2011.08.31 23:58:38.778,0.97842,0.97859,1.50,1.13
2011.08.31 23:58:39.118,0.97844,0.97861,1.50,1.59
2011.08.31 23:58:41.389,0.97843,0.97861,1.50,2.20
2011.08.31 23:58:42.168,0.97843,0.97861,1.50,2.95
2011.08.31 23:58:44.200,0.97843,0.97861,1.50,2.95
2011.08.31 23:58:45.987,0.97843,0.97861,1.50,2.95
2011.08.31 23:58:49.557,0.97843,0.97861,1.50,2.95
2011.08.31 23:58:51.179,0.97843,0.97861,1.50,2.95
2011.08.31 23:58:52.594,0.97841,0.97859,1.50,1.59
2011.08.31 23:58:52.713,0.9784,0.97858,1.50,1.43
2011.08.31 23:58:52.833,0.97839,0.97855,1.50,1.05
2011.08.31 23:58:53.421,0.97837,0.97852,1.50,1.05
2011.08.31 23:58:53.941,0.97837,0.97852,1.50,1.22
2011.08.31 23:59:00.542,0.97837,0.97853,1.50,1.22
2011.08.31 23:59:01.109,0.97837,0.97853,1.50,1.22
2011.08.31 23:59:05.705,0.97837,0.97854,1.50,1.43
2011.08.31 23:59:06.076,0.97839,0.97856,4.90,1.50
2011.08.31 23:59:06.203,0.97841,0.97861,1.73,1.59
2011.08.31 23:59:06.449,0.97844,0.97863,3.00,1.59
2011.08.31 23:59:06.685,0.97841,0.97862,1.50,2.34
2011.08.31 23:59:10.200,0.97841,0.97862,2.25,2.34
2011.08.31 23:59:10.821,0.97843,0.97864,3.00,2.19
2011.08.31 23:59:11.168,0.97843,0.97864,3.75,1.44
2011.08.31 23:59:11.510,0.97843,0.97864,3.75,1.44
2011.08.31 23:59:13.628,0.97843,0.97864,3.75,2.19
2011.08.31 23:59:14.187,0.97843,0.97864,3.75,2.19
2011.08.31 23:59:14.680,0.97843,0.97864,3.75,1.44
2011.08.31 23:59:33.212,0.97843,0.97864,3.75,2.19
2011.08.31 23:59:33.455,0.97843,0.97862,1.50,1.28
2011.08.31 23:59:34.117,0.97843,0.9786,1.50,1.50
2011.08.31 23:59:36.320,0.97843,0.97861,1.50,1.50
2011.08.31 23:59:39.769,0.97843,0.97862,1.50,2.25
2011.08.31 23:59:40.004,0.97843,0.97864,1.50,3.69
2011.08.31 23:59:40.134,0.97843,0.97864,1.50,2.94
2011.08.31 23:59:40.251,0.97844,0.97864,3.00,2.34
2011.08.31 23:59:40.823,0.97845,0.97864,1.50,1.59
2011.08.31 23:59:46.440,0.97844,0.97861,3.00,1.50
2011.08.31 23:59:47.230,0.97845,0.97861,1.50,1.50
2011.08.31 23:59:48.243,0.97845,0.97862,1.50,2.25
2011.08.31 23:59:55.552,0.97842,0.97862,1.50,2.85
2011.08.31 23:59:56.121,0.97842,0.97862,1.50,2.85
2011.08.31 23:59:58.989,0.97842,0.97862,1.50,2.10
2011.08.31 23:59:59.661,0.97842,0.97862,1.50,2.19
