2015.01.09 17:00:00.142,1.18581,1.18592,1.10,1.20
2015.01.09 17:00:00.546,1.18581,1.1859,1.10,1.37
2015.01.09 17:00:01.070,1.1858,1.1859,1.17,1.12
2015.01.09 17:00:01.576,1.1858,1.1859,1.07,1.37
2015.01.09 17:00:01.628,1.1858,1.1859,1.07,1.10
2015.01.09 17:00:02.902,1.18582,1.18591,1.00,2.59
2015.01.09 17:00:03.206,1.18581,1.18591,1.10,2.14
2015.01.09 17:00:05.123,1.18579,1.1859,1.00,3.52
2015.01.09 17:00:05.275,1.18579,1.1859,1.00,4.27
2015.01.09 17:00:05.796,1.18579,1.18588,1.00,1.37
2015.01.09 17:00:06.305,1.18578,1.18589,1.10,3.52
2015.01.09 17:00:06.407,1.18578,1.18589,1.10,3.15
2015.01.09 17:00:08.812,1.18578,1.18588,1.10,1.07
2015.01.09 17:00:09.799,1.1858,1.18588,2.10,2.32
2015.01.09 17:00:09.900,1.18579,1.18588,2.85,1.95
2015.01.09 17:00:10.406,1.18578,1.18588,1.07,1.95
2015.01.09 17:00:11.215,1.18577,1.18583,1.17,1.50
2015.01.09 17:00:11.266,1.18575,1.18583,1.07,1.95
2015.01.09 17:00:12.631,1.18575,1.18582,1.00,1.15
2015.01.09 17:00:12.683,1.1857,1.18581,1.25,1.65
2015.01.09 17:00:12.886,1.1857,1.1858,1.15,1.07
2015.01.09 17:00:13.425,1.18572,1.18579,2.17,1.57
2015.01.09 17:00:13.526,1.18571,1.18579,2.25,2.25
2015.01.09 17:00:13.779,1.18573,1.18582,1.60,3.52
2015.01.09 17:00:14.285,1.18573,1.18581,2.47,1.17
2015.01.09 17:00:14.488,1.18576,1.18584,1.00,1.72
2015.01.09 17:00:14.640,1.18577,1.18586,1.00,2.47
2015.01.09 17:00:14.843,1.18574,1.18585,2.25,1.72
2015.01.09 17:00:15.146,1.18574,1.18583,2.10,1.57
2015.01.09 17:00:15.748,1.1857,1.18581,1.84,3.22
2015.01.09 17:00:16.254,1.1857,1.18579,1.57,2.25
2015.01.09 17:00:16.660,1.1857,1.18579,3.67,2.25
2015.01.09 17:00:17.166,1.18572,1.18581,2.10,1.17
2015.01.09 17:00:17.318,1.18571,1.18581,1.42,1.17
2015.01.09 17:00:17.823,1.1857,1.18579,2.25,1.00
2015.01.09 17:00:17.874,1.18571,1.18579,2.10,1.00
2015.01.09 17:00:18.178,1.1857,1.18579,3.75,1.00
2015.01.09 17:00:18.486,1.18572,1.18579,2.10,1.00
2015.01.09 17:00:18.639,1.1857,1.18578,1.10,1.50
2015.01.09 17:00:19.156,1.1857,1.18579,1.05,1.10
2015.01.09 17:00:20.257,1.1857,1.18579,1.24,1.10
2015.01.09 17:00:22.481,1.18572,1.18581,1.15,1.31
2015.01.09 17:00:22.885,1.18574,1.18583,1.80,1.07
2015.01.09 17:00:23.392,1.18574,1.18583,1.50,1.07
2015.01.09 17:00:23.645,1.18573,1.1858,1.00,1.00
2015.01.09 17:00:25.056,1.18572,1.18579,2.17,1.00
2015.01.09 17:00:25.107,1.1857,1.18579,1.24,1.10
2015.01.09 17:00:25.209,1.1857,1.18579,1.91,1.10
2015.01.09 17:00:25.310,1.1857,1.18579,1.56,1.10
2015.01.09 17:00:25.664,1.18572,1.18579,2.10,1.10
2015.01.09 17:00:27.655,1.18572,1.1858,2.10,1.00
2015.01.09 17:00:28.163,1.18574,1.18583,1.35,1.65
2015.01.09 17:00:29.200,1.18574,1.18583,2.85,1.65
2015.01.09 17:00:29.419,1.18572,1.18582,3.26,1.00
2015.01.09 17:00:29.470,1.18572,1.1858,3.07,1.00
2015.01.09 17:00:29.987,1.18571,1.18579,2.74,1.00
2015.01.09 17:00:30.492,1.18571,1.18581,2.62,1.07
2015.01.09 17:00:30.998,1.18571,1.18581,2.55,2.40
2015.01.09 17:00:31.530,1.18571,1.18581,2.74,1.17
2015.01.09 17:00:32.070,1.18573,1.18582,2.10,1.72
2015.01.09 17:00:32.588,1.18572,1.18582,2.44,3.34
2015.01.09 17:00:35.082,1.18573,1.18582,1.97,1.65
2015.01.09 17:00:35.385,1.18578,1.18583,1.00,1.50
2015.01.09 17:00:35.437,1.18577,1.18588,2.32,5.70
2015.01.09 17:00:35.958,1.18578,1.18587,1.00,1.27
2015.01.09 17:00:38.647,1.18576,1.18587,1.25,1.27
2015.01.09 17:00:39.156,1.18576,1.18587,1.15,1.27
2015.01.09 17:00:39.713,1.18578,1.18587,1.00,1.27
2015.01.09 17:00:42.134,1.18576,1.18585,1.15,1.07
2015.01.09 17:00:42.439,1.18576,1.18587,1.15,1.27
2015.01.09 17:00:42.978,1.18576,1.18585,1.15,1.00
2015.01.09 17:00:43.489,1.18576,1.18585,1.15,1.07
2015.01.09 17:00:44.021,1.18575,1.18586,1.25,1.10
2015.01.09 17:00:44.122,1.18574,1.1858,4.80,1.00
2015.01.09 17:00:44.325,1.18572,1.18578,1.00,1.00
2015.01.09 17:00:44.426,1.18569,1.18578,2.02,1.00
2015.01.09 17:00:44.932,1.18569,1.18578,2.02,1.07
2015.01.09 17:00:46.301,1.18569,1.18578,2.21,1.07
2015.01.09 17:00:48.329,1.18569,1.18578,2.21,1.07
2015.01.09 17:00:50.405,1.18572,1.18578,1.00,1.07
2015.01.09 17:00:50.607,1.18572,1.18583,6.19,1.65
2015.01.09 17:00:50.708,1.18573,1.18584,1.80,1.27
2015.01.09 17:00:51.592,1.18575,1.18584,1.00,1.27
2015.01.09 17:00:52.121,1.18575,1.18584,1.00,1.22
2015.01.09 17:00:52.985,1.18574,1.18585,1.42,1.27
2015.01.09 17:00:54.027,1.18574,1.18583,1.50,1.20
2015.01.09 17:00:58.336,1.18579,1.18585,1.00,2.02
2015.01.09 17:00:58.538,1.18579,1.1859,3.67,2.21
2015.01.09 17:00:59.094,1.18579,1.18588,2.92,1.20
2015.01.09 17:00:59.817,1.18579,1.18588,3.11,1.20
2015.01.09 17:00:59.868,1.18581,1.18588,2.29,1.20
2015.01.09 17:01:00.414,1.18583,1.18589,2.10,1.00
2015.01.09 17:01:01.078,1.18586,1.18593,2.10,1.65
2015.01.09 17:01:01.432,1.18582,1.1859,2.32,1.00
2015.01.09 17:01:01.584,1.18581,1.1859,3.07,1.12
2015.01.09 17:01:01.837,1.18581,1.1859,3.67,1.00
2015.01.09 17:01:02.503,1.18581,1.1859,2.32,1.50
2015.01.09 17:01:08.946,1.1858,1.1859,2.32,1.57
2015.01.09 17:01:08.997,1.18579,1.1859,1.27,1.57
2015.01.09 17:01:10.698,1.1858,1.1859,1.17,1.15
2015.01.09 17:01:13.664,1.18584,1.1859,1.12,1.15
2015.01.09 17:01:13.969,1.18592,1.186,1.15,1.50
2015.01.09 17:01:14.121,1.18592,1.18601,1.15,1.07
2015.01.09 17:01:14.894,1.1859,1.186,3.45,1.10
2015.01.09 17:01:16.071,1.18592,1.18601,1.29,1.26
2015.01.09 17:01:20.089,1.18592,1.18603,1.91,1.39
2015.01.09 17:01:23.109,1.18593,1.18604,1.10,1.54
2015.01.09 17:01:23.311,1.18593,1.18604,3.00,1.16
2015.01.09 17:01:23.614,1.18596,1.18607,1.50,1.65
2015.01.09 17:01:23.816,1.18596,1.18607,1.25,1.35
2015.01.09 17:01:26.412,1.18595,1.18606,2.32,1.00
2015.01.09 17:01:28.421,1.18598,1.18607,1.00,1.30
2015.01.09 17:01:28.724,1.18599,1.18608,1.57,1.17
2015.01.09 17:01:28.978,1.186,1.18611,1.65,1.17
2015.01.09 17:01:29.130,1.18601,1.18612,1.17,1.20
2015.01.09 17:01:29.635,1.18601,1.18612,1.17,1.17
2015.01.09 17:01:31.828,1.18603,1.18612,1.00,1.50
2015.01.09 17:01:34.814,1.18603,1.18611,1.00,1.50
2015.01.09 17:01:37.327,1.18603,1.18611,1.00,1.07
2015.01.09 17:01:37.898,1.18603,1.18611,1.00,1.10
2015.01.09 17:01:39.410,1.18602,1.18611,1.10,1.07
2015.01.09 17:01:39.462,1.18603,1.18614,1.07,1.92
2015.01.09 17:01:39.664,1.18604,1.18614,1.50,1.27
2015.01.09 17:01:42.258,1.18605,1.18616,1.00,1.90
2015.01.09 17:01:42.309,1.18613,1.18618,1.50,1.00
2015.01.09 17:01:42.361,1.18616,1.18621,1.35,1.50
2015.01.09 17:01:42.462,1.18619,1.18627,1.35,4.57
2015.01.09 17:01:42.513,1.18619,1.18626,1.35,3.15
2015.01.09 17:01:42.615,1.1862,1.18629,1.00,1.65
2015.01.09 17:01:42.716,1.1862,1.18631,1.20,1.46
2015.01.09 17:01:42.868,1.18622,1.18632,1.00,1.52
2015.01.09 17:01:43.374,1.18623,1.18632,1.00,1.57
2015.01.09 17:01:43.880,1.18622,1.18634,1.20,1.27
2015.01.09 17:01:44.392,1.18622,1.18634,1.20,1.52
2015.01.09 17:01:47.555,1.18622,1.18634,1.27,1.52
2015.01.09 17:01:52.017,1.18624,1.18634,1.00,1.52
2015.01.09 17:01:52.522,1.18625,1.18634,1.10,1.45
2015.01.09 17:01:57.236,1.18625,1.18635,1.10,4.27
2015.01.09 17:01:57.743,1.18626,1.18635,1.00,4.27
2015.01.09 17:01:57.794,1.18626,1.18636,1.00,3.07
2015.01.09 17:01:59.848,1.18633,1.18643,1.10,1.44
2015.01.09 17:02:00.255,1.18631,1.18642,1.65,1.09
2015.01.09 17:02:00.762,1.18631,1.18643,1.65,1.69
2015.01.09 17:02:01.066,1.18632,1.18644,3.82,1.45
2015.01.09 17:02:01.117,1.18632,1.18646,3.90,3.07
2015.01.09 17:02:01.370,1.18635,1.18648,1.15,1.27
2015.01.09 17:02:03.589,1.18637,1.18649,1.10,3.82
2015.01.09 17:02:03.640,1.18641,1.18649,1.50,3.82
2015.01.09 17:02:03.742,1.18641,1.1865,1.50,1.57
2015.01.09 17:02:04.248,1.18638,1.18652,4.12,2.77
2015.01.09 17:02:04.299,1.18639,1.18652,1.07,2.10
2015.01.09 17:02:08.818,1.18639,1.18651,2.44,2.10
2015.01.09 17:02:09.374,1.18637,1.18651,3.15,5.77
2015.01.09 17:02:09.475,1.18636,1.18647,1.25,1.27
2015.01.09 17:02:09.678,1.18635,1.18646,1.20,1.22
2015.01.09 17:02:09.729,1.18635,1.18646,1.10,3.15
2015.01.09 17:02:10.033,1.18629,1.1864,1.00,2.40
2015.01.09 17:02:10.337,1.18629,1.1864,1.00,2.77
2015.01.09 17:02:10.490,1.18626,1.18638,1.20,1.65
2015.01.09 17:02:13.355,1.18628,1.18639,1.00,6.00
2015.01.09 17:02:15.117,1.18625,1.18639,1.22,6.60
2015.01.09 17:02:15.319,1.18625,1.18636,1.15,1.17
2015.01.09 17:02:16.981,1.18625,1.18636,1.10,3.82
2015.01.09 17:02:22.174,1.18622,1.18635,3.15,1.65
2015.01.09 17:02:22.682,1.18622,1.18635,3.07,2.02
2015.01.09 17:02:24.514,1.18622,1.18635,1.10,4.20
2015.01.09 17:02:28.574,1.18622,1.18635,1.10,3.82
2015.01.09 17:02:29.337,1.18623,1.18634,1.00,1.27
2015.01.09 17:02:36.907,1.18616,1.18623,1.10,2.70
2015.01.09 17:02:36.959,1.1861,1.18622,1.15,1.52
2015.01.09 17:02:41.316,1.1861,1.18622,1.00,5.62
2015.01.09 17:02:43.123,1.18607,1.18615,1.10,2.17
2015.01.09 17:02:43.174,1.18607,1.18615,1.10,3.30
2015.01.09 17:02:43.275,1.18602,1.18612,1.07,3.37
2015.01.09 17:02:43.629,1.186,1.18611,1.20,1.17
2015.01.09 17:02:43.679,1.186,1.18611,1.20,1.87
2015.01.09 17:02:43.983,1.18597,1.18608,1.10,2.77
2015.01.09 17:02:45.574,1.18597,1.18602,1.10,1.00
2015.01.09 17:02:46.353,1.18592,1.18602,1.61,1.00
2015.01.09 17:02:46.580,1.18592,1.18602,1.61,1.00
2015.01.09 17:02:46.789,1.18592,1.18606,1.61,1.50
2015.01.09 17:02:48.735,1.18592,1.18606,3.11,2.25
2015.01.09 17:02:49.563,1.18592,1.18605,3.11,1.10
2015.01.09 17:02:49.613,1.18594,1.18605,1.60,1.10
2015.01.09 17:02:49.922,1.18598,1.18605,1.00,1.10
2015.01.09 17:02:50.124,1.18598,1.18609,1.10,1.31
2015.01.09 17:02:51.423,1.18602,1.18612,1.00,2.10
2015.01.09 17:02:51.474,1.18602,1.18612,1.00,1.10
2015.01.09 17:02:51.980,1.18602,1.18611,1.00,1.07
2015.01.09 17:02:52.488,1.18602,1.18613,1.10,1.87
2015.01.09 17:02:52.539,1.18602,1.18613,1.07,1.57
2015.01.09 17:02:53.083,1.18602,1.18613,1.25,1.57
2015.01.09 17:02:53.645,1.18602,1.18613,1.19,1.76
2015.01.09 17:02:54.166,1.18602,1.18611,1.19,1.00
2015.01.09 17:02:54.267,1.18601,1.1861,1.01,1.10
2015.01.09 17:02:54.672,1.18603,1.1861,2.10,1.10
2015.01.09 17:02:54.824,1.18602,1.18613,1.00,1.07
2015.01.09 17:02:54.875,1.18604,1.18613,1.00,1.07
2015.01.09 17:02:54.977,1.18602,1.18613,1.10,1.10
2015.01.09 17:02:55.078,1.18602,1.18613,1.00,1.50
2015.01.09 17:02:55.587,1.18601,1.18612,1.00,1.37
2015.01.09 17:03:00.753,1.18603,1.18614,1.10,1.55
2015.01.09 17:03:06.066,1.18603,1.18614,1.10,1.35
2015.01.09 17:03:06.885,1.18605,1.18614,1.00,1.35
2015.01.09 17:03:08.489,1.18606,1.18615,1.10,1.20
2015.01.09 17:03:08.995,1.18606,1.18615,1.10,1.15
2015.01.09 17:03:15.548,1.18606,1.18617,1.17,3.52
2015.01.09 17:03:16.296,1.18608,1.18617,1.00,3.15
2015.01.09 17:03:16.823,1.18606,1.18617,1.65,3.15
2015.01.09 17:03:20.631,1.18606,1.18617,1.72,1.15
2015.01.09 17:03:25.544,1.18606,1.18617,1.17,1.20
2015.01.09 17:03:26.888,1.18606,1.18617,1.10,3.45
2015.01.09 17:03:27.573,1.18605,1.18614,1.25,1.27
2015.01.09 17:03:28.149,1.18606,1.18615,1.00,1.22
2015.01.09 17:03:28.402,1.18606,1.18615,1.00,1.30
2015.01.09 17:03:29.161,1.18607,1.18618,1.00,6.00
2015.01.09 17:03:30.236,1.18603,1.1861,1.05,1.10
2015.01.09 17:03:30.388,1.18601,1.18611,1.26,1.10
2015.01.09 17:03:30.489,1.186,1.18611,2.21,1.17
2015.01.09 17:03:30.793,1.18605,1.18613,1.50,1.15
2015.01.09 17:03:30.844,1.18602,1.18613,1.09,1.15
2015.01.09 17:03:31.198,1.18601,1.18612,1.36,1.17
2015.01.09 17:03:31.704,1.18601,1.18612,1.10,1.15
2015.01.09 17:03:34.005,1.18601,1.1861,1.10,2.32
2015.01.09 17:03:35.391,1.18593,1.18602,2.17,1.00
2015.01.09 17:03:35.695,1.18593,1.18602,1.35,1.07
2015.01.09 17:03:36.254,1.18591,1.18602,3.56,1.17
2015.01.09 17:03:39.004,1.18593,1.18602,1.00,1.17
2015.01.09 17:03:40.786,1.18592,1.18601,1.42,1.07
2015.01.09 17:03:41.832,1.18592,1.18601,2.92,1.07
2015.01.09 17:03:43.156,1.18592,1.18601,1.42,1.07
2015.01.09 17:03:43.814,1.18592,1.18603,1.70,3.90
2015.01.09 17:03:44.717,1.18593,1.18602,2.10,1.25
2015.01.09 17:03:47.361,1.18592,1.18602,2.17,1.17
2015.01.09 17:03:47.923,1.18593,1.18602,2.10,1.17
2015.01.09 17:03:49.628,1.18595,1.18606,1.20,3.52
2015.01.09 17:03:51.502,1.18594,1.18605,1.57,1.17
2015.01.09 17:03:56.120,1.18594,1.18605,1.45,1.17
2015.01.09 17:03:56.424,1.18594,1.18605,1.15,1.17
2015.01.09 17:03:56.929,1.18596,1.18605,2.25,1.10
2015.01.09 17:03:57.443,1.18597,1.18606,1.20,1.17
2015.01.09 17:03:57.948,1.18597,1.18606,1.17,1.17
2015.01.09 17:03:59.024,1.18597,1.18606,1.20,1.17
2015.01.09 17:03:59.574,1.18597,1.18606,1.17,1.17
2015.01.09 17:04:04.883,1.18596,1.18605,1.25,1.10
2015.01.09 17:04:05.288,1.18595,1.18604,1.07,1.57
2015.01.09 17:04:05.793,1.18594,1.18604,1.07,1.65
2015.01.09 17:04:07.066,1.18596,1.18604,1.50,1.17
2015.01.09 17:04:07.218,1.18594,1.18605,1.60,1.00
2015.01.09 17:04:07.319,1.18595,1.18606,1.65,1.10
2015.01.09 17:04:07.623,1.18593,1.18602,4.69,1.47
2015.01.09 17:04:07.674,1.18591,1.186,2.51,1.10
2015.01.09 17:04:08.184,1.18591,1.186,1.56,1.20
2015.01.09 17:04:08.987,1.18591,1.186,2.06,1.20
2015.01.09 17:04:10.855,1.18591,1.186,1.97,1.20
2015.01.09 17:04:11.390,1.18589,1.18599,1.65,1.00
2015.01.09 17:04:11.492,1.18589,1.18599,1.27,1.00
2015.01.09 17:04:12.210,1.18589,1.18598,1.27,1.00
2015.01.09 17:04:12.569,1.18589,1.18596,1.20,2.17
2015.01.09 17:04:12.824,1.18579,1.18587,1.69,1.00
2015.01.09 17:04:13.697,1.18577,1.18586,1.17,1.20
2015.01.09 17:04:14.869,1.18577,1.18586,1.10,1.07
2015.01.09 17:04:15.122,1.18576,1.18587,1.15,1.25
2015.01.09 17:04:16.151,1.18576,1.18587,1.25,1.27
2015.01.09 17:04:16.524,1.18575,1.18586,1.17,1.25
2015.01.09 17:04:17.029,1.18577,1.18586,1.10,1.27
2015.01.09 17:04:19.556,1.18576,1.18587,1.07,1.52
2015.01.09 17:04:19.759,1.18571,1.18578,3.64,1.00
2015.01.09 17:04:19.962,1.18569,1.18576,1.69,1.00
2015.01.09 17:04:20.164,1.1857,1.18579,2.66,1.22
2015.01.09 17:04:20.317,1.18573,1.18582,2.10,1.27
2015.01.09 17:04:20.671,1.18576,1.1858,1.50,1.10
2015.01.09 17:04:21.038,1.18574,1.1858,1.50,1.10
2015.01.09 17:04:23.198,1.18571,1.1858,1.47,1.07
2015.01.09 17:04:23.400,1.18568,1.18579,3.45,1.10
2015.01.09 17:04:24.776,1.18567,1.18578,3.45,1.07
2015.01.09 17:04:24.979,1.18569,1.1858,1.72,1.17
2015.01.09 17:04:25.282,1.18567,1.18578,1.65,1.20
2015.01.09 17:04:25.384,1.18567,1.18578,2.02,1.20
2015.01.09 17:04:26.976,1.1857,1.18581,1.27,1.25
2015.01.09 17:04:27.481,1.1857,1.18581,1.27,1.15
2015.01.09 17:04:28.379,1.1857,1.18579,1.30,1.00
2015.01.09 17:04:28.431,1.1857,1.18579,1.20,1.07
2015.01.09 17:04:28.987,1.18567,1.18576,1.65,1.00
2015.01.09 17:04:29.190,1.18569,1.18578,1.15,1.00
2015.01.09 17:04:29.443,1.18571,1.18582,1.15,1.17
2015.01.09 17:04:29.494,1.18569,1.18576,2.70,1.00
2015.01.09 17:04:29.646,1.18566,1.18576,1.27,1.20
2015.01.09 17:04:29.697,1.18566,1.18574,1.27,1.00
2015.01.09 17:04:29.798,1.18566,1.18576,1.65,1.00
2015.01.09 17:04:30.001,1.18566,1.18575,4.57,1.00
2015.01.09 17:04:31.417,1.18566,1.18575,5.32,1.00
2015.01.09 17:04:31.974,1.18568,1.1858,3.82,1.15
2015.01.09 17:04:33.831,1.18566,1.18577,5.40,1.00
2015.01.09 17:04:33.983,1.18566,1.18575,5.40,1.00
2015.01.09 17:04:34.569,1.18566,1.18576,4.65,1.00
2015.01.09 17:04:35.105,1.18566,1.18575,5.40,1.00
2015.01.09 17:04:35.422,1.1857,1.18577,2.17,1.00
2015.01.09 17:04:35.878,1.18574,1.1858,1.50,1.15
2015.01.09 17:04:36.081,1.18572,1.18579,1.10,1.17
2015.01.09 17:04:36.647,1.18572,1.18578,1.07,1.10
2015.01.09 17:04:37.153,1.18572,1.1858,1.07,1.07
2015.01.09 17:04:38.335,1.18572,1.18577,1.07,1.00
2015.01.09 17:04:38.860,1.18572,1.18577,1.00,1.10
2015.01.09 17:04:41.140,1.18572,1.18579,1.00,1.10
2015.01.09 17:04:42.133,1.18572,1.18578,1.00,1.00
2015.01.09 17:04:42.952,1.18572,1.18577,1.00,1.00
2015.01.09 17:04:44.423,1.18572,1.18576,1.00,1.00
2015.01.09 17:04:54.069,1.18572,1.18579,1.07,1.15
2015.01.09 17:04:55.055,1.18572,1.18576,1.10,1.00
2015.01.09 17:04:56.809,1.18569,1.18576,1.27,1.00
2015.01.09 17:04:57.879,1.1857,1.18576,2.17,1.00
2015.01.09 17:04:59.412,1.18568,1.18576,3.00,1.00
2015.01.09 17:04:59.615,1.18568,1.18576,1.90,1.00
2015.01.09 17:05:01.052,1.18568,1.18576,2.17,1.20
2015.01.09 17:05:01.103,1.18568,1.18574,2.17,1.00
2015.01.09 17:05:01.154,1.18567,1.18574,1.07,1.07
2015.01.09 17:05:01.358,1.18562,1.18572,6.45,1.00
2015.01.09 17:05:02.916,1.18563,1.18571,3.82,1.00
2015.01.09 17:05:02.967,1.18562,1.18571,1.50,1.00
2015.01.09 17:05:03.919,1.18561,1.18569,4.69,1.00
2015.01.09 17:05:07.236,1.18561,1.1857,5.25,1.00
2015.01.09 17:05:11.527,1.18562,1.18571,1.09,1.00
2015.01.09 17:05:12.458,1.18562,1.1857,1.09,1.00
2015.01.09 17:05:17.590,1.18561,1.1857,1.82,1.00
2015.01.09 17:05:19.073,1.18561,1.18571,1.69,1.00
2015.01.09 17:05:24.212,1.1856,1.18565,3.94,1.00
2015.01.09 17:05:24.319,1.18557,1.18565,1.37,1.07
2015.01.09 17:05:24.371,1.18553,1.18562,3.64,1.00
2015.01.09 17:05:24.422,1.18553,1.18562,1.16,1.00
2015.01.09 17:05:24.574,1.18551,1.1856,2.81,1.00
2015.01.09 17:05:24.829,1.1855,1.18559,2.14,1.00
2015.01.09 17:05:25.184,1.18551,1.18557,1.25,1.00
2015.01.09 17:05:28.431,1.1855,1.18557,1.31,1.00
2015.01.09 17:05:28.734,1.18556,1.18564,1.17,1.10
2015.01.09 17:05:30.789,1.18558,1.18568,1.00,2.96
2015.01.09 17:05:30.840,1.18559,1.18568,1.65,2.32
2015.01.09 17:05:32.207,1.18564,1.18572,1.07,3.00
2015.01.09 17:05:32.264,1.18564,1.18572,1.50,1.00
2015.01.09 17:05:35.614,1.18562,1.18573,3.15,1.10
2015.01.09 17:05:36.122,1.18562,1.18571,3.15,1.00
2015.01.09 17:05:36.804,1.18562,1.18573,3.15,1.10
2015.01.09 17:05:37.309,1.18562,1.18572,2.40,1.10
2015.01.09 17:05:39.826,1.18563,1.18572,2.40,1.10
2015.01.09 17:05:40.331,1.18563,1.18573,2.32,1.10
2015.01.09 17:05:41.956,1.18563,1.18572,3.07,1.00
2015.01.09 17:05:42.475,1.18563,1.18572,3.07,1.07
2015.01.09 17:05:44.905,1.18563,1.18574,3.07,1.07
2015.01.09 17:05:46.851,1.18565,1.18574,1.17,1.10
2015.01.09 17:05:49.244,1.18563,1.18572,1.22,1.00
2015.01.09 17:05:49.750,1.1856,1.18571,4.65,2.32
2015.01.09 17:05:49.852,1.1856,1.18571,1.27,2.47
2015.01.09 17:05:50.357,1.18559,1.1857,2.02,1.27
2015.01.09 17:06:01.465,1.18561,1.18572,1.27,1.20
2015.01.09 17:06:01.516,1.18561,1.18572,1.27,1.20
2015.01.09 17:06:02.046,1.18561,1.18572,1.27,1.10
2015.01.09 17:06:05.819,1.18561,1.18572,1.17,1.17
2015.01.09 17:06:05.921,1.1856,1.18569,1.15,1.00
2015.01.09 17:06:11.227,1.18561,1.1857,1.17,1.00
2015.01.09 17:06:12.523,1.1856,1.18569,1.27,1.00
2015.01.09 17:06:13.028,1.1856,1.18569,1.17,1.10
2015.01.09 17:06:22.395,1.18561,1.18572,1.10,3.82
2015.01.09 17:06:22.791,1.18554,1.18561,1.00,1.20
2015.01.09 17:06:23.195,1.18551,1.18563,3.52,1.10
2015.01.09 17:06:23.297,1.18553,1.18564,7.57,1.10
2015.01.09 17:06:23.729,1.18559,1.18567,1.00,2.32
2015.01.09 17:06:23.830,1.18559,1.18568,1.10,1.27
2015.01.09 17:06:24.336,1.18557,1.18564,1.07,1.00
2015.01.09 17:06:24.438,1.18557,1.18566,1.00,1.20
2015.01.09 17:06:25.821,1.18556,1.18565,1.17,1.00
2015.01.09 17:06:26.328,1.18558,1.18567,1.17,1.00
2015.01.09 17:06:28.251,1.18556,1.18567,1.27,1.10
2015.01.09 17:06:30.247,1.18556,1.18567,1.55,1.10
2015.01.09 17:06:36.478,1.18554,1.18565,6.82,1.00
2015.01.09 17:06:36.731,1.18555,1.18563,1.20,1.00
2015.01.09 17:06:37.237,1.18555,1.18564,1.57,1.00
2015.01.09 17:06:38.344,1.18555,1.18566,1.57,1.57
2015.01.09 17:06:41.705,1.18555,1.18564,1.65,1.00
2015.01.09 17:06:50.590,1.18551,1.18562,2.21,1.20
2015.01.09 17:06:51.096,1.18551,1.18562,1.72,1.20
2015.01.09 17:06:52.004,1.18553,1.18564,1.00,2.10
2015.01.09 17:06:52.308,1.18555,1.18566,1.72,1.25
2015.01.09 17:06:52.662,1.18559,1.18569,1.10,1.20
2015.01.09 17:06:52.864,1.18561,1.18572,1.20,1.25
2015.01.09 17:06:54.547,1.1856,1.18571,1.00,1.27
2015.01.09 17:06:54.812,1.18558,1.18569,1.10,1.20
2015.01.09 17:06:55.325,1.18557,1.18568,1.27,1.10
2015.01.09 17:06:56.446,1.18561,1.1857,1.00,1.27
2015.01.09 17:06:56.962,1.18559,1.1857,1.25,1.10
2015.01.09 17:06:58.171,1.18561,1.18572,1.00,1.65
2015.01.09 17:06:59.757,1.18559,1.1857,1.27,1.20
2015.01.09 17:07:02.509,1.18561,1.18572,1.00,1.27
2015.01.09 17:07:03.016,1.18559,1.1857,1.27,1.17
2015.01.09 17:07:04.386,1.18561,1.18572,1.00,1.52
2015.01.09 17:07:04.640,1.18561,1.18572,1.25,1.20
2015.01.09 17:07:07.758,1.18561,1.18572,1.17,1.17
2015.01.09 17:07:07.809,1.1856,1.18569,1.20,1.00
2015.01.09 17:07:07.911,1.1856,1.18569,1.00,1.00
2015.01.09 17:07:15.526,1.18558,1.18567,1.25,1.00
2015.01.09 17:07:15.831,1.18556,1.18567,1.00,1.57
2015.01.09 17:07:16.338,1.18556,1.18565,1.10,1.10
2015.01.09 17:07:16.844,1.18554,1.18565,1.76,1.65
2015.01.09 17:07:17.352,1.18554,1.18563,1.57,1.00
2015.01.09 17:07:17.858,1.18554,1.18563,1.00,1.30
2015.01.09 17:07:18.383,1.18555,1.18564,1.10,1.72
2015.01.09 17:07:20.287,1.18555,1.18565,1.20,1.09
2015.01.09 17:07:20.802,1.18556,1.18565,1.00,1.09
2015.01.09 17:07:22.914,1.1856,1.18568,1.00,4.39
2015.01.09 17:07:23.735,1.1856,1.18571,1.00,2.02
2015.01.09 17:07:24.257,1.1856,1.18571,1.00,1.35
2015.01.09 17:07:24.822,1.18561,1.18572,1.00,4.57
2015.01.09 17:07:26.415,1.18557,1.18568,1.27,1.00
2015.01.09 17:07:26.517,1.18557,1.18568,1.00,1.47
2015.01.09 17:07:26.618,1.18557,1.18568,1.00,1.17
2015.01.09 17:07:27.124,1.18558,1.18569,1.00,1.25
2015.01.09 17:07:29.427,1.1856,1.18571,1.00,1.22
2015.01.09 17:07:30.137,1.18559,1.18571,1.10,1.25
2015.01.09 17:07:31.498,1.18559,1.1857,1.00,1.27
2015.01.09 17:07:31.650,1.18557,1.18568,1.10,1.20
2015.01.09 17:07:31.802,1.18556,1.18567,1.17,1.07
2015.01.09 17:07:34.954,1.18556,1.18568,1.10,1.20
2015.01.09 17:07:35.459,1.18557,1.18566,1.10,1.57
2015.01.09 17:07:35.863,1.18554,1.18563,1.15,1.00
2015.01.09 17:07:36.065,1.18553,1.18563,1.20,1.10
2015.01.09 17:07:39.980,1.18553,1.18562,1.10,1.50
2015.01.09 17:07:41.662,1.18552,1.18562,1.01,1.57
2015.01.09 17:07:42.168,1.18552,1.18561,1.01,1.50
2015.01.09 17:07:43.795,1.18552,1.18563,1.01,1.72
2015.01.09 17:07:44.714,1.18553,1.18562,1.00,1.65
2015.01.09 17:07:45.220,1.18552,1.18561,1.01,1.00
2015.01.09 17:07:48.943,1.18552,1.18563,1.12,1.65
2015.01.09 17:07:51.733,1.18553,1.18563,1.07,1.10
2015.01.09 17:07:52.036,1.18553,1.18563,1.50,1.00
2015.01.09 17:07:52.495,1.18558,1.18567,2.25,1.20
2015.01.09 17:07:53.437,1.1856,1.1857,1.00,3.15
2015.01.09 17:07:53.538,1.1856,1.1857,1.00,1.27
2015.01.09 17:07:53.993,1.1856,1.1857,1.12,1.20
2015.01.09 17:07:54.346,1.1856,1.1857,1.10,1.20
2015.01.09 17:07:55.644,1.1856,1.18569,1.00,1.00
2015.01.09 17:07:55.745,1.18561,1.18569,1.17,1.00
2015.01.09 17:07:55.796,1.18561,1.18572,1.17,3.15
2015.01.09 17:07:56.100,1.1856,1.18571,1.00,1.22
2015.01.09 17:07:56.151,1.18562,1.18572,1.00,2.02
2015.01.09 17:07:56.303,1.18558,1.18567,1.00,1.10
2015.01.09 17:07:56.404,1.18557,1.18567,1.00,1.65
2015.01.09 17:07:56.959,1.18557,1.18564,1.00,1.07
2015.01.09 17:07:57.061,1.18553,1.18564,1.95,1.07
2015.01.09 17:07:58.501,1.18552,1.18562,1.10,1.10
2015.01.09 17:08:02.223,1.18552,1.18561,1.01,1.50
2015.01.09 17:08:03.852,1.18554,1.18561,1.00,1.50
2015.01.09 17:08:04.269,1.18552,1.18562,1.10,2.32
2015.01.09 17:08:11.300,1.18551,1.1856,1.32,1.00
2015.01.09 17:08:14.007,1.18548,1.18557,1.95,1.50
2015.01.09 17:08:14.110,1.18548,1.18557,1.56,1.50
2015.01.09 17:08:14.212,1.18546,1.18554,1.74,1.00
2015.01.09 17:08:14.516,1.18544,1.18552,3.75,1.00
2015.01.09 17:08:14.566,1.18542,1.18552,3.82,1.00
2015.01.09 17:08:15.089,1.18543,1.18552,3.75,1.00
2015.01.09 17:08:17.583,1.18546,1.18555,1.12,2.32
2015.01.09 17:08:17.685,1.18547,1.18558,1.12,1.17
2015.01.09 17:08:18.198,1.18547,1.18558,1.52,1.00
2015.01.09 17:08:18.706,1.18548,1.18559,1.27,1.10
2015.01.09 17:08:21.491,1.18549,1.18558,1.17,1.00
2015.01.09 17:08:22.567,1.18549,1.1856,1.17,1.17
2015.01.09 17:08:25.129,1.1855,1.18561,1.07,1.15
2015.01.09 17:08:25.230,1.1855,1.18561,1.25,1.00
2015.01.09 17:08:25.755,1.18551,1.18562,1.17,1.10
2015.01.09 17:08:26.109,1.1855,1.1856,1.87,1.00
2015.01.09 17:08:27.862,1.18549,1.1856,2.36,1.57
2015.01.09 17:08:28.395,1.1855,1.18559,1.17,1.00
2015.01.09 17:08:37.698,1.1855,1.18559,4.50,1.00
2015.01.09 17:08:37.800,1.1855,1.18561,4.50,1.00
2015.01.09 17:08:38.306,1.18552,1.18562,1.57,1.00
2015.01.09 17:08:39.018,1.1855,1.18559,3.15,1.00
2015.01.09 17:08:39.120,1.1855,1.1856,1.27,1.10
2015.01.09 17:08:39.626,1.18547,1.18554,1.75,1.00
2015.01.09 17:08:39.727,1.18546,1.18557,4.57,1.10
2015.01.09 17:08:39.778,1.18546,1.18557,1.72,1.00
2015.01.09 17:08:40.315,1.18547,1.18558,1.22,1.00
2015.01.09 17:08:40.423,1.18547,1.18558,1.65,1.00
2015.01.09 17:08:42.545,1.1855,1.18559,1.20,1.00
2015.01.09 17:08:46.591,1.1855,1.18559,1.10,1.47
2015.01.09 17:08:48.839,1.18546,1.1855,3.30,1.50
2015.01.09 17:08:48.991,1.1854,1.1855,5.51,2.62
2015.01.09 17:08:49.496,1.18539,1.18548,2.51,1.37
2015.01.09 17:08:49.547,1.1854,1.18549,4.69,1.00
2015.01.09 17:08:50.041,1.1854,1.18549,4.69,1.00
2015.01.09 17:08:50.244,1.18542,1.18551,1.87,1.95
2015.01.09 17:08:50.808,1.18542,1.18551,1.87,1.87
2015.01.09 17:08:51.749,1.1854,1.18551,2.51,1.17
2015.01.09 17:08:52.290,1.1854,1.18549,2.51,1.00
2015.01.09 17:08:52.862,1.18539,1.18549,1.46,1.00
2015.01.09 17:08:53.368,1.18539,1.18549,1.44,1.00
2015.01.09 17:08:54.831,1.18541,1.18549,2.10,1.00
2015.01.09 17:08:54.983,1.18547,1.18558,1.50,1.54
2015.01.09 17:08:55.085,1.18546,1.18553,1.87,1.00
2015.01.09 17:08:55.337,1.18539,1.18549,3.90,1.50
2015.01.09 17:08:55.489,1.18545,1.18553,2.10,1.27
2015.01.09 17:08:55.641,1.18545,1.18555,4.12,1.00
2015.01.09 17:08:56.818,1.18548,1.18559,1.95,1.47
2015.01.09 17:08:58.278,1.18548,1.18559,1.95,1.47
2015.01.09 17:08:58.582,1.1855,1.18561,1.12,1.62
2015.01.09 17:09:03.386,1.18551,1.1856,1.17,1.37
2015.01.09 17:09:03.891,1.18551,1.1856,1.10,1.37
2015.01.09 17:09:04.901,1.18549,1.1856,1.27,1.45
2015.01.09 17:09:05.204,1.18551,1.1856,1.20,1.37
2015.01.09 17:09:08.895,1.18551,1.1856,1.20,1.37
2015.01.09 17:09:14.113,1.18548,1.18554,1.50,1.00
2015.01.09 17:09:14.215,1.18546,1.18557,2.32,3.07
2015.01.09 17:09:14.367,1.18546,1.18557,1.87,1.47
2015.01.09 17:09:14.569,1.18547,1.18556,1.12,1.00
2015.01.09 17:09:15.074,1.18547,1.18558,1.20,1.37
2015.01.09 17:09:15.983,1.18548,1.18556,1.07,2.10
2015.01.09 17:09:16.085,1.18546,1.18556,1.65,2.17
2015.01.09 17:09:16.186,1.18543,1.18553,1.39,1.10
2015.01.09 17:09:16.237,1.18543,1.18551,1.12,1.00
2015.01.09 17:09:16.288,1.18542,1.18551,1.07,1.00
2015.01.09 17:09:16.798,1.18541,1.1855,1.61,1.00
2015.01.09 17:09:17.518,1.18542,1.18551,1.10,1.00
2015.01.09 17:09:17.822,1.18542,1.18553,1.12,1.65
2015.01.09 17:09:21.250,1.18545,1.18556,2.25,3.52
2015.01.09 17:09:21.301,1.18545,1.18556,2.25,1.55
2015.01.09 17:09:21.352,1.18546,1.18557,1.07,2.29
2015.01.09 17:09:22.625,1.18547,1.18557,1.10,2.21
2015.01.09 17:09:22.929,1.18549,1.18558,1.10,1.10
2015.01.09 17:09:23.434,1.1855,1.18559,1.00,1.10
2015.01.09 17:09:23.637,1.1855,1.18561,1.65,1.30
2015.01.09 17:09:24.144,1.18551,1.18562,1.10,1.95
2015.01.09 17:09:25.558,1.18555,1.18562,1.57,1.95
2015.01.09 17:09:25.813,1.18552,1.18561,1.10,1.10
2015.01.09 17:09:26.319,1.18553,1.18561,1.00,1.07
2015.01.09 17:09:26.864,1.18552,1.18561,1.10,2.70
2015.01.09 17:09:30.278,1.18549,1.18555,2.25,1.00
2015.01.09 17:09:30.381,1.18544,1.18551,3.82,1.00
2015.01.09 17:09:30.483,1.18543,1.18551,1.09,1.00
2015.01.09 17:09:30.990,1.18541,1.1855,1.31,1.00
2015.01.09 17:09:31.886,1.1854,1.1855,1.39,1.10
2015.01.09 17:09:32.401,1.1854,1.18549,1.39,1.00
2015.01.09 17:09:32.605,1.1854,1.18549,1.20,1.12
2015.01.09 17:09:32.707,1.18536,1.18547,3.75,1.10
2015.01.09 17:09:32.808,1.18537,1.18546,1.00,1.00
2015.01.09 17:09:33.010,1.18539,1.18548,1.00,1.25
2015.01.09 17:09:33.314,1.18536,1.18547,1.10,1.57
2015.01.09 17:09:34.122,1.18536,1.18547,1.17,1.65
2015.01.09 17:09:35.560,1.18536,1.18543,1.17,1.00
2015.01.09 17:09:35.814,1.18531,1.18542,2.51,2.62
2015.01.09 17:09:36.218,1.18536,1.18543,1.00,1.10
2015.01.09 17:09:36.421,1.18536,1.18547,1.00,1.27
2015.01.09 17:09:36.954,1.18536,1.18547,1.10,1.25
2015.01.09 17:09:37.207,1.18538,1.18547,1.00,1.27
2015.01.09 17:09:38.526,1.18538,1.18549,1.10,1.27
2015.01.09 17:09:40.218,1.18536,1.18547,1.57,3.45
2015.01.09 17:09:41.019,1.18533,1.18542,1.17,1.00
2015.01.09 17:09:41.373,1.18532,1.18541,1.25,1.00
2015.01.09 17:09:41.424,1.18534,1.18543,1.00,1.27
2015.01.09 17:09:44.366,1.18531,1.18541,1.01,1.00
2015.01.09 17:09:44.871,1.18531,1.18541,1.57,1.95
2015.01.09 17:09:45.225,1.18533,1.18543,1.10,1.17
2015.01.09 17:09:45.744,1.18534,1.18545,1.00,2.14
2015.01.09 17:09:47.478,1.18537,1.18546,1.00,2.14
2015.01.09 17:09:47.933,1.18534,1.18545,1.65,1.76
2015.01.09 17:09:48.438,1.18534,1.18544,1.65,1.07
2015.01.09 17:09:49.878,1.18536,1.18544,1.00,1.07
2015.01.09 17:09:49.979,1.18534,1.18544,1.65,1.07
2015.01.09 17:09:50.081,1.18537,1.18544,1.00,1.07
2015.01.09 17:09:51.473,1.18537,1.18545,1.07,1.12
2015.01.09 17:09:51.575,1.18538,1.18547,1.10,1.69
2015.01.09 17:09:53.088,1.18537,1.18546,1.00,1.45
2015.01.09 17:09:55.357,1.18535,1.18544,3.07,1.12
2015.01.09 17:10:01.309,1.18537,1.18544,1.00,1.00
2015.01.09 17:10:01.511,1.18537,1.18546,3.07,1.12
2015.01.09 17:10:02.150,1.18539,1.18548,1.50,1.20
2015.01.09 17:10:11.537,1.18539,1.18548,1.20,1.37
2015.01.09 17:10:24.029,1.18539,1.18546,1.20,2.55
2015.01.09 17:10:24.181,1.18537,1.18545,1.57,1.05
2015.01.09 17:10:24.722,1.18536,1.18545,1.00,1.05
2015.01.09 17:10:24.874,1.18534,1.18545,1.57,1.87
2015.01.09 17:10:27.632,1.18534,1.18544,1.10,4.42
2015.01.09 17:10:27.783,1.1853,1.18539,1.91,1.00
2015.01.09 17:10:28.239,1.1853,1.18541,2.59,2.40
2015.01.09 17:10:36.559,1.18531,1.18542,1.65,2.47
2015.01.09 17:10:38.060,1.18531,1.18539,1.17,1.00
2015.01.09 17:10:38.726,1.18531,1.18541,1.17,1.20
2015.01.09 17:10:39.232,1.18532,1.18541,1.07,1.00
2015.01.09 17:10:44.854,1.18533,1.1854,1.20,1.00
2015.01.09 17:10:44.955,1.18529,1.18538,5.59,1.00
2015.01.09 17:10:45.056,1.18529,1.18538,2.14,1.00
2015.01.09 17:10:45.569,1.18529,1.18538,2.51,1.00
2015.01.09 17:10:46.740,1.18529,1.18536,1.57,1.00
2015.01.09 17:10:46.791,1.18529,1.18536,1.10,1.00
2015.01.09 17:10:48.185,1.18529,1.18536,1.29,1.00
2015.01.09 17:10:50.185,1.18527,1.18536,2.44,1.00
2015.01.09 17:10:50.917,1.18527,1.18535,1.69,1.00
2015.01.09 17:10:51.069,1.18527,1.18535,1.00,1.37
2015.01.09 17:10:51.322,1.18525,1.18533,1.00,1.20
2015.01.09 17:10:51.372,1.18527,1.18533,1.10,1.10
2015.01.09 17:10:51.423,1.18527,1.18535,1.10,1.00
2015.01.09 17:10:51.474,1.18525,1.18535,1.50,1.10
2015.01.09 17:10:52.789,1.18526,1.18537,1.57,1.27
2015.01.09 17:10:52.840,1.18531,1.18541,1.87,1.74
2015.01.09 17:10:53.372,1.18532,1.18541,1.65,1.00
2015.01.09 17:10:53.726,1.18535,1.18543,1.00,1.00
2015.01.09 17:10:53.929,1.18535,1.18545,2.40,1.12
2015.01.09 17:10:54.081,1.18537,1.18545,1.50,1.12
2015.01.09 17:10:54.502,1.18538,1.18546,1.65,1.00
2015.01.09 17:10:55.014,1.18538,1.18548,1.65,1.46
2015.01.09 17:10:58.149,1.18542,1.18551,1.35,1.01
2015.01.09 17:10:58.352,1.18543,1.18551,1.10,1.47
2015.01.09 17:10:58.503,1.18544,1.18552,1.12,1.25
2015.01.09 17:10:58.605,1.18548,1.18554,1.00,2.25
2015.01.09 17:10:58.656,1.18548,1.18556,1.00,1.00
2015.01.09 17:10:58.808,1.18549,1.18557,1.12,1.00
2015.01.09 17:10:59.314,1.1855,1.18558,1.17,1.00
2015.01.09 17:10:59.827,1.18549,1.18558,1.65,1.00
2015.01.09 17:11:01.279,1.18549,1.1856,1.65,1.55
2015.01.09 17:11:02.230,1.18549,1.1856,1.95,1.57
2015.01.09 17:11:07.213,1.18549,1.18558,1.95,1.00
2015.01.09 17:11:07.751,1.1855,1.18559,1.17,1.12
2015.01.09 17:11:15.117,1.18549,1.18558,1.95,1.00
2015.01.09 17:11:16.703,1.1855,1.18559,1.17,1.00
2015.01.09 17:11:17.401,1.18547,1.18558,7.57,1.00
2015.01.09 17:11:17.503,1.18547,1.18558,1.95,1.10
2015.01.09 17:11:19.942,1.18547,1.18557,1.20,1.00
2015.01.09 17:11:30.658,1.18547,1.18558,1.95,1.10
2015.01.09 17:11:33.968,1.18547,1.18557,1.20,1.00
2015.01.09 17:11:36.636,1.18547,1.18558,2.32,1.10
2015.01.09 17:11:42.162,1.18547,1.18558,5.32,1.10
2015.01.09 17:11:47.027,1.18548,1.18557,1.57,1.00
2015.01.09 17:11:47.883,1.18548,1.18559,1.57,1.07
2015.01.09 17:11:51.598,1.18548,1.18557,1.57,1.00
2015.01.09 17:11:52.103,1.18548,1.18557,1.20,1.00
2015.01.09 17:11:52.729,1.18547,1.18557,1.20,1.00
2015.01.09 17:11:54.651,1.18547,1.18556,1.12,1.00
2015.01.09 17:11:54.754,1.18545,1.18554,1.57,1.00
2015.01.09 17:11:55.008,1.18544,1.18554,1.46,1.00
2015.01.09 17:11:55.210,1.18544,1.18552,1.46,1.00
2015.01.09 17:11:55.514,1.18542,1.18549,3.86,1.00
2015.01.09 17:11:55.565,1.1854,1.18549,4.76,1.00
2015.01.09 17:11:56.222,1.1854,1.18549,1.99,1.00
2015.01.09 17:11:56.841,1.18539,1.18548,1.39,1.00
2015.01.09 17:12:00.429,1.18539,1.18548,1.67,1.00
2015.01.09 17:12:02.394,1.18539,1.18548,1.15,1.00
2015.01.09 17:12:06.852,1.18537,1.18548,3.86,1.00
2015.01.09 17:12:07.815,1.18539,1.18548,1.15,1.00
2015.01.09 17:12:09.850,1.18539,1.18547,1.15,1.00
2015.01.09 17:12:11.500,1.18538,1.18548,1.92,2.25
2015.01.09 17:12:14.773,1.18539,1.18548,6.11,1.00
2015.01.09 17:12:15.663,1.18539,1.1855,8.36,1.00
2015.01.09 17:12:15.966,1.18544,1.18552,1.10,1.00
2015.01.09 17:12:16.475,1.18544,1.18552,1.17,1.00
2015.01.09 17:12:17.002,1.18544,1.18553,1.20,1.00
2015.01.09 17:12:17.569,1.18544,1.18553,1.17,1.00
2015.01.09 17:12:19.595,1.18544,1.18552,1.20,1.00
2015.01.09 17:12:20.627,1.18545,1.18554,1.00,1.17
2015.01.09 17:12:20.730,1.18546,1.18557,1.17,1.95
2015.01.09 17:12:21.035,1.18551,1.1856,1.00,2.29
2015.01.09 17:12:21.137,1.18551,1.1856,1.00,1.35
2015.01.09 17:12:21.643,1.1855,1.18561,1.12,1.57
2015.01.09 17:12:22.151,1.18551,1.18561,1.00,1.57
2015.01.09 17:12:22.717,1.18549,1.1856,1.27,1.27
2015.01.09 17:12:23.223,1.18549,1.1856,1.25,1.35
2015.01.09 17:12:24.020,1.18548,1.18557,1.27,1.00
2015.01.09 17:12:24.635,1.18546,1.1855,1.10,1.00
2015.01.09 17:12:24.686,1.18542,1.1855,4.31,1.00
2015.01.09 17:12:25.191,1.18543,1.18552,4.50,1.17
2015.01.09 17:12:26.623,1.18543,1.18553,3.82,1.07
2015.01.09 17:12:26.980,1.18545,1.18556,1.20,1.27
2015.01.09 17:12:27.487,1.18544,1.18555,4.65,1.07
2015.01.09 17:12:27.860,1.18543,1.18551,6.00,1.00
2015.01.09 17:12:28.013,1.18542,1.18551,1.31,1.20
2015.01.09 17:12:28.114,1.18542,1.18551,4.69,1.20
2015.01.09 17:12:29.126,1.18543,1.18554,5.25,5.25
2015.01.09 17:12:29.431,1.18543,1.18554,2.40,1.15
2015.01.09 17:12:30.088,1.18547,1.18556,1.20,1.07
2015.01.09 17:12:30.240,1.18546,1.18557,1.57,1.17
2015.01.09 17:12:30.342,1.18546,1.18557,1.20,1.17
2015.01.09 17:12:30.494,1.18545,1.18554,1.37,1.07
2015.01.09 17:12:30.646,1.18543,1.18551,1.07,1.00
2015.01.09 17:12:30.697,1.18543,1.18551,1.07,1.07
2015.01.09 17:12:30.950,1.18543,1.18553,1.57,1.17
2015.01.09 17:12:31.102,1.18543,1.18554,2.32,1.17
2015.01.09 17:12:31.608,1.18544,1.18555,1.57,1.15
2015.01.09 17:12:32.315,1.18548,1.18554,1.00,1.10
2015.01.09 17:12:32.518,1.18551,1.18559,1.10,1.12
2015.01.09 17:12:33.023,1.18551,1.1856,1.10,1.30
2015.01.09 17:12:34.730,1.18549,1.1856,1.12,3.22
2015.01.09 17:12:34.832,1.18549,1.1856,1.10,3.22
2015.01.09 17:12:35.035,1.18548,1.18558,1.10,2.40
2015.01.09 17:12:35.542,1.18547,1.18553,1.17,1.50
2015.01.09 17:12:35.695,1.18541,1.18551,2.21,2.47
2015.01.09 17:12:36.150,1.18543,1.18552,1.00,1.20
2015.01.09 17:12:36.201,1.18545,1.18555,1.00,4.87
2015.01.09 17:12:36.505,1.18546,1.18556,1.07,2.70
2015.01.09 17:12:37.011,1.18546,1.18556,1.12,2.70
2015.01.09 17:12:41.574,1.18545,1.18554,1.07,3.07
2015.01.09 17:12:42.079,1.18543,1.18552,1.20,1.07
2015.01.09 17:12:42.872,1.18542,1.18551,1.37,1.17
2015.01.09 17:12:44.317,1.1854,1.1855,1.76,1.07
2015.01.09 17:12:44.622,1.18542,1.18551,2.21,1.00
2015.01.09 17:12:46.421,1.18543,1.18552,2.32,1.20
2015.01.09 17:12:46.976,1.18543,1.18552,1.57,1.10
2015.01.09 17:12:47.487,1.18542,1.18551,1.65,1.00
2015.01.09 17:12:50.056,1.18542,1.1855,1.65,1.00
2015.01.09 17:12:51.781,1.18543,1.1855,1.87,1.00
2015.01.09 17:12:51.832,1.18546,1.18554,1.50,1.07
2015.01.09 17:12:51.984,1.18546,1.18554,1.95,1.00
2015.01.09 17:12:52.527,1.18547,1.18554,1.12,1.45
2015.01.09 17:12:52.781,1.1854,1.1855,5.89,1.00
2015.01.09 17:12:53.987,1.1854,1.18549,2.14,1.00
2015.01.09 17:12:54.915,1.18539,1.18549,1.76,1.15
2015.01.09 17:12:55.420,1.18538,1.18547,1.84,1.10
2015.01.09 17:12:56.056,1.18538,1.18547,2.21,1.10
2015.01.09 17:12:56.573,1.18538,1.18547,2.21,1.10
2015.01.09 17:12:57.615,1.18538,1.18547,2.21,1.10
2015.01.09 17:13:00.120,1.18538,1.18547,1.46,1.10
2015.01.09 17:13:01.352,1.18538,1.18547,1.46,1.10
2015.01.09 17:13:01.858,1.18538,1.18547,1.44,1.10
2015.01.09 17:13:03.866,1.18538,1.18547,1.74,1.10
2015.01.09 17:13:05.426,1.18538,1.18546,2.21,1.00
2015.01.09 17:13:09.050,1.18538,1.18547,2.77,1.10
2015.01.09 17:13:09.359,1.18538,1.18547,6.15,1.10
2015.01.09 17:13:11.137,1.18539,1.18549,5.51,1.07
2015.01.09 17:13:12.548,1.18538,1.18547,3.34,1.10
2015.01.09 17:13:13.363,1.18539,1.18547,1.01,1.10
2015.01.09 17:13:13.868,1.18539,1.18549,4.01,1.07
2015.01.09 17:13:16.953,1.18539,1.18549,3.90,1.17
2015.01.09 17:13:17.105,1.18538,1.18549,4.09,1.17
2015.01.09 17:13:18.553,1.18538,1.18547,3.41,1.00
2015.01.09 17:13:20.139,1.18538,1.18547,3.41,1.00
2015.01.09 17:13:20.651,1.18538,1.18546,2.66,1.00
2015.01.09 17:13:24.184,1.18538,1.18546,2.40,1.10
2015.01.09 17:13:26.960,1.18539,1.18546,1.57,1.10
2015.01.09 17:13:29.374,1.18539,1.18546,1.57,1.10
2015.01.09 17:13:30.706,1.18538,1.18544,3.75,1.00
2015.01.09 17:13:31.282,1.18538,1.18545,3.19,1.00
2015.01.09 17:13:33.022,1.18537,1.18544,4.16,1.00
2015.01.09 17:13:33.328,1.18531,1.18537,5.70,1.20
2015.01.09 17:13:33.379,1.18527,1.18535,2.96,1.00
2015.01.09 17:13:33.581,1.18527,1.18533,1.65,1.00
2015.01.09 17:13:33.734,1.18527,1.18533,1.76,1.00
2015.01.09 17:13:35.034,1.18527,1.18533,1.19,1.00
2015.01.09 17:13:37.422,1.18525,1.18533,1.25,1.00
2015.01.09 17:13:37.473,1.18524,1.18531,2.32,1.00
2015.01.09 17:13:37.523,1.18523,1.18531,1.32,1.00
2015.01.09 17:13:38.029,1.18521,1.18531,1.46,1.00
2015.01.09 17:13:40.083,1.1852,1.18529,2.96,1.00
2015.01.09 17:13:40.594,1.18521,1.1853,1.16,1.00
2015.01.09 17:13:44.465,1.18519,1.18529,4.99,1.00
2015.01.09 17:13:44.970,1.1852,1.18529,1.69,1.10
2015.01.09 17:13:47.595,1.18522,1.1853,1.00,1.07
2015.01.09 17:13:51.085,1.1852,1.1853,2.59,1.07
2015.01.09 17:14:02.847,1.1852,1.18529,1.61,1.17
2015.01.09 17:14:03.354,1.1852,1.18529,1.42,1.17
2015.01.09 17:14:04.227,1.1852,1.18529,1.42,1.15
2015.01.09 17:14:04.531,1.18518,1.18528,1.00,3.15
2015.01.09 17:14:05.554,1.18518,1.18528,1.29,4.57
2015.01.09 17:14:06.514,1.18517,1.18525,1.91,1.00
2015.01.09 17:14:08.127,1.1852,1.18525,1.05,1.00
2015.01.09 17:14:08.178,1.1852,1.18527,1.05,1.00
2015.01.09 17:14:08.694,1.18517,1.18526,3.19,1.00
2015.01.09 17:14:11.475,1.18518,1.18527,2.51,1.10
2015.01.09 17:14:11.981,1.18519,1.18527,1.19,1.10
2015.01.09 17:14:12.532,1.18519,1.18527,2.74,1.10
2015.01.09 17:14:16.564,1.18517,1.18527,4.01,1.10
2015.01.09 17:14:17.070,1.18518,1.18527,1.96,1.10
2015.01.09 17:14:27.361,1.18518,1.18528,2.51,1.17
2015.01.09 17:14:27.871,1.18518,1.18528,2.32,1.17
2015.01.09 17:14:31.494,1.18518,1.18528,2.62,1.10
2015.01.09 17:14:32.009,1.18518,1.18529,3.37,1.10
2015.01.09 17:14:34.147,1.18518,1.18528,2.62,1.00
2015.01.09 17:14:34.603,1.18517,1.18528,2.62,2.32
2015.01.09 17:14:35.108,1.18519,1.18527,2.17,1.07
2015.01.09 17:14:36.512,1.18519,1.18527,2.44,1.00
2015.01.09 17:14:36.613,1.18519,1.18529,2.51,1.10
2015.01.09 17:14:40.444,1.1852,1.18529,1.24,1.10
2015.01.09 17:14:45.066,1.1852,1.18529,2.36,1.10
2015.01.09 17:14:52.829,1.18521,1.18531,1.84,1.57
2015.01.09 17:14:55.092,1.18528,1.18532,1.00,1.20
2015.01.09 17:14:55.193,1.1853,1.18537,1.00,1.72
2015.01.09 17:14:55.295,1.1853,1.18539,2.02,1.56
2015.01.09 17:14:55.396,1.18532,1.18541,1.57,1.20
2015.01.09 17:14:55.448,1.18533,1.18544,1.17,1.72
2015.01.09 17:14:55.751,1.18536,1.18545,1.27,1.00
2015.01.09 17:14:56.844,1.18536,1.18547,1.27,1.27
2015.01.09 17:14:58.816,1.18538,1.18549,1.25,1.65
2015.01.09 17:15:01.054,1.18537,1.18546,3.15,1.00
2015.01.09 17:15:01.308,1.18537,1.18546,1.17,1.00
2015.01.09 17:15:02.511,1.18537,1.18548,1.17,1.55
2015.01.09 17:15:07.488,1.18535,1.18545,1.35,1.00
2015.01.09 17:15:07.993,1.18534,1.18545,1.27,1.27
2015.01.09 17:15:08.711,1.18534,1.18545,1.27,1.20
2015.01.09 17:15:09.474,1.18534,1.18543,1.27,1.00
2015.01.09 17:15:09.986,1.18534,1.18543,1.15,1.20
2015.01.09 17:15:10.340,1.18532,1.18543,1.57,1.47
2015.01.09 17:15:10.593,1.18531,1.18542,1.25,2.70
2015.01.09 17:15:11.099,1.18529,1.18538,3.37,1.20
2015.01.09 17:15:11.150,1.18527,1.18538,1.25,1.27
2015.01.09 17:15:11.352,1.18529,1.18538,1.07,1.20
2015.01.09 17:15:12.493,1.18531,1.1854,1.10,1.62
2015.01.09 17:15:13.107,1.18531,1.18542,1.17,1.65
2015.01.09 17:15:13.643,1.18533,1.18542,1.10,1.67
2015.01.09 17:15:18.110,1.18532,1.18541,2.25,1.00
2015.01.09 17:15:18.212,1.18532,1.18541,1.57,1.00
2015.01.09 17:15:20.541,1.18532,1.18541,1.57,1.37
2015.01.09 17:15:27.103,1.18533,1.18544,1.65,2.02
2015.01.09 17:15:28.355,1.18533,1.18542,1.65,1.00
2015.01.09 17:15:28.558,1.18531,1.1854,3.82,1.57
2015.01.09 17:15:28.761,1.18529,1.18538,1.00,3.07
2015.01.09 17:15:28.812,1.18526,1.18535,1.07,1.57
2015.01.09 17:15:29.319,1.18522,1.18533,6.79,1.37
2015.01.09 17:15:29.522,1.18522,1.18532,1.31,1.20
2015.01.09 17:15:30.177,1.18522,1.18532,1.31,1.95
2015.01.09 17:15:41.750,1.18522,1.18531,1.25,1.17
2015.01.09 17:15:54.192,1.1852,1.1853,1.37,1.65
2015.01.09 17:15:56.014,1.18518,1.18528,4.39,1.00
2015.01.09 17:15:56.520,1.18521,1.1853,1.10,1.35
2015.01.09 17:15:58.674,1.1852,1.18528,1.17,2.10
2015.01.09 17:15:58.978,1.18522,1.18528,1.00,4.42
2015.01.09 17:15:59.507,1.18521,1.18525,1.00,1.10
2015.01.09 17:16:00.013,1.1852,1.18525,1.25,1.10
2015.01.09 17:16:00.165,1.18518,1.18525,1.54,1.10
2015.01.09 17:16:00.583,1.18521,1.18529,1.00,1.20
2015.01.09 17:16:02.346,1.1852,1.18529,1.01,1.57
2015.01.09 17:16:02.851,1.18523,1.18529,1.00,1.10
2015.01.09 17:16:03.368,1.18522,1.18529,1.00,1.10
2015.01.09 17:16:03.885,1.18521,1.18529,1.10,1.10
2015.01.09 17:16:06.251,1.18521,1.18532,1.09,2.40
2015.01.09 17:16:06.863,1.18523,1.18532,1.00,2.40
2015.01.09 17:16:07.171,1.18524,1.18533,1.00,1.27
2015.01.09 17:16:08.113,1.18525,1.18534,1.00,2.40
2015.01.09 17:16:08.265,1.18523,1.18534,1.20,2.02
2015.01.09 17:16:08.569,1.18525,1.18535,1.10,2.92
2015.01.09 17:16:14.420,1.18524,1.18534,1.00,1.65
2015.01.09 17:16:15.083,1.18523,1.18534,1.10,2.40
2015.01.09 17:16:18.432,1.18523,1.18534,3.00,1.65
2015.01.09 17:16:21.034,1.18523,1.18533,1.17,1.27
2015.01.09 17:16:21.583,1.18523,1.18533,1.20,1.35
2015.01.09 17:16:23.142,1.18524,1.18533,1.00,2.10
2015.01.09 17:16:23.672,1.18523,1.18532,2.40,1.10
2015.01.09 17:16:30.557,1.18524,1.18533,1.00,1.72
2015.01.09 17:16:31.534,1.18523,1.18529,1.50,1.00
2015.01.09 17:16:31.585,1.1852,1.18531,1.41,2.70
2015.01.09 17:16:37.197,1.18521,1.18529,1.10,1.10
2015.01.09 17:16:37.983,1.18521,1.1853,1.30,1.50
2015.01.09 17:16:38.392,1.18521,1.1853,1.46,1.50
2015.01.09 17:16:42.017,1.18521,1.1853,1.27,1.50
2015.01.09 17:16:42.763,1.1852,1.1853,1.24,1.57
2015.01.09 17:16:43.270,1.1852,1.18528,1.37,1.10
2015.01.09 17:16:49.615,1.1852,1.18531,1.20,1.25
2015.01.09 17:16:50.166,1.1852,1.18531,1.27,1.17
2015.01.09 17:16:51.245,1.18521,1.18531,1.35,1.17
2015.01.09 17:16:56.762,1.18522,1.18531,1.10,2.02
2015.01.09 17:16:57.696,1.18521,1.1853,1.17,1.72
2015.01.09 17:16:58.231,1.18521,1.1853,1.10,1.72
2015.01.09 17:17:04.219,1.18521,1.18531,1.10,1.35
2015.01.09 17:17:04.725,1.18525,1.18532,1.10,1.00
2015.01.09 17:17:05.231,1.18526,1.18536,1.10,1.46
2015.01.09 17:17:06.559,1.18528,1.18536,1.00,1.57
2015.01.09 17:17:06.610,1.18528,1.18537,1.57,1.15
2015.01.09 17:17:06.711,1.18531,1.18538,1.00,1.07
2015.01.09 17:17:06.863,1.18531,1.18539,1.10,1.39
2015.01.09 17:17:07.368,1.18532,1.18542,1.15,2.29
2015.01.09 17:17:07.623,1.18532,1.18542,3.00,1.17
2015.01.09 17:17:08.161,1.18532,1.18542,1.50,1.17
2015.01.09 17:17:09.478,1.18531,1.18538,1.50,1.10
2015.01.09 17:17:09.990,1.1853,1.18539,1.10,1.27
2015.01.09 17:17:11.656,1.18528,1.18537,1.22,1.00
2015.01.09 17:17:13.324,1.18525,1.18536,3.15,1.10
2015.01.09 17:17:14.336,1.18527,1.18536,1.27,1.10
2015.01.09 17:17:14.804,1.18529,1.1854,1.27,1.47
2015.01.09 17:17:15.332,1.18529,1.1854,1.25,1.47
2015.01.09 17:17:16.251,1.18529,1.1854,1.17,3.45
2015.01.09 17:17:18.150,1.18527,1.18537,1.25,1.20
2015.01.09 17:17:20.520,1.18526,1.18537,4.20,2.02
2015.01.09 17:17:20.924,1.18524,1.18534,2.40,1.00
2015.01.09 17:17:21.077,1.18524,1.18534,1.72,1.00
2015.01.09 17:17:21.583,1.18522,1.18533,4.09,1.87
2015.01.09 17:17:21.988,1.1852,1.18529,1.76,1.00
2015.01.09 17:17:23.665,1.18518,1.18529,2.21,1.00
2015.01.09 17:17:24.178,1.18518,1.18529,1.91,1.00
2015.01.09 17:17:25.243,1.18519,1.18528,1.36,1.00
2015.01.09 17:17:28.238,1.18518,1.18527,1.76,1.00
2015.01.09 17:17:29.372,1.18517,1.18528,2.66,1.07
2015.01.09 17:17:29.474,1.18517,1.18525,2.44,1.07
2015.01.09 17:17:29.575,1.18517,1.18526,2.36,1.10
2015.01.09 17:17:30.081,1.18518,1.18527,1.05,1.57
2015.01.09 17:17:30.586,1.18517,1.18526,1.89,1.00
2015.01.09 17:17:31.092,1.18517,1.18527,1.89,1.57
2015.01.09 17:17:36.133,1.18519,1.18527,1.22,1.50
2015.01.09 17:17:37.757,1.18518,1.18526,1.19,1.00
2015.01.09 17:17:38.518,1.18518,1.18526,1.19,1.00
2015.01.09 17:17:40.800,1.18517,1.18526,1.84,1.10
2015.01.09 17:17:44.808,1.18517,1.18526,1.69,1.09
2015.01.09 17:17:45.709,1.18518,1.18526,1.00,1.09
2015.01.09 17:17:47.166,1.18518,1.18526,1.25,1.39
2015.01.09 17:17:47.836,1.18517,1.18526,1.69,2.32
2015.01.09 17:17:48.556,1.18517,1.18526,1.56,1.10
2015.01.09 17:17:48.658,1.18525,1.1853,1.00,1.10
2015.01.09 17:17:48.810,1.18525,1.18534,1.00,1.87
2015.01.09 17:17:48.962,1.18522,1.18531,1.10,1.00
2015.01.09 17:17:49.469,1.18519,1.1853,1.36,3.07
2015.01.09 17:17:49.875,1.18519,1.18528,1.36,1.00
2015.01.09 17:17:50.382,1.18519,1.18528,1.19,1.00
2015.01.09 17:17:50.950,1.18519,1.18528,1.25,2.25
2015.01.09 17:17:53.945,1.18519,1.18528,1.19,2.25
2015.01.09 17:17:55.110,1.18519,1.18527,1.54,1.00
2015.01.09 17:17:56.978,1.18518,1.18527,1.61,1.00
2015.01.09 17:17:57.283,1.18517,1.18525,3.56,1.00
2015.01.09 17:17:57.801,1.18518,1.18525,1.25,1.00
2015.01.09 17:17:58.109,1.18518,1.18525,1.69,1.12
2015.01.09 17:17:58.412,1.1852,1.18525,1.00,1.00
2015.01.09 17:18:00.604,1.18518,1.18525,1.69,1.00
2015.01.09 17:18:01.630,1.18518,1.18525,1.69,1.00
2015.01.09 17:18:06.797,1.18518,1.18525,1.19,1.00
2015.01.09 17:18:07.311,1.1852,1.18525,1.00,1.00
2015.01.09 17:18:07.817,1.18518,1.18525,1.19,1.00
2015.01.09 17:18:19.864,1.18519,1.18525,1.19,1.00
2015.01.09 17:18:21.312,1.18518,1.18525,1.19,1.00
2015.01.09 17:18:30.669,1.18519,1.18525,1.19,1.00
2015.01.09 17:18:30.959,1.18519,1.18525,1.25,1.00
2015.01.09 17:18:32.954,1.18519,1.18527,1.25,2.40
2015.01.09 17:18:47.294,1.18515,1.18525,1.22,1.00
2015.01.09 17:18:47.396,1.18514,1.18522,1.44,1.00
2015.01.09 17:18:47.497,1.18513,1.18522,1.76,1.00
2015.01.09 17:18:47.700,1.1851,1.1852,3.64,1.50
2015.01.09 17:18:48.004,1.18508,1.18518,1.69,1.00
2015.01.09 17:18:48.528,1.18507,1.18518,3.19,1.00
2015.01.09 17:18:49.038,1.18507,1.18518,3.19,1.00
2015.01.09 17:18:52.602,1.18508,1.18518,2.06,1.00
2015.01.09 17:18:54.593,1.18508,1.18518,1.29,1.00
2015.01.09 17:18:55.352,1.18508,1.18518,1.01,1.00
2015.01.09 17:18:58.661,1.18508,1.18519,3.26,1.50
2015.01.09 17:18:58.863,1.18514,1.18522,2.10,1.72
2015.01.09 17:18:59.015,1.18514,1.18523,2.17,1.87
2015.01.09 17:18:59.066,1.18515,1.18523,1.77,1.50
2015.01.09 17:19:00.385,1.18513,1.18524,4.09,1.87
2015.01.09 17:19:00.486,1.18513,1.18523,1.16,1.00
2015.01.09 17:19:06.682,1.18512,1.18523,1.61,2.02
2015.01.09 17:19:08.568,1.18513,1.18522,1.20,1.00
2015.01.09 17:19:09.075,1.18513,1.18523,1.20,1.12
2015.01.09 17:19:10.705,1.18511,1.18522,2.66,1.00
2015.01.09 17:19:10.807,1.1851,1.1852,2.96,1.00
2015.01.09 17:19:11.783,1.1851,1.18519,1.46,1.00
2015.01.09 17:19:13.172,1.18511,1.1852,1.42,1.50
2015.01.09 17:19:19.378,1.1851,1.18518,1.19,1.00
2015.01.09 17:19:20.115,1.18509,1.18518,3.94,1.00
2015.01.09 17:19:23.831,1.1851,1.18519,1.80,1.00
2015.01.09 17:19:24.495,1.1851,1.18519,1.99,1.00
2015.01.09 17:19:25.005,1.18508,1.18519,2.74,3.00
2015.01.09 17:19:25.542,1.18508,1.18519,2.74,3.00
2015.01.09 17:19:26.250,1.18508,1.18519,4.24,3.00
2015.01.09 17:19:26.755,1.18508,1.18518,3.56,2.25
2015.01.09 17:19:35.377,1.18508,1.18518,3.00,2.25
2015.01.09 17:19:35.892,1.1851,1.18518,1.60,1.00
2015.01.09 17:19:37.073,1.18509,1.18518,1.60,1.50
2015.01.09 17:19:37.575,1.18509,1.18518,1.60,1.50
2015.01.09 17:19:38.104,1.18508,1.18517,2.44,1.00
2015.01.09 17:19:39.463,1.18508,1.18517,2.25,1.00
2015.01.09 17:19:41.870,1.18509,1.18517,2.17,1.00
2015.01.09 17:19:51.133,1.18507,1.18517,3.49,1.00
2015.01.09 17:19:55.749,1.18507,1.18517,2.74,1.50
2015.01.09 17:20:06.101,1.18507,1.18517,1.29,1.50
2015.01.09 17:20:06.606,1.18507,1.18517,1.19,1.57
2015.01.09 17:20:09.429,1.18507,1.18517,1.19,1.57
2015.01.09 17:20:10.399,1.18507,1.18517,1.19,1.57
2015.01.09 17:20:11.028,1.18507,1.18515,1.19,1.00
2015.01.09 17:20:18.452,1.18508,1.18516,1.19,1.00
2015.01.09 17:20:18.957,1.18512,1.1852,1.72,1.72
2015.01.09 17:20:19.008,1.18513,1.18521,1.07,1.20
2015.01.09 17:20:19.160,1.18514,1.18524,1.12,1.95
2015.01.09 17:20:19.363,1.18515,1.18526,1.80,1.37
2015.01.09 17:20:20.587,1.18515,1.18526,1.27,1.37
2015.01.09 17:20:21.120,1.18515,1.18526,1.27,1.47
2015.01.09 17:20:22.687,1.18513,1.18523,1.46,1.12
2015.01.09 17:20:24.569,1.18512,1.18521,3.04,1.00
2015.01.09 17:20:25.077,1.18512,1.18521,2.59,1.00
2015.01.09 17:20:25.650,1.18513,1.18522,1.01,1.57
2015.01.09 17:20:27.046,1.18514,1.18523,1.00,1.12
2015.01.09 17:20:28.998,1.18513,1.18522,1.65,1.00
2015.01.09 17:20:31.576,1.18511,1.18521,2.36,1.00
2015.01.09 17:20:32.626,1.18511,1.18521,4.54,1.00
2015.01.09 17:20:32.932,1.18514,1.18524,2.17,1.57
2015.01.09 17:20:33.033,1.18513,1.18524,1.91,1.57
2015.01.09 17:20:33.185,1.18513,1.1852,1.16,1.00
2015.01.09 17:20:33.704,1.18511,1.1852,2.89,1.00
2015.01.09 17:20:34.211,1.18511,1.1852,2.29,1.00
2015.01.09 17:20:34.727,1.18511,1.18519,1.54,1.00
2015.01.09 17:20:35.233,1.18509,1.18518,2.74,1.00
2015.01.09 17:20:35.756,1.18509,1.18517,1.86,1.00
2015.01.09 17:20:36.268,1.18509,1.18518,2.29,1.10
2015.01.09 17:20:36.426,1.1851,1.18518,1.15,1.10
2015.01.09 17:20:37.470,1.1851,1.18519,1.16,1.07
2015.01.09 17:20:37.874,1.1851,1.18519,4.54,1.07
2015.01.09 17:20:38.816,1.1851,1.1852,4.91,1.00
2015.01.09 17:20:39.321,1.18511,1.18522,4.84,1.10
2015.01.09 17:20:39.523,1.18511,1.18521,1.32,1.00
2015.01.09 17:20:40.908,1.18511,1.1852,1.32,1.00
2015.01.09 17:20:42.001,1.1851,1.1852,1.31,1.10
2015.01.09 17:20:42.052,1.1851,1.1852,4.99,1.10
2015.01.09 17:20:43.047,1.18511,1.1852,1.32,1.10
2015.01.09 17:20:45.871,1.1851,1.18519,1.46,1.00
2015.01.09 17:20:46.130,1.18509,1.18517,2.06,1.00
2015.01.09 17:20:46.535,1.18508,1.18517,1.61,1.00
2015.01.09 17:20:47.333,1.18508,1.18517,1.86,1.00
2015.01.09 17:20:48.222,1.18509,1.18517,1.15,1.00
2015.01.09 17:20:49.203,1.18507,1.18517,1.24,1.00
2015.01.09 17:20:50.202,1.18507,1.18517,1.24,1.00
2015.01.09 17:20:51.243,1.18507,1.18518,1.99,1.00
2015.01.09 17:20:51.294,1.18508,1.18518,1.16,1.00
2015.01.09 17:20:51.598,1.1851,1.18518,4.35,1.00
2015.01.09 17:20:51.850,1.18509,1.18518,1.12,1.00
2015.01.09 17:20:52.054,1.1851,1.18518,1.27,1.00
2015.01.09 17:20:53.818,1.1851,1.18518,4.54,1.00
2015.01.09 17:20:53.919,1.1851,1.18518,1.16,1.00
2015.01.09 17:20:55.360,1.18509,1.18518,1.26,1.00
2015.01.09 17:20:55.875,1.18507,1.18517,1.84,1.00
2015.01.09 17:20:58.383,1.18508,1.18517,1.01,1.00
2015.01.09 17:21:00.210,1.18507,1.18517,2.44,1.00
2015.01.09 17:21:04.853,1.18509,1.18517,1.00,1.00
2015.01.09 17:21:14.694,1.18509,1.18517,1.24,1.00
2015.01.09 17:21:17.590,1.18511,1.18518,1.67,1.10
2015.01.09 17:21:18.765,1.18511,1.18518,1.27,1.17
2015.01.09 17:21:19.273,1.18511,1.18516,1.20,1.00
2015.01.09 17:21:23.082,1.18509,1.18516,1.05,1.00
2015.01.09 17:21:29.011,1.18509,1.18515,1.05,1.00
2015.01.09 17:21:31.728,1.18509,1.18517,1.05,1.10
2015.01.09 17:21:32.559,1.18509,1.18516,1.05,1.00
2015.01.09 17:21:35.782,1.18509,1.18517,1.05,1.10
2015.01.09 17:21:37.914,1.18508,1.18517,1.42,1.07
2015.01.09 17:21:46.931,1.18507,1.18516,1.22,1.10
2015.01.09 17:21:47.387,1.18506,1.18516,4.69,1.10
2015.01.09 17:21:48.327,1.18511,1.18519,1.07,3.67
2015.01.09 17:21:48.428,1.18513,1.18522,1.99,1.57
2015.01.09 17:21:48.580,1.18516,1.18524,1.45,1.00
2015.01.09 17:21:50.295,1.18516,1.18524,1.46,1.00
2015.01.09 17:21:50.598,1.18515,1.18524,1.91,1.12
2015.01.09 17:21:50.801,1.18523,1.18527,1.12,1.57
2015.01.09 17:21:50.953,1.18524,1.18532,1.35,3.75
2015.01.09 17:21:51.004,1.18524,1.18532,1.35,2.25
2015.01.09 17:21:51.105,1.18523,1.1853,1.72,3.07
2015.01.09 17:21:51.207,1.18516,1.18526,3.64,1.37
2015.01.09 17:21:51.409,1.18519,1.18525,1.00,1.10
2015.01.09 17:21:52.639,1.18518,1.18526,1.69,1.10
2015.01.09 17:21:53.343,1.18517,1.18526,1.15,1.10
2015.01.09 17:21:57.667,1.18515,1.18525,2.70,1.00
2015.01.09 17:21:58.173,1.18515,1.18526,3.45,1.20
2015.01.09 17:21:58.224,1.18515,1.18524,1.20,1.00
2015.01.09 17:21:59.010,1.18513,1.18523,3.90,1.00
2015.01.09 17:21:59.313,1.18511,1.18518,3.34,1.00
2015.01.09 17:21:59.515,1.18509,1.18518,1.84,1.10
2015.01.09 17:22:00.021,1.18507,1.18517,4.24,1.10
2015.01.09 17:22:01.364,1.18508,1.18517,1.16,1.10
2015.01.09 17:22:02.897,1.18508,1.18517,1.16,1.10
2015.01.09 17:22:05.567,1.18515,1.18519,1.00,1.10
2015.01.09 17:22:05.669,1.18515,1.18519,1.00,1.57
2015.01.09 17:22:05.871,1.1851,1.18519,1.91,2.25
2015.01.09 17:22:06.377,1.1851,1.18518,1.36,1.00
2015.01.09 17:22:07.356,1.18509,1.18516,1.56,1.00
2015.01.09 17:22:27.569,1.1851,1.18517,2.36,1.15
2015.01.09 17:22:28.075,1.18509,1.18517,1.16,1.15
2015.01.09 17:22:28.736,1.18508,1.18517,1.86,2.40
2015.01.09 17:22:29.245,1.18508,1.18515,1.86,1.00
2015.01.09 17:22:30.341,1.18508,1.18516,1.86,1.20
2015.01.09 17:22:33.297,1.18508,1.18516,1.92,1.20
2015.01.09 17:22:35.113,1.18508,1.18516,1.86,1.20
2015.01.09 17:22:40.426,1.18508,1.18516,2.36,1.20
2015.01.09 17:22:45.354,1.18508,1.18516,3.41,1.20
2015.01.09 17:22:45.878,1.18508,1.18517,3.49,1.00
2015.01.09 17:22:48.178,1.18508,1.18515,3.49,1.00
2015.01.09 17:22:48.700,1.18508,1.18518,3.49,1.57
2015.01.09 17:22:49.252,1.18508,1.18515,3.49,1.00
2015.01.09 17:22:54.112,1.18508,1.18517,2.74,1.00
2015.01.09 17:22:57.927,1.18511,1.18518,1.15,1.10
2015.01.09 17:22:58.332,1.18511,1.18517,1.05,1.07
2015.01.09 17:23:01.909,1.1851,1.18517,1.15,1.15
2015.01.09 17:23:10.636,1.18508,1.18518,1.31,1.17
2015.01.09 17:23:11.144,1.18511,1.18518,1.05,1.17
2015.01.09 17:23:11.449,1.18517,1.18526,1.72,1.87
2015.01.09 17:23:11.905,1.18517,1.18525,1.72,1.00
2015.01.09 17:23:12.108,1.18517,1.18527,2.21,1.10
2015.01.09 17:23:12.972,1.18517,1.18527,1.25,1.10
2015.01.09 17:23:13.492,1.18517,1.18526,1.27,1.10
2015.01.09 17:23:15.382,1.18517,1.18526,1.55,1.00
2015.01.09 17:23:15.887,1.18517,1.18526,1.27,1.00
2015.01.09 17:23:17.713,1.18517,1.18526,1.65,1.00
2015.01.09 17:23:18.470,1.18517,1.18526,1.27,1.00
2015.01.09 17:23:18.975,1.18517,1.18528,1.27,1.27
2015.01.09 17:23:20.636,1.18517,1.18528,1.55,1.20
2015.01.09 17:23:26.074,1.18517,1.18526,1.65,1.00
2015.01.09 17:23:27.395,1.18517,1.18526,1.95,1.00
2015.01.09 17:23:34.357,1.18517,1.18526,1.20,1.00
2015.01.09 17:23:34.711,1.18516,1.18524,1.20,1.00
2015.01.09 17:23:34.864,1.18514,1.18522,1.10,1.00
2015.01.09 17:23:35.371,1.18515,1.18525,1.10,2.70
2015.01.09 17:23:36.586,1.18516,1.18525,1.00,1.87
2015.01.09 17:23:37.587,1.18515,1.18524,1.01,1.47
2015.01.09 17:23:38.143,1.18515,1.18522,1.01,1.50
2015.01.09 17:23:41.409,1.18514,1.18523,1.32,1.12
2015.01.09 17:23:41.915,1.18516,1.18526,1.12,2.10
2015.01.09 17:23:44.639,1.18515,1.18526,2.14,3.45
2015.01.09 17:23:44.841,1.18517,1.18526,1.00,2.85
2015.01.09 17:23:47.368,1.18515,1.18525,1.39,1.37
2015.01.09 17:23:48.147,1.18515,1.18525,1.87,1.87
2015.01.09 17:23:49.528,1.18514,1.18524,1.20,1.50
2015.01.09 17:23:49.783,1.18514,1.18524,1.70,2.70
2015.01.09 17:23:49.834,1.18514,1.18525,1.67,2.77
2015.01.09 17:23:51.719,1.18515,1.18526,1.61,3.60
2015.01.09 17:23:52.917,1.18515,1.18526,1.42,3.60
2015.01.09 17:23:54.908,1.18516,1.18525,1.00,1.47
2015.01.09 17:23:55.415,1.18515,1.18525,1.01,1.47
2015.01.09 17:23:56.242,1.18514,1.18523,1.57,1.12
2015.01.09 17:23:56.748,1.18514,1.18523,1.10,1.20
2015.01.09 17:24:02.449,1.18514,1.18525,1.84,1.55
2015.01.09 17:24:02.500,1.18516,1.18525,1.00,1.47
2015.01.09 17:24:06.910,1.18517,1.18526,1.00,3.37
2015.01.09 17:24:07.220,1.18518,1.18525,1.12,1.50
2015.01.09 17:24:09.310,1.18519,1.18529,1.12,1.10
2015.01.09 17:24:09.848,1.1852,1.18531,1.07,1.65
2015.01.09 17:24:10.418,1.18519,1.18529,1.46,1.00
2015.01.09 17:24:11.234,1.18519,1.18528,1.46,1.00
2015.01.09 17:24:11.752,1.18518,1.18527,2.36,1.00
2015.01.09 17:24:12.277,1.1852,1.18527,1.46,1.00
2015.01.09 17:24:12.732,1.18518,1.18527,1.20,1.00
2015.01.09 17:24:13.256,1.18517,1.18526,2.40,1.00
2015.01.09 17:24:13.779,1.18518,1.18527,1.22,1.00
2015.01.09 17:24:13.937,1.18519,1.1853,1.95,1.10
2015.01.09 17:24:14.241,1.18521,1.1853,1.07,1.00
2015.01.09 17:24:15.957,1.18521,1.18529,1.32,1.00
2015.01.09 17:24:16.471,1.18521,1.1853,1.32,1.00
2015.01.09 17:24:16.838,1.18519,1.18528,2.59,1.00
2015.01.09 17:24:17.255,1.18519,1.18528,1.72,1.12
2015.01.09 17:24:17.745,1.18524,1.18533,1.00,2.02
2015.01.09 17:24:17.998,1.18526,1.18531,1.00,1.10
2015.01.09 17:24:18.100,1.18523,1.18531,1.20,1.00
2015.01.09 17:24:18.933,1.18523,1.1853,1.00,1.00
2015.01.09 17:24:22.390,1.18523,1.18531,1.00,1.10
2015.01.09 17:24:22.896,1.18523,1.1853,1.00,1.00
2015.01.09 17:24:24.149,1.18522,1.1853,1.46,1.00
2015.01.09 17:24:24.833,1.18524,1.1853,1.00,1.00
2015.01.09 17:24:25.137,1.18528,1.18534,1.12,1.87
2015.01.09 17:24:25.678,1.18528,1.18536,1.27,1.87
2015.01.09 17:24:26.198,1.18528,1.18534,1.10,1.37
2015.01.09 17:24:27.210,1.18526,1.18534,1.20,1.47
2015.01.09 17:24:29.007,1.18526,1.18532,1.10,1.00
2015.01.09 17:24:29.637,1.18524,1.18532,1.07,1.00
2015.01.09 17:24:30.525,1.18524,1.18533,1.07,1.12
2015.01.09 17:24:30.626,1.18524,1.18531,1.07,1.00
2015.01.09 17:24:31.162,1.18524,1.18531,1.00,1.00
2015.01.09 17:24:33.664,1.18522,1.18531,1.76,1.00
2015.01.09 17:24:34.246,1.18522,1.18531,1.29,1.00
2015.01.09 17:24:36.712,1.18522,1.1853,1.29,1.00
2015.01.09 17:24:37.220,1.18521,1.18532,2.70,2.10
2015.01.09 17:24:37.271,1.18524,1.18532,1.07,1.87
2015.01.09 17:24:37.574,1.18527,1.18533,1.00,1.10
2015.01.09 17:24:38.679,1.18526,1.18533,1.00,1.00
2015.01.09 17:24:39.242,1.18526,1.18535,1.00,1.37
2015.01.09 17:24:39.947,1.18525,1.18535,1.91,1.37
2015.01.09 17:24:41.148,1.18526,1.18534,1.00,1.12
2015.01.09 17:24:41.707,1.18527,1.18535,1.00,1.87
2015.01.09 17:24:42.011,1.18527,1.18536,1.12,1.37
2015.01.09 17:24:42.621,1.18527,1.18536,1.50,1.37
2015.01.09 17:24:45.415,1.18526,1.18535,1.50,1.37
2015.01.09 17:24:46.623,1.18526,1.18535,1.07,1.37
2015.01.09 17:24:50.475,1.18526,1.18536,1.50,1.37
2015.01.09 17:24:55.943,1.18525,1.18536,7.84,1.37
2015.01.09 17:24:58.345,1.18526,1.18537,1.12,1.95
2015.01.09 17:25:02.561,1.18526,1.18537,1.87,1.95
2015.01.09 17:25:02.613,1.1853,1.18539,1.10,2.25
2015.01.09 17:25:02.917,1.18533,1.18542,1.07,1.87
2015.01.09 17:25:03.222,1.18534,1.18543,1.50,1.47
2015.01.09 17:25:03.880,1.18533,1.18543,4.87,1.20
2015.01.09 17:25:05.178,1.18533,1.18543,1.87,1.20
2015.01.09 17:25:05.708,1.18533,1.18543,4.50,1.20
2015.01.09 17:25:06.222,1.18533,1.18543,1.69,1.20
2015.01.09 17:25:11.226,1.18538,1.18545,1.00,1.05
2015.01.09 17:25:11.732,1.18537,1.18547,2.70,2.47
2015.01.09 17:25:14.085,1.18536,1.18545,1.50,1.30
2015.01.09 17:25:17.341,1.18539,1.18549,1.20,1.16
2015.01.09 17:25:17.594,1.1854,1.1855,3.75,1.00
2015.01.09 17:25:17.696,1.18545,1.18555,1.00,3.67
2015.01.09 17:25:17.847,1.18546,1.18557,5.85,2.21
2015.01.09 17:25:18.354,1.18549,1.18558,1.10,1.47
2015.01.09 17:25:18.904,1.18549,1.18558,1.07,1.47
2015.01.09 17:25:20.605,1.18547,1.18556,1.12,1.37
2015.01.09 17:25:22.589,1.18548,1.18559,1.07,2.14
2015.01.09 17:25:22.691,1.18551,1.1856,1.00,2.21
2015.01.09 17:25:24.352,1.1855,1.18559,1.50,3.22
2015.01.09 17:25:24.554,1.18549,1.18556,1.10,1.37
2015.01.09 17:25:25.295,1.18549,1.18555,1.07,1.37
2015.01.09 17:25:25.809,1.18546,1.18555,3.52,1.37
2015.01.09 17:25:25.860,1.18546,1.18555,2.85,1.37
2015.01.09 17:25:39.506,1.18546,1.18553,1.27,1.00
2015.01.09 17:25:40.056,1.18544,1.18553,1.95,1.00
2015.01.09 17:25:40.849,1.18544,1.18549,1.05,1.00
2015.01.09 17:25:41.052,1.1854,1.18549,1.12,1.12
2015.01.09 17:25:41.254,1.18538,1.18546,3.75,1.00
2015.01.09 17:25:41.356,1.18537,1.18546,1.57,1.00
2015.01.09 17:25:45.242,1.18536,1.18545,4.57,1.00
2015.01.09 17:25:45.346,1.18536,1.18545,1.15,1.00
2015.01.09 17:25:48.509,1.18534,1.18545,1.27,1.10
2015.01.09 17:25:51.103,1.18533,1.18544,2.02,1.00
2015.01.09 17:25:55.337,1.18534,1.18545,1.65,1.20
2015.01.09 17:26:02.956,1.18536,1.18545,1.12,1.10
2015.01.09 17:26:03.461,1.18536,1.18547,1.07,1.15
2015.01.09 17:26:03.817,1.18536,1.18545,1.50,1.10
2015.01.09 17:26:03.918,1.18536,1.18545,1.07,1.10
2015.01.09 17:26:05.622,1.18536,1.18545,1.12,1.10
2015.01.09 17:26:06.455,1.18534,1.18545,2.02,1.07
2015.01.09 17:26:07.290,1.18532,1.1854,4.69,1.07
2015.01.09 17:26:07.443,1.18532,1.1854,1.07,1.07
2015.01.09 17:26:07.907,1.18529,1.1854,1.25,1.07
2015.01.09 17:26:08.617,1.18533,1.18542,1.00,1.17
2015.01.09 17:26:09.167,1.18534,1.18545,2.40,1.10
2015.01.09 17:26:11.172,1.18535,1.18546,2.32,1.27
2015.01.09 17:26:12.131,1.18536,1.18547,2.02,1.17
2015.01.09 17:26:16.487,1.18538,1.18547,1.17,1.07
2015.01.09 17:26:19.148,1.18547,1.18554,1.00,1.10
2015.01.09 17:26:20.111,1.18546,1.18554,1.10,1.20
2015.01.09 17:26:23.601,1.18544,1.18555,1.16,2.02
2015.01.09 17:26:23.905,1.18543,1.18553,1.57,1.15
2015.01.09 17:26:24.259,1.18544,1.18553,4.50,1.57
2015.01.09 17:26:24.520,1.18545,1.18553,1.07,1.15
2015.01.09 17:26:25.173,1.18543,1.18553,4.76,1.15
2015.01.09 17:26:29.549,1.18542,1.18552,1.09,1.17
2015.01.09 17:26:30.308,1.18544,1.18552,3.75,1.10
2015.01.09 17:26:30.460,1.18542,1.18551,1.65,1.47
2015.01.09 17:26:30.966,1.18544,1.18553,1.10,1.62
2015.01.09 17:26:31.776,1.1854,1.18551,1.95,1.55
2015.01.09 17:26:34.245,1.18538,1.18549,2.40,1.20
2015.01.09 17:26:34.600,1.18539,1.1855,4.50,1.52
2015.01.09 17:26:35.709,1.18539,1.1855,2.25,1.52
2015.01.09 17:26:37.084,1.18538,1.18546,1.95,1.00
2015.01.09 17:26:37.286,1.1854,1.1855,1.12,1.52
2015.01.09 17:26:37.388,1.1854,1.18548,1.75,1.20
2015.01.09 17:26:37.490,1.1854,1.18548,1.12,1.20
2015.01.09 17:26:37.997,1.1854,1.18551,1.50,5.62
2015.01.09 17:26:38.456,1.1854,1.18551,1.07,5.62
2015.01.09 17:26:45.795,1.18538,1.18549,4.20,1.20
2015.01.09 17:26:53.564,1.18539,1.18544,1.15,1.50
2015.01.09 17:26:53.716,1.18534,1.18541,2.32,1.35
2015.01.09 17:26:53.868,1.18538,1.18545,1.00,3.15
2015.01.09 17:26:53.969,1.18539,1.18546,1.24,2.32
2015.01.09 17:26:54.020,1.18539,1.18548,1.31,1.65
2015.01.09 17:26:54.071,1.18539,1.18548,2.00,1.17
2015.01.09 17:26:54.591,1.18539,1.1855,1.76,1.27
2015.01.09 17:26:54.743,1.18538,1.18549,1.27,1.07
2015.01.09 17:26:55.313,1.18538,1.18544,1.85,1.00
2015.01.09 17:26:55.416,1.18536,1.18544,1.00,1.35
2015.01.09 17:26:55.466,1.18533,1.18542,2.66,1.00
2015.01.09 17:26:55.669,1.18534,1.18545,2.02,2.32
2015.01.09 17:26:55.719,1.18534,1.18545,2.40,1.10
2015.01.09 17:26:56.226,1.18534,1.18545,5.40,1.10
2015.01.09 17:26:57.583,1.18539,1.18548,1.07,3.07
2015.01.09 17:26:57.634,1.18539,1.18548,1.07,1.15
2015.01.09 17:26:58.595,1.18539,1.18548,1.50,1.15
2015.01.09 17:26:59.918,1.18539,1.18548,1.65,1.10
2015.01.09 17:27:00.568,1.18538,1.18549,1.65,1.17
2015.01.09 17:27:00.871,1.18545,1.18554,1.00,4.95
2015.01.09 17:27:00.923,1.18545,1.18554,1.10,2.10
2015.01.09 17:27:00.973,1.18547,1.18556,1.00,4.76
2015.01.09 17:27:01.278,1.18548,1.18556,1.27,1.37
2015.01.09 17:27:11.150,1.18546,1.18557,4.95,1.47
2015.01.09 17:27:17.262,1.18547,1.18558,1.65,1.87
2015.01.09 17:27:20.584,1.18547,1.18557,1.27,1.47
2015.01.09 17:27:21.916,1.18546,1.18557,6.45,1.47
2015.01.09 17:27:30.477,1.18547,1.18558,1.65,1.87
2015.01.09 17:27:32.060,1.18549,1.18558,1.65,1.46
2015.01.09 17:27:32.575,1.18549,1.18558,2.40,2.06
2015.01.09 17:27:33.136,1.18549,1.18558,2.40,1.87
2015.01.09 17:27:33.597,1.1855,1.1856,1.72,1.27
2015.01.09 17:27:33.648,1.18552,1.1856,1.50,1.27
2015.01.09 17:27:33.951,1.18552,1.18562,2.77,2.55
2015.01.09 17:27:34.254,1.18552,1.18562,6.90,1.80
2015.01.09 17:27:34.508,1.18554,1.18563,1.57,1.00
2015.01.09 17:27:34.913,1.18558,1.18567,1.20,1.45
2015.01.09 17:27:35.014,1.18558,1.18569,1.65,1.39
2015.01.09 17:27:38.604,1.18557,1.18565,1.57,1.30
2015.01.09 17:27:38.967,1.18555,1.18564,2.66,1.00
2015.01.09 17:27:39.068,1.18555,1.18564,3.34,1.00
2015.01.09 17:27:40.336,1.18555,1.18566,3.15,1.47
2015.01.09 17:27:41.207,1.18557,1.18566,3.52,1.37
2015.01.09 17:27:42.175,1.18557,1.18566,1.27,1.00
2015.01.09 17:27:42.327,1.18557,1.18568,1.25,1.10
2015.01.09 17:27:42.479,1.18557,1.18568,1.65,1.10
2015.01.09 17:27:42.833,1.18557,1.18568,6.15,1.10
2015.01.09 17:27:44.101,1.18557,1.18564,3.82,1.00
2015.01.09 17:27:44.254,1.18554,1.18565,1.20,1.17
2015.01.09 17:27:44.710,1.18554,1.18563,4.57,1.10
2015.01.09 17:27:46.314,1.18556,1.18564,1.17,1.10
2015.01.09 17:27:46.841,1.18553,1.18563,2.40,1.00
2015.01.09 17:27:47.044,1.18552,1.18562,4.57,1.07
2015.01.09 17:27:47.983,1.18551,1.18561,2.21,1.10
2015.01.09 17:27:48.339,1.1855,1.1856,3.75,1.17
2015.01.09 17:27:48.644,1.18549,1.18557,2.70,1.00
2015.01.09 17:27:50.655,1.18549,1.18559,1.95,1.20
2015.01.09 17:27:57.219,1.18549,1.18559,1.07,1.10
2015.01.09 17:27:57.673,1.18549,1.18557,1.07,1.00
2015.01.09 17:27:58.668,1.18549,1.18556,1.07,1.00
2015.01.09 17:28:01.133,1.18548,1.18557,1.65,1.00
2015.01.09 17:28:07.580,1.18552,1.18557,1.00,1.00
2015.01.09 17:28:09.590,1.18553,1.18557,1.00,1.00
2015.01.09 17:28:09.792,1.18553,1.18559,1.10,1.00
2015.01.09 17:28:10.623,1.18553,1.18561,1.50,1.07
2015.01.09 17:28:10.825,1.18553,1.18562,1.65,1.00
2015.01.09 17:28:10.928,1.18556,1.18564,1.57,1.20
2015.01.09 17:28:11.239,1.18557,1.18562,1.50,1.00
2015.01.09 17:28:11.342,1.18553,1.18562,1.72,1.00
2015.01.09 17:28:17.343,1.18553,1.1856,1.22,1.00
2015.01.09 17:28:17.850,1.18553,1.1856,1.12,1.10
2015.01.09 17:28:18.154,1.1855,1.18558,3.75,1.17
2015.01.09 17:28:18.659,1.18549,1.1856,3.82,2.62
2015.01.09 17:28:18.761,1.18546,1.18557,9.45,1.10
2015.01.09 17:28:20.657,1.18546,1.18557,4.20,1.10
2015.01.09 17:28:22.941,1.18546,1.18557,2.70,1.10
2015.01.09 17:28:24.791,1.18546,1.18556,1.95,1.00
2015.01.09 17:28:24.943,1.18546,1.18556,1.57,1.00
2015.01.09 17:28:30.812,1.18546,1.18555,1.95,1.00
2015.01.09 17:28:33.500,1.18546,1.18555,2.32,1.00
2015.01.09 17:28:38.923,1.18546,1.18555,1.95,1.00
2015.01.09 17:28:41.677,1.18547,1.18555,3.75,1.00
2015.01.09 17:28:42.182,1.18547,1.18556,3.75,1.10
2015.01.09 17:28:44.024,1.18562,1.18567,3.97,3.37
2015.01.09 17:28:44.076,1.1857,1.1858,3.75,1.52
2015.01.09 17:28:44.329,1.18573,1.18584,1.12,1.20
2015.01.09 17:28:44.532,1.18574,1.1858,3.67,1.00
2015.01.09 17:28:44.735,1.18569,1.1858,4.76,1.07
2015.01.09 17:28:44.988,1.18571,1.1858,4.50,1.07
2015.01.09 17:28:45.393,1.18573,1.18584,1.57,3.45
2015.01.09 17:28:45.444,1.18576,1.18585,1.00,1.55
2015.01.09 17:28:45.495,1.18576,1.18585,1.50,1.37
2015.01.09 17:28:46.000,1.18575,1.18585,1.50,1.72
2015.01.09 17:28:46.456,1.18576,1.18583,1.10,2.25
2015.01.09 17:28:46.609,1.18566,1.18576,3.15,1.00
2015.01.09 17:28:46.660,1.18566,1.18574,1.57,1.00
2015.01.09 17:28:46.863,1.18559,1.1857,5.25,1.07
2015.01.09 17:28:46.964,1.18558,1.18567,2.32,1.10
2015.01.09 17:28:47.015,1.18556,1.18567,1.20,1.10
2015.01.09 17:28:47.067,1.18556,1.18566,1.57,1.50
2015.01.09 17:28:47.371,1.18556,1.18564,1.00,1.20
2015.01.09 17:28:47.573,1.18557,1.18567,2.32,1.87
2015.01.09 17:28:48.079,1.18558,1.18569,1.15,1.50
2015.01.09 17:28:48.382,1.18557,1.18568,3.07,1.57
2015.01.09 17:28:48.534,1.18553,1.18563,1.57,1.37
2015.01.09 17:28:48.942,1.18552,1.18563,1.27,1.47
2015.01.09 17:28:49.449,1.18554,1.18563,1.17,1.37
2015.01.09 17:28:50.593,1.18554,1.18563,1.15,1.00
2015.01.09 17:28:51.099,1.18553,1.18564,1.27,1.37
2015.01.09 17:28:54.520,1.18553,1.18564,1.27,1.37
2015.01.09 17:28:57.165,1.1855,1.1856,1.35,1.12
2015.01.09 17:28:58.549,1.18549,1.18557,3.07,1.00
2015.01.09 17:28:58.601,1.18549,1.18557,1.00,1.72
2015.01.09 17:28:58.956,1.18547,1.18555,1.20,1.12
2015.01.09 17:29:01.330,1.18547,1.18556,1.20,1.10
2015.01.09 17:29:02.128,1.18547,1.18555,1.20,1.00
2015.01.09 17:29:23.946,1.18544,1.18551,1.01,1.00
2015.01.09 17:29:24.149,1.18539,1.18549,1.15,2.85
2015.01.09 17:29:24.655,1.18537,1.18548,2.32,3.22
2015.01.09 17:29:27.954,1.18537,1.18547,1.20,1.35
2015.01.09 17:29:30.360,1.18537,1.18547,1.20,1.60
2015.01.09 17:29:31.427,1.18537,1.18548,1.95,1.99
2015.01.09 17:29:31.680,1.18542,1.18553,1.10,4.12
2015.01.09 17:29:31.983,1.18546,1.18556,1.10,1.12
2015.01.09 17:29:32.034,1.18546,1.18557,1.10,1.47
2015.01.09 17:29:32.135,1.18546,1.18557,1.17,1.00
2015.01.09 17:29:32.186,1.18546,1.18555,1.07,1.00
2015.01.09 17:29:32.903,1.18546,1.18555,1.10,1.37
2015.01.09 17:29:33.704,1.18545,1.18554,1.30,1.12
2015.01.09 17:29:34.150,1.18545,1.18554,1.30,1.37
2015.01.09 17:29:36.638,1.18545,1.18554,1.27,1.37
2015.01.09 17:29:38.007,1.18545,1.18554,1.20,1.37
2015.01.09 17:29:38.513,1.18542,1.18553,1.27,1.47
2015.01.09 17:29:38.867,1.1854,1.18551,1.20,1.37
2015.01.09 17:29:39.069,1.1854,1.18551,4.57,1.37
2015.01.09 17:29:41.859,1.18541,1.1855,1.07,1.12
2015.01.09 17:29:42.369,1.18541,1.1855,1.25,1.12
2015.01.09 17:29:45.510,1.18544,1.18553,1.00,1.57
2015.01.09 17:29:46.017,1.18544,1.18553,1.10,1.47
2015.01.09 17:29:51.928,1.18544,1.18555,1.10,1.45
2015.01.09 17:29:52.424,1.18547,1.18556,1.00,2.17
2015.01.09 17:29:52.626,1.18547,1.18556,1.00,2.55
2015.01.09 17:29:53.031,1.18547,1.18556,1.10,2.62
2015.01.09 17:29:57.990,1.18546,1.18556,1.20,1.80
2015.01.09 17:29:59.995,1.18547,1.18555,1.00,1.05
2015.01.09 17:30:00.500,1.18546,1.18556,1.65,1.05
2015.01.09 17:30:04.696,1.18547,1.18556,1.00,1.37
2015.01.09 17:30:04.848,1.18548,1.18556,1.17,1.37
2015.01.09 17:30:07.502,1.1855,1.18558,1.00,1.67
2015.01.09 17:30:16.459,1.1855,1.18558,1.00,1.57
2015.01.09 17:30:18.886,1.1855,1.18558,1.00,1.87
2015.01.09 17:30:21.208,1.1855,1.18558,1.00,1.50
2015.01.09 17:30:22.151,1.18552,1.1856,1.00,3.19
2015.01.09 17:30:22.935,1.18551,1.1856,1.00,3.75
2015.01.09 17:30:23.498,1.18551,1.1856,1.00,3.75
2015.01.09 17:30:27.179,1.18551,1.1856,1.00,2.25
2015.01.09 17:30:28.361,1.18552,1.1856,1.00,3.00
2015.01.09 17:30:28.701,1.1855,1.18558,1.00,2.10
2015.01.09 17:30:30.669,1.18551,1.18558,1.00,2.10
2015.01.09 17:30:31.514,1.18551,1.1856,1.00,3.00
2015.01.09 17:30:32.128,1.18552,1.1856,1.00,3.00
2015.01.09 17:30:32.230,1.18555,1.1856,1.00,1.65
2015.01.09 17:30:32.332,1.18559,1.18566,1.00,1.37
2015.01.09 17:30:32.433,1.18563,1.18569,1.00,1.10
2015.01.09 17:30:32.942,1.18563,1.1857,1.00,1.20
2015.01.09 17:30:33.719,1.18563,1.1857,1.00,1.80
2015.01.09 17:30:33.770,1.18561,1.1857,1.00,2.25
2015.01.09 17:30:33.821,1.18561,1.18569,1.00,3.60
2015.01.09 17:30:34.625,1.18559,1.18568,1.10,4.50
2015.01.09 17:30:39.488,1.18562,1.18568,1.00,3.19
2015.01.09 17:30:39.539,1.18562,1.18568,1.00,2.36
2015.01.09 17:30:39.844,1.1856,1.18565,1.07,1.00
2015.01.09 17:30:40.098,1.1856,1.18569,1.57,3.22
2015.01.09 17:30:40.301,1.18563,1.18571,1.10,2.06
2015.01.09 17:30:41.211,1.18563,1.18572,1.10,1.76
2015.01.09 17:30:43.205,1.18563,1.18572,1.10,1.39
2015.01.09 17:30:46.344,1.18558,1.18564,3.67,1.60
2015.01.09 17:30:46.546,1.18556,1.18561,1.17,1.50
2015.01.09 17:30:47.163,1.18557,1.18563,1.00,1.50
2015.01.09 17:30:47.215,1.1856,1.18567,1.00,1.07
2015.01.09 17:30:47.316,1.18558,1.18567,1.00,1.07
2015.01.09 17:30:48.792,1.18563,1.18572,1.00,2.51
2015.01.09 17:30:49.095,1.18563,1.18572,1.00,2.81
2015.01.09 17:30:49.637,1.18561,1.1857,1.10,1.20
2015.01.09 17:30:49.688,1.18561,1.1857,1.10,1.50
2015.01.09 17:30:49.840,1.18559,1.18568,1.10,1.07
2015.01.09 17:30:50.499,1.18561,1.1857,1.00,1.65
2015.01.09 17:30:50.803,1.18559,1.18568,1.10,1.10
2015.01.09 17:30:50.904,1.18561,1.1857,1.00,1.65
2015.01.09 17:30:51.207,1.18559,1.18568,1.10,1.10
2015.01.09 17:30:52.601,1.18561,1.18568,1.00,1.10
2015.01.09 17:30:53.727,1.18559,1.18568,1.10,1.10
2015.01.09 17:30:54.210,1.18561,1.18568,1.00,1.07
2015.01.09 17:30:54.715,1.18562,1.18571,1.00,1.67
2015.01.09 17:30:54.867,1.18562,1.18572,1.00,2.40
2015.01.09 17:30:55.405,1.18562,1.18571,1.00,1.67
2015.01.09 17:30:59.216,1.18561,1.18571,1.00,2.10
2015.01.09 17:31:00.037,1.18563,1.18571,1.00,2.10
2015.01.09 17:31:00.548,1.18563,1.1857,1.00,2.17
2015.01.09 17:31:01.087,1.18563,1.18569,1.00,2.10
2015.01.09 17:31:03.176,1.18561,1.18569,1.00,2.10
2015.01.09 17:31:03.639,1.1856,1.18565,1.00,2.10
2015.01.09 17:31:03.792,1.18558,1.18565,1.10,2.10
2015.01.09 17:31:04.348,1.18559,1.18566,1.00,2.10
2015.01.09 17:31:04.449,1.18561,1.18566,1.00,2.10
2015.01.09 17:31:04.955,1.18563,1.18568,1.00,1.57
2015.01.09 17:31:08.361,1.18561,1.18568,1.10,2.10
2015.01.09 17:31:10.142,1.18562,1.18568,1.00,2.10
2015.01.09 17:31:12.747,1.18562,1.18566,1.00,1.50
2015.01.09 17:31:15.282,1.18561,1.18566,1.10,1.50
2015.01.09 17:31:17.133,1.18563,1.18568,1.00,2.10
2015.01.09 17:31:17.951,1.1856,1.18566,1.17,2.10
2015.01.09 17:31:18.609,1.18562,1.18571,1.00,1.46
2015.01.09 17:31:19.123,1.18562,1.18568,1.00,2.10
2015.01.09 17:31:20.138,1.18564,1.18568,1.00,1.50
2015.01.09 17:31:20.240,1.18564,1.1857,1.00,2.36
2015.01.09 17:31:20.543,1.18561,1.18568,1.17,2.10
2015.01.09 17:31:21.229,1.18561,1.18567,1.10,2.10
2015.01.09 17:31:24.568,1.18562,1.18567,1.10,1.50
2015.01.09 17:31:28.305,1.18558,1.18567,1.07,2.10
2015.01.09 17:31:28.558,1.18557,1.18562,1.10,1.50
2015.01.09 17:31:28.710,1.18557,1.18564,1.10,1.50
2015.01.09 17:31:28.811,1.18557,1.18568,1.00,1.30
2015.01.09 17:31:28.862,1.18557,1.18568,1.00,1.27
2015.01.09 17:31:29.165,1.18559,1.18568,1.00,1.50
2015.01.09 17:31:32.478,1.18561,1.18571,1.00,4.69
2015.01.09 17:31:35.784,1.18561,1.18572,1.00,3.19
2015.01.09 17:31:44.508,1.18562,1.18572,1.00,2.25
2015.01.09 17:31:45.473,1.18562,1.1857,1.00,1.27
2015.01.09 17:31:45.776,1.1856,1.1857,1.20,1.16
2015.01.09 17:31:46.652,1.18561,1.18572,1.00,6.56
2015.01.09 17:31:47.501,1.18563,1.18572,1.00,4.69
2015.01.09 17:31:47.653,1.18563,1.18572,1.00,1.91
2015.01.09 17:31:48.088,1.18563,1.1857,1.00,2.17
2015.01.09 17:31:53.126,1.18564,1.1857,1.00,2.17
2015.01.09 17:31:58.546,1.18562,1.1857,2.40,2.17
2015.01.09 17:32:03.767,1.18563,1.1857,1.00,2.17
2015.01.09 17:32:04.432,1.18562,1.18569,2.40,2.10
2015.01.09 17:32:06.242,1.18562,1.18567,1.20,1.72
2015.01.09 17:32:06.546,1.18553,1.18558,1.00,2.40
2015.01.09 17:32:06.597,1.18553,1.18558,1.00,1.17
2015.01.09 17:32:06.648,1.18551,1.1856,1.20,2.40
2015.01.09 17:32:06.699,1.18551,1.1856,1.50,2.25
2015.01.09 17:32:06.750,1.18554,1.18563,1.00,1.40
2015.01.09 17:32:07.054,1.18552,1.18563,1.00,1.47
2015.01.09 17:32:09.981,1.18554,1.18563,1.00,1.25
2015.01.09 17:32:10.511,1.18554,1.18563,1.00,1.20
2015.01.09 17:32:11.459,1.18554,1.18563,1.00,1.17
2015.01.09 17:32:11.663,1.18551,1.18562,1.20,1.20
2015.01.09 17:32:11.765,1.18551,1.18562,1.20,1.20
2015.01.09 17:32:13.419,1.18551,1.18562,1.20,1.20
2015.01.09 17:32:16.030,1.18552,1.18563,1.00,1.62
2015.01.09 17:32:17.556,1.18552,1.18561,1.00,2.25
2015.01.09 17:32:17.708,1.18547,1.18555,1.00,1.00
2015.01.09 17:32:17.809,1.18545,1.18555,1.65,1.00
2015.01.09 17:32:18.264,1.18545,1.18555,1.17,1.00
2015.01.09 17:32:20.332,1.18545,1.18554,1.17,1.42
2015.01.09 17:32:20.844,1.18544,1.18551,1.40,1.00
2015.01.09 17:32:21.097,1.18541,1.18548,1.07,1.00
2015.01.09 17:32:21.607,1.18542,1.18551,1.10,1.89
2015.01.09 17:32:22.174,1.18542,1.1855,1.10,1.05
2015.01.09 17:32:23.516,1.1854,1.18551,1.65,3.11
2015.01.09 17:32:25.071,1.18541,1.1855,1.07,1.79
2015.01.09 17:32:26.105,1.1854,1.1855,1.65,1.05
2015.01.09 17:32:26.832,1.18542,1.1855,1.10,2.29
2015.01.09 17:32:29.982,1.18542,1.18551,1.10,3.04
2015.01.09 17:32:33.668,1.18541,1.1855,1.07,2.10
2015.01.09 17:32:37.693,1.18543,1.18551,1.00,2.36
2015.01.09 17:32:39.184,1.1854,1.18551,1.65,3.11
2015.01.09 17:32:49.664,1.18543,1.18551,1.50,2.36
2015.01.09 17:32:55.480,1.18541,1.1855,1.07,2.10
2015.01.09 17:32:56.558,1.18541,1.18549,1.07,2.10
2015.01.09 17:32:56.863,1.18541,1.18552,2.32,2.51
2015.01.09 17:32:56.964,1.18543,1.1855,1.07,2.36
2015.01.09 17:32:57.268,1.18547,1.18552,1.00,1.01
2015.01.09 17:32:57.573,1.18544,1.18555,1.20,3.86
2015.01.09 17:32:57.624,1.18544,1.18555,1.20,3.26
2015.01.09 17:32:57.776,1.18547,1.18555,1.00,1.39
2015.01.09 17:32:58.695,1.18546,1.18555,1.50,1.46
2015.01.09 17:32:59.240,1.18545,1.18553,2.25,1.35
2015.01.09 17:33:00.251,1.18547,1.18553,1.00,1.00
2015.01.09 17:33:00.761,1.18547,1.18555,1.00,1.76
2015.01.09 17:33:00.863,1.18545,1.18555,1.00,2.14
2015.01.09 17:33:01.168,1.18547,1.18555,1.00,2.21
2015.01.09 17:33:02.166,1.1855,1.18557,1.00,2.32
2015.01.09 17:33:02.217,1.1855,1.18558,1.00,1.31
2015.01.09 17:33:02.369,1.18551,1.1856,1.00,1.76
2015.01.09 17:33:03.922,1.18551,1.1856,1.50,1.09
2015.01.09 17:33:04.459,1.1855,1.1856,1.10,1.09
2015.01.09 17:33:04.999,1.18551,1.1856,1.00,1.69
2015.01.09 17:33:05.581,1.18552,1.1856,1.50,1.77
2015.01.09 17:33:06.171,1.18553,1.1856,1.00,1.77
2015.01.09 17:33:15.110,1.18554,1.18561,1.00,1.35
2015.01.09 17:33:15.789,1.18554,1.18562,1.10,1.12
2015.01.09 17:33:15.890,1.18554,1.18562,1.10,1.10
2015.01.09 17:33:17.102,1.18554,1.18563,1.00,1.95
2015.01.09 17:33:18.904,1.18554,1.18563,1.37,1.57
2015.01.09 17:33:19.057,1.18562,1.1857,1.17,1.32
2015.01.09 17:33:19.260,1.18558,1.18569,1.22,3.41
2015.01.09 17:33:19.312,1.18558,1.18568,1.17,1.32
2015.01.09 17:33:19.565,1.18555,1.18564,1.10,1.10
2015.01.09 17:33:19.717,1.18553,1.18564,1.00,1.17
2015.01.09 17:33:20.231,1.18554,1.18563,1.00,1.10
2015.01.09 17:33:21.272,1.18554,1.18563,1.00,1.20
2015.01.09 17:33:21.828,1.18554,1.18563,1.07,1.07
2015.01.09 17:33:21.930,1.18556,1.18565,1.10,1.10
2015.01.09 17:33:22.233,1.18557,1.18567,2.25,1.39
2015.01.09 17:33:22.537,1.18561,1.1857,1.07,1.94
2015.01.09 17:33:22.689,1.18561,1.18572,1.17,2.14
2015.01.09 17:33:23.094,1.18561,1.18571,1.17,1.31
2015.01.09 17:33:23.807,1.18561,1.18571,1.17,1.37
2015.01.09 17:33:24.394,1.18563,1.18572,1.00,1.76
2015.01.09 17:33:24.899,1.18561,1.18571,1.17,1.12
2015.01.09 17:33:25.152,1.18562,1.18571,1.10,1.10
2015.01.09 17:33:25.662,1.18562,1.18571,1.10,1.07
2015.01.09 17:33:28.142,1.18562,1.18572,1.10,1.20
2015.01.09 17:33:28.668,1.18562,1.18572,1.10,1.47
2015.01.09 17:33:29.582,1.18563,1.18572,1.00,1.95
2015.01.09 17:33:29.836,1.18563,1.18572,1.00,2.21
2015.01.09 17:33:30.377,1.18561,1.18572,1.17,2.89
2015.01.09 17:33:33.419,1.18564,1.18572,1.00,1.01
2015.01.09 17:33:34.139,1.18562,1.18572,1.10,1.01
2015.01.09 17:33:35.294,1.18561,1.18572,1.15,2.32
2015.01.09 17:33:35.549,1.18563,1.18572,1.00,2.02
2015.01.09 17:33:35.853,1.18561,1.18572,1.17,3.30
2015.01.09 17:33:46.407,1.1856,1.18571,1.10,1.20
2015.01.09 17:33:47.682,1.1856,1.18571,1.10,1.15
2015.01.09 17:33:52.590,1.1856,1.18571,1.10,1.20
2015.01.09 17:33:53.359,1.1856,1.18571,1.10,1.15
2015.01.09 17:33:55.538,1.1856,1.18569,1.10,1.00
2015.01.09 17:34:00.296,1.18558,1.18567,1.10,1.00
2015.01.09 17:34:00.600,1.18554,1.18564,1.09,1.00
2015.01.09 17:34:00.802,1.18555,1.18566,1.10,1.20
2015.01.09 17:34:02.345,1.18555,1.18566,1.25,1.00
2015.01.09 17:34:02.868,1.18557,1.18566,1.10,1.07
2015.01.09 17:34:04.501,1.18558,1.18567,1.00,1.20
2015.01.09 17:34:05.211,1.18559,1.1857,1.00,3.82
2015.01.09 17:34:07.123,1.18559,1.1857,1.00,1.17
2015.01.09 17:34:07.898,1.18559,1.1857,1.00,1.20
2015.01.09 17:34:10.602,1.18561,1.18571,1.00,1.25
2015.01.09 17:34:10.855,1.18561,1.18572,1.00,1.30
2015.01.09 17:34:16.886,1.1856,1.18571,1.20,1.70
2015.01.09 17:34:19.543,1.18561,1.18572,1.00,2.25
2015.01.09 17:34:20.076,1.18562,1.18572,1.50,3.07
2015.01.09 17:34:20.601,1.18562,1.18571,1.50,2.10
2015.01.09 17:34:21.144,1.18562,1.1857,1.00,2.10
2015.01.09 17:34:24.810,1.18563,1.1857,1.50,2.10
2015.01.09 17:34:29.267,1.18563,1.18571,1.50,1.60
2015.01.09 17:34:29.979,1.18562,1.18571,2.32,1.60
2015.01.09 17:34:31.312,1.18565,1.18571,1.00,2.85
2015.01.09 17:34:31.363,1.18577,1.18587,1.07,1.00
2015.01.09 17:34:31.885,1.18578,1.18589,2.32,1.72
2015.01.09 17:34:32.398,1.18578,1.18589,3.22,1.17
2015.01.09 17:34:32.925,1.1858,1.18589,1.50,1.17
2015.01.09 17:34:33.555,1.18578,1.18589,3.22,1.17
2015.01.09 17:34:37.795,1.18578,1.18588,2.47,1.07
2015.01.09 17:34:43.268,1.18576,1.18587,2.51,1.07
2015.01.09 17:34:43.775,1.18576,1.18586,1.57,1.07
2015.01.09 17:34:44.280,1.18575,1.18584,1.00,1.00
2015.01.09 17:34:45.972,1.18573,1.18584,3.22,1.07
2015.01.09 17:34:54.228,1.18575,1.18585,1.50,1.12
2015.01.09 17:34:54.279,1.18577,1.18586,1.00,1.65
2015.01.09 17:34:54.380,1.18577,1.18586,1.00,1.20
2015.01.09 17:35:02.276,1.18574,1.18585,2.40,1.00
2015.01.09 17:35:02.328,1.18574,1.18583,1.57,1.07
2015.01.09 17:35:02.532,1.18566,1.18575,1.10,1.10
2015.01.09 17:35:02.633,1.18566,1.18575,1.37,1.00
2015.01.09 17:35:02.785,1.18565,1.18574,1.10,1.00
2015.01.09 17:35:03.293,1.18565,1.18574,1.07,1.00
2015.01.09 17:35:15.715,1.18566,1.18575,1.10,1.10
2015.01.09 17:35:16.423,1.18567,1.18576,1.10,1.07
2015.01.09 17:35:16.524,1.18567,1.18578,1.17,1.07
2015.01.09 17:35:17.478,1.18566,1.18577,1.15,1.10
2015.01.09 17:35:19.034,1.18566,1.18577,1.07,1.17
2015.01.09 17:35:21.793,1.18566,1.18577,1.15,1.10
2015.01.09 17:35:25.419,1.18567,1.18578,1.17,1.07
2015.01.09 17:35:25.967,1.18567,1.18578,1.20,1.17
2015.01.09 17:35:27.967,1.18565,1.18576,1.25,1.00
2015.01.09 17:35:28.496,1.18566,1.18577,1.17,1.20
2015.01.09 17:35:36.083,1.18566,1.18576,1.17,1.00
2015.01.09 17:35:36.590,1.18566,1.18576,1.20,1.10
2015.01.09 17:35:48.006,1.18565,1.18574,1.17,1.00
2015.01.09 17:35:49.282,1.18565,1.18574,1.10,1.10
2015.01.09 17:35:50.274,1.18563,1.18574,1.17,1.20
2015.01.09 17:35:50.578,1.18563,1.18574,1.07,1.22
2015.01.09 17:35:51.112,1.18563,1.18574,1.10,1.27
2015.01.09 17:35:59.565,1.18562,1.18573,1.10,1.25
2015.01.09 17:35:59.870,1.18563,1.18574,1.00,5.02
2015.01.09 17:36:00.072,1.18563,1.18574,1.00,1.65
2015.01.09 17:36:02.652,1.18559,1.1857,4.57,1.00
2015.01.09 17:36:02.955,1.18558,1.18569,1.00,1.27
2015.01.09 17:36:03.158,1.18559,1.18568,1.00,1.65
2015.01.09 17:36:03.674,1.1856,1.18569,1.00,3.37
2015.01.09 17:36:04.208,1.1856,1.1857,1.00,1.55
2015.01.09 17:36:05.156,1.1856,1.18571,1.00,2.02
2015.01.09 17:36:09.906,1.18559,1.18568,1.00,1.10
2015.01.09 17:36:10.416,1.18558,1.18568,1.00,1.65
2015.01.09 17:36:10.943,1.18558,1.18569,1.00,5.02
2015.01.09 17:36:12.779,1.18559,1.18568,1.00,1.92
2015.01.09 17:36:16.406,1.18557,1.18568,1.17,1.85
2015.01.09 17:36:17.687,1.18557,1.18565,1.17,3.75
2015.01.09 17:36:18.198,1.18557,1.18565,1.00,3.75
2015.01.09 17:36:18.855,1.18557,1.18567,1.10,3.94
2015.01.09 17:36:19.634,1.1856,1.18567,1.00,3.94
2015.01.09 17:36:20.038,1.18558,1.18567,1.00,1.75
2015.01.09 17:36:20.544,1.18559,1.18568,1.00,3.75
2015.01.09 17:36:21.049,1.18559,1.18569,1.00,4.20
2015.01.09 17:36:22.180,1.18559,1.1857,1.00,5.02
2015.01.09 17:36:22.722,1.1856,1.18569,1.00,1.85
2015.01.09 17:36:35.550,1.18561,1.1857,1.00,4.50
2015.01.09 17:36:35.601,1.18561,1.1857,1.00,1.12
2015.01.09 17:36:40.436,1.18561,1.1857,1.20,1.67
2015.01.09 17:36:41.493,1.18563,1.18571,1.00,2.17
2015.01.09 17:36:42.753,1.18562,1.18571,1.00,3.22
2015.01.09 17:36:51.616,1.18562,1.1857,1.00,2.17
2015.01.09 17:36:52.192,1.18563,1.1857,1.00,2.10
2015.01.09 17:36:56.879,1.18561,1.1857,1.65,2.10
2015.01.09 17:37:02.955,1.18561,1.1857,1.57,2.17
2015.01.09 17:37:03.477,1.18562,1.1857,1.00,2.17
2015.01.09 17:37:05.705,1.18562,1.18572,1.00,3.30
2015.01.09 17:37:06.834,1.18562,1.1857,1.00,2.17
2015.01.09 17:37:13.738,1.18564,1.1857,1.00,2.10
2015.01.09 17:37:17.447,1.18562,1.1857,2.32,2.17
2015.01.09 17:37:24.727,1.18564,1.1857,1.00,2.17
2015.01.09 17:37:24.929,1.18562,1.1857,2.32,2.10
2015.01.09 17:37:28.853,1.18562,1.18569,2.32,2.10
2015.01.09 17:37:32.618,1.18562,1.18571,2.32,2.10
2015.01.09 17:37:33.270,1.18563,1.18571,1.50,2.10
2015.01.09 17:37:46.307,1.18563,1.18569,1.50,1.50
2015.01.09 17:37:53.333,1.1856,1.1857,2.40,2.10
2015.01.09 17:38:04.797,1.18563,1.1857,1.50,2.10
2015.01.09 17:38:05.305,1.18562,1.1857,1.10,2.85
2015.01.09 17:38:07.475,1.18562,1.1857,2.32,2.85
2015.01.09 17:38:16.895,1.18562,1.1857,1.50,2.47
2015.01.09 17:38:19.473,1.18563,1.1857,1.00,2.47
2015.01.09 17:38:20.221,1.18563,1.18571,2.25,1.05
2015.01.09 17:38:22.423,1.18563,1.18572,2.25,1.67
2015.01.09 17:38:25.166,1.18563,1.18572,2.25,2.17
2015.01.09 17:38:25.672,1.18563,1.18572,2.25,2.92
2015.01.09 17:38:32.561,1.18564,1.18572,1.00,3.41
2015.01.09 17:38:36.430,1.18564,1.18573,1.00,3.97
2015.01.09 17:38:40.059,1.18565,1.18572,1.50,1.35
2015.01.09 17:38:40.721,1.18564,1.18573,1.00,1.05
2015.01.09 17:38:42.845,1.18564,1.18572,1.00,1.12
2015.01.09 17:38:43.420,1.18564,1.18572,1.00,1.05
2015.01.09 17:38:44.812,1.18564,1.18573,1.10,2.66
2015.01.09 17:38:45.989,1.18564,1.18573,1.10,2.10
2015.01.09 17:38:46.485,1.18564,1.18573,1.10,3.97
2015.01.09 17:38:47.003,1.18564,1.18573,1.10,2.47
2015.01.09 17:38:47.514,1.18564,1.18573,1.10,3.97
2015.01.09 17:38:48.024,1.18564,1.18573,1.10,2.47
2015.01.09 17:38:48.556,1.18564,1.18573,1.10,3.97
2015.01.09 17:38:50.974,1.18565,1.18573,1.50,1.31
2015.01.09 17:38:51.615,1.18564,1.18573,1.00,1.05
2015.01.09 17:38:53.864,1.18564,1.18572,1.10,1.05
2015.01.09 17:38:55.163,1.18564,1.18573,1.10,3.49
2015.01.09 17:38:55.859,1.18564,1.18573,1.10,3.30
2015.01.09 17:38:56.061,1.18564,1.18573,1.10,1.80
2015.01.09 17:38:56.142,1.18564,1.18573,1.10,3.30
2015.01.09 17:38:56.362,1.18564,1.18573,1.10,1.80
2015.01.09 17:38:57.543,1.18564,1.18573,1.10,1.80
2015.01.09 17:38:58.610,1.18568,1.18574,1.00,2.21
2015.01.09 17:38:58.712,1.18568,1.18577,1.50,3.45
2015.01.09 17:38:58.864,1.18573,1.18583,1.00,1.35
2015.01.09 17:38:58.914,1.18576,1.18583,1.00,1.35
2015.01.09 17:38:59.016,1.18572,1.18583,1.65,1.27
2015.01.09 17:38:59.067,1.18572,1.18581,1.57,1.07
2015.01.09 17:38:59.623,1.18573,1.18582,1.00,2.02
2015.01.09 17:39:00.787,1.18573,1.18582,1.00,1.95
2015.01.09 17:39:05.623,1.18571,1.18582,1.17,1.95
2015.01.09 17:39:06.392,1.18571,1.18582,1.17,1.57
2015.01.09 17:39:20.330,1.18571,1.18582,1.27,1.47
2015.01.09 17:39:20.836,1.18571,1.18582,1.25,1.10
2015.01.09 17:39:21.567,1.18571,1.18582,1.15,1.37
2015.01.09 17:39:22.227,1.18567,1.18578,6.37,1.00
2015.01.09 17:39:22.380,1.18566,1.18577,1.35,1.00
2015.01.09 17:39:23.512,1.18566,1.18575,1.27,1.00
2015.01.09 17:39:24.186,1.18566,1.18574,1.27,1.00
2015.01.09 17:39:24.388,1.18566,1.18577,1.27,1.57
2015.01.09 17:39:24.919,1.18565,1.18576,3.52,1.00
2015.01.09 17:39:25.121,1.18565,1.18576,1.27,1.00
2015.01.09 17:39:25.224,1.18571,1.18578,1.00,1.22
2015.01.09 17:39:25.642,1.18572,1.1858,1.20,2.62
2015.01.09 17:39:25.693,1.18572,1.18583,1.27,1.10
2015.01.09 17:39:25.744,1.18572,1.18583,1.27,1.37
2015.01.09 17:39:26.258,1.18572,1.18583,1.35,1.12
2015.01.09 17:39:27.014,1.18573,1.18582,1.07,1.07
2015.01.09 17:39:27.526,1.18573,1.18582,1.07,1.12
2015.01.09 17:39:28.423,1.18573,1.18582,1.07,1.37
2015.01.09 17:39:28.941,1.18573,1.18582,1.07,1.12
2015.01.09 17:39:30.543,1.1857,1.18581,1.22,1.07
2015.01.09 17:39:30.847,1.18569,1.18578,1.20,1.10
2015.01.09 17:39:31.202,1.18568,1.18578,3.52,1.10
2015.01.09 17:39:31.506,1.18576,1.18585,1.17,1.20
2015.01.09 17:39:33.262,1.18576,1.18585,1.17,1.20
2015.01.09 17:39:33.667,1.18575,1.18584,1.15,1.12
2015.01.09 17:39:35.244,1.18575,1.18584,1.15,1.10
2015.01.09 17:39:36.227,1.18575,1.18584,1.00,1.57
2015.01.09 17:39:36.379,1.18566,1.18577,1.15,1.07
2015.01.09 17:39:36.531,1.18564,1.18575,3.90,1.07
2015.01.09 17:39:37.193,1.18565,1.18576,1.35,1.07
2015.01.09 17:39:37.715,1.18567,1.18576,1.17,1.00
2015.01.09 17:39:38.780,1.18568,1.18577,1.10,1.10
2015.01.09 17:39:39.083,1.18574,1.18583,1.10,1.00
2015.01.09 17:39:39.387,1.1857,1.18581,1.25,1.07
2015.01.09 17:39:39.895,1.18572,1.18583,1.10,1.15
2015.01.09 17:39:40.547,1.1857,1.18581,1.25,1.00
2015.01.09 17:39:41.053,1.1857,1.18581,1.25,1.07
2015.01.09 17:39:41.407,1.18569,1.18578,1.20,1.00
2015.01.09 17:39:41.609,1.18569,1.1858,1.20,1.10
2015.01.09 17:39:42.150,1.18568,1.18579,2.02,1.00
2015.01.09 17:39:42.681,1.18568,1.18578,2.02,1.00
2015.01.09 17:39:42.783,1.18566,1.18576,3.90,1.10
2015.01.09 17:39:42.834,1.18565,1.18576,4.57,1.10
2015.01.09 17:39:42.935,1.18564,1.18575,1.27,1.00
2015.01.09 17:39:43.290,1.18563,1.18572,1.65,1.00
2015.01.09 17:39:43.795,1.18564,1.18573,1.17,1.50
2015.01.09 17:39:44.770,1.1856,1.1857,1.07,1.00
2015.01.09 17:39:45.074,1.1856,1.18568,1.00,1.00
2015.01.09 17:39:49.731,1.18558,1.18567,1.10,1.50
2015.01.09 17:39:50.267,1.18558,1.18567,1.17,1.00
2015.01.09 17:39:51.830,1.18559,1.18568,1.10,1.00
2015.01.09 17:39:52.505,1.18559,1.18568,1.10,1.07
2015.01.09 17:39:53.689,1.18559,1.18568,1.20,1.10
2015.01.09 17:39:54.220,1.18559,1.1857,1.17,1.15
2015.01.09 17:39:57.908,1.1856,1.18569,1.57,1.00
2015.01.09 17:39:57.959,1.1856,1.18571,1.57,1.00
2015.01.09 17:39:58.010,1.1856,1.18571,1.17,1.07
2015.01.09 17:39:58.314,1.18562,1.18571,1.17,1.07
2015.01.09 17:39:59.088,1.18563,1.18574,1.15,1.07
2015.01.09 17:39:59.395,1.18564,1.18575,1.67,1.12
2015.01.09 17:39:59.598,1.18574,1.18583,1.12,1.10
2015.01.09 17:39:59.700,1.1858,1.18589,1.00,3.90
2015.01.09 17:39:59.751,1.1858,1.18589,1.00,1.07
2015.01.09 17:39:59.852,1.18582,1.18591,1.65,1.07
2015.01.09 17:40:00.206,1.18583,1.18592,1.00,1.10
2015.01.09 17:40:00.307,1.18588,1.18597,1.00,4.20
2015.01.09 17:40:00.408,1.18588,1.18597,1.07,1.12
2015.01.09 17:40:00.914,1.18587,1.18596,1.10,1.00
2015.01.09 17:40:00.964,1.18584,1.18593,3.07,1.00
2015.01.09 17:40:01.015,1.18584,1.18593,1.20,1.00
2015.01.09 17:40:01.167,1.18586,1.18597,1.10,1.27
2015.01.09 17:40:01.680,1.18586,1.18597,1.17,1.27
2015.01.09 17:40:02.518,1.18586,1.18595,1.17,1.00
2015.01.09 17:40:03.023,1.18585,1.18594,1.25,1.00
2015.01.09 17:40:04.319,1.18587,1.18596,1.65,1.10
2015.01.09 17:40:07.463,1.18587,1.18598,2.77,1.84
2015.01.09 17:40:07.665,1.18589,1.186,1.00,1.84
2015.01.09 17:40:08.186,1.18591,1.186,1.00,1.84
2015.01.09 17:40:08.696,1.1859,1.186,1.50,1.84
2015.01.09 17:40:09.357,1.18591,1.186,1.50,1.84
2015.01.09 17:40:10.591,1.18591,1.186,1.50,1.84
2015.01.09 17:40:11.331,1.1859,1.18601,2.32,1.36
2015.01.09 17:40:11.837,1.18591,1.18601,1.50,1.29
2015.01.09 17:40:13.676,1.1859,1.18601,2.47,1.31
2015.01.09 17:40:14.181,1.18588,1.18597,1.27,2.10
2015.01.09 17:40:14.282,1.18584,1.18593,2.77,1.00
2015.01.09 17:40:14.383,1.18584,1.18595,3.26,1.20
2015.01.09 17:40:15.042,1.18585,1.18593,1.57,1.00
2015.01.09 17:40:15.447,1.18583,1.18593,1.42,1.00
2015.01.09 17:40:15.952,1.18583,1.18591,1.42,1.00
2015.01.09 17:40:18.987,1.18583,1.18593,1.42,1.00
2015.01.09 17:40:28.481,1.18583,1.18593,1.70,1.00
2015.01.09 17:40:29.021,1.18583,1.18592,1.70,1.00
2015.01.09 17:40:33.335,1.18589,1.18597,1.50,3.07
2015.01.09 17:40:33.386,1.18589,1.186,3.07,1.65
2015.01.09 17:40:33.893,1.18591,1.186,1.00,1.57
2015.01.09 17:40:38.127,1.1859,1.186,1.10,1.10
2015.01.09 17:40:38.787,1.1859,1.186,1.20,1.50
2015.01.09 17:40:39.040,1.18587,1.18598,1.20,1.12
2015.01.09 17:40:39.631,1.18587,1.18598,1.20,1.07
2015.01.09 17:40:43.836,1.18589,1.18598,1.00,1.07
2015.01.09 17:40:47.750,1.18588,1.18599,1.10,1.27
2015.01.09 17:40:49.754,1.1859,1.18599,1.00,2.02
2015.01.09 17:40:49.805,1.1859,1.18599,1.00,1.72
2015.01.09 17:40:50.363,1.1859,1.18599,1.00,2.62
2015.01.09 17:40:50.615,1.18586,1.18596,1.27,1.00
2015.01.09 17:40:50.717,1.18585,1.18593,1.10,1.00
2015.01.09 17:40:51.020,1.18582,1.18591,2.21,1.00
2015.01.09 17:40:51.324,1.18584,1.18589,1.10,1.00
2015.01.09 17:40:51.880,1.18581,1.18589,1.30,1.00
2015.01.09 17:40:52.234,1.18583,1.18589,1.00,1.00
2015.01.09 17:40:52.791,1.18584,1.18588,1.10,1.00
2015.01.09 17:40:53.346,1.18583,1.18591,1.07,1.10
2015.01.09 17:40:55.672,1.18588,1.18594,1.00,2.32
2015.01.09 17:40:55.824,1.18588,1.18596,1.00,1.20
2015.01.09 17:40:55.875,1.1859,1.18596,1.10,1.10
2015.01.09 17:40:56.776,1.18589,1.18596,1.00,1.17
2015.01.09 17:40:57.245,1.18587,1.18596,1.00,1.17
2015.01.09 17:41:03.847,1.18584,1.18595,1.12,3.07
2015.01.09 17:41:03.898,1.18583,1.18591,1.00,1.10
2015.01.09 17:41:03.999,1.18581,1.18591,1.10,1.10
2015.01.09 17:41:04.101,1.18581,1.18588,1.10,1.00
2015.01.09 17:41:04.607,1.18582,1.18589,1.00,1.00
2015.01.09 17:41:12.821,1.18586,1.18591,1.00,1.07
2015.01.09 17:41:12.923,1.18584,1.18593,1.10,1.50
2015.01.09 17:41:13.024,1.18584,1.18592,1.12,1.00
2015.01.09 17:41:13.126,1.18584,1.18592,1.10,1.00
2015.01.09 17:41:13.682,1.18586,1.18593,1.00,1.20
2015.01.09 17:41:14.187,1.18587,1.18593,1.00,1.00
2015.01.09 17:41:14.995,1.18587,1.18595,1.00,1.17
2015.01.09 17:41:17.968,1.18587,1.18593,1.00,1.10
2015.01.09 17:41:18.019,1.18585,1.18593,1.00,1.10
2015.01.09 17:41:18.221,1.18582,1.18593,1.07,1.27
2015.01.09 17:41:18.272,1.18582,1.18589,1.10,1.10
2015.01.09 17:41:19.030,1.18583,1.18589,1.00,1.10
2015.01.09 17:41:19.536,1.18582,1.18589,1.10,1.10
2015.01.09 17:41:19.901,1.18581,1.18589,1.67,1.10
2015.01.09 17:41:19.952,1.18588,1.18594,1.00,1.07
2015.01.09 17:41:20.003,1.18587,1.18594,1.95,1.07
2015.01.09 17:41:20.055,1.18591,1.18597,1.00,1.10
2015.01.09 17:41:20.560,1.18591,1.18598,1.00,1.00
2015.01.09 17:41:42.667,1.1859,1.18598,1.00,1.00
2015.01.09 17:41:42.821,1.1859,1.18597,1.00,1.07
2015.01.09 17:41:42.873,1.18588,1.18597,1.00,1.07
2015.01.09 17:41:52.575,1.18588,1.18594,1.00,1.00
2015.01.09 17:41:52.626,1.18588,1.18597,1.00,1.17
2015.01.09 17:41:56.380,1.18587,1.18597,1.00,1.39
2015.01.09 17:41:56.928,1.18587,1.18597,1.00,1.39
2015.01.09 17:42:01.987,1.18587,1.18593,1.00,1.00
2015.01.09 17:42:02.857,1.18587,1.18594,1.00,1.10
2015.01.09 17:42:03.835,1.18583,1.18592,1.16,1.00
2015.01.09 17:42:04.038,1.18581,1.18589,1.46,1.00
2015.01.09 17:42:09.798,1.1858,1.18587,1.17,1.00
2015.01.09 17:42:10.306,1.1858,1.18587,1.00,1.00
2015.01.09 17:42:10.619,1.18582,1.18587,1.00,1.00
2015.01.09 17:42:11.348,1.1858,1.18587,1.00,1.00
2015.01.09 17:42:12.770,1.18581,1.18587,1.00,1.00
2015.01.09 17:42:19.728,1.18584,1.18592,2.10,1.35
2015.01.09 17:42:20.435,1.18584,1.1859,2.10,1.10
2015.01.09 17:42:20.969,1.18587,1.18596,1.00,1.27
2015.01.09 17:42:21.021,1.18587,1.18592,1.00,1.00
2015.01.09 17:42:24.616,1.18586,1.18592,1.35,1.00
2015.01.09 17:42:26.481,1.18587,1.18592,1.00,1.00
2015.01.09 17:42:34.513,1.18587,1.18593,1.00,1.10
2015.01.09 17:42:38.627,1.18588,1.18593,1.00,1.10
2015.01.09 17:42:38.728,1.18586,1.18593,1.10,1.10
2015.01.09 17:42:46.861,1.18588,1.18597,1.00,2.32
2015.01.09 17:42:47.064,1.1859,1.18597,1.00,1.00
2015.01.09 17:42:58.451,1.18591,1.18597,1.00,1.00
2015.01.09 17:43:00.896,1.18589,1.18597,1.25,1.00
2015.01.09 17:43:02.067,1.18591,1.18597,1.00,1.00
2015.01.09 17:43:02.577,1.1859,1.18597,1.10,1.00
2015.01.09 17:43:03.438,1.18587,1.18596,1.07,1.10
2015.01.09 17:43:03.893,1.18586,1.18595,1.10,1.07
2015.01.09 17:43:04.214,1.18586,1.18595,1.10,1.87
2015.01.09 17:43:05.411,1.18582,1.18593,1.76,1.72
2015.01.09 17:43:05.563,1.1858,1.18591,1.54,1.00
2015.01.09 17:43:06.567,1.1858,1.18588,1.25,1.00
2015.01.09 17:43:09.507,1.1858,1.18588,1.37,1.00
2015.01.09 17:43:09.811,1.1858,1.18588,1.00,1.00
2015.01.09 17:43:10.064,1.18578,1.18587,1.12,1.57
2015.01.09 17:43:11.594,1.18577,1.18586,1.20,1.37
2015.01.09 17:43:11.897,1.1858,1.18586,1.00,1.30
2015.01.09 17:43:12.200,1.18578,1.18588,1.10,4.57
2015.01.09 17:43:14.640,1.18579,1.18588,1.00,4.57
2015.01.09 17:43:14.792,1.1858,1.18589,1.00,1.55
2015.01.09 17:43:14.894,1.18578,1.18588,1.57,1.32
2015.01.09 17:43:15.427,1.18576,1.18587,1.00,1.27
2015.01.09 17:43:19.097,1.18576,1.18587,3.04,1.27
2015.01.09 17:43:19.199,1.18578,1.18588,2.85,1.52
2015.01.09 17:43:19.600,1.18575,1.18584,1.00,1.12
2015.01.09 17:43:19.653,1.18572,1.18583,1.17,1.17
2015.01.09 17:43:19.704,1.18572,1.18583,1.17,1.55
2015.01.09 17:43:19.754,1.18569,1.1858,1.17,1.27
2015.01.09 17:43:19.805,1.18567,1.18577,2.70,1.00
2015.01.09 17:43:19.856,1.18566,1.18577,1.20,1.15
2015.01.09 17:43:20.058,1.18567,1.18576,1.00,1.47
2015.01.09 17:43:20.938,1.18565,1.18576,1.57,1.47
2015.01.09 17:43:21.271,1.18568,1.18577,1.00,1.57
2015.01.09 17:43:22.617,1.18566,1.18577,1.42,1.57
2015.01.09 17:43:22.726,1.18568,1.18577,1.00,1.57
2015.01.09 17:43:23.929,1.1857,1.18578,1.00,3.82
2015.01.09 17:43:24.030,1.1857,1.18579,1.00,1.39
2015.01.09 17:43:24.132,1.18572,1.18581,1.60,1.27
2015.01.09 17:43:24.334,1.18574,1.18584,1.35,1.50
2015.01.09 17:43:24.587,1.18572,1.18582,1.30,1.25
2015.01.09 17:43:25.717,1.18572,1.18582,2.10,1.25
2015.01.09 17:43:26.249,1.18572,1.18582,2.10,1.25
2015.01.09 17:43:28.886,1.18571,1.18582,2.92,1.25
2015.01.09 17:43:29.190,1.18571,1.18579,1.00,1.10
2015.01.09 17:43:29.241,1.18569,1.18579,1.10,1.10
2015.01.09 17:43:29.544,1.18568,1.18579,1.17,1.95
2015.01.09 17:43:30.201,1.18566,1.18576,1.27,1.17
2015.01.09 17:43:30.506,1.18566,1.18576,1.10,1.20
2015.01.09 17:43:31.011,1.18566,1.18575,1.00,1.12
2015.01.09 17:43:40.364,1.18566,1.18576,1.00,1.27
2015.01.09 17:43:40.873,1.18566,1.18576,1.00,1.27
2015.01.09 17:43:42.570,1.18565,1.18575,1.35,1.07
2015.01.09 17:43:43.359,1.18568,1.18577,1.35,1.52
2015.01.09 17:43:43.511,1.18568,1.18577,2.85,1.10
2015.01.09 17:43:44.021,1.18569,1.18578,1.35,1.46
2015.01.09 17:43:46.115,1.18568,1.18578,1.35,1.27
2015.01.09 17:43:53.268,1.18568,1.18579,2.85,2.40
2015.01.09 17:44:01.441,1.18569,1.18578,2.10,1.27
2015.01.09 17:44:02.747,1.18567,1.18578,3.04,1.27
2015.01.09 17:44:02.848,1.18567,1.18578,1.00,1.27
2015.01.09 17:44:02.950,1.18565,1.18574,3.15,1.00
2015.01.09 17:44:03.838,1.18564,1.18573,1.42,1.00
2015.01.09 17:44:04.889,1.18564,1.18572,1.00,1.00
2015.01.09 17:44:05.148,1.18561,1.18572,1.07,1.72
2015.01.09 17:44:06.390,1.18563,1.18572,2.10,1.27
2015.01.09 17:44:06.648,1.18563,1.18573,2.10,1.10
2015.01.09 17:44:09.000,1.18562,1.18573,5.32,1.10
2015.01.09 17:44:10.772,1.18563,1.18574,2.85,1.72
2015.01.09 17:44:10.823,1.18563,1.18571,2.85,1.00
2015.01.09 17:44:11.127,1.18561,1.18571,1.00,1.10
2015.01.09 17:44:12.300,1.18562,1.18571,2.10,1.10
2015.01.09 17:44:12.655,1.18562,1.18571,1.10,1.10
2015.01.09 17:44:13.163,1.18562,1.18571,1.00,1.57
2015.01.09 17:44:14.267,1.18562,1.18571,1.60,1.57
2015.01.09 17:44:14.521,1.18562,1.18573,4.35,1.72
2015.01.09 17:44:14.622,1.18562,1.18573,2.25,1.72
2015.01.09 17:44:15.127,1.18561,1.18571,1.20,1.10
2015.01.09 17:44:15.607,1.18561,1.18571,1.20,1.12
2015.01.09 17:44:16.117,1.18561,1.18571,1.20,1.37
2015.01.09 17:44:20.678,1.18561,1.18569,1.20,1.10
2015.01.09 17:44:20.993,1.18561,1.18571,1.57,1.10
2015.01.09 17:44:26.296,1.18562,1.18572,1.57,1.00
2015.01.09 17:44:31.128,1.18565,1.18573,1.50,1.35
2015.01.09 17:44:31.332,1.18569,1.18578,1.10,1.57
2015.01.09 17:44:31.839,1.18568,1.18577,1.00,1.00
2015.01.09 17:44:32.344,1.18568,1.18577,1.00,1.07
2015.01.09 17:44:33.205,1.18567,1.18576,1.30,1.10
2015.01.09 17:44:33.870,1.18566,1.18577,1.72,1.12
2015.01.09 17:44:34.531,1.18566,1.18576,1.10,1.07
2015.01.09 17:44:35.081,1.18566,1.18576,1.00,1.12
2015.01.09 17:44:38.151,1.18565,1.18576,1.10,1.31
2015.01.09 17:44:46.279,1.18564,1.18575,2.32,1.12
2015.01.09 17:44:47.656,1.18564,1.18575,1.42,1.95
2015.01.09 17:45:06.945,1.18563,1.18573,3.00,1.07
2015.01.09 17:45:08.835,1.18564,1.18573,2.10,1.07
2015.01.09 17:45:14.703,1.18564,1.18571,2.10,1.00
2015.01.09 17:45:33.445,1.18564,1.18572,2.10,1.20
2015.01.09 17:45:34.871,1.18564,1.18573,3.00,1.00
2015.01.09 17:45:37.386,1.18564,1.18572,2.17,1.00
2015.01.09 17:45:40.652,1.18563,1.18572,2.92,1.00
2015.01.09 17:45:41.153,1.18563,1.18573,2.17,1.30
2015.01.09 17:45:49.126,1.18563,1.18572,2.17,1.00
2015.01.09 17:45:49.639,1.18564,1.18573,1.42,1.30
2015.01.09 17:45:51.107,1.18564,1.18573,2.92,1.30
2015.01.09 17:46:00.575,1.18569,1.18574,2.10,1.00
2015.01.09 17:46:00.727,1.18569,1.18579,2.62,1.50
2015.01.09 17:46:00.778,1.18574,1.1858,1.00,3.67
2015.01.09 17:46:00.829,1.18574,1.18583,1.00,1.54
2015.01.09 17:46:00.981,1.18574,1.18583,1.00,1.69
2015.01.09 17:46:01.082,1.18575,1.18584,1.00,2.14
2015.01.09 17:46:01.588,1.18574,1.18583,1.00,2.81
2015.01.09 17:46:02.093,1.18574,1.18583,1.00,1.32
2015.01.09 17:46:02.270,1.18574,1.18583,1.00,1.69
2015.01.09 17:46:02.625,1.18574,1.1858,1.00,1.27
2015.01.09 17:46:03.587,1.18573,1.18581,1.00,1.25
2015.01.09 17:46:03.841,1.18573,1.18582,1.00,1.86
2015.01.09 17:46:03.943,1.1857,1.18581,1.57,1.91
2015.01.09 17:46:05.366,1.18569,1.1858,1.57,1.39
2015.01.09 17:46:05.520,1.18567,1.18578,1.27,1.65
2015.01.09 17:46:06.045,1.18568,1.18578,1.00,1.46
2015.01.09 17:46:06.560,1.18568,1.18578,1.10,1.16
2015.01.09 17:46:08.340,1.18566,1.18577,1.00,1.17
2015.01.09 17:46:08.795,1.18565,1.18574,1.69,1.00
2015.01.09 17:46:09.099,1.18571,1.18582,1.10,1.50
2015.01.09 17:46:09.402,1.18569,1.18578,1.15,1.12
2015.01.09 17:46:09.756,1.18569,1.18578,1.15,1.10
2015.01.09 17:46:10.262,1.1857,1.18581,1.15,1.50
2015.01.09 17:46:10.465,1.18569,1.18579,1.10,1.12
2015.01.09 17:46:10.920,1.18569,1.18579,3.00,1.07
2015.01.09 17:46:11.623,1.18571,1.1858,1.10,1.50
2015.01.09 17:46:11.724,1.1857,1.18581,1.65,1.12
2015.01.09 17:46:12.706,1.1857,1.18581,1.65,1.50
2015.01.09 17:46:14.795,1.1857,1.18581,1.65,1.12
2015.01.09 17:46:15.303,1.18569,1.18578,2.02,1.00
2015.01.09 17:46:22.164,1.18569,1.18578,1.07,1.07
2015.01.09 17:46:22.588,1.18572,1.18581,1.00,1.50
2015.01.09 17:46:22.791,1.18569,1.18578,2.02,1.00
2015.01.09 17:46:22.942,1.1857,1.18578,1.07,1.00
2015.01.09 17:46:22.993,1.18571,1.1858,1.07,1.00
2015.01.09 17:46:23.196,1.18571,1.1858,1.07,1.12
2015.01.09 17:46:24.589,1.18567,1.18578,2.40,1.10
2015.01.09 17:46:24.842,1.18567,1.18576,1.25,1.00
2015.01.09 17:46:25.348,1.18566,1.18576,1.69,1.00
2015.01.09 17:46:25.718,1.1857,1.18578,1.00,1.20
2015.01.09 17:46:25.920,1.18571,1.1858,1.10,1.10
2015.01.09 17:46:26.021,1.18571,1.1858,1.10,1.12
2015.01.09 17:46:26.375,1.18571,1.1858,1.10,1.10
2015.01.09 17:46:27.018,1.18571,1.1858,1.10,1.12
2015.01.09 17:46:29.061,1.18571,1.1858,1.50,1.00
2015.01.09 17:46:31.008,1.18571,1.1858,1.80,1.00
2015.01.09 17:46:36.740,1.18572,1.18581,1.07,1.00
2015.01.09 17:46:38.240,1.18571,1.1858,1.39,1.00
2015.01.09 17:46:38.746,1.1857,1.18578,3.97,1.00
2015.01.09 17:46:38.949,1.1857,1.18581,5.47,1.10
2015.01.09 17:46:39.151,1.1857,1.18579,4.87,1.00
2015.01.09 17:46:39.656,1.18571,1.18579,1.12,1.00
2015.01.09 17:46:40.644,1.1857,1.18579,4.01,1.00
2015.01.09 17:46:44.517,1.1857,1.18579,2.55,1.00
2015.01.09 17:46:44.720,1.18576,1.18583,1.50,3.00
2015.01.09 17:46:44.770,1.18576,1.18584,1.50,1.00
2015.01.09 17:46:45.276,1.18573,1.18583,1.25,1.10
2015.01.09 17:46:45.630,1.18572,1.18583,1.65,1.10
2015.01.09 17:46:46.168,1.18571,1.18582,1.72,1.00
2015.01.09 17:46:48.132,1.18578,1.18587,1.50,3.00
2015.01.09 17:46:48.284,1.1858,1.1859,1.20,1.12
2015.01.09 17:46:48.588,1.1858,1.18591,3.15,1.10
2015.01.09 17:46:48.689,1.1858,1.18591,2.40,1.10
2015.01.09 17:46:48.993,1.18584,1.18593,1.17,1.07
2015.01.09 17:46:49.296,1.18586,1.18592,2.17,1.00
2015.01.09 17:46:49.398,1.18583,1.18592,1.15,1.07
2015.01.09 17:46:49.701,1.18585,1.18596,1.17,1.75
2015.01.09 17:46:49.803,1.18585,1.18596,1.27,1.12
2015.01.09 17:46:50.158,1.18583,1.18594,1.27,1.10
2015.01.09 17:46:50.664,1.18582,1.18593,4.27,1.10
2015.01.09 17:46:55.981,1.18582,1.18593,4.27,1.12
2015.01.09 17:46:58.176,1.18582,1.18593,4.27,1.07
2015.01.09 17:46:59.061,1.18582,1.18593,4.27,1.12
2015.01.09 17:47:00.438,1.18582,1.18593,1.27,1.12
2015.01.09 17:47:00.954,1.1858,1.18591,1.22,1.07
2015.01.09 17:47:04.811,1.18582,1.18593,3.00,1.37
2015.01.09 17:47:04.963,1.18585,1.18596,1.25,1.20
2015.01.09 17:47:05.469,1.18583,1.18594,1.20,1.10
2015.01.09 17:47:05.722,1.18582,1.1859,1.47,1.00
2015.01.09 17:47:05.874,1.18581,1.1859,1.27,1.00
2015.01.09 17:47:08.537,1.18581,1.18592,1.15,1.10
2015.01.09 17:47:09.066,1.18581,1.18592,1.20,1.10
2015.01.09 17:47:10.277,1.18581,1.1859,1.20,1.00
2015.01.09 17:47:10.782,1.18581,1.1859,1.15,1.00
2015.01.09 17:47:19.239,1.1858,1.18589,1.27,1.00
2015.01.09 17:47:19.751,1.1858,1.18589,1.17,1.07
2015.01.09 17:47:23.334,1.18576,1.18585,1.00,1.00
2015.01.09 17:47:24.398,1.18576,1.18583,1.00,1.12
2015.01.09 17:47:24.701,1.18572,1.18579,1.00,1.00
2015.01.09 17:47:25.207,1.18571,1.18582,1.20,1.20
2015.01.09 17:47:25.714,1.18571,1.18582,1.17,1.15
2015.01.09 17:47:26.799,1.1857,1.18579,1.15,1.00
2015.01.09 17:47:28.384,1.18576,1.18584,1.00,3.00
2015.01.09 17:47:28.536,1.18576,1.18585,1.00,1.20
2015.01.09 17:47:31.963,1.18576,1.18586,1.12,1.65
2015.01.09 17:47:40.685,1.18577,1.18586,1.07,1.00
2015.01.09 17:47:44.235,1.18576,1.18587,2.32,1.07
2015.01.09 17:47:44.286,1.18576,1.18587,2.40,1.07
2015.01.09 17:47:44.791,1.18578,1.18587,1.17,1.00
2015.01.09 17:47:44.943,1.18578,1.18589,1.17,1.00
2015.01.09 17:47:48.919,1.18576,1.18585,1.65,1.00
2015.01.09 17:47:49.073,1.18576,1.18585,1.25,1.00
2015.01.09 17:47:51.094,1.18576,1.18585,1.27,1.00
2015.01.09 17:47:52.762,1.18577,1.18586,1.17,1.00
2015.01.09 17:48:01.360,1.18577,1.18588,1.27,1.17
2015.01.09 17:48:01.881,1.18577,1.18588,1.57,1.17
2015.01.09 17:48:02.957,1.18577,1.18588,1.57,1.10
2015.01.09 17:48:04.839,1.18578,1.18589,1.25,1.10
2015.01.09 17:48:05.042,1.18578,1.18587,1.25,1.00
2015.01.09 17:48:13.474,1.18579,1.18588,1.20,1.00
2015.01.09 17:48:14.081,1.18578,1.18589,1.25,1.10
2015.01.09 17:48:15.333,1.18579,1.18588,1.20,1.00
2015.01.09 17:48:34.842,1.18578,1.18589,1.27,1.20
2015.01.09 17:48:35.348,1.18579,1.1859,1.22,1.07
2015.01.09 17:48:35.449,1.1858,1.18591,1.27,1.20
2015.01.09 17:48:36.956,1.18579,1.1859,1.22,1.00
2015.01.09 17:48:39.135,1.1858,1.18591,1.27,1.20
2015.01.09 17:48:40.274,1.18579,1.1859,1.22,1.00
2015.01.09 17:48:47.607,1.18579,1.1859,1.22,1.07
2015.01.09 17:48:55.460,1.18578,1.18589,1.25,1.10
2015.01.09 17:48:58.662,1.18582,1.18589,1.00,1.10
2015.01.09 17:48:58.815,1.18582,1.18592,1.20,1.00
2015.01.09 17:48:58.916,1.18582,1.18592,1.20,1.07
2015.01.09 17:48:59.118,1.18585,1.18596,1.00,4.65
2015.01.09 17:48:59.270,1.18586,1.18597,3.52,1.07
2015.01.09 17:48:59.371,1.18589,1.18598,1.65,1.01
2015.01.09 17:48:59.904,1.18589,1.18598,1.72,1.25
2015.01.09 17:49:01.135,1.18589,1.18599,2.70,1.10
2015.01.09 17:49:01.641,1.18589,1.186,3.00,1.00
2015.01.09 17:49:03.913,1.1859,1.18599,2.92,1.00
2015.01.09 17:49:19.701,1.18589,1.18599,1.99,1.00
2015.01.09 17:49:23.871,1.18589,1.18599,1.99,1.00
2015.01.09 17:49:52.487,1.1859,1.18599,1.07,1.00
2015.01.09 17:49:53.026,1.1859,1.18599,2.62,1.00
2015.01.09 17:49:53.553,1.1859,1.18599,1.07,1.00
2015.01.09 17:49:57.947,1.18591,1.18599,1.17,1.00
2015.01.09 17:50:09.003,1.18591,1.186,1.65,1.00
2015.01.09 17:50:11.539,1.18591,1.186,1.65,1.37
2015.01.09 17:50:13.079,1.18591,1.186,1.57,1.37
2015.01.09 17:50:13.604,1.18591,1.186,1.00,1.62
2015.01.09 17:50:25.405,1.18589,1.186,1.20,1.66
2015.01.09 17:50:30.905,1.18589,1.186,1.20,1.80
2015.01.09 17:50:31.057,1.18591,1.186,1.00,1.80
2015.01.09 17:50:31.565,1.18591,1.186,1.00,2.29
2015.01.09 17:50:35.597,1.18592,1.186,1.00,1.65
2015.01.09 17:50:36.214,1.18592,1.186,1.00,1.05
2015.01.09 17:50:37.381,1.1859,1.186,1.17,1.52
2015.01.09 17:50:37.883,1.18592,1.18601,1.00,2.81
2015.01.09 17:50:46.004,1.18591,1.186,1.10,1.37
2015.01.09 17:50:50.533,1.18592,1.18601,1.00,1.46
2015.01.09 17:50:51.066,1.1859,1.18601,1.17,1.46
2015.01.09 17:50:54.138,1.18589,1.186,1.20,1.50
2015.01.09 17:51:01.102,1.1859,1.18599,1.00,1.30
2015.01.09 17:51:03.863,1.1859,1.186,1.00,1.05
2015.01.09 17:51:08.922,1.1859,1.18599,1.00,1.30
2015.01.09 17:51:14.000,1.1859,1.18599,1.07,1.30
2015.01.09 17:51:18.932,1.1859,1.186,1.07,1.05
2015.01.09 17:51:47.979,1.18588,1.18597,1.17,1.12
2015.01.09 17:51:48.030,1.18586,1.18597,1.55,3.97
2015.01.09 17:51:48.183,1.1858,1.18592,2.02,1.95
2015.01.09 17:51:48.386,1.1858,1.18589,1.00,1.72
2015.01.09 17:51:48.588,1.1858,1.18589,1.00,2.10
2015.01.09 17:51:49.236,1.1858,1.18589,1.00,5.47
2015.01.09 17:51:51.911,1.1858,1.18591,1.57,2.62
2015.01.09 17:51:54.003,1.18581,1.1859,1.00,1.07
2015.01.09 17:51:55.374,1.1858,1.1859,1.10,1.07
2015.01.09 17:51:57.409,1.18587,1.18591,1.00,1.20
2015.01.09 17:51:57.612,1.18587,1.18595,1.87,1.57
2015.01.09 17:51:57.713,1.18589,1.18598,1.00,2.40
2015.01.09 17:51:57.764,1.18589,1.18599,1.10,1.07
2015.01.09 17:51:58.269,1.1859,1.18599,1.00,1.07
2015.01.09 17:52:07.724,1.18591,1.18599,1.00,1.07
2015.01.09 17:52:12.653,1.18589,1.18599,1.39,1.07
2015.01.09 17:52:16.122,1.18589,1.18599,1.10,1.47
2015.01.09 17:52:16.492,1.18587,1.18598,1.10,1.76
2015.01.09 17:52:16.846,1.18586,1.18596,1.50,1.20
2015.01.09 17:52:18.903,1.18585,1.18596,1.10,1.20
2015.01.09 17:52:19.432,1.18584,1.18595,2.92,1.20
2015.01.09 17:52:25.022,1.18583,1.18594,2.85,1.27
2015.01.09 17:52:25.073,1.18581,1.18592,1.72,1.00
2015.01.09 17:52:25.225,1.1858,1.18591,1.10,1.25
2015.01.09 17:52:25.750,1.1858,1.18589,1.10,1.10
2015.01.09 17:52:27.213,1.18581,1.1859,1.00,1.27
2015.01.09 17:52:31.022,1.18583,1.18594,1.15,3.75
2015.01.09 17:52:31.175,1.1859,1.18599,1.00,1.69
2015.01.09 17:52:31.377,1.1859,1.18599,1.00,1.39
2015.01.09 17:52:38.952,1.18589,1.18598,1.10,1.00
2015.01.09 17:52:39.103,1.18586,1.18596,1.00,1.10
2015.01.09 17:52:39.306,1.18585,1.18596,2.32,2.25
2015.01.09 17:52:39.609,1.18588,1.18596,1.00,1.07
2015.01.09 17:52:40.134,1.18587,1.18596,2.25,1.57
2015.01.09 17:52:40.740,1.18588,1.18598,1.50,2.21
2015.01.09 17:52:41.264,1.18587,1.18598,1.10,2.02
2015.01.09 17:52:48.681,1.18589,1.18599,1.00,2.02
2015.01.09 17:52:48.883,1.18589,1.18599,1.10,1.46
2015.01.09 17:52:50.033,1.18589,1.18599,1.10,1.87
2015.01.09 17:52:53.860,1.18589,1.18599,1.10,1.46
2015.01.09 17:52:55.490,1.18589,1.18599,1.10,2.06
2015.01.09 17:52:55.896,1.18589,1.18599,1.10,2.06
2015.01.09 17:53:01.487,1.1859,1.18599,1.00,2.14
2015.01.09 17:53:02.007,1.18589,1.18599,1.07,2.14
2015.01.09 17:53:02.625,1.18589,1.18599,1.07,2.14
2015.01.09 17:53:04.486,1.18588,1.18598,1.87,1.49
2015.01.09 17:53:05.137,1.18588,1.18598,1.87,1.16
2015.01.09 17:53:10.137,1.18589,1.18599,1.07,1.99
2015.01.09 17:53:11.129,1.18589,1.18598,1.07,1.05
2015.01.09 17:53:17.053,1.18589,1.18598,1.10,1.05
2015.01.09 17:53:24.142,1.18589,1.18599,1.10,1.39
2015.01.09 17:53:24.785,1.18589,1.18598,1.10,2.10
2015.01.09 17:53:25.089,1.18584,1.18592,3.75,2.70
2015.01.09 17:53:25.191,1.18579,1.1859,2.40,1.10
2015.01.09 17:53:25.301,1.1858,1.1859,1.20,1.10
2015.01.09 17:53:25.604,1.18579,1.1859,1.35,1.10
2015.01.09 17:53:25.756,1.18577,1.18588,3.82,1.00
2015.01.09 17:53:26.278,1.18577,1.18588,1.27,1.10
2015.01.09 17:53:42.021,1.18577,1.18588,1.25,1.20
2015.01.09 17:53:44.291,1.18577,1.18588,1.17,1.17
2015.01.09 17:53:48.317,1.18577,1.18588,1.25,1.20
2015.01.09 17:53:55.062,1.18576,1.18587,1.65,1.00
2015.01.09 17:53:57.349,1.18575,1.18586,4.20,1.00
2015.01.09 17:54:09.534,1.18576,1.18585,1.65,1.00
2015.01.09 17:54:17.882,1.18577,1.18586,1.35,1.00
2015.01.09 17:54:23.615,1.18577,1.18588,1.35,1.20
2015.01.09 17:54:27.795,1.18576,1.18587,1.57,1.00
2015.01.09 17:54:30.762,1.18577,1.18588,1.65,1.00
2015.01.09 17:54:33.451,1.18576,1.18587,3.82,1.00
2015.01.09 17:54:33.967,1.18576,1.18586,2.40,1.10
2015.01.09 17:54:36.730,1.18575,1.18585,1.27,1.00
2015.01.09 17:54:37.235,1.18576,1.18585,1.10,1.00
2015.01.09 17:54:38.416,1.18576,1.18585,2.77,1.00
2015.01.09 17:54:38.928,1.18577,1.18586,1.20,1.00
2015.01.09 17:54:40.055,1.18577,1.18586,1.20,1.00
2015.01.09 17:54:52.878,1.18577,1.18586,1.45,1.00
2015.01.09 17:54:53.651,1.18577,1.18586,1.45,1.00
2015.01.09 17:55:02.345,1.18578,1.18589,1.50,1.17
2015.01.09 17:55:03.122,1.18579,1.18588,1.45,1.10
2015.01.09 17:55:04.842,1.18577,1.18587,1.12,1.00
2015.01.09 17:55:05.347,1.18577,1.18588,1.87,1.10
2015.01.09 17:55:09.315,1.18577,1.18586,1.87,1.00
2015.01.09 17:55:09.417,1.18577,1.18588,1.87,1.10
2015.01.09 17:55:09.773,1.18576,1.18587,1.57,1.00
2015.01.09 17:55:11.139,1.18575,1.18586,3.15,1.00
2015.01.09 17:55:12.510,1.18577,1.18586,1.00,1.00
2015.01.09 17:55:15.723,1.18575,1.18586,1.25,1.00
2015.01.09 17:55:16.948,1.18574,1.18585,2.77,1.00
2015.01.09 17:55:17.927,1.18574,1.18585,3.15,1.00
2015.01.09 17:55:24.666,1.18576,1.18586,1.95,1.00
2015.01.09 17:55:24.979,1.18576,1.18584,1.57,1.00
2015.01.09 17:55:27.683,1.18577,1.18586,1.57,1.10
2015.01.09 17:55:28.834,1.18577,1.18586,1.57,1.10
2015.01.09 17:55:34.016,1.18577,1.18588,1.45,1.15
2015.01.09 17:55:34.561,1.18578,1.18587,1.45,1.10
2015.01.09 17:55:39.192,1.18577,1.18588,1.57,1.07
2015.01.09 17:55:48.408,1.18578,1.18589,1.75,1.17
2015.01.09 17:55:49.268,1.18579,1.1859,1.57,1.27
2015.01.09 17:55:52.751,1.18588,1.18594,1.00,1.50
2015.01.09 17:55:52.903,1.18588,1.18598,1.00,1.20
2015.01.09 17:55:53.004,1.18588,1.18599,1.12,1.72
2015.01.09 17:55:53.561,1.1859,1.18599,1.00,1.00
2015.01.09 17:55:54.778,1.1859,1.18599,1.00,1.26
2015.01.09 17:56:00.853,1.1859,1.18599,1.00,1.26
2015.01.09 17:56:01.855,1.1859,1.18599,1.00,1.32
2015.01.09 17:56:04.591,1.18589,1.18598,1.00,1.10
2015.01.09 17:56:05.690,1.1859,1.18599,1.00,1.07
2015.01.09 17:56:07.001,1.18588,1.18599,1.65,1.07
2015.01.09 17:56:07.508,1.18588,1.18597,1.20,1.00
2015.01.09 17:56:08.011,1.18587,1.18596,3.22,1.00
2015.01.09 17:56:09.294,1.18588,1.18597,1.10,1.10
2015.01.09 17:56:12.250,1.1859,1.18599,1.00,1.70
2015.01.09 17:56:12.798,1.18589,1.18598,1.00,1.35
2015.01.09 17:56:17.338,1.18587,1.18596,3.60,1.60
2015.01.09 17:56:17.541,1.18583,1.18593,2.32,1.07
2015.01.09 17:56:17.591,1.18588,1.18593,1.00,1.07
2015.01.09 17:56:17.743,1.18589,1.18597,1.37,1.17
2015.01.09 17:56:17.996,1.18584,1.18595,1.07,1.15
2015.01.09 17:56:18.098,1.18582,1.18592,1.27,1.15
2015.01.09 17:56:24.384,1.18579,1.1859,3.52,1.17
2015.01.09 17:56:24.890,1.18581,1.1859,1.55,1.10
2015.01.09 17:56:26.773,1.18581,1.1859,1.27,1.10
2015.01.09 17:56:30.846,1.18582,1.18593,1.17,3.07
2015.01.09 17:56:32.711,1.18587,1.18596,3.07,1.07
2015.01.09 17:56:32.762,1.18589,1.18599,1.27,1.19
2015.01.09 17:56:33.631,1.18589,1.18599,1.25,1.25
2015.01.09 17:56:34.166,1.18591,1.186,1.00,1.29
2015.01.09 17:56:36.286,1.18589,1.18598,1.72,1.25
2015.01.09 17:56:36.792,1.18589,1.186,1.72,1.36
2015.01.09 17:56:37.146,1.1859,1.18601,1.65,1.54
2015.01.09 17:56:37.651,1.1859,1.18601,1.65,1.54
2015.01.09 17:56:38.354,1.1859,1.18601,1.65,1.54
2015.01.09 17:56:39.355,1.1859,1.18601,1.72,1.54
2015.01.09 17:56:39.870,1.1859,1.18598,1.25,1.00
2015.01.09 17:56:41.174,1.1859,1.186,1.25,1.19
2015.01.09 17:56:41.835,1.1859,1.186,1.25,1.01
2015.01.09 17:56:42.339,1.1859,1.186,1.25,1.29
2015.01.09 17:56:42.679,1.18589,1.186,3.15,2.14
2015.01.09 17:56:42.983,1.1857,1.1858,7.20,1.00
2015.01.09 17:56:43.033,1.1857,1.18578,4.27,1.00
2015.01.09 17:56:43.185,1.18568,1.18578,4.20,1.00
2015.01.09 17:56:43.236,1.18571,1.18578,2.70,1.00
2015.01.09 17:56:43.287,1.18571,1.1858,2.70,1.00
2015.01.09 17:56:43.793,1.18571,1.18582,3.82,1.47
2015.01.09 17:56:43.944,1.18573,1.18582,1.20,1.10
2015.01.09 17:56:44.481,1.18573,1.18584,1.60,1.07
2015.01.09 17:56:45.839,1.18573,1.18582,1.60,1.00
2015.01.09 17:56:48.136,1.18574,1.18585,1.62,1.27
2015.01.09 17:56:48.609,1.18574,1.18585,1.62,1.30
2015.01.09 17:56:49.335,1.18573,1.18584,1.60,1.00
2015.01.09 17:56:50.726,1.18574,1.18585,1.62,1.30
2015.01.09 17:56:50.828,1.18574,1.18585,1.62,1.30
2015.01.09 17:56:51.384,1.18574,1.1859,5.70,3.07
2015.01.09 17:56:53.617,1.18576,1.18587,1.62,1.10
2015.01.09 17:56:54.122,1.18574,1.18584,4.57,1.37
2015.01.09 17:56:54.224,1.18574,1.18583,2.25,1.52
2015.01.09 17:56:54.275,1.18571,1.18577,1.00,1.00
2015.01.09 17:56:54.327,1.18571,1.18577,1.00,1.00
2015.01.09 17:56:54.478,1.18569,1.18577,1.20,1.00
2015.01.09 17:56:55.545,1.18563,1.1857,1.30,1.65
2015.01.09 17:56:55.902,1.1856,1.1857,1.07,1.15
2015.01.09 17:56:56.438,1.1856,1.1857,1.12,1.34
2015.01.09 17:57:01.206,1.1856,1.18569,1.17,2.92
2015.01.09 17:57:01.358,1.18556,1.18564,2.40,2.10
2015.01.09 17:57:01.460,1.18554,1.18563,1.17,1.35
2015.01.09 17:57:01.864,1.18554,1.18563,3.00,1.12
2015.01.09 17:57:02.369,1.18553,1.18562,4.65,1.10
2015.01.09 17:57:02.673,1.18557,1.18566,1.07,1.66
2015.01.09 17:57:02.875,1.18557,1.18568,1.22,1.19
2015.01.09 17:57:03.479,1.1856,1.18569,1.00,1.46
2015.01.09 17:57:04.010,1.1856,1.18569,1.00,1.46
2015.01.09 17:57:04.821,1.1856,1.18569,1.00,1.46
2015.01.09 17:57:07.703,1.1856,1.18569,1.07,1.36
2015.01.09 17:57:08.213,1.18561,1.1857,1.10,1.19
2015.01.09 17:57:09.724,1.18561,1.18572,3.15,1.10
2015.01.09 17:57:15.787,1.18561,1.18572,1.25,1.07
2015.01.09 17:57:16.039,1.18561,1.18572,1.30,1.25
2015.01.09 17:57:25.792,1.18561,1.18572,1.67,1.25
2015.01.09 17:57:48.468,1.18564,1.18574,1.00,4.87
2015.01.09 17:57:48.771,1.18565,1.18576,1.65,2.32
2015.01.09 17:57:49.805,1.18566,1.18576,2.32,1.47
2015.01.09 17:57:50.058,1.18567,1.18576,1.00,1.65
2015.01.09 17:57:50.604,1.18568,1.18576,1.00,1.17
2015.01.09 17:57:52.709,1.18566,1.18576,2.32,1.20
2015.01.09 17:57:54.468,1.18568,1.18576,1.00,1.20
2015.01.09 17:57:54.670,1.18566,1.18576,2.40,1.10
2015.01.09 17:57:55.181,1.18566,1.18577,1.07,1.72
2015.01.09 17:57:55.435,1.18565,1.18574,1.17,1.07
2015.01.09 17:57:55.999,1.18564,1.18574,1.17,1.17
2015.01.09 17:57:56.508,1.18563,1.18574,1.27,1.17
2015.01.09 17:58:05.047,1.18562,1.18573,3.07,1.10
2015.01.09 17:58:05.249,1.18568,1.18576,1.37,1.00
2015.01.09 17:58:05.452,1.18567,1.18575,1.10,1.17
2015.01.09 17:58:05.857,1.18564,1.18573,1.17,1.10
2015.01.09 17:58:09.349,1.18564,1.18571,1.17,1.00
2015.01.09 17:58:11.837,1.18565,1.18571,2.92,1.00
2015.01.09 17:58:12.141,1.18568,1.18574,1.07,1.07
2015.01.09 17:58:12.242,1.18566,1.18572,1.50,1.00
2015.01.09 17:58:12.344,1.18564,1.1857,1.07,1.00
2015.01.09 17:58:19.063,1.18562,1.18569,2.02,1.00
2015.01.09 17:58:27.344,1.18562,1.18569,2.55,1.00
2015.01.09 17:58:42.813,1.18561,1.18569,3.45,1.00
2015.01.09 17:58:46.334,1.18562,1.18569,1.87,1.00
2015.01.09 17:58:48.933,1.18561,1.18569,1.57,1.00
2015.01.09 17:59:02.953,1.18563,1.18572,1.00,1.72
2015.01.09 17:59:03.599,1.18564,1.18572,1.00,1.22
2015.01.09 17:59:27.984,1.18567,1.18573,1.00,1.20
2015.01.09 17:59:28.187,1.18567,1.18576,1.00,2.21
2015.01.09 17:59:29.126,1.18571,1.18576,1.00,1.12
2015.01.09 17:59:29.278,1.18572,1.18581,1.57,3.94
2015.01.09 17:59:29.379,1.18572,1.18583,1.57,2.21
2015.01.09 17:59:30.136,1.18572,1.18583,1.95,2.29
2015.01.09 17:59:30.655,1.18572,1.18583,1.95,2.29
2015.01.09 17:59:32.451,1.18572,1.18583,1.65,2.62
2015.01.09 17:59:33.896,1.18572,1.18583,1.65,2.32
2015.01.09 17:59:39.436,1.18572,1.18583,1.65,2.89
2015.01.09 17:59:39.947,1.18572,1.18583,1.65,2.51
2015.01.09 17:59:40.924,1.18572,1.18583,1.65,2.02
2015.01.09 17:59:43.325,1.18572,1.18583,1.95,1.72
2015.01.09 17:59:45.149,1.18572,1.18583,4.20,1.65
2015.01.09 17:59:46.115,1.18573,1.18583,1.22,1.20
2015.01.09 17:59:54.330,1.18573,1.18584,3.52,3.15
2015.01.09 17:59:54.583,1.18576,1.18587,1.10,1.91
2015.01.09 17:59:54.786,1.18577,1.18587,1.27,1.10
2015.01.09 17:59:56.357,1.18579,1.18588,1.00,2.25
2015.01.09 17:59:57.730,1.1858,1.1859,1.20,4.57
2015.01.09 17:59:59.814,1.18585,1.18591,1.37,1.15
