2017.11.09 21:00:00.359,1.2676,1.26769,0.37,0.37
2017.11.09 21:00:00.883,1.26759,1.26769,3.37,0.37
2017.11.09 21:00:01.489,1.2676,1.26769,0.37,0.37
2017.11.09 21:00:02.091,1.26759,1.26769,2.62,0.37
2017.11.09 21:00:02.714,1.2676,1.26769,0.37,1.12
2017.11.09 21:00:03.251,1.26759,1.26769,0.37,0.37
2017.11.09 21:00:05.363,1.26758,1.26769,1.12,0.75
2017.11.09 21:00:05.668,1.26766,1.2677,0.37,0.10
2017.11.09 21:00:06.350,1.26766,1.26775,0.37,0.75
2017.11.09 21:00:06.976,1.26765,1.26775,0.37,0.75
2017.11.09 21:00:07.569,1.26764,1.26775,1.12,0.75
2017.11.09 21:00:13.928,1.26763,1.26773,0.37,0.37
2017.11.09 21:00:14.233,1.26765,1.26773,0.75,0.37
2017.11.09 21:00:16.090,1.26764,1.26773,0.37,0.37
2017.11.09 21:00:20.216,1.26762,1.2677,0.37,0.37
2017.11.09 21:00:20.816,1.26761,1.2677,0.37,0.75
2017.11.09 21:00:21.273,1.26763,1.26773,0.37,0.37
2017.11.09 21:00:21.324,1.26763,1.26775,0.37,1.50
2017.11.09 21:00:21.376,1.26766,1.26775,0.37,0.37
2017.11.09 21:00:21.833,1.26764,1.26773,0.37,1.12
2017.11.09 21:00:22.148,1.26763,1.26771,4.12,0.37
2017.11.09 21:00:22.694,1.26763,1.26772,3.75,0.37
2017.11.09 21:00:23.353,1.26762,1.26772,0.37,0.37
2017.11.09 21:00:24.470,1.26761,1.26772,1.87,0.37
2017.11.09 21:00:29.930,1.26763,1.26772,0.75,0.37
2017.11.09 21:00:30.285,1.26763,1.2677,0.75,0.75
2017.11.09 21:00:30.540,1.26762,1.26772,0.37,0.37
2017.11.09 21:00:31.071,1.26763,1.26772,0.37,0.37
2017.11.09 21:00:35.371,1.26763,1.26774,1.12,0.37
2017.11.09 21:00:35.924,1.26763,1.26772,0.37,0.37
2017.11.09 21:00:36.178,1.26763,1.26774,0.75,0.37
2017.11.09 21:00:37.282,1.26763,1.26773,0.37,0.37
2017.11.09 21:00:41.119,1.26762,1.26774,0.37,1.50
2017.11.09 21:00:42.046,1.26762,1.26773,0.37,0.75
2017.11.09 21:00:43.403,1.26764,1.26774,0.75,0.37
2017.11.09 21:00:43.911,1.26765,1.26773,0.37,0.37
2017.11.09 21:00:44.479,1.26764,1.26773,0.37,0.37
2017.11.09 21:00:45.133,1.26765,1.26773,0.37,0.37
2017.11.09 21:00:51.765,1.26764,1.26773,0.75,0.37
2017.11.09 21:00:51.816,1.26764,1.26775,0.75,3.00
2017.11.09 21:00:52.525,1.26765,1.26774,0.37,0.37
2017.11.09 21:00:53.663,1.26765,1.26776,0.37,1.12
2017.11.09 21:00:54.176,1.26766,1.26775,0.37,0.37
2017.11.09 21:00:58.826,1.26766,1.26773,0.37,0.37
2017.11.09 21:00:59.456,1.26766,1.26774,0.37,0.37
2017.11.09 21:01:02.565,1.26765,1.26774,0.37,0.37
2017.11.09 21:01:04.080,1.26765,1.26773,0.75,0.37
2017.11.09 21:01:05.321,1.26764,1.26773,5.25,0.37
2017.11.09 21:01:05.860,1.26764,1.26774,4.50,0.37
2017.11.09 21:01:10.689,1.26764,1.26773,1.50,0.37
2017.11.09 21:01:15.353,1.26766,1.26773,0.37,0.37
2017.11.09 21:01:15.860,1.26765,1.26773,0.37,0.37
2017.11.09 21:01:16.366,1.26764,1.26773,1.50,0.37
2017.11.09 21:01:17.151,1.26764,1.26774,0.75,0.37
2017.11.09 21:01:18.703,1.26764,1.26773,1.50,0.37
2017.11.09 21:01:19.303,1.26764,1.26774,0.75,0.37
2017.11.09 21:01:22.789,1.26763,1.26774,3.00,0.37
2017.11.09 21:01:23.095,1.26766,1.26773,0.37,0.37
2017.11.09 21:01:23.715,1.26765,1.26773,0.37,0.37
2017.11.09 21:01:24.372,1.26765,1.26772,0.37,0.37
2017.11.09 21:01:25.382,1.26765,1.26774,0.37,0.75
2017.11.09 21:01:26.026,1.26765,1.26773,0.37,0.37
2017.11.09 21:01:28.281,1.26764,1.26774,1.31,0.37
2017.11.09 21:01:28.806,1.26765,1.26774,0.37,0.37
2017.11.09 21:01:32.582,1.26765,1.26773,0.37,0.37
2017.11.09 21:01:33.439,1.26765,1.26774,0.37,0.37
2017.11.09 21:01:34.164,1.26766,1.26774,0.75,0.37
2017.11.09 21:01:34.683,1.26765,1.26774,0.37,0.37
2017.11.09 21:01:34.785,1.26767,1.26774,0.75,0.37
2017.11.09 21:01:35.039,1.26765,1.26774,0.37,0.37
2017.11.09 21:01:35.579,1.26766,1.26774,0.75,0.37
2017.11.09 21:01:37.887,1.26767,1.26774,0.75,0.37
2017.11.09 21:01:37.989,1.26765,1.26774,1.12,0.37
2017.11.09 21:01:38.760,1.26766,1.26775,1.87,0.37
2017.11.09 21:01:43.209,1.26766,1.26776,1.50,0.75
2017.11.09 21:01:44.752,1.26766,1.26775,0.75,0.75
2017.11.09 21:01:45.474,1.26767,1.26775,0.75,0.75
2017.11.09 21:01:53.117,1.26767,1.26774,1.12,0.75
2017.11.09 21:01:53.582,1.26766,1.26776,1.87,0.75
2017.11.09 21:01:54.765,1.26766,1.26775,1.50,0.37
2017.11.09 21:01:55.840,1.26767,1.26775,0.75,0.75
2017.11.09 21:01:56.459,1.26767,1.26776,0.75,0.37
2017.11.09 21:02:00.778,1.26766,1.26776,2.25,0.75
2017.11.09 21:02:01.318,1.26767,1.26776,0.75,1.50
2017.11.09 21:02:02.615,1.26769,1.26776,0.75,0.75
2017.11.09 21:02:02.718,1.26767,1.26775,2.06,0.37
2017.11.09 21:02:02.821,1.26765,1.26775,0.37,0.37
2017.11.09 21:02:03.368,1.26766,1.26775,2.44,0.37
2017.11.09 21:02:04.536,1.26767,1.26775,0.75,0.37
2017.11.09 21:02:06.099,1.26766,1.26775,0.75,0.37
2017.11.09 21:02:11.561,1.26765,1.26775,1.12,0.37
2017.11.09 21:02:31.389,1.26764,1.26775,1.12,1.50
2017.11.09 21:02:32.370,1.26765,1.26774,0.37,0.37
2017.11.09 21:02:37.435,1.26764,1.26775,1.31,1.12
2017.11.09 21:02:48.580,1.26765,1.26775,0.19,1.12
2017.11.09 21:02:50.725,1.26766,1.26774,0.37,0.37
2017.11.09 21:02:51.376,1.26766,1.26775,0.37,1.12
2017.11.09 21:02:59.916,1.26766,1.26774,0.37,0.75
2017.11.09 21:03:01.800,1.26766,1.26775,0.37,0.37
2017.11.09 21:03:02.326,1.26766,1.26774,0.37,0.75
2017.11.09 21:03:02.428,1.26764,1.26774,3.00,1.12
2017.11.09 21:03:04.037,1.26764,1.26772,0.37,0.75
2017.11.09 21:03:04.767,1.26765,1.26772,0.37,0.75
2017.11.09 21:03:05.271,1.26764,1.26773,0.37,1.50
2017.11.09 21:03:05.758,1.26764,1.2677,0.37,0.75
2017.11.09 21:03:08.190,1.26764,1.26771,0.37,0.75
2017.11.09 21:03:09.237,1.26763,1.26771,0.75,0.75
2017.11.09 21:03:12.334,1.26764,1.26772,0.37,1.12
2017.11.09 21:03:12.849,1.26765,1.26773,0.37,1.12
2017.11.09 21:03:14.171,1.26765,1.26774,0.75,0.37
2017.11.09 21:03:16.751,1.26766,1.26775,0.75,0.37
2017.11.09 21:03:17.269,1.26765,1.26775,0.37,0.37
2017.11.09 21:03:29.366,1.26766,1.26775,0.75,1.12
2017.11.09 21:03:29.929,1.26765,1.26775,0.37,0.37
2017.11.09 21:03:43.352,1.26766,1.26776,0.37,1.12
2017.11.09 21:03:55.572,1.26767,1.26776,0.37,3.37
2017.11.09 21:03:55.856,1.26764,1.26776,0.75,0.75
2017.11.09 21:03:55.908,1.26766,1.26775,0.37,0.37
2017.11.09 21:03:56.930,1.26766,1.26776,0.37,0.75
2017.11.09 21:03:57.471,1.26766,1.26775,0.37,0.75
2017.11.09 21:04:03.476,1.26766,1.26775,2.25,1.12
2017.11.09 21:04:05.238,1.26766,1.26775,2.25,1.50
2017.11.09 21:04:05.493,1.26764,1.26773,1.50,1.00
2017.11.09 21:04:05.747,1.26764,1.26771,2.25,1.00
2017.11.09 21:04:06.284,1.26764,1.26772,1.50,1.00
2017.11.09 21:04:06.944,1.26764,1.26771,2.25,1.00
2017.11.09 21:04:08.433,1.26764,1.26772,1.50,1.00
2017.11.09 21:04:12.866,1.26764,1.26773,1.50,1.00
2017.11.09 21:04:13.070,1.26764,1.26776,2.81,1.00
2017.11.09 21:04:18.051,1.26765,1.26776,1.19,1.12
2017.11.09 21:04:23.059,1.26765,1.26776,1.00,1.00
2017.11.09 21:04:34.162,1.26765,1.26776,1.19,1.12
2017.11.09 21:04:35.006,1.26765,1.26776,1.25,1.12
2017.11.09 21:04:35.547,1.26765,1.26776,2.44,2.62
2017.11.09 21:04:46.673,1.26764,1.26776,6.56,1.00
2017.11.09 21:04:47.266,1.26765,1.26777,1.31,3.37
2017.11.09 21:04:50.704,1.26767,1.26777,1.00,1.12
2017.11.09 21:04:53.848,1.26765,1.26777,2.00,1.12
2017.11.09 21:04:54.539,1.26765,1.26776,1.31,2.62
2017.11.09 21:04:54.590,1.26765,1.26776,2.25,1.00
2017.11.09 21:05:02.093,1.26766,1.26775,1.00,1.00
2017.11.09 21:05:02.652,1.26766,1.26776,1.00,1.50
2017.11.09 21:05:10.862,1.26765,1.26776,1.00,2.62
2017.11.09 21:05:13.798,1.26764,1.26775,1.87,1.00
2017.11.09 21:05:29.289,1.26764,1.26776,1.87,4.50
2017.11.09 21:05:44.418,1.26764,1.26775,2.81,1.00
2017.11.09 21:05:50.348,1.26764,1.26776,1.87,3.00
2017.11.09 21:05:55.450,1.26766,1.26776,1.00,3.00
2017.11.09 21:05:56.040,1.26764,1.26776,3.19,3.75
2017.11.09 21:05:57.024,1.26764,1.26776,2.06,3.75
2017.11.09 21:05:58.521,1.26765,1.26775,1.00,1.37
2017.11.09 21:05:59.029,1.26765,1.26775,1.87,1.00
2017.11.09 21:06:04.026,1.26764,1.26775,2.25,1.50
2017.11.09 21:06:06.734,1.26764,1.26775,2.44,1.00
2017.11.09 21:06:07.245,1.26764,1.26775,2.44,1.00
2017.11.09 21:06:08.141,1.26765,1.26775,1.00,1.00
2017.11.09 21:06:08.751,1.26764,1.26775,2.44,1.00
2017.11.09 21:06:10.177,1.26765,1.26775,1.00,1.00
2017.11.09 21:06:10.848,1.26764,1.26775,2.44,1.00
2017.11.09 21:06:12.525,1.26765,1.26775,1.00,1.00
2017.11.09 21:06:13.103,1.26764,1.26775,2.44,1.00
2017.11.09 21:06:13.614,1.26765,1.26775,1.00,1.00
2017.11.09 21:06:14.146,1.26764,1.26775,1.69,1.00
2017.11.09 21:06:15.771,1.26763,1.26775,2.25,1.00
2017.11.09 21:06:16.401,1.26764,1.26775,1.00,2.62
2017.11.09 21:06:25.462,1.26764,1.26776,1.87,3.37
2017.11.09 21:06:30.224,1.26765,1.26776,1.00,1.50
2017.11.09 21:06:31.381,1.26764,1.26776,1.87,2.25
2017.11.09 21:06:33.107,1.26764,1.26776,2.06,1.50
2017.11.09 21:06:39.149,1.26764,1.26775,2.44,1.00
2017.11.09 21:06:45.931,1.26765,1.26776,1.00,3.00
2017.11.09 21:06:46.918,1.26764,1.26776,3.94,1.50
2017.11.09 21:06:51.104,1.26764,1.26776,1.50,1.87
2017.11.09 21:06:51.357,1.26764,1.26774,2.25,1.00
2017.11.09 21:06:51.851,1.26765,1.26776,1.00,1.12
2017.11.09 21:07:04.553,1.26765,1.26776,1.25,2.25
2017.11.09 21:07:06.333,1.26763,1.26776,5.06,3.00
2017.11.09 21:07:08.401,1.26764,1.26775,1.00,1.12
2017.11.09 21:07:10.453,1.26763,1.26775,3.19,1.12
2017.11.09 21:07:11.031,1.26764,1.26774,1.00,1.00
2017.11.09 21:07:13.539,1.26763,1.26774,2.25,1.00
2017.11.09 21:07:28.027,1.26763,1.26772,1.00,2.62
2017.11.09 21:07:28.129,1.26758,1.26768,1.00,1.50
2017.11.09 21:07:28.231,1.26758,1.26771,1.50,4.12
2017.11.09 21:07:28.334,1.26759,1.26765,1.00,1.00
2017.11.09 21:07:28.385,1.26759,1.26767,1.00,2.25
2017.11.09 21:07:28.589,1.26759,1.26765,1.00,1.00
2017.11.09 21:07:28.641,1.26759,1.26767,1.00,1.12
2017.11.09 21:07:29.314,1.26759,1.26768,1.00,3.37
2017.11.09 21:07:31.124,1.26758,1.26762,1.00,1.12
2017.11.09 21:07:31.379,1.26759,1.26765,1.00,1.50
2017.11.09 21:07:31.885,1.26758,1.26766,1.00,1.00
2017.11.09 21:07:35.350,1.26759,1.26768,1.00,3.75
2017.11.09 21:07:35.954,1.26758,1.26768,1.00,3.75
2017.11.09 21:07:39.342,1.26758,1.26768,1.00,1.37
2017.11.09 21:07:46.626,1.26758,1.26768,1.00,1.37
2017.11.09 21:07:53.250,1.26758,1.26769,2.81,1.37
2017.11.09 21:07:53.790,1.26759,1.26769,1.12,1.37
2017.11.09 21:07:58.604,1.26758,1.26769,1.00,4.50
2017.11.09 21:07:59.646,1.26758,1.26769,1.00,6.00
2017.11.09 21:08:00.154,1.26758,1.26767,1.00,1.00
2017.11.09 21:08:00.662,1.26758,1.26769,1.00,1.87
2017.11.09 21:08:01.218,1.26758,1.26769,2.25,3.00
2017.11.09 21:08:07.320,1.26759,1.26768,1.00,3.56
2017.11.09 21:08:07.826,1.26758,1.26768,1.12,2.62
2017.11.09 21:08:09.733,1.26758,1.26767,1.00,1.00
2017.11.09 21:08:12.919,1.26758,1.26768,1.00,2.62
2017.11.09 21:08:13.325,1.26758,1.26769,1.00,1.87
2017.11.09 21:08:13.943,1.26759,1.26769,1.00,1.87
2017.11.09 21:08:14.531,1.26758,1.26769,1.00,1.37
2017.11.09 21:08:18.586,1.26758,1.26769,1.00,3.75
2017.11.09 21:08:19.093,1.26759,1.2677,1.00,4.87
2017.11.09 21:08:19.249,1.26759,1.26769,1.00,2.62
2017.11.09 21:08:19.911,1.26759,1.26769,1.50,1.50
2017.11.09 21:08:22.320,1.26759,1.26768,1.00,2.62
2017.11.09 21:08:22.524,1.26759,1.26768,1.00,1.00
2017.11.09 21:08:27.222,1.26759,1.26769,1.50,2.25
2017.11.09 21:08:27.554,1.26757,1.26768,1.00,2.62
2017.11.09 21:08:28.062,1.26757,1.26768,1.00,1.00
2017.11.09 21:08:28.368,1.26757,1.26769,1.00,2.25
2017.11.09 21:08:28.571,1.26758,1.26768,1.00,1.50
2017.11.09 21:08:29.112,1.26758,1.26768,1.50,3.75
2017.11.09 21:08:35.196,1.26758,1.26768,1.00,3.00
2017.11.09 21:08:35.350,1.26758,1.26768,1.00,1.00
2017.11.09 21:08:35.922,1.26759,1.26768,1.00,1.37
2017.11.09 21:08:50.491,1.26758,1.26768,1.87,1.37
2017.11.09 21:08:50.999,1.26757,1.26767,1.00,1.12
2017.11.09 21:08:51.528,1.26758,1.26769,1.12,1.87
2017.11.09 21:08:52.062,1.26757,1.26769,1.50,2.25
2017.11.09 21:08:53.101,1.26757,1.2677,4.12,6.00
2017.11.09 21:08:53.540,1.26762,1.26772,1.50,1.37
2017.11.09 21:08:53.593,1.26763,1.26773,1.00,1.00
2017.11.09 21:08:54.372,1.26764,1.26775,1.12,3.75
2017.11.09 21:08:57.009,1.26763,1.26773,1.00,1.00
2017.11.09 21:08:57.514,1.26763,1.26774,1.00,3.37
2017.11.09 21:08:58.055,1.26763,1.26775,3.37,3.00
2017.11.09 21:09:01.293,1.26763,1.26772,1.12,1.00
2017.11.09 21:09:01.397,1.2676,1.26769,2.25,1.00
2017.11.09 21:09:01.713,1.26758,1.26768,1.00,2.62
2017.11.09 21:09:02.252,1.26758,1.26768,5.25,1.00
2017.11.09 21:09:02.910,1.26758,1.26769,3.75,1.87
2017.11.09 21:09:05.596,1.26758,1.26768,3.75,1.00
2017.11.09 21:09:06.104,1.26758,1.26769,2.25,1.87
2017.11.09 21:09:08.898,1.26756,1.26768,3.75,1.87
2017.11.09 21:09:08.949,1.26758,1.26768,1.00,2.25
2017.11.09 21:09:09.462,1.26758,1.26769,1.37,4.87
2017.11.09 21:09:09.513,1.26757,1.26768,1.50,1.00
2017.11.09 21:09:09.615,1.26758,1.26769,1.50,1.87
2017.11.09 21:09:09.718,1.26757,1.26769,1.50,4.12
2017.11.09 21:09:09.870,1.26758,1.26769,2.25,1.87
2017.11.09 21:09:11.095,1.26757,1.26769,3.37,3.37
2017.11.09 21:09:11.197,1.26758,1.26767,2.25,1.00
2017.11.09 21:09:13.506,1.26759,1.26768,1.37,1.12
2017.11.09 21:09:14.038,1.26757,1.26768,1.00,1.50
2017.11.09 21:09:14.190,1.26757,1.26768,1.50,2.25
2017.11.09 21:09:14.292,1.26756,1.26768,2.62,2.62
2017.11.09 21:09:14.394,1.26757,1.26768,1.50,2.25
2017.11.09 21:09:14.570,1.26756,1.26768,3.19,1.50
2017.11.09 21:09:14.774,1.26757,1.26768,1.75,2.62
2017.11.09 21:09:14.978,1.26756,1.26768,4.12,2.25
2017.11.09 21:09:15.130,1.26758,1.26768,1.37,2.25
2017.11.09 21:09:15.181,1.26756,1.26768,3.00,1.50
2017.11.09 21:09:15.384,1.26757,1.26768,1.50,1.50
2017.11.09 21:09:15.688,1.26757,1.26768,1.00,1.87
2017.11.09 21:09:16.020,1.26759,1.26769,1.00,3.37
2017.11.09 21:09:16.324,1.26757,1.26768,1.00,1.37
2017.11.09 21:09:16.632,1.26759,1.26768,1.37,1.00
2017.11.09 21:09:24.820,1.26757,1.26768,3.00,3.00
2017.11.09 21:09:25.579,1.26759,1.26768,1.00,1.00
2017.11.09 21:09:26.029,1.26757,1.26768,2.44,4.12
2017.11.09 21:09:26.334,1.26758,1.26769,1.37,2.62
2017.11.09 21:09:26.722,1.26758,1.26768,1.37,2.62
2017.11.09 21:09:27.276,1.26759,1.26769,1.50,3.00
2017.11.09 21:09:28.639,1.26757,1.26768,1.50,3.37
2017.11.09 21:09:29.251,1.26759,1.26769,1.50,3.75
2017.11.09 21:09:32.218,1.26757,1.26768,1.87,3.37
2017.11.09 21:09:32.729,1.26757,1.26769,2.44,5.62
2017.11.09 21:09:33.239,1.26757,1.26768,2.62,3.37
2017.11.09 21:09:33.783,1.26757,1.26768,2.25,1.50
2017.11.09 21:09:34.123,1.26763,1.26772,1.00,3.75
2017.11.09 21:09:34.327,1.26765,1.26775,1.00,3.37
2017.11.09 21:09:34.378,1.26768,1.26775,1.37,3.37
2017.11.09 21:09:34.430,1.26767,1.26775,1.00,1.37
2017.11.09 21:09:34.583,1.26765,1.26775,1.00,2.62
2017.11.09 21:09:34.685,1.26763,1.26775,1.12,2.62
2017.11.09 21:09:35.480,1.26763,1.26771,1.50,1.00
2017.11.09 21:09:36.076,1.26763,1.26774,1.12,1.12
2017.11.09 21:09:39.212,1.26763,1.26772,1.50,1.00
2017.11.09 21:09:39.517,1.26758,1.26768,1.50,1.37
2017.11.09 21:09:44.257,1.26758,1.26768,1.00,3.37
2017.11.09 21:09:44.772,1.26758,1.26767,1.00,1.12
2017.11.09 21:09:45.100,1.26757,1.26765,1.87,1.00
2017.11.09 21:09:50.029,1.26758,1.26765,1.00,1.00
2017.11.09 21:09:54.511,1.26757,1.26765,1.50,1.00
2017.11.09 21:09:55.588,1.26757,1.26766,1.00,4.12
2017.11.09 21:09:55.689,1.26757,1.26767,1.00,2.25
2017.11.09 21:09:56.214,1.26757,1.26767,1.00,4.87
2017.11.09 21:09:56.759,1.26756,1.26766,1.00,1.00
2017.11.09 21:10:00.753,1.26755,1.26766,2.25,1.00
2017.11.09 21:10:01.330,1.26756,1.26766,1.00,1.00
2017.11.09 21:10:02.378,1.26757,1.26765,1.00,1.00
2017.11.09 21:10:02.986,1.26756,1.26767,1.50,4.12
2017.11.09 21:10:09.806,1.2676,1.26766,1.00,2.25
2017.11.09 21:10:10.338,1.2676,1.26766,1.00,1.00
2017.11.09 21:10:11.023,1.2676,1.26768,1.00,3.75
2017.11.09 21:10:11.953,1.2676,1.26767,1.00,2.62
2017.11.09 21:10:14.519,1.26759,1.26767,1.00,2.62
2017.11.09 21:10:14.863,1.26757,1.26768,1.12,3.00
2017.11.09 21:10:15.269,1.2676,1.26768,1.00,3.37
2017.11.09 21:10:24.832,1.2676,1.26769,1.00,1.87
2017.11.09 21:10:26.257,1.2676,1.26767,1.00,1.00
2017.11.09 21:10:26.965,1.2676,1.26768,1.00,1.87
2017.11.09 21:10:30.036,1.2676,1.26767,1.12,1.00
2017.11.09 21:10:30.595,1.26759,1.26768,1.12,1.00
2017.11.09 21:10:31.692,1.26758,1.26769,3.37,2.02
2017.11.09 21:10:34.532,1.26758,1.26768,4.12,1.00
2017.11.09 21:10:35.719,1.26759,1.26768,1.00,2.40
2017.11.09 21:10:40.035,1.26759,1.26768,1.12,1.20
2017.11.09 21:10:42.855,1.26759,1.26767,1.12,1.20
2017.11.09 21:10:43.806,1.26759,1.26768,1.12,1.20
2017.11.09 21:10:46.676,1.26758,1.26767,2.25,1.00
2017.11.09 21:10:47.695,1.26758,1.26766,1.50,1.20
2017.11.09 21:10:50.035,1.26758,1.26767,2.25,1.65
2017.11.09 21:10:50.505,1.26757,1.26767,1.12,1.27
2017.11.09 21:10:50.556,1.26758,1.26767,2.62,2.02
2017.11.09 21:10:51.057,1.26758,1.26766,2.62,1.20
2017.11.09 21:10:51.560,1.26758,1.26767,2.62,1.27
2017.11.09 21:10:52.236,1.26758,1.26766,2.62,1.20
2017.11.09 21:10:54.035,1.26758,1.26767,2.62,2.02
2017.11.09 21:10:56.206,1.26758,1.26766,2.62,1.20
2017.11.09 21:10:59.038,1.26758,1.26767,2.62,1.27
2017.11.09 21:11:00.199,1.26757,1.26767,1.50,2.40
2017.11.09 21:11:00.301,1.26756,1.26766,3.75,1.20
2017.11.09 21:11:00.814,1.26756,1.26767,2.25,1.65
2017.11.09 21:11:01.318,1.26756,1.26766,1.75,1.20
2017.11.09 21:11:01.938,1.26758,1.26766,1.00,1.20
2017.11.09 21:11:02.449,1.26758,1.26768,1.12,2.77
2017.11.09 21:11:07.951,1.26757,1.26767,2.25,1.27
2017.11.09 21:11:15.447,1.26757,1.26768,4.87,1.27
2017.11.09 21:11:16.033,1.26758,1.26767,1.50,1.20
2017.11.09 21:11:16.555,1.26758,1.26768,1.50,1.65
2017.11.09 21:11:18.469,1.26757,1.26767,5.06,1.20
2017.11.09 21:11:18.622,1.26759,1.26767,3.37,1.20
2017.11.09 21:11:19.144,1.26761,1.26768,1.00,1.20
2017.11.09 21:11:19.936,1.26761,1.26768,1.00,1.65
2017.11.09 21:11:20.090,1.26761,1.26769,1.00,2.40
2017.11.09 21:11:20.655,1.26761,1.26768,1.00,1.20
2017.11.09 21:11:22.604,1.26761,1.26769,1.00,2.40
2017.11.09 21:11:24.046,1.26761,1.26768,1.00,1.20
2017.11.09 21:11:26.045,1.26761,1.26769,1.00,2.40
2017.11.09 21:11:27.375,1.26761,1.26768,1.00,1.20
2017.11.09 21:11:28.035,1.26761,1.26769,1.00,1.65
2017.11.09 21:11:28.832,1.26761,1.26768,1.00,1.20
2017.11.09 21:11:30.036,1.26761,1.26769,1.00,1.65
2017.11.09 21:11:34.015,1.26761,1.26768,1.00,1.20
2017.11.09 21:11:34.774,1.26761,1.26769,1.00,1.65
2017.11.09 21:11:36.092,1.26761,1.26768,1.00,1.20
2017.11.09 21:11:36.629,1.26758,1.26768,2.62,1.20
2017.11.09 21:11:38.664,1.26758,1.26769,2.62,1.65
2017.11.09 21:11:41.007,1.26759,1.26769,1.00,2.77
2017.11.09 21:11:41.672,1.26759,1.26769,2.25,2.40
2017.11.09 21:11:44.253,1.2676,1.26768,2.62,1.27
2017.11.09 21:11:46.347,1.26759,1.26769,3.37,2.40
2017.11.09 21:11:49.444,1.2676,1.26769,3.37,2.02
2017.11.09 21:11:49.955,1.26759,1.26768,2.62,1.27
2017.11.09 21:11:54.066,1.26759,1.26769,1.50,2.77
2017.11.09 21:11:55.686,1.26759,1.26769,1.50,1.65
2017.11.09 21:11:58.045,1.26759,1.26768,1.50,1.20
2017.11.09 21:12:00.055,1.26759,1.26769,1.50,1.65
2017.11.09 21:12:02.624,1.26759,1.26768,1.50,1.20
2017.11.09 21:12:03.057,1.26759,1.26769,3.37,1.27
2017.11.09 21:12:03.874,1.26759,1.26768,2.62,1.20
2017.11.09 21:12:04.377,1.26758,1.26768,1.87,1.20
2017.11.09 21:12:05.185,1.26761,1.26768,1.00,2.40
2017.11.09 21:12:06.034,1.26761,1.26767,1.00,1.20
2017.11.09 21:12:07.115,1.26761,1.26766,1.00,1.00
2017.11.09 21:12:07.886,1.26761,1.26767,1.00,1.20
2017.11.09 21:12:08.498,1.26761,1.26766,1.00,1.20
2017.11.09 21:12:09.258,1.26761,1.26767,1.00,1.20
2017.11.09 21:12:10.036,1.26761,1.26766,1.00,1.20
2017.11.09 21:12:10.685,1.26761,1.26767,1.00,1.20
2017.11.09 21:12:10.991,1.26771,1.26776,1.12,1.00
2017.11.09 21:12:11.144,1.2677,1.26778,1.50,1.87
2017.11.09 21:12:11.653,1.26771,1.2678,1.12,1.50
2017.11.09 21:12:31.900,1.26771,1.26781,1.50,3.19
2017.11.09 21:12:38.915,1.26771,1.2678,2.25,1.00
2017.11.09 21:12:39.868,1.26772,1.2678,1.00,1.00
2017.11.09 21:12:46.725,1.26772,1.26781,1.00,1.50
2017.11.09 21:12:48.046,1.26772,1.26781,1.00,2.25
2017.11.09 21:12:48.665,1.26772,1.26781,1.00,1.50
2017.11.09 21:12:52.393,1.26772,1.2678,1.00,1.37
2017.11.09 21:12:53.098,1.26771,1.26779,1.00,4.12
2017.11.09 21:12:53.353,1.26771,1.2678,1.12,3.00
2017.11.09 21:13:13.572,1.26771,1.26778,1.00,1.87
2017.11.09 21:13:13.675,1.26769,1.26778,1.00,3.00
2017.11.09 21:13:14.236,1.26768,1.26778,1.87,2.62
2017.11.09 21:13:14.400,1.26771,1.2678,1.00,1.87
2017.11.09 21:13:17.153,1.26774,1.26781,1.00,2.25
2017.11.09 21:13:17.328,1.26774,1.26782,1.00,2.25
2017.11.09 21:13:17.941,1.26774,1.26782,1.50,3.00
2017.11.09 21:13:18.158,1.26772,1.26782,2.25,2.25
2017.11.09 21:13:18.726,1.26773,1.26781,1.50,1.12
2017.11.09 21:13:19.276,1.26774,1.26782,1.00,3.75
2017.11.09 21:13:22.035,1.26774,1.26782,1.00,3.00
2017.11.09 21:13:22.712,1.26774,1.26782,1.00,2.25
2017.11.09 21:13:23.252,1.26773,1.26781,1.00,1.00
2017.11.09 21:13:23.984,1.26774,1.26781,1.00,1.00
2017.11.09 21:13:24.785,1.26774,1.26782,1.00,1.87
2017.11.09 21:13:27.007,1.26774,1.26781,1.00,1.00
2017.11.09 21:13:27.703,1.26773,1.26781,1.00,1.50
2017.11.09 21:13:34.536,1.26773,1.26782,1.87,1.87
2017.11.09 21:13:38.379,1.26773,1.26782,1.12,1.37
2017.11.09 21:13:38.989,1.26773,1.26782,1.87,1.50
2017.11.09 21:13:41.988,1.2678,1.26784,1.00,1.00
2017.11.09 21:13:42.040,1.26782,1.26788,2.62,2.25
2017.11.09 21:13:42.091,1.26783,1.26791,1.12,1.50
2017.11.09 21:13:42.244,1.26781,1.26788,1.12,1.00
2017.11.09 21:13:42.349,1.26779,1.26787,1.50,1.50
2017.11.09 21:13:42.401,1.26781,1.26789,1.00,1.00
2017.11.09 21:13:42.708,1.26781,1.2679,1.87,1.12
2017.11.09 21:13:43.104,1.26779,1.2679,2.62,5.25
2017.11.09 21:13:43.206,1.2678,1.26788,1.00,2.25
2017.11.09 21:13:56.057,1.2678,1.26789,1.00,6.37
2017.11.09 21:13:58.530,1.2678,1.26787,1.00,1.00
2017.11.09 21:13:59.076,1.2678,1.26789,1.00,4.87
2017.11.09 21:14:00.547,1.2678,1.26787,1.00,1.07
2017.11.09 21:14:01.899,1.2678,1.26787,1.00,1.57
2017.11.09 21:14:02.085,1.2678,1.26787,1.00,1.00
2017.11.09 21:14:02.629,1.2678,1.26788,1.00,2.25
2017.11.09 21:14:02.781,1.26779,1.26789,2.06,1.50
2017.11.09 21:14:02.936,1.26779,1.26788,1.00,1.00
2017.11.09 21:14:06.791,1.26778,1.26788,1.50,1.50
2017.11.09 21:14:10.012,1.26778,1.26788,2.25,2.62
2017.11.09 21:14:10.544,1.26778,1.26788,2.25,1.50
2017.11.09 21:14:14.581,1.26778,1.26787,1.12,1.37
2017.11.09 21:14:18.856,1.26778,1.26784,1.12,1.00
2017.11.09 21:14:18.958,1.26778,1.26787,1.12,2.25
2017.11.09 21:14:25.958,1.26778,1.26788,1.00,2.62
2017.11.09 21:14:26.513,1.26777,1.26788,4.87,2.25
2017.11.09 21:14:27.026,1.2678,1.26788,1.12,1.50
2017.11.09 21:14:27.991,1.2678,1.26788,1.12,1.50
2017.11.09 21:14:28.628,1.26779,1.26788,1.50,1.50
2017.11.09 21:14:29.154,1.26779,1.26788,1.50,1.50
2017.11.09 21:14:31.025,1.26779,1.26788,1.50,1.50
2017.11.09 21:14:31.533,1.26779,1.26788,1.12,1.12
2017.11.09 21:14:32.106,1.26779,1.26788,1.12,1.37
2017.11.09 21:14:34.238,1.26779,1.26788,1.37,1.50
2017.11.09 21:14:34.763,1.26779,1.26788,1.87,1.50
2017.11.09 21:14:36.547,1.26779,1.26788,1.50,3.37
2017.11.09 21:14:36.706,1.26779,1.26785,1.50,1.00
2017.11.09 21:14:37.336,1.2678,1.26788,1.00,3.37
2017.11.09 21:14:38.760,1.2678,1.26788,1.00,1.87
2017.11.09 21:14:39.388,1.26781,1.26789,1.00,1.50
2017.11.09 21:14:44.127,1.26781,1.26789,1.00,1.50
2017.11.09 21:14:44.833,1.26781,1.26788,1.00,1.00
2017.11.09 21:14:50.828,1.26779,1.26788,1.12,1.00
2017.11.09 21:14:51.085,1.26781,1.26788,1.00,1.00
2017.11.09 21:14:52.279,1.2678,1.26788,1.00,1.37
2017.11.09 21:14:52.816,1.2678,1.26788,1.00,1.00
2017.11.09 21:14:54.724,1.2678,1.26789,1.37,1.50
2017.11.09 21:14:55.182,1.26781,1.26789,1.12,2.25
2017.11.09 21:14:56.705,1.2678,1.26788,1.12,1.00
2017.11.09 21:14:57.477,1.2678,1.26789,1.12,1.87
2017.11.09 21:14:58.202,1.26778,1.26788,3.75,1.00
2017.11.09 21:14:58.867,1.26778,1.26786,1.00,1.00
2017.11.09 21:14:59.020,1.26779,1.26788,1.00,1.50
2017.11.09 21:14:59.173,1.26779,1.26789,4.50,1.50
2017.11.09 21:14:59.852,1.2678,1.26789,1.12,2.06
2017.11.09 21:15:00.227,1.26781,1.26789,1.00,4.50
2017.11.09 21:15:00.509,1.26779,1.26789,1.50,5.25
2017.11.09 21:15:01.105,1.26779,1.26789,1.87,4.50
2017.11.09 21:15:02.160,1.26779,1.26789,1.87,4.50
2017.11.09 21:15:02.825,1.26779,1.26789,1.87,5.25
2017.11.09 21:15:03.458,1.26779,1.26789,1.87,6.75
2017.11.09 21:15:06.614,1.26779,1.26788,1.50,1.50
2017.11.09 21:15:07.122,1.26779,1.26788,4.12,1.00
2017.11.09 21:15:14.338,1.26779,1.26789,1.87,1.87
2017.11.09 21:15:14.390,1.26778,1.26788,1.50,1.50
2017.11.09 21:15:14.695,1.26779,1.26788,1.37,1.12
2017.11.09 21:15:15.247,1.26779,1.26788,1.00,1.00
2017.11.09 21:15:16.071,1.26779,1.26788,1.50,1.37
2017.11.09 21:15:16.377,1.2678,1.26789,1.12,1.00
2017.11.09 21:15:16.886,1.2678,1.26789,1.00,2.25
2017.11.09 21:15:20.337,1.2678,1.26789,1.37,1.12
2017.11.09 21:15:25.878,1.26788,1.26792,1.00,1.61
2017.11.09 21:15:25.930,1.26791,1.26797,1.00,1.00
2017.11.09 21:15:25.981,1.26792,1.26799,1.00,1.12
2017.11.09 21:15:26.032,1.26789,1.26798,3.37,1.22
2017.11.09 21:15:26.186,1.26787,1.26795,1.09,1.12
2017.11.09 21:15:26.374,1.26788,1.26797,1.12,1.50
2017.11.09 21:15:26.426,1.26788,1.26799,3.00,2.25
2017.11.09 21:15:26.731,1.26788,1.26797,3.00,1.00
2017.11.09 21:15:29.857,1.26788,1.26798,3.00,1.00
2017.11.09 21:15:30.518,1.26788,1.26799,3.00,2.62
2017.11.09 21:15:31.360,1.26787,1.26798,4.12,1.00
2017.11.09 21:15:35.219,1.26788,1.26798,1.12,1.87
2017.11.09 21:15:35.726,1.26789,1.26797,1.00,1.12
2017.11.09 21:15:36.250,1.26788,1.26797,1.12,1.87
2017.11.09 21:15:42.279,1.26788,1.26796,1.12,1.00
2017.11.09 21:15:42.787,1.26787,1.26797,1.50,3.75
2017.11.09 21:15:48.241,1.26786,1.26797,4.12,1.50
2017.11.09 21:15:48.745,1.26788,1.26798,1.00,6.37
2017.11.09 21:15:49.308,1.26787,1.26797,1.87,1.00
2017.11.09 21:15:50.689,1.26787,1.26798,1.37,3.37
2017.11.09 21:15:52.222,1.26787,1.26797,1.50,1.50
2017.11.09 21:15:54.330,1.26786,1.26797,5.25,1.50
2017.11.09 21:15:56.767,1.26786,1.26797,5.62,1.50
2017.11.09 21:15:57.380,1.26786,1.26797,3.75,1.50
2017.11.09 21:16:03.650,1.26786,1.26796,3.75,2.62
2017.11.09 21:16:05.978,1.26786,1.26796,3.37,1.00
2017.11.09 21:16:06.030,1.26787,1.26796,1.00,1.50
2017.11.09 21:16:06.184,1.26789,1.26797,2.62,1.00
2017.11.09 21:16:06.288,1.26788,1.26799,1.12,1.12
2017.11.09 21:16:06.821,1.26788,1.26797,1.12,1.12
2017.11.09 21:16:07.580,1.26788,1.26798,1.00,1.12
2017.11.09 21:16:08.185,1.26788,1.26799,1.87,1.12
2017.11.09 21:16:08.490,1.2679,1.26799,1.00,1.00
2017.11.09 21:16:09.023,1.2679,1.268,1.12,2.62
2017.11.09 21:16:10.722,1.2679,1.26799,1.00,1.00
2017.11.09 21:16:11.465,1.2679,1.268,1.87,2.62
2017.11.09 21:16:11.992,1.26789,1.26799,2.25,1.00
2017.11.09 21:16:14.410,1.26789,1.26799,2.25,2.25
2017.11.09 21:16:25.537,1.26789,1.26799,1.87,1.00
2017.11.09 21:16:29.868,1.26789,1.26798,1.00,2.62
2017.11.09 21:16:29.971,1.26787,1.26797,4.12,1.00
2017.11.09 21:16:30.074,1.26794,1.26801,1.37,1.50
2017.11.09 21:16:30.231,1.26793,1.26801,1.00,1.50
2017.11.09 21:16:30.588,1.26792,1.268,1.00,3.37
2017.11.09 21:16:31.109,1.26793,1.26799,1.00,1.50
2017.11.09 21:16:31.503,1.26792,1.26799,1.50,1.00
2017.11.09 21:16:32.049,1.26792,1.268,1.50,2.62
2017.11.09 21:16:32.568,1.26793,1.268,1.00,2.62
2017.11.09 21:16:33.014,1.2679,1.26798,1.12,1.00
2017.11.09 21:16:33.066,1.26789,1.26796,1.00,1.00
2017.11.09 21:16:33.322,1.26787,1.26796,1.12,1.50
2017.11.09 21:16:33.477,1.26785,1.26796,4.12,4.50
2017.11.09 21:16:33.785,1.26788,1.26795,1.00,1.00
2017.11.09 21:16:33.836,1.26786,1.26795,1.50,1.50
2017.11.09 21:16:33.888,1.26787,1.26797,1.50,1.00
2017.11.09 21:16:34.143,1.26786,1.26796,2.25,1.37
2017.11.09 21:16:34.647,1.26785,1.26796,1.00,1.00
2017.11.09 21:16:34.953,1.26786,1.26797,4.12,1.12
2017.11.09 21:16:35.472,1.26787,1.26798,2.62,1.12
2017.11.09 21:16:35.777,1.2679,1.26798,1.00,1.87
2017.11.09 21:16:35.879,1.26788,1.26798,2.62,1.00
2017.11.09 21:16:36.134,1.26788,1.26799,2.25,1.12
2017.11.09 21:16:36.821,1.26789,1.268,1.12,1.12
2017.11.09 21:16:37.286,1.26791,1.268,1.00,1.00
2017.11.09 21:16:37.602,1.2679,1.26801,1.00,1.87
2017.11.09 21:16:37.908,1.26792,1.26801,1.00,3.19
2017.11.09 21:16:38.416,1.26791,1.26801,1.00,1.50
2017.11.09 21:16:38.924,1.26791,1.268,1.00,1.37
2017.11.09 21:16:41.374,1.26798,1.26802,1.00,1.00
2017.11.09 21:16:41.527,1.26798,1.26808,1.00,1.12
2017.11.09 21:16:41.629,1.26799,1.26806,1.00,1.00
2017.11.09 21:16:41.681,1.26799,1.26808,1.00,2.25
2017.11.09 21:16:41.783,1.26798,1.26806,1.12,1.00
2017.11.09 21:16:41.885,1.26799,1.26809,2.81,1.50
2017.11.09 21:16:42.562,1.26798,1.26808,1.12,1.37
2017.11.09 21:16:47.821,1.26798,1.26808,1.87,1.50
2017.11.09 21:16:50.108,1.26798,1.26807,1.87,1.00
2017.11.09 21:16:50.748,1.26798,1.26808,1.12,1.50
2017.11.09 21:16:53.460,1.26797,1.26808,1.12,1.12
2017.11.09 21:16:54.235,1.26798,1.26807,1.87,1.12
2017.11.09 21:17:00.351,1.26799,1.26807,1.00,1.12
2017.11.09 21:17:01.343,1.26798,1.26807,1.50,1.00
2017.11.09 21:17:01.984,1.26798,1.26807,1.50,1.10
2017.11.09 21:17:03.938,1.26798,1.26807,2.25,1.14
2017.11.09 21:17:04.679,1.26798,1.26807,2.25,1.10
2017.11.09 21:17:07.040,1.26798,1.26807,2.25,1.14
2017.11.09 21:17:07.650,1.26798,1.26807,2.25,1.10
2017.11.09 21:17:08.857,1.26798,1.26807,2.25,1.14
2017.11.09 21:17:09.458,1.26798,1.26807,2.25,1.10
2017.11.09 21:17:09.991,1.26798,1.26807,2.25,1.14
2017.11.09 21:17:10.535,1.26798,1.26807,2.25,1.10
2017.11.09 21:17:10.886,1.26798,1.26807,1.50,1.60
2017.11.09 21:17:10.938,1.26796,1.26804,1.50,1.00
2017.11.09 21:17:11.040,1.26792,1.26802,3.75,1.50
2017.11.09 21:17:11.091,1.26795,1.26803,1.12,1.00
2017.11.09 21:17:11.346,1.26798,1.26807,1.50,1.00
2017.11.09 21:17:11.897,1.26798,1.26808,1.12,2.25
2017.11.09 21:17:12.357,1.26797,1.26806,6.56,1.00
2017.11.09 21:17:12.964,1.26798,1.26808,1.37,1.87
2017.11.09 21:17:15.778,1.26803,1.26808,1.50,1.00
2017.11.09 21:17:15.829,1.26805,1.26813,1.00,1.00
2017.11.09 21:17:15.982,1.26805,1.26815,3.75,1.12
2017.11.09 21:17:16.034,1.26805,1.26813,1.69,1.00
2017.11.09 21:17:16.339,1.26806,1.26816,1.75,1.50
2017.11.09 21:17:16.816,1.26806,1.26813,1.00,1.00
2017.11.09 21:17:17.123,1.26803,1.26811,1.87,1.00
2017.11.09 21:17:17.676,1.26801,1.2681,1.37,1.12
2017.11.09 21:17:20.131,1.26801,1.2681,1.12,2.25
2017.11.09 21:17:22.467,1.26802,1.2681,1.00,1.50
2017.11.09 21:17:23.028,1.26801,1.2681,1.00,1.50
2017.11.09 21:17:25.483,1.26801,1.2681,2.62,1.50
2017.11.09 21:17:25.585,1.26799,1.26807,1.50,1.00
2017.11.09 21:17:26.096,1.268,1.26808,1.50,1.50
2017.11.09 21:17:46.510,1.26797,1.26808,1.50,1.87
2017.11.09 21:17:46.567,1.26799,1.26807,1.00,1.00
2017.11.09 21:17:53.877,1.268,1.26809,1.00,1.87
2017.11.09 21:17:54.437,1.26799,1.26808,1.00,1.00
2017.11.09 21:17:55.151,1.268,1.26809,1.12,1.87
2017.11.09 21:17:55.203,1.26799,1.26807,1.50,1.00
2017.11.09 21:17:56.728,1.26799,1.26809,1.87,1.50
2017.11.09 21:17:57.236,1.26799,1.26808,2.25,1.00
2017.11.09 21:17:57.650,1.26801,1.26808,1.00,1.00
2017.11.09 21:17:57.753,1.26799,1.26808,1.50,1.12
2017.11.09 21:17:58.421,1.268,1.26809,1.00,1.50
2017.11.09 21:17:58.946,1.26799,1.26809,1.00,1.87
2017.11.09 21:17:59.485,1.268,1.26809,1.00,1.50
2017.11.09 21:18:00.321,1.26799,1.26808,1.00,1.12
2017.11.09 21:18:01.350,1.26801,1.26808,1.00,1.50
2017.11.09 21:18:02.761,1.26799,1.26808,1.00,1.00
2017.11.09 21:18:05.796,1.26798,1.26808,2.62,1.50
2017.11.09 21:18:05.847,1.26797,1.26805,1.87,1.00
2017.11.09 21:18:05.899,1.26797,1.26807,1.87,1.00
2017.11.09 21:18:06.164,1.26798,1.26805,1.00,1.00
2017.11.09 21:18:06.317,1.26798,1.26808,1.12,2.25
2017.11.09 21:18:07.945,1.26797,1.26807,2.62,1.12
2017.11.09 21:18:08.556,1.26798,1.26807,1.00,1.12
2017.11.09 21:18:15.698,1.26798,1.26807,1.00,1.37
2017.11.09 21:18:16.337,1.26798,1.26807,1.00,1.12
2017.11.09 21:18:16.490,1.26797,1.26805,2.25,1.00
2017.11.09 21:18:17.000,1.26797,1.26805,3.00,1.00
2017.11.09 21:18:17.457,1.26798,1.26807,1.50,1.00
2017.11.09 21:18:17.559,1.26797,1.26805,2.25,1.00
2017.11.09 21:18:17.865,1.26799,1.26806,1.00,1.00
2017.11.09 21:18:18.126,1.26797,1.26807,2.25,1.12
2017.11.09 21:18:18.638,1.26799,1.26807,1.00,1.00
2017.11.09 21:18:18.951,1.26798,1.26805,1.00,1.00
2017.11.09 21:18:19.003,1.26797,1.26808,2.62,1.87
2017.11.09 21:18:19.244,1.26798,1.26806,1.50,1.00
2017.11.09 21:18:19.753,1.26798,1.26808,3.37,2.62
2017.11.09 21:18:20.007,1.26797,1.26805,2.25,1.00
2017.11.09 21:18:20.383,1.26798,1.26806,1.37,1.00
2017.11.09 21:18:20.739,1.26797,1.26806,1.00,1.00
2017.11.09 21:18:21.283,1.26798,1.26807,1.50,1.00
2017.11.09 21:18:21.436,1.268,1.26807,1.00,1.00
2017.11.09 21:18:21.539,1.26798,1.26806,1.12,1.00
2017.11.09 21:18:21.742,1.26799,1.26808,1.00,2.62
2017.11.09 21:18:21.952,1.26798,1.26806,1.00,1.12
2017.11.09 21:18:22.544,1.26797,1.26805,1.50,1.00
2017.11.09 21:18:22.900,1.26799,1.26807,1.00,1.00
2017.11.09 21:18:23.207,1.26801,1.26808,1.00,1.50
2017.11.09 21:18:23.412,1.26798,1.26808,1.69,1.50
2017.11.09 21:18:23.514,1.26797,1.26806,4.12,1.00
2017.11.09 21:18:23.804,1.268,1.26808,1.00,1.00
2017.11.09 21:18:24.642,1.26801,1.26808,1.00,1.00
2017.11.09 21:18:25.632,1.268,1.26808,1.00,1.00
2017.11.09 21:18:26.622,1.26801,1.26808,1.00,1.00
2017.11.09 21:18:28.340,1.26799,1.26808,1.12,1.00
2017.11.09 21:18:28.756,1.26801,1.26808,1.00,1.00
2017.11.09 21:18:28.961,1.26799,1.26808,1.12,2.25
2017.11.09 21:18:29.114,1.26798,1.26806,1.50,1.00
2017.11.09 21:18:29.559,1.26801,1.26808,1.00,1.00
2017.11.09 21:18:29.661,1.26799,1.26807,1.12,1.00
2017.11.09 21:18:30.207,1.26799,1.26808,1.12,1.50
2017.11.09 21:18:30.564,1.26797,1.26806,4.50,1.00
2017.11.09 21:18:31.132,1.26799,1.26808,1.12,1.00
2017.11.09 21:18:31.335,1.26798,1.26806,1.87,1.00
2017.11.09 21:18:31.539,1.268,1.26808,1.00,1.50
2017.11.09 21:18:31.844,1.26798,1.26805,1.37,1.00
2017.11.09 21:18:32.112,1.26801,1.26808,1.00,1.50
2017.11.09 21:18:32.265,1.26798,1.26807,2.62,1.12
2017.11.09 21:18:32.468,1.26798,1.26805,1.87,1.00
2017.11.09 21:18:32.691,1.26798,1.26807,1.37,1.00
2017.11.09 21:18:33.746,1.26797,1.26807,2.62,1.00
2017.11.09 21:18:34.061,1.26799,1.26808,1.12,1.50
2017.11.09 21:18:34.448,1.26801,1.26808,1.00,1.50
2017.11.09 21:18:34.652,1.26798,1.26807,1.69,1.00
2017.11.09 21:18:35.166,1.26798,1.26806,1.12,1.00
2017.11.09 21:18:35.217,1.268,1.26807,1.00,1.00
2017.11.09 21:18:35.422,1.26798,1.26807,1.87,1.00
2017.11.09 21:18:35.625,1.268,1.26808,1.00,2.25
2017.11.09 21:18:35.930,1.26798,1.26806,1.12,1.00
2017.11.09 21:18:36.401,1.26801,1.26808,1.00,1.00
2017.11.09 21:18:36.554,1.26798,1.26807,1.25,1.00
2017.11.09 21:18:37.103,1.26797,1.26806,3.00,1.00
2017.11.09 21:18:37.154,1.26799,1.26808,1.00,1.50
2017.11.09 21:18:37.680,1.26798,1.26808,1.12,1.87
2017.11.09 21:18:37.955,1.26798,1.26806,1.00,1.00
2017.11.09 21:18:38.469,1.268,1.26807,1.50,1.00
2017.11.09 21:18:39.018,1.26801,1.26808,1.00,1.87
2017.11.09 21:18:39.521,1.26798,1.26807,2.62,1.00
2017.11.09 21:18:40.056,1.26799,1.26808,1.00,1.37
2017.11.09 21:18:41.213,1.26797,1.26808,3.00,1.87
2017.11.09 21:18:41.266,1.26798,1.26806,1.00,1.00
2017.11.09 21:18:41.780,1.26797,1.26806,3.75,1.00
2017.11.09 21:18:43.233,1.26798,1.26806,1.00,2.25
2017.11.09 21:18:44.148,1.26799,1.26807,1.00,1.00
2017.11.09 21:18:44.658,1.26799,1.26808,1.00,1.87
2017.11.09 21:18:44.963,1.26798,1.26807,1.50,1.37
2017.11.09 21:18:45.375,1.268,1.26807,1.00,1.00
2017.11.09 21:18:45.426,1.26798,1.26807,1.00,1.00
2017.11.09 21:18:45.949,1.26799,1.26806,1.00,1.00
2017.11.09 21:18:46.102,1.26799,1.26808,1.00,2.25
2017.11.09 21:18:46.360,1.26798,1.26805,1.00,1.00
2017.11.09 21:18:46.512,1.26799,1.26807,1.00,1.00
2017.11.09 21:18:47.050,1.26798,1.26807,1.00,1.00
2017.11.09 21:18:47.304,1.26801,1.26808,1.00,1.50
2017.11.09 21:18:47.508,1.26798,1.26806,1.12,1.00
2017.11.09 21:18:48.016,1.26798,1.26807,1.12,1.00
2017.11.09 21:18:48.171,1.268,1.26807,1.00,1.00
2017.11.09 21:18:48.272,1.26798,1.26807,2.06,1.00
2017.11.09 21:18:48.476,1.26801,1.26807,1.00,1.12
2017.11.09 21:18:48.991,1.268,1.26806,1.00,1.12
2017.11.09 21:18:49.246,1.26798,1.26807,1.87,1.00
2017.11.09 21:18:49.553,1.268,1.26807,1.00,1.00
2017.11.09 21:18:49.708,1.26798,1.26807,1.87,1.12
2017.11.09 21:18:50.253,1.26799,1.26807,1.00,1.12
2017.11.09 21:18:50.762,1.26799,1.26808,1.00,1.50
2017.11.09 21:18:50.864,1.26801,1.26808,1.00,1.50
2017.11.09 21:18:51.767,1.268,1.26808,1.00,1.50
2017.11.09 21:18:57.724,1.268,1.26807,1.50,1.00
2017.11.09 21:18:58.063,1.26798,1.26807,1.87,1.87
2017.11.09 21:18:58.578,1.26797,1.26806,5.25,1.00
2017.11.09 21:18:58.782,1.268,1.26808,1.00,1.12
2017.11.09 21:18:59.098,1.26798,1.26806,3.00,1.00
2017.11.09 21:18:59.200,1.26799,1.26808,1.12,1.12
2017.11.09 21:18:59.572,1.26801,1.26809,1.00,1.87
2017.11.09 21:19:00.406,1.268,1.26809,1.50,1.87
2017.11.09 21:19:00.928,1.26801,1.26809,1.00,1.50
2017.11.09 21:19:01.249,1.26799,1.26807,1.12,1.12
2017.11.09 21:19:01.720,1.26802,1.26808,1.00,1.00
2017.11.09 21:19:06.038,1.268,1.26808,1.50,1.00
2017.11.09 21:19:06.089,1.26799,1.26806,1.12,1.00
2017.11.09 21:19:06.637,1.26799,1.26807,1.00,1.50
2017.11.09 21:19:09.141,1.268,1.26807,1.00,1.87
2017.11.09 21:19:12.739,1.26799,1.26807,1.87,1.87
2017.11.09 21:19:18.145,1.268,1.26807,1.00,1.50
2017.11.09 21:19:18.653,1.268,1.26808,1.00,1.00
2017.11.09 21:19:21.707,1.26796,1.26806,1.37,1.12
2017.11.09 21:19:22.082,1.26795,1.26805,2.25,1.00
2017.11.09 21:19:22.487,1.26797,1.26806,1.50,1.12
2017.11.09 21:19:24.613,1.26792,1.26799,1.00,1.50
2017.11.09 21:19:24.715,1.26789,1.26797,1.00,1.00
2017.11.09 21:19:24.870,1.26787,1.26796,2.25,1.00
2017.11.09 21:19:25.401,1.2679,1.26795,1.00,1.00
2017.11.09 21:19:25.752,1.26789,1.26798,1.87,1.87
2017.11.09 21:19:25.943,1.26789,1.26796,1.37,1.00
2017.11.09 21:19:26.182,1.26788,1.26798,3.00,1.87
2017.11.09 21:19:26.334,1.26788,1.26797,1.50,1.12
2017.11.09 21:19:26.924,1.26789,1.26797,1.00,1.12
2017.11.09 21:19:27.452,1.26788,1.26796,1.00,1.00
2017.11.09 21:19:27.955,1.26789,1.26797,1.00,1.12
2017.11.09 21:19:29.233,1.26788,1.26797,1.12,1.12
2017.11.09 21:19:29.799,1.26789,1.26797,1.00,1.12
2017.11.09 21:19:31.228,1.26788,1.26797,1.87,1.50
2017.11.09 21:19:31.766,1.26789,1.26797,1.00,1.12
2017.11.09 21:19:32.380,1.26788,1.26797,1.12,1.12
2017.11.09 21:19:32.548,1.2679,1.26797,1.00,1.12
2017.11.09 21:19:33.156,1.26789,1.26797,1.00,1.12
2017.11.09 21:19:33.688,1.2679,1.26796,1.00,1.00
2017.11.09 21:19:33.740,1.26788,1.26797,2.06,1.00
2017.11.09 21:19:33.842,1.2679,1.26796,1.00,1.00
2017.11.09 21:19:34.422,1.26789,1.26796,1.00,1.00
2017.11.09 21:19:34.971,1.26789,1.26797,1.25,1.50
2017.11.09 21:19:35.478,1.26788,1.26796,1.12,1.00
2017.11.09 21:19:36.089,1.2679,1.26796,1.00,1.00
2017.11.09 21:19:36.300,1.26788,1.26796,1.87,1.00
2017.11.09 21:19:36.806,1.26789,1.26795,1.00,1.00
2017.11.09 21:19:37.217,1.2679,1.26797,1.00,1.87
2017.11.09 21:19:37.754,1.26789,1.26797,1.00,1.87
2017.11.09 21:19:38.262,1.26788,1.26796,2.25,1.00
2017.11.09 21:19:38.780,1.26788,1.26795,1.00,1.50
2017.11.09 21:19:39.348,1.26787,1.26795,1.50,1.50
2017.11.09 21:19:40.785,1.26788,1.26795,1.00,1.50
2017.11.09 21:19:42.158,1.26787,1.26795,2.62,1.50
2017.11.09 21:19:42.210,1.26797,1.26802,1.00,2.62
2017.11.09 21:19:42.312,1.26798,1.26805,1.50,1.12
2017.11.09 21:19:42.568,1.26801,1.26806,1.00,1.00
2017.11.09 21:19:42.620,1.26801,1.26808,1.00,1.50
2017.11.09 21:19:42.773,1.26802,1.2681,1.00,1.12
2017.11.09 21:19:43.418,1.26803,1.26811,3.56,1.50
2017.11.09 21:19:44.048,1.26804,1.26811,1.00,1.50
2017.11.09 21:19:47.069,1.26802,1.26811,5.25,1.00
2017.11.09 21:19:50.037,1.26803,1.26811,1.12,1.00
2017.11.09 21:19:52.031,1.26802,1.26811,5.62,1.00
2017.11.09 21:19:54.436,1.26805,1.26811,1.00,1.00
2017.11.09 21:19:54.942,1.26806,1.26811,1.00,1.00
2017.11.09 21:19:55.007,1.26803,1.26811,1.12,1.00
2017.11.09 21:19:55.599,1.26802,1.26811,3.75,1.00
2017.11.09 21:19:57.038,1.26803,1.26811,1.12,1.00
2017.11.09 21:19:59.029,1.26802,1.26811,3.75,1.00
2017.11.09 21:20:00.626,1.26803,1.26811,1.12,1.00
2017.11.09 21:20:01.212,1.26802,1.26811,3.75,1.00
2017.11.09 21:20:03.862,1.26803,1.26811,1.12,1.00
2017.11.09 21:20:21.052,1.26802,1.26811,4.12,1.00
2017.11.09 21:20:22.577,1.26802,1.26811,4.50,1.12
2017.11.09 21:20:26.688,1.26804,1.26811,1.00,1.12
2017.11.09 21:20:26.942,1.26802,1.26811,5.62,1.50
2017.11.09 21:20:27.044,1.26805,1.26811,1.00,1.50
2017.11.09 21:20:27.619,1.26803,1.26811,1.00,3.00
2017.11.09 21:20:28.129,1.26802,1.26811,5.81,3.00
2017.11.09 21:20:28.180,1.26804,1.26811,1.00,1.50
2017.11.09 21:20:28.688,1.26804,1.26811,2.25,1.37
2017.11.09 21:20:29.215,1.26804,1.26811,1.00,1.12
2017.11.09 21:20:36.219,1.26803,1.26811,1.69,1.12
2017.11.09 21:20:36.742,1.26803,1.26811,1.00,1.87
2017.11.09 21:20:37.295,1.26803,1.26811,1.50,1.12
2017.11.09 21:20:47.248,1.26803,1.26812,2.25,1.00
2017.11.09 21:20:48.130,1.26803,1.26813,1.12,1.12
2017.11.09 21:20:50.049,1.26803,1.26811,1.12,1.00
2017.11.09 21:20:56.990,1.26803,1.26811,3.00,1.00
2017.11.09 21:21:08.142,1.26805,1.26811,1.00,1.00
2017.11.09 21:21:08.655,1.26804,1.26811,1.12,1.00
2017.11.09 21:21:13.982,1.26805,1.26811,1.00,1.00
2017.11.09 21:21:18.676,1.26804,1.26812,1.00,1.87
2017.11.09 21:21:19.204,1.26805,1.26812,1.00,1.87
2017.11.09 21:21:21.747,1.26804,1.26811,1.00,1.00
2017.11.09 21:21:24.243,1.26803,1.26812,1.00,1.87
2017.11.09 21:21:24.804,1.26804,1.26811,1.00,1.00
2017.11.09 21:21:26.209,1.26805,1.26811,1.00,1.00
2017.11.09 21:21:28.757,1.26804,1.26811,1.00,1.12
2017.11.09 21:21:31.315,1.26804,1.26811,1.00,1.50
2017.11.09 21:21:31.827,1.26803,1.26811,1.50,1.50
2017.11.09 21:21:34.057,1.26804,1.2681,1.00,1.00
2017.11.09 21:21:34.616,1.26803,1.2681,1.00,1.50
2017.11.09 21:21:35.128,1.26803,1.2681,1.00,3.37
2017.11.09 21:21:35.837,1.26804,1.2681,1.00,3.37
2017.11.09 21:21:39.473,1.26804,1.2681,1.00,3.37
2017.11.09 21:21:39.575,1.26802,1.2681,1.00,1.50
2017.11.09 21:21:40.095,1.26803,1.2681,1.00,2.25
2017.11.09 21:21:48.384,1.26802,1.2681,1.00,3.37
2017.11.09 21:21:48.993,1.26803,1.2681,1.00,3.37
2017.11.09 21:21:53.192,1.26802,1.2681,1.00,3.37
2017.11.09 21:21:53.944,1.26802,1.26808,1.00,1.00
2017.11.09 21:22:06.497,1.26803,1.2681,1.00,5.25
2017.11.09 21:22:07.553,1.26802,1.2681,1.00,4.12
2017.11.09 21:22:08.090,1.26802,1.26808,1.00,1.00
2017.11.09 21:22:15.969,1.26802,1.26808,1.00,2.62
2017.11.09 21:22:16.071,1.26798,1.26804,1.00,2.62
2017.11.09 21:22:16.809,1.26797,1.26803,1.00,1.00
2017.11.09 21:22:17.353,1.26797,1.26803,1.00,2.25
2017.11.09 21:22:24.512,1.26798,1.26803,1.00,1.00
2017.11.09 21:22:25.312,1.26798,1.26803,1.00,2.25
2017.11.09 21:22:26.042,1.26798,1.26804,1.00,1.50
2017.11.09 21:22:29.168,1.26797,1.26805,1.00,4.87
2017.11.09 21:22:29.774,1.26798,1.26804,1.00,1.50
2017.11.09 21:22:30.432,1.26797,1.26805,1.00,4.87
2017.11.09 21:22:30.788,1.26799,1.26805,1.00,4.12
2017.11.09 21:22:31.189,1.26798,1.26805,1.00,1.00
2017.11.09 21:22:33.627,1.26798,1.26805,1.00,1.50
2017.11.09 21:22:36.576,1.26797,1.26803,1.50,3.37
2017.11.09 21:22:36.730,1.26792,1.26802,2.62,1.50
2017.11.09 21:22:36.832,1.26791,1.268,1.50,1.37
2017.11.09 21:22:36.934,1.26789,1.268,2.25,1.37
2017.11.09 21:22:37.451,1.26789,1.268,2.25,1.12
2017.11.09 21:22:37.862,1.26791,1.268,1.00,1.00
2017.11.09 21:22:38.375,1.26792,1.268,1.50,1.00
2017.11.09 21:22:43.589,1.26795,1.26802,1.00,2.25
2017.11.09 21:22:43.793,1.26792,1.26803,1.31,1.50
2017.11.09 21:22:44.306,1.26791,1.26801,2.62,1.00
2017.11.09 21:22:45.363,1.26792,1.26801,1.00,1.00
2017.11.09 21:22:46.699,1.26793,1.26801,1.00,1.00
2017.11.09 21:22:47.214,1.26792,1.26802,1.50,1.50
2017.11.09 21:22:47.754,1.26792,1.26802,1.00,1.12
2017.11.09 21:22:49.261,1.26792,1.26801,1.00,1.12
2017.11.09 21:22:49.770,1.26793,1.26803,1.50,2.25
2017.11.09 21:22:50.464,1.26795,1.26803,1.00,2.25
2017.11.09 21:22:52.136,1.26792,1.26801,1.50,1.12
2017.11.09 21:22:52.645,1.26794,1.26802,1.00,1.00
2017.11.09 21:22:53.646,1.26794,1.26803,1.00,4.87
2017.11.09 21:22:56.582,1.26794,1.26803,1.00,3.00
2017.11.09 21:22:57.654,1.26791,1.26801,1.50,1.00
2017.11.09 21:22:57.755,1.26794,1.26803,1.00,2.25
2017.11.09 21:22:57.857,1.26791,1.26802,2.25,1.12
2017.11.09 21:22:57.959,1.26794,1.26803,1.00,1.50
2017.11.09 21:22:58.595,1.26794,1.26803,1.00,3.37
2017.11.09 21:23:00.889,1.26794,1.26802,1.00,1.00
2017.11.09 21:23:01.042,1.26792,1.26802,2.62,1.00
2017.11.09 21:23:01.145,1.26794,1.26803,2.25,1.00
2017.11.09 21:23:01.197,1.26795,1.26805,1.12,1.50
2017.11.09 21:23:01.248,1.26793,1.26803,1.50,1.00
2017.11.09 21:23:01.708,1.26795,1.26803,1.00,1.00
2017.11.09 21:23:01.911,1.26795,1.26805,1.87,1.50
2017.11.09 21:23:02.429,1.26795,1.26803,1.00,1.00
2017.11.09 21:23:08.661,1.26797,1.26805,1.00,1.50
2017.11.09 21:23:16.535,1.26797,1.26806,1.87,1.12
2017.11.09 21:23:19.451,1.26797,1.26804,1.87,1.00
2017.11.09 21:23:19.606,1.26787,1.26796,1.00,1.50
2017.11.09 21:23:19.708,1.26785,1.26793,1.50,1.00
2017.11.09 21:23:19.811,1.26785,1.26795,1.00,1.50
2017.11.09 21:23:19.914,1.26788,1.26797,1.00,1.00
2017.11.09 21:23:20.016,1.26785,1.26795,3.75,1.00
2017.11.09 21:23:20.067,1.26788,1.26797,1.00,1.12
2017.11.09 21:23:20.603,1.26788,1.26797,1.00,1.37
2017.11.09 21:23:21.306,1.26786,1.26797,4.12,1.12
2017.11.09 21:23:21.853,1.26788,1.26798,1.50,1.50
2017.11.09 21:23:22.466,1.26788,1.26796,1.00,1.00
2017.11.09 21:23:22.741,1.26786,1.26797,1.87,1.37
2017.11.09 21:23:23.347,1.26787,1.26796,1.00,1.00
2017.11.09 21:23:23.450,1.26789,1.26798,1.00,3.75
2017.11.09 21:23:23.755,1.26786,1.26796,1.87,1.00
2017.11.09 21:23:23.858,1.26788,1.26797,1.00,1.12
2017.11.09 21:23:23.960,1.26786,1.26796,1.00,1.00
2017.11.09 21:23:24.165,1.26788,1.26796,1.00,1.00
2017.11.09 21:23:25.012,1.26786,1.26796,1.12,1.12
2017.11.09 21:23:25.319,1.26788,1.26798,1.87,1.87
2017.11.09 21:23:25.422,1.26786,1.26796,1.69,1.00
2017.11.09 21:23:25.932,1.26786,1.26797,1.87,1.50
2017.11.09 21:23:28.276,1.26786,1.26797,2.62,1.87
2017.11.09 21:23:28.811,1.26788,1.26797,1.00,1.87
2017.11.09 21:23:30.994,1.26789,1.26798,1.00,1.75
2017.11.09 21:23:31.046,1.26789,1.26798,1.00,1.50
2017.11.09 21:23:31.428,1.26785,1.26792,3.37,1.12
2017.11.09 21:23:31.582,1.26785,1.26794,2.62,1.00
2017.11.09 21:23:31.838,1.26788,1.26795,1.37,1.00
2017.11.09 21:23:31.889,1.26788,1.26797,1.37,1.00
2017.11.09 21:23:32.580,1.26788,1.26798,2.25,1.50
2017.11.09 21:23:33.094,1.26789,1.26799,1.00,4.12
2017.11.09 21:23:33.614,1.26788,1.26797,2.62,1.12
2017.11.09 21:23:34.831,1.26789,1.26797,1.00,1.37
2017.11.09 21:23:35.547,1.26788,1.26797,1.50,1.37
2017.11.09 21:23:37.030,1.26789,1.26798,1.37,1.50
2017.11.09 21:23:37.234,1.26795,1.26805,1.12,1.12
2017.11.09 21:23:38.097,1.26794,1.26805,2.06,1.12
2017.11.09 21:23:38.344,1.26796,1.26806,3.75,1.12
2017.11.09 21:23:38.963,1.26799,1.26807,1.00,1.87
2017.11.09 21:23:39.476,1.26799,1.26807,1.00,1.50
2017.11.09 21:23:39.527,1.26796,1.26807,1.31,1.50
2017.11.09 21:23:39.680,1.26799,1.26807,1.00,1.87
2017.11.09 21:23:41.782,1.268,1.26808,1.00,2.25
2017.11.09 21:23:48.696,1.26799,1.26806,1.00,1.00
2017.11.09 21:23:49.246,1.26798,1.26808,1.12,2.62
2017.11.09 21:23:50.193,1.26797,1.26807,1.50,1.87
2017.11.09 21:23:50.511,1.26799,1.26807,3.56,1.00
2017.11.09 21:23:50.612,1.26798,1.26807,1.25,1.00
2017.11.09 21:23:51.142,1.26797,1.26807,1.00,1.00
2017.11.09 21:23:51.853,1.26798,1.26807,1.31,1.00
2017.11.09 21:23:52.386,1.26799,1.26807,1.00,1.00
2017.11.09 21:23:54.234,1.26797,1.26807,1.00,1.12
2017.11.09 21:23:54.336,1.26799,1.26807,1.00,1.00
2017.11.09 21:23:54.846,1.268,1.26807,1.00,1.12
2017.11.09 21:23:58.957,1.26799,1.26807,1.00,1.50
2017.11.09 21:23:59.489,1.26798,1.26808,2.06,2.25
2017.11.09 21:23:59.823,1.26799,1.26808,2.81,2.25
2017.11.09 21:24:01.497,1.26799,1.26808,1.12,2.25
2017.11.09 21:24:02.023,1.268,1.26808,1.00,2.25
2017.11.09 21:24:06.474,1.26798,1.26807,1.37,1.12
2017.11.09 21:24:07.084,1.26799,1.26808,1.00,3.37
2017.11.09 21:24:09.170,1.26796,1.26806,3.19,1.12
2017.11.09 21:24:09.704,1.26797,1.26807,1.50,1.50
2017.11.09 21:24:10.125,1.26799,1.26807,1.00,1.50
2017.11.09 21:24:10.309,1.26797,1.26807,3.56,1.12
2017.11.09 21:24:10.512,1.26799,1.26807,1.00,1.87
2017.11.09 21:24:11.052,1.26798,1.26807,1.00,2.25
2017.11.09 21:24:11.747,1.26797,1.26807,1.87,2.25
2017.11.09 21:24:14.170,1.26798,1.26807,1.00,2.25
2017.11.09 21:24:14.554,1.26797,1.26806,1.00,2.25
2017.11.09 21:24:15.166,1.26798,1.26806,1.00,3.00
2017.11.09 21:24:15.269,1.26796,1.26806,2.25,3.00
2017.11.09 21:24:15.823,1.26796,1.26807,1.12,3.37
2017.11.09 21:24:16.011,1.26798,1.26806,1.00,1.00
2017.11.09 21:24:21.432,1.26799,1.26807,1.00,1.50
2017.11.09 21:24:22.219,1.26798,1.26807,2.25,2.25
2017.11.09 21:24:22.526,1.268,1.26807,1.00,1.00
2017.11.09 21:24:22.628,1.26798,1.26807,1.00,1.37
2017.11.09 21:24:23.273,1.26798,1.26807,1.00,1.87
2017.11.09 21:24:23.782,1.26797,1.26807,1.00,2.25
2017.11.09 21:24:23.935,1.26799,1.26807,1.00,1.50
2017.11.09 21:24:24.651,1.268,1.26807,1.00,1.00
2017.11.09 21:24:24.968,1.26797,1.26807,1.25,1.50
2017.11.09 21:24:25.431,1.26799,1.26806,1.00,1.00
2017.11.09 21:24:26.695,1.268,1.26806,1.00,1.00
2017.11.09 21:24:33.532,1.26798,1.26806,1.87,1.00
2017.11.09 21:24:34.059,1.26796,1.26807,4.31,1.12
2017.11.09 21:24:34.677,1.26797,1.26807,3.19,1.50
2017.11.09 21:24:35.197,1.26798,1.26807,1.31,2.25
2017.11.09 21:24:40.642,1.26797,1.26807,1.00,1.12
2017.11.09 21:24:40.744,1.26799,1.26808,2.44,4.12
2017.11.09 21:24:41.266,1.26799,1.26808,2.81,4.12
2017.11.09 21:24:47.150,1.26797,1.26807,3.19,2.25
2017.11.09 21:24:47.744,1.26799,1.26808,1.12,1.87
2017.11.09 21:24:51.520,1.26797,1.26807,1.69,2.25
2017.11.09 21:24:51.824,1.26801,1.26808,1.00,1.87
2017.11.09 21:24:54.210,1.26801,1.26808,1.00,1.87
2017.11.09 21:24:54.812,1.26797,1.26807,2.25,1.50
2017.11.09 21:24:55.024,1.26799,1.26807,1.00,3.00
2017.11.09 21:24:55.728,1.26799,1.26807,1.00,1.87
2017.11.09 21:24:57.369,1.26799,1.26807,1.00,2.25
2017.11.09 21:25:01.270,1.26799,1.26807,1.00,1.87
2017.11.09 21:25:03.900,1.26797,1.26807,1.00,3.37
2017.11.09 21:25:04.234,1.26798,1.26807,1.00,1.87
2017.11.09 21:25:04.900,1.26799,1.26808,1.00,4.12
2017.11.09 21:25:07.016,1.26798,1.26808,1.87,3.37
2017.11.09 21:25:08.471,1.26797,1.26807,1.50,1.87
2017.11.09 21:25:08.975,1.26798,1.26807,1.00,1.12
2017.11.09 21:25:13.612,1.26799,1.26807,1.00,1.12
2017.11.09 21:25:14.195,1.26798,1.26807,1.00,1.87
2017.11.09 21:25:14.721,1.26797,1.26807,1.00,1.50
2017.11.09 21:25:14.874,1.26798,1.26807,2.44,1.12
2017.11.09 21:25:15.399,1.268,1.26807,1.00,1.12
2017.11.09 21:25:15.751,1.26798,1.26807,1.00,1.12
2017.11.09 21:25:15.853,1.26796,1.26804,1.00,1.50
2017.11.09 21:25:15.955,1.26792,1.26801,1.00,1.12
2017.11.09 21:25:16.007,1.26794,1.26804,1.00,3.00
2017.11.09 21:25:16.318,1.26794,1.26801,1.00,1.00
2017.11.09 21:25:16.369,1.26792,1.26801,1.00,1.00
2017.11.09 21:25:24.066,1.26791,1.26801,2.44,1.00
2017.11.09 21:25:24.678,1.26792,1.26801,1.00,1.00
2017.11.09 21:25:29.160,1.26792,1.26801,1.19,1.00
2017.11.09 21:25:30.608,1.26793,1.26802,1.25,1.12
2017.11.09 21:25:30.761,1.26791,1.26802,1.00,1.00
2017.11.09 21:25:33.487,1.26792,1.26802,1.00,1.00
2017.11.09 21:25:35.549,1.26791,1.26802,1.00,1.00
2017.11.09 21:25:36.251,1.26792,1.26802,1.00,1.00
2017.11.09 21:25:48.180,1.26791,1.26801,1.00,1.12
2017.11.09 21:25:48.730,1.26792,1.26801,1.00,1.12
2017.11.09 21:25:50.703,1.26791,1.268,1.00,1.00
2017.11.09 21:25:51.112,1.26792,1.26802,1.69,1.12
2017.11.09 21:25:58.981,1.26791,1.268,1.00,1.00
2017.11.09 21:25:59.032,1.26791,1.26802,3.56,1.00
2017.11.09 21:26:00.036,1.26792,1.26802,1.25,1.00
2017.11.09 21:26:00.784,1.26791,1.26802,2.44,1.12
2017.11.09 21:26:01.319,1.26792,1.26802,1.50,1.12
2017.11.09 21:26:02.372,1.26791,1.26802,1.00,1.12
2017.11.09 21:26:02.820,1.26793,1.26802,1.00,1.50
2017.11.09 21:26:04.941,1.26792,1.26801,1.00,1.12
2017.11.09 21:26:05.247,1.2679,1.26799,1.00,3.37
2017.11.09 21:26:09.073,1.26789,1.26798,1.00,2.25
2017.11.09 21:26:12.285,1.26789,1.26797,1.00,1.75
2017.11.09 21:26:12.891,1.26789,1.26797,1.00,1.50
2017.11.09 21:26:23.070,1.2679,1.26796,1.00,1.00
2017.11.09 21:26:23.674,1.26789,1.26796,1.00,1.00
2017.11.09 21:26:24.442,1.26789,1.26798,1.00,2.25
2017.11.09 21:26:29.507,1.26788,1.26799,1.00,4.87
2017.11.09 21:26:32.373,1.26786,1.26795,1.87,1.00
2017.11.09 21:26:32.920,1.26786,1.26794,1.37,1.50
2017.11.09 21:26:38.682,1.26786,1.26794,2.81,1.50
2017.11.09 21:26:38.783,1.26783,1.26793,2.06,1.00
2017.11.09 21:26:38.835,1.26783,1.26793,2.62,3.37
2017.11.09 21:26:39.038,1.26784,1.26794,1.87,2.62
2017.11.09 21:26:39.828,1.26787,1.26795,1.00,2.25
2017.11.09 21:26:41.737,1.26784,1.26793,1.00,1.12
2017.11.09 21:26:42.269,1.26785,1.26795,1.50,1.87
2017.11.09 21:26:49.216,1.26784,1.26794,1.00,1.37
2017.11.09 21:26:49.522,1.26786,1.26794,1.00,1.12
2017.11.09 21:26:50.078,1.26786,1.26795,1.50,4.12
2017.11.09 21:26:57.172,1.26785,1.26793,1.00,1.50
2017.11.09 21:26:57.386,1.26786,1.26795,1.00,1.50
2017.11.09 21:26:58.889,1.26788,1.26797,1.50,4.12
2017.11.09 21:26:58.941,1.26786,1.26795,1.50,1.37
2017.11.09 21:26:59.450,1.26785,1.26795,2.25,1.12
2017.11.09 21:27:00.127,1.26785,1.26795,1.50,1.50
2017.11.09 21:27:01.521,1.26785,1.26795,2.06,1.50
2017.11.09 21:27:06.495,1.26788,1.26797,1.00,2.25
2017.11.09 21:27:07.022,1.26788,1.26798,1.00,2.25
2017.11.09 21:27:07.539,1.26789,1.26797,1.00,1.50
2017.11.09 21:27:08.137,1.26788,1.26798,2.25,2.25
2017.11.09 21:27:10.703,1.26784,1.26788,1.25,1.12
2017.11.09 21:27:10.754,1.2678,1.26788,1.50,1.00
2017.11.09 21:27:10.806,1.26776,1.26784,2.62,4.50
2017.11.09 21:27:10.908,1.26777,1.26784,1.00,3.00
2017.11.09 21:27:10.959,1.26773,1.26782,1.50,1.00
2017.11.09 21:27:11.119,1.26772,1.2678,1.12,1.00
2017.11.09 21:27:12.011,1.26771,1.26782,1.87,2.25
2017.11.09 21:27:14.715,1.26772,1.26782,1.00,2.62
2017.11.09 21:27:15.839,1.26771,1.26779,1.31,3.37
2017.11.09 21:27:16.347,1.2677,1.26777,1.00,1.00
2017.11.09 21:27:30.239,1.2677,1.26777,1.00,2.62
2017.11.09 21:27:34.667,1.26771,1.26777,1.00,2.62
2017.11.09 21:27:35.204,1.2677,1.26777,1.12,2.62
2017.11.09 21:27:36.021,1.2677,1.26779,1.50,3.37
2017.11.09 21:27:36.552,1.2677,1.26778,1.87,1.00
2017.11.09 21:27:39.194,1.26771,1.26778,1.00,1.00
2017.11.09 21:27:48.298,1.2677,1.26778,2.62,1.00
2017.11.09 21:27:50.747,1.26771,1.26778,1.12,1.00
2017.11.09 21:28:04.629,1.26771,1.26778,1.12,2.62
2017.11.09 21:28:24.629,1.26769,1.26779,3.75,4.12
2017.11.09 21:28:26.737,1.2677,1.26778,1.00,1.12
2017.11.09 21:28:27.348,1.26769,1.26778,2.62,1.12
2017.11.09 21:28:28.660,1.26766,1.26775,2.32,1.00
2017.11.09 21:28:28.966,1.26766,1.26775,1.00,2.25
2017.11.09 21:28:29.619,1.26766,1.26775,1.00,1.50
2017.11.09 21:28:31.997,1.26766,1.26775,1.00,3.37
2017.11.09 21:28:35.679,1.26766,1.26774,1.00,1.00
2017.11.09 21:28:38.729,1.26766,1.26772,1.00,1.00
2017.11.09 21:28:39.397,1.26765,1.26772,1.00,1.12
2017.11.09 21:28:42.000,1.26764,1.26772,1.50,1.12
2017.11.09 21:28:58.548,1.26763,1.26772,3.75,1.12
2017.11.09 21:28:59.070,1.26764,1.26772,1.00,1.00
2017.11.09 21:29:00.107,1.26765,1.26772,1.00,1.00
2017.11.09 21:29:00.863,1.26764,1.26772,1.50,1.00
2017.11.09 21:29:07.756,1.26763,1.26772,1.87,1.00
2017.11.09 21:29:08.262,1.26764,1.26772,1.00,1.00
2017.11.09 21:29:09.480,1.26763,1.26772,1.50,1.00
2017.11.09 21:29:10.747,1.26763,1.26773,1.87,1.87
2017.11.09 21:29:14.720,1.26764,1.26773,1.00,1.87
2017.11.09 21:29:18.878,1.26763,1.26773,3.37,1.87
2017.11.09 21:29:19.524,1.26763,1.26772,2.62,1.00
2017.11.09 21:29:20.052,1.26764,1.26772,1.00,1.00
2017.11.09 21:29:21.892,1.26763,1.26772,3.37,1.00
2017.11.09 21:29:22.411,1.26763,1.26773,1.50,1.50
2017.11.09 21:29:23.096,1.26764,1.26773,1.00,1.50
2017.11.09 21:29:23.411,1.2676,1.26769,3.19,1.00
2017.11.09 21:29:23.940,1.26762,1.2677,1.00,1.12
2017.11.09 21:29:24.695,1.26762,1.26769,1.00,1.00
2017.11.09 21:29:25.769,1.26759,1.26769,1.37,1.37
2017.11.09 21:29:26.303,1.26757,1.26766,1.87,1.00
2017.11.09 21:29:27.229,1.26759,1.26766,1.00,1.50
2017.11.09 21:29:27.331,1.26756,1.26765,1.50,1.00
2017.11.09 21:29:27.847,1.26756,1.26764,1.00,1.00
2017.11.09 21:29:28.299,1.26754,1.26762,1.00,1.00
2017.11.09 21:29:28.618,1.26751,1.26759,1.12,1.00
2017.11.09 21:29:29.190,1.2675,1.26761,1.87,1.00
2017.11.09 21:29:30.294,1.2675,1.2676,1.12,1.12
2017.11.09 21:29:30.803,1.26748,1.26759,3.00,1.00
2017.11.09 21:29:31.385,1.26749,1.2676,1.37,1.50
2017.11.09 21:29:31.916,1.2675,1.26759,1.12,1.00
2017.11.09 21:29:34.289,1.26748,1.26757,1.50,1.00
2017.11.09 21:29:34.594,1.26747,1.26756,2.25,1.00
2017.11.09 21:29:35.132,1.26747,1.26756,3.75,1.00
2017.11.09 21:29:35.680,1.26746,1.26756,1.25,1.50
2017.11.09 21:29:36.453,1.26746,1.26755,1.00,1.12
2017.11.09 21:29:36.758,1.26748,1.26755,1.00,1.12
2017.11.09 21:29:37.221,1.26744,1.26753,1.50,1.00
2017.11.09 21:29:37.274,1.26742,1.26751,1.87,1.00
2017.11.09 21:29:37.580,1.26743,1.26752,1.50,1.50
2017.11.09 21:29:38.083,1.26742,1.26752,1.69,1.37
2017.11.09 21:29:38.134,1.26746,1.26754,1.12,1.87
2017.11.09 21:29:38.236,1.26747,1.26756,1.87,1.50
2017.11.09 21:29:39.082,1.26746,1.26756,1.00,1.12
2017.11.09 21:29:39.352,1.26742,1.26753,1.50,1.50
2017.11.09 21:29:39.961,1.26741,1.26752,1.00,1.12
2017.11.09 21:29:40.652,1.26741,1.26752,1.50,1.37
2017.11.09 21:29:41.280,1.26741,1.2675,1.50,1.00
2017.11.09 21:29:41.816,1.26742,1.2675,1.00,1.00
2017.11.09 21:29:42.322,1.26741,1.2675,1.00,1.00
2017.11.09 21:29:44.280,1.2674,1.26751,1.12,6.00
2017.11.09 21:29:45.215,1.2674,1.26751,1.12,1.87
2017.11.09 21:29:45.368,1.26738,1.26749,4.50,1.50
2017.11.09 21:29:45.419,1.26738,1.26749,1.12,2.25
2017.11.09 21:29:45.923,1.26739,1.26749,1.00,1.00
2017.11.09 21:29:46.316,1.26735,1.26744,1.00,1.37
2017.11.09 21:29:46.367,1.26731,1.26742,2.25,1.12
2017.11.09 21:29:46.882,1.26731,1.26742,1.00,1.31
2017.11.09 21:29:47.137,1.2673,1.26739,1.00,1.00
2017.11.09 21:29:47.699,1.26729,1.26739,1.12,1.00
2017.11.09 21:29:48.047,1.26731,1.26741,1.50,1.00
2017.11.09 21:29:48.571,1.2673,1.26741,1.00,1.87
2017.11.09 21:29:49.131,1.26728,1.2674,1.87,1.12
2017.11.09 21:29:49.660,1.26728,1.2674,4.12,1.87
2017.11.09 21:29:49.904,1.26729,1.26741,2.62,2.25
2017.11.09 21:29:50.109,1.26733,1.26741,1.00,1.50
2017.11.09 21:29:50.360,1.2673,1.26741,1.00,1.87
2017.11.09 21:29:50.920,1.2673,1.26742,1.87,2.62
2017.11.09 21:29:51.103,1.26732,1.26743,1.00,2.62
2017.11.09 21:29:51.422,1.26734,1.26744,1.00,1.87
2017.11.09 21:29:51.948,1.26733,1.26744,1.12,1.87
2017.11.09 21:29:52.258,1.26738,1.26748,1.87,3.75
2017.11.09 21:29:52.848,1.26739,1.26748,1.00,2.25
2017.11.09 21:29:53.389,1.26737,1.26748,3.37,1.50
2017.11.09 21:29:53.694,1.26732,1.26745,3.37,1.87
2017.11.09 21:29:53.796,1.26732,1.26743,1.50,2.25
2017.11.09 21:29:54.154,1.26734,1.26744,1.00,2.25
2017.11.09 21:29:54.707,1.26733,1.26744,1.00,2.25
2017.11.09 21:29:55.090,1.26735,1.26744,1.00,1.50
2017.11.09 21:29:55.143,1.26736,1.26746,1.00,2.62
2017.11.09 21:29:55.248,1.26734,1.26744,1.00,1.00
2017.11.09 21:29:55.772,1.26733,1.26743,1.00,1.12
2017.11.09 21:29:56.388,1.26734,1.26744,1.00,1.37
2017.11.09 21:29:56.938,1.26733,1.26744,1.12,1.12
2017.11.09 21:29:57.244,1.26736,1.26745,1.00,1.87
2017.11.09 21:29:57.671,1.26733,1.26746,2.25,2.62
2017.11.09 21:29:58.209,1.26732,1.26744,1.50,1.00
2017.11.09 21:29:59.246,1.26731,1.26744,1.62,1.37
2017.11.09 21:30:00.131,1.26731,1.26743,1.12,1.00
2017.11.09 21:30:00.846,1.2673,1.26743,3.56,1.12
2017.11.09 21:30:01.391,1.26733,1.26744,1.00,2.25
2017.11.09 21:30:01.973,1.26731,1.26743,1.87,1.12
2017.11.09 21:30:02.516,1.26731,1.26744,1.69,2.25
2017.11.09 21:30:02.822,1.26731,1.26743,2.44,1.50
2017.11.09 21:30:02.873,1.26731,1.26743,1.87,1.12
2017.11.09 21:30:04.533,1.26731,1.26743,1.37,1.12
2017.11.09 21:30:05.455,1.26731,1.26743,1.12,1.50
2017.11.09 21:30:05.608,1.2673,1.26743,3.75,1.87
2017.11.09 21:30:06.263,1.26731,1.26742,1.50,1.00
2017.11.09 21:30:06.773,1.26731,1.26743,1.00,1.00
2017.11.09 21:30:12.915,1.26729,1.26743,3.37,3.37
2017.11.09 21:30:12.967,1.26729,1.2674,1.50,1.00
2017.11.09 21:30:13.196,1.26729,1.26739,1.00,2.62
2017.11.09 21:30:13.248,1.26726,1.26736,1.50,1.37
2017.11.09 21:30:15.997,1.26727,1.26737,1.00,2.25
2017.11.09 21:30:16.625,1.26726,1.26737,1.12,2.25
2017.11.09 21:30:19.474,1.26728,1.26739,1.00,4.12
2017.11.09 21:30:19.577,1.26736,1.26747,1.00,1.50
2017.11.09 21:30:19.679,1.26737,1.26748,1.00,1.37
2017.11.09 21:30:19.781,1.26737,1.2675,1.00,1.50
2017.11.09 21:30:20.301,1.26737,1.2675,1.12,3.37
2017.11.09 21:30:21.071,1.26737,1.2675,1.50,2.62
2017.11.09 21:30:22.566,1.26737,1.26749,1.37,1.00
2017.11.09 21:30:24.810,1.26737,1.2675,1.50,2.62
2017.11.09 21:30:28.632,1.26737,1.26751,1.62,1.75
2017.11.09 21:30:32.578,1.26738,1.2675,1.50,1.75
2017.11.09 21:30:35.787,1.26738,1.2675,1.12,1.75
2017.11.09 21:30:36.999,1.26738,1.2675,1.50,3.37
2017.11.09 21:30:38.684,1.26738,1.2675,1.12,1.50
2017.11.09 21:30:40.518,1.26737,1.26749,1.37,1.50
2017.11.09 21:30:41.465,1.26737,1.26748,1.37,1.00
2017.11.09 21:30:41.978,1.26737,1.26749,1.37,1.50
2017.11.09 21:30:42.514,1.26739,1.2675,1.00,1.00
2017.11.09 21:30:44.706,1.26738,1.26746,1.12,1.00
2017.11.09 21:30:47.788,1.26738,1.26746,1.87,1.00
2017.11.09 21:30:48.368,1.26738,1.26746,3.94,1.00
2017.11.09 21:30:50.667,1.26739,1.26746,1.00,1.00
2017.11.09 21:30:51.673,1.26738,1.26746,3.75,1.00
2017.11.09 21:30:57.104,1.26739,1.26746,1.00,1.00
2017.11.09 21:30:57.206,1.26735,1.26745,2.62,1.00
2017.11.09 21:30:57.258,1.26732,1.26743,3.37,1.00
2017.11.09 21:30:57.309,1.26732,1.26745,2.25,2.25
2017.11.09 21:30:57.564,1.26736,1.26746,1.37,1.00
2017.11.09 21:30:58.139,1.26737,1.26745,1.87,1.00
2017.11.09 21:30:58.702,1.26737,1.26745,1.87,1.00
2017.11.09 21:31:01.217,1.26737,1.26745,1.87,1.00
2017.11.09 21:31:06.552,1.26737,1.26745,1.69,1.00
2017.11.09 21:31:07.081,1.26737,1.26745,1.69,1.00
2017.11.09 21:31:07.673,1.26737,1.26745,1.69,1.00
2017.11.09 21:31:08.247,1.26737,1.26745,1.69,1.00
2017.11.09 21:31:09.157,1.26737,1.26745,1.69,1.00
2017.11.09 21:31:12.729,1.26737,1.26745,1.87,1.00
2017.11.09 21:31:15.163,1.26739,1.26745,2.62,1.00
2017.11.09 21:31:16.928,1.26739,1.26745,1.50,1.00
2017.11.09 21:31:18.518,1.26738,1.26746,2.81,1.00
2017.11.09 21:31:19.727,1.26737,1.26746,3.75,1.00
2017.11.09 21:31:20.961,1.26738,1.26746,4.12,1.00
2017.11.09 21:31:22.242,1.2674,1.26746,2.62,1.00
2017.11.09 21:31:23.022,1.26736,1.26746,1.12,1.00
2017.11.09 21:31:27.540,1.26735,1.26746,2.62,1.00
2017.11.09 21:31:30.850,1.26736,1.26746,1.00,1.12
2017.11.09 21:31:38.197,1.26735,1.26746,2.62,1.12
2017.11.09 21:31:39.051,1.26736,1.26746,1.00,1.00
2017.11.09 21:31:41.633,1.26735,1.26746,3.37,1.00
2017.11.09 21:31:42.641,1.26735,1.26746,1.50,1.00
2017.11.09 21:31:50.895,1.26737,1.26746,1.00,1.12
2017.11.09 21:31:51.448,1.26736,1.26746,1.12,1.00
2017.11.09 21:31:55.998,1.26736,1.26746,3.56,1.00
2017.11.09 21:31:58.147,1.26737,1.26745,1.12,1.00
2017.11.09 21:32:01.058,1.26738,1.26745,1.50,1.00
2017.11.09 21:32:02.714,1.26739,1.26745,3.37,1.00
2017.11.09 21:32:03.873,1.26741,1.26748,1.12,1.00
2017.11.09 21:32:04.027,1.26745,1.26753,1.00,1.00
2017.11.09 21:32:04.079,1.26745,1.26755,2.62,1.00
2017.11.09 21:32:04.131,1.26747,1.26757,1.00,1.87
2017.11.09 21:32:04.182,1.26749,1.26759,1.50,1.87
2017.11.09 21:32:04.720,1.26748,1.2676,3.37,1.00
2017.11.09 21:32:05.251,1.26749,1.26759,1.50,1.00
2017.11.09 21:32:05.958,1.26751,1.26759,2.25,1.00
2017.11.09 21:32:06.112,1.26751,1.26762,3.75,1.00
2017.11.09 21:32:06.163,1.26753,1.26764,2.62,1.00
2017.11.09 21:32:06.353,1.26753,1.26767,3.37,1.12
2017.11.09 21:32:06.638,1.26755,1.26767,1.50,1.87
2017.11.09 21:32:07.181,1.26753,1.26767,2.25,1.87
2017.11.09 21:32:07.344,1.26753,1.26767,1.50,1.12
2017.11.09 21:32:07.667,1.26753,1.26767,1.50,1.50
2017.11.09 21:32:07.971,1.26754,1.26765,3.37,1.00
2017.11.09 21:32:08.073,1.26755,1.26767,1.00,1.50
2017.11.09 21:32:08.430,1.26754,1.26765,3.37,1.00
2017.11.09 21:32:08.685,1.26755,1.26767,1.00,1.87
2017.11.09 21:32:09.167,1.26755,1.26767,2.25,1.50
2017.11.09 21:32:13.520,1.26757,1.26768,1.87,2.25
2017.11.09 21:32:13.779,1.26761,1.26772,4.50,1.87
2017.11.09 21:32:14.188,1.26761,1.26772,3.75,3.00
2017.11.09 21:32:14.724,1.26761,1.26772,1.37,1.50
2017.11.09 21:32:15.198,1.26762,1.26773,2.62,1.50
2017.11.09 21:32:18.962,1.26761,1.26773,3.94,1.50
2017.11.09 21:32:23.063,1.26761,1.26772,4.69,1.50
2017.11.09 21:32:23.588,1.26763,1.26773,3.00,1.87
2017.11.09 21:32:35.162,1.26761,1.26771,1.12,1.37
2017.11.09 21:32:35.686,1.26761,1.26772,1.12,1.87
2017.11.09 21:32:36.227,1.26762,1.26773,2.62,4.50
2017.11.09 21:32:37.220,1.26763,1.26772,2.62,1.37
2017.11.09 21:32:37.732,1.26763,1.26773,1.50,4.50
2017.11.09 21:32:38.278,1.26763,1.26773,3.37,4.50
2017.11.09 21:32:39.764,1.26765,1.26774,4.50,1.00
2017.11.09 21:32:39.816,1.26767,1.26775,2.62,1.00
2017.11.09 21:32:39.868,1.26768,1.26777,2.62,1.00
2017.11.09 21:32:40.397,1.26769,1.26778,1.37,2.25
2017.11.09 21:32:41.768,1.26768,1.26778,1.12,1.12
2017.11.09 21:32:42.515,1.26768,1.26777,1.12,1.00
2017.11.09 21:32:43.027,1.26769,1.26778,3.37,1.87
2017.11.09 21:32:43.531,1.26769,1.26778,1.50,1.87
2017.11.09 21:32:44.112,1.26772,1.26779,1.50,1.87
2017.11.09 21:32:44.265,1.26779,1.26789,5.44,3.75
2017.11.09 21:32:44.773,1.2678,1.26788,3.00,2.62
2017.11.09 21:32:45.319,1.2678,1.26788,3.00,1.37
2017.11.09 21:32:46.098,1.2678,1.26788,3.00,2.62
2017.11.09 21:32:46.355,1.2678,1.26786,1.00,1.00
2017.11.09 21:32:46.863,1.2678,1.26785,1.00,1.00
2017.11.09 21:32:47.369,1.26778,1.26786,1.75,1.00
2017.11.09 21:32:48.301,1.26778,1.26786,1.75,1.00
2017.11.09 21:32:49.933,1.26778,1.26787,2.25,1.87
2017.11.09 21:32:50.517,1.26777,1.26787,4.50,2.25
2017.11.09 21:32:51.018,1.26779,1.26786,1.00,1.12
2017.11.09 21:32:51.310,1.26775,1.26785,4.50,2.25
2017.11.09 21:32:51.516,1.26779,1.26786,1.00,1.00
2017.11.09 21:32:52.386,1.26778,1.26787,2.62,3.00
2017.11.09 21:32:52.489,1.26777,1.26787,2.62,1.87
2017.11.09 21:32:53.081,1.26777,1.26787,2.62,3.00
2017.11.09 21:32:53.622,1.26776,1.26787,3.75,2.25
2017.11.09 21:32:54.249,1.26778,1.26787,1.00,2.25
2017.11.09 21:32:57.751,1.26778,1.26786,2.62,1.00
2017.11.09 21:32:58.600,1.26777,1.26787,5.25,1.50
2017.11.09 21:32:58.920,1.26787,1.26795,1.50,1.50
2017.11.09 21:32:59.175,1.26785,1.26794,1.12,1.12
2017.11.09 21:32:59.733,1.26785,1.26794,1.12,1.87
2017.11.09 21:33:00.245,1.26784,1.26794,1.87,1.12
2017.11.09 21:33:00.733,1.26784,1.26793,1.12,1.12
2017.11.09 21:33:01.332,1.26782,1.26793,1.37,2.25
2017.11.09 21:33:03.379,1.26782,1.26793,1.50,1.50
2017.11.09 21:33:03.919,1.26782,1.26793,1.12,1.00
2017.11.09 21:33:04.453,1.26782,1.26793,1.37,1.50
2017.11.09 21:33:04.968,1.26782,1.26793,1.37,1.00
2017.11.09 21:33:05.499,1.26782,1.26793,1.50,1.00
2017.11.09 21:33:05.741,1.26786,1.26794,1.00,1.00
2017.11.09 21:33:06.253,1.26786,1.26795,1.00,1.00
2017.11.09 21:33:24.023,1.26787,1.26795,1.00,1.00
2017.11.09 21:33:25.116,1.26784,1.26795,1.37,1.00
2017.11.09 21:33:25.924,1.26784,1.26795,1.00,1.00
2017.11.09 21:33:26.477,1.26784,1.26795,1.37,1.00
2017.11.09 21:33:31.526,1.26784,1.26795,3.00,1.00
2017.11.09 21:33:32.167,1.26785,1.26795,1.00,1.00
2017.11.09 21:33:34.168,1.26785,1.26796,1.00,1.00
2017.11.09 21:33:34.819,1.26784,1.26795,3.00,1.00
2017.11.09 21:33:38.753,1.26785,1.26795,1.00,1.00
2017.11.09 21:33:40.704,1.26784,1.26795,3.19,1.00
2017.11.09 21:33:41.009,1.26784,1.26797,4.31,1.00
2017.11.09 21:33:42.868,1.26788,1.26797,1.00,1.00
2017.11.09 21:33:43.499,1.26788,1.26798,1.50,1.00
2017.11.09 21:33:46.153,1.26788,1.26798,1.50,1.00
2017.11.09 21:33:48.742,1.26794,1.26803,3.37,2.25
2017.11.09 21:33:48.793,1.26796,1.26804,2.25,1.00
2017.11.09 21:33:48.845,1.26797,1.26806,1.00,1.00
2017.11.09 21:33:49.138,1.26793,1.26803,1.37,1.87
2017.11.09 21:33:49.189,1.2679,1.26802,1.37,1.00
2017.11.09 21:33:53.950,1.26793,1.26804,1.00,1.00
2017.11.09 21:33:54.257,1.26793,1.26805,3.00,2.25
2017.11.09 21:33:55.999,1.26793,1.26805,1.37,1.50
2017.11.09 21:33:56.506,1.26794,1.26805,1.00,2.25
2017.11.09 21:33:58.204,1.26793,1.26805,1.12,1.75
2017.11.09 21:34:01.179,1.26793,1.26805,1.75,1.50
2017.11.09 21:34:01.706,1.26791,1.26802,3.37,1.50
2017.11.09 21:34:01.758,1.2679,1.26802,1.50,1.00
2017.11.09 21:34:01.925,1.26789,1.26799,2.62,1.00
2017.11.09 21:34:02.028,1.26787,1.26798,1.50,1.50
2017.11.09 21:34:02.698,1.26786,1.26798,1.87,1.00
2017.11.09 21:34:05.094,1.26791,1.268,5.32,1.00
2017.11.09 21:34:05.308,1.26788,1.26801,1.50,2.62
2017.11.09 21:34:05.359,1.26788,1.26799,1.50,1.00
2017.11.09 21:34:06.419,1.26788,1.26799,1.87,1.12
2017.11.09 21:34:06.979,1.26788,1.26799,1.37,1.50
2017.11.09 21:34:10.200,1.26788,1.26799,1.37,2.25
2017.11.09 21:34:10.714,1.26788,1.26799,1.37,3.00
2017.11.09 21:34:13.223,1.26788,1.26799,1.37,3.00
2017.11.09 21:34:20.183,1.2679,1.26799,1.00,2.25
2017.11.09 21:34:20.539,1.26788,1.26797,1.12,1.00
2017.11.09 21:34:20.691,1.26788,1.26799,3.00,2.62
2017.11.09 21:34:20.743,1.26789,1.26797,1.00,1.00
2017.11.09 21:34:21.221,1.26785,1.26795,1.00,1.00
2017.11.09 21:34:23.088,1.26784,1.26793,1.75,1.00
2017.11.09 21:34:23.667,1.26784,1.26793,2.25,1.00
2017.11.09 21:34:24.309,1.26784,1.26793,3.37,1.00
2017.11.09 21:34:25.288,1.26784,1.26793,1.12,1.00
2017.11.09 21:34:25.490,1.26784,1.26795,3.00,1.00
2017.11.09 21:34:25.542,1.26784,1.26795,3.75,1.00
2017.11.09 21:34:25.848,1.26785,1.26793,2.62,1.00
2017.11.09 21:34:25.900,1.26785,1.26795,3.37,1.00
2017.11.09 21:34:26.053,1.26785,1.26795,2.25,1.00
2017.11.09 21:34:26.155,1.26785,1.26797,1.75,1.12
2017.11.09 21:34:26.745,1.26787,1.26797,1.00,1.12
2017.11.09 21:34:27.002,1.26787,1.26798,4.31,1.50
2017.11.09 21:34:27.960,1.26787,1.26797,1.75,1.00
2017.11.09 21:34:28.526,1.26787,1.26797,2.25,1.00
2017.11.09 21:34:29.056,1.26787,1.26797,2.62,1.00
2017.11.09 21:34:29.770,1.26786,1.26797,1.69,1.00
2017.11.09 21:34:29.821,1.26788,1.26798,2.25,1.00
2017.11.09 21:34:31.169,1.26786,1.26798,5.25,1.00
2017.11.09 21:34:31.519,1.26787,1.26796,1.75,1.00
2017.11.09 21:34:32.055,1.26787,1.26796,1.75,1.00
2017.11.09 21:34:33.020,1.26788,1.26796,1.75,1.00
2017.11.09 21:34:34.079,1.26789,1.26796,1.00,1.00
2017.11.09 21:34:34.681,1.26788,1.26796,1.50,1.00
2017.11.09 21:34:36.277,1.26787,1.26796,1.75,1.00
2017.11.09 21:34:37.001,1.26789,1.26797,1.00,1.50
2017.11.09 21:34:38.909,1.26787,1.26798,4.12,1.50
2017.11.09 21:34:39.917,1.26788,1.26798,1.75,3.00
2017.11.09 21:34:40.523,1.26789,1.26798,1.00,3.00
2017.11.09 21:34:40.856,1.26789,1.26796,2.25,1.00
2017.11.09 21:34:41.406,1.26789,1.26796,2.25,1.00
2017.11.09 21:34:41.661,1.26788,1.26798,2.62,1.25
2017.11.09 21:34:42.201,1.26787,1.26795,1.00,1.00
2017.11.09 21:34:42.520,1.26783,1.26791,2.62,1.00
2017.11.09 21:34:43.060,1.26783,1.26791,2.62,1.00
2017.11.09 21:34:46.837,1.26782,1.26791,4.87,1.00
2017.11.09 21:34:47.217,1.26787,1.26791,1.12,1.00
2017.11.09 21:34:47.268,1.26791,1.26798,2.25,3.75
2017.11.09 21:34:47.440,1.26792,1.268,2.62,1.00
2017.11.09 21:34:48.087,1.26793,1.268,2.62,1.00
2017.11.09 21:34:48.646,1.26792,1.268,3.37,1.00
2017.11.09 21:34:49.739,1.26792,1.26802,3.75,1.00
2017.11.09 21:34:51.273,1.26792,1.26802,2.62,1.00
2017.11.09 21:34:51.804,1.26792,1.26802,2.25,1.00
2017.11.09 21:34:55.747,1.26795,1.26802,1.00,1.00
2017.11.09 21:34:59.620,1.26792,1.26802,1.12,1.00
2017.11.09 21:34:59.671,1.26794,1.26802,1.00,1.00
2017.11.09 21:34:59.977,1.268,1.26806,2.62,2.25
2017.11.09 21:35:00.317,1.26797,1.26806,2.62,2.25
2017.11.09 21:35:00.724,1.26796,1.26805,1.50,1.00
2017.11.09 21:35:03.734,1.26795,1.26805,1.75,1.00
2017.11.09 21:35:04.007,1.26796,1.26807,2.62,1.00
2017.11.09 21:35:04.313,1.26797,1.26805,1.75,1.00
2017.11.09 21:35:04.643,1.26798,1.26805,1.00,1.00
2017.11.09 21:35:05.156,1.26799,1.26806,1.00,1.00
2017.11.09 21:35:06.111,1.26797,1.26806,1.75,1.00
2017.11.09 21:35:06.860,1.26795,1.26806,2.00,1.00
2017.11.09 21:35:06.962,1.26796,1.26805,1.31,1.00
2017.11.09 21:35:07.217,1.26795,1.26802,1.25,1.00
2017.11.09 21:35:14.606,1.26796,1.26802,1.25,1.00
2017.11.09 21:35:15.115,1.26788,1.26795,2.25,1.12
2017.11.09 21:35:15.166,1.26789,1.26798,2.62,1.50
2017.11.09 21:35:15.370,1.26789,1.268,4.50,1.00
2017.11.09 21:35:15.472,1.2679,1.268,1.75,1.00
2017.11.09 21:35:16.039,1.2679,1.268,2.62,1.00
2017.11.09 21:35:16.090,1.2679,1.268,1.00,1.00
2017.11.09 21:35:16.855,1.26791,1.268,1.00,1.00
2017.11.09 21:35:20.896,1.26788,1.26797,1.62,1.00
2017.11.09 21:35:21.202,1.26788,1.26795,1.25,1.00
2017.11.09 21:35:21.457,1.26786,1.26795,1.25,1.00
2017.11.09 21:35:24.283,1.26785,1.26795,2.81,1.00
2017.11.09 21:35:30.959,1.26786,1.26795,1.25,1.00
2017.11.09 21:35:32.324,1.26785,1.26795,2.06,1.00
2017.11.09 21:35:35.821,1.26786,1.26795,1.31,1.00
2017.11.09 21:35:50.275,1.26786,1.26797,1.25,1.87
2017.11.09 21:35:51.625,1.26785,1.26797,2.44,1.50
2017.11.09 21:35:52.159,1.26786,1.26797,1.25,1.25
2017.11.09 21:35:53.611,1.26785,1.26797,2.06,1.00
2017.11.09 21:35:54.133,1.26786,1.26797,1.25,1.25
2017.11.09 21:35:54.747,1.26785,1.26797,2.06,1.69
2017.11.09 21:35:58.098,1.26786,1.26797,1.25,1.69
2017.11.09 21:35:58.753,1.26785,1.26797,2.06,1.69
2017.11.09 21:35:59.627,1.26786,1.26797,1.25,1.69
2017.11.09 21:36:01.281,1.26786,1.26798,1.12,1.00
2017.11.09 21:36:02.205,1.26786,1.26798,2.06,1.00
2017.11.09 21:36:07.537,1.26786,1.26799,2.81,1.25
2017.11.09 21:36:13.400,1.26787,1.26799,1.00,1.50
2017.11.09 21:36:16.302,1.26787,1.26798,1.00,1.00
2017.11.09 21:36:17.750,1.26787,1.26799,1.00,1.69
2017.11.09 21:36:18.759,1.26786,1.26799,1.12,1.12
2017.11.09 21:36:19.724,1.26786,1.26799,3.00,2.25
2017.11.09 21:36:22.774,1.26787,1.26798,1.00,1.00
2017.11.09 21:36:23.287,1.26787,1.26799,1.00,1.69
2017.11.09 21:36:26.323,1.26786,1.26798,3.37,1.00
2017.11.09 21:36:27.051,1.26786,1.26798,5.25,1.12
2017.11.09 21:36:27.906,1.26786,1.26799,5.44,2.44
2017.11.09 21:36:28.111,1.26786,1.26798,1.00,1.00
2017.11.09 21:36:28.721,1.26786,1.26799,1.00,3.75
2017.11.09 21:36:30.326,1.26786,1.26799,3.00,1.12
2017.11.09 21:36:37.966,1.26786,1.26799,1.00,1.00
2017.11.09 21:36:38.477,1.26786,1.26799,1.37,1.50
2017.11.09 21:36:44.630,1.26786,1.26799,3.94,1.50
2017.11.09 21:36:55.626,1.26786,1.26799,2.81,1.12
2017.11.09 21:37:00.499,1.26788,1.26799,1.00,1.12
2017.11.09 21:37:05.383,1.26788,1.26799,1.87,1.37
2017.11.09 21:37:07.092,1.26788,1.26799,1.25,1.12
2017.11.09 21:37:07.594,1.26787,1.26798,2.06,1.00
2017.11.09 21:37:08.201,1.26788,1.26798,1.31,1.12
2017.11.09 21:37:08.582,1.26789,1.26798,4.12,1.00
2017.11.09 21:37:08.635,1.2679,1.26801,4.50,1.00
2017.11.09 21:37:09.000,1.26792,1.26803,1.00,2.25
2017.11.09 21:37:09.102,1.26791,1.26802,1.00,1.87
2017.11.09 21:37:11.525,1.26793,1.26804,1.12,2.81
2017.11.09 21:37:11.729,1.26793,1.26804,2.62,1.50
2017.11.09 21:37:12.045,1.26794,1.26804,1.00,1.00
2017.11.09 21:37:12.546,1.26793,1.26805,3.00,4.12
2017.11.09 21:37:16.072,1.26793,1.26805,1.87,4.50
2017.11.09 21:37:18.704,1.26794,1.26804,2.62,1.00
2017.11.09 21:37:18.756,1.26793,1.26804,3.19,1.00
2017.11.09 21:37:20.160,1.26795,1.26805,1.00,2.25
2017.11.09 21:37:21.062,1.26793,1.26804,3.56,1.00
2017.11.09 21:37:21.881,1.26793,1.26805,2.81,2.25
2017.11.09 21:37:22.187,1.26791,1.26802,1.69,1.50
2017.11.09 21:37:23.064,1.26791,1.26802,1.00,1.50
2017.11.09 21:37:23.628,1.2679,1.26802,5.44,1.50
2017.11.09 21:37:25.031,1.26791,1.26802,1.37,1.12
2017.11.09 21:37:25.560,1.26791,1.26802,1.37,1.87
2017.11.09 21:37:26.523,1.26792,1.26802,1.00,2.25
2017.11.09 21:37:27.042,1.26791,1.26802,1.00,1.50
2017.11.09 21:37:28.580,1.2679,1.26802,2.44,2.25
2017.11.09 21:37:31.149,1.26791,1.26801,1.00,1.37
2017.11.09 21:37:31.681,1.2679,1.26801,3.19,1.50
2017.11.09 21:37:38.713,1.26792,1.26803,1.69,6.19
2017.11.09 21:37:38.764,1.26792,1.26804,3.00,4.50
2017.11.09 21:37:38.969,1.26794,1.26805,1.00,2.25
2017.11.09 21:37:44.796,1.26793,1.26804,1.12,1.37
2017.11.09 21:37:45.010,1.26794,1.26805,1.00,2.25
2017.11.09 21:37:45.622,1.26794,1.26804,1.00,1.00
2017.11.09 21:37:45.880,1.26796,1.26805,1.00,2.62
2017.11.09 21:37:46.944,1.26796,1.26802,1.00,1.00
2017.11.09 21:37:47.148,1.26793,1.26801,1.00,2.25
2017.11.09 21:37:48.774,1.26793,1.26799,1.00,1.00
2017.11.09 21:37:54.172,1.26793,1.268,1.00,3.75
2017.11.09 21:37:54.711,1.26793,1.26799,1.00,2.25
2017.11.09 21:38:01.403,1.26793,1.26799,1.00,2.25
2017.11.09 21:38:01.558,1.2679,1.26796,1.00,3.37
2017.11.09 21:38:02.090,1.2679,1.26796,1.00,3.37
2017.11.09 21:38:02.782,1.26791,1.26796,1.00,3.37
2017.11.09 21:38:04.200,1.26791,1.26796,1.00,1.50
2017.11.09 21:38:04.506,1.26792,1.26798,1.00,1.50
2017.11.09 21:38:04.659,1.26792,1.26798,1.00,2.62
2017.11.09 21:38:04.812,1.26792,1.26798,1.00,1.12
2017.11.09 21:38:05.016,1.26792,1.26798,1.00,1.50
2017.11.09 21:38:05.635,1.26792,1.26797,1.00,1.00
2017.11.09 21:38:08.452,1.26793,1.26801,1.00,5.62
2017.11.09 21:38:09.061,1.26793,1.268,1.00,1.00
2017.11.09 21:38:09.631,1.26793,1.26799,1.00,1.00
2017.11.09 21:38:10.194,1.26793,1.26798,1.00,1.00
2017.11.09 21:38:11.461,1.26793,1.26799,1.00,1.00
2017.11.09 21:38:12.033,1.26793,1.26798,1.00,1.00
2017.11.09 21:38:14.765,1.26793,1.26799,1.00,1.00
2017.11.09 21:38:15.421,1.26793,1.268,1.00,1.87
2017.11.09 21:38:15.712,1.26793,1.26798,1.00,1.00
2017.11.09 21:38:16.411,1.26793,1.26799,1.00,1.00
2017.11.09 21:38:17.005,1.26793,1.26798,1.00,1.00
2017.11.09 21:38:17.107,1.26793,1.268,1.00,1.31
2017.11.09 21:38:17.733,1.26794,1.26801,1.00,2.62
2017.11.09 21:38:17.987,1.26796,1.26803,1.00,4.12
2017.11.09 21:38:18.645,1.26797,1.26803,1.00,1.12
2017.11.09 21:38:20.145,1.26796,1.26803,1.00,3.37
2017.11.09 21:38:20.581,1.26798,1.26804,1.00,1.37
2017.11.09 21:38:21.131,1.26797,1.26803,1.00,1.00
2017.11.09 21:38:22.737,1.26797,1.26804,1.00,1.50
2017.11.09 21:38:23.360,1.26798,1.26805,1.00,1.87
2017.11.09 21:38:24.041,1.26797,1.26806,1.00,3.75
2017.11.09 21:38:24.144,1.268,1.26808,1.00,2.25
2017.11.09 21:38:24.246,1.268,1.26807,1.00,1.37
2017.11.09 21:38:24.745,1.268,1.26804,1.00,1.00
2017.11.09 21:38:24.949,1.26798,1.26805,1.00,2.62
2017.11.09 21:38:26.217,1.26799,1.26808,1.00,4.50
2017.11.09 21:38:26.269,1.26801,1.26808,1.00,2.62
2017.11.09 21:38:26.982,1.26801,1.26809,1.00,3.00
2017.11.09 21:38:27.630,1.26801,1.26807,1.00,1.12
2017.11.09 21:38:28.139,1.26802,1.26809,1.00,2.25
2017.11.09 21:38:30.793,1.26802,1.26808,1.00,1.87
2017.11.09 21:38:40.574,1.268,1.26806,1.00,1.00
2017.11.09 21:38:41.117,1.26801,1.26808,1.00,1.75
2017.11.09 21:38:43.261,1.26796,1.26801,1.00,1.87
2017.11.09 21:38:43.313,1.26796,1.26802,1.00,1.00
2017.11.09 21:38:44.430,1.26797,1.26802,1.00,1.00
2017.11.09 21:38:44.938,1.26797,1.26803,1.00,1.12
2017.11.09 21:38:45.469,1.26798,1.26805,1.00,1.50
2017.11.09 21:38:45.939,1.26797,1.26804,1.00,3.37
2017.11.09 21:38:46.443,1.26797,1.26803,1.00,3.00
2017.11.09 21:38:47.247,1.26797,1.26803,1.00,2.25
2017.11.09 21:38:47.756,1.26797,1.26803,1.00,1.87
2017.11.09 21:38:48.273,1.26797,1.26804,1.00,3.19
2017.11.09 21:38:49.016,1.26797,1.26805,1.00,1.12
2017.11.09 21:38:49.485,1.26797,1.26805,1.00,3.37
2017.11.09 21:38:50.705,1.26797,1.26805,1.00,1.50
2017.11.09 21:38:50.858,1.26797,1.26806,1.00,1.00
2017.11.09 21:38:51.170,1.26797,1.26807,1.00,3.00
2017.11.09 21:38:53.083,1.26798,1.26806,1.00,2.62
2017.11.09 21:39:00.859,1.26794,1.26804,1.12,1.00
2017.11.09 21:39:06.701,1.26793,1.26801,1.00,1.00
2017.11.09 21:39:06.753,1.26791,1.26801,3.00,1.00
2017.11.09 21:39:07.261,1.26791,1.268,1.00,1.00
2017.11.09 21:39:07.714,1.2679,1.26802,1.87,1.12
2017.11.09 21:39:08.120,1.2679,1.268,1.87,1.00
2017.11.09 21:39:08.636,1.2679,1.26801,2.62,1.00
2017.11.09 21:39:09.173,1.2679,1.26802,2.62,1.87
2017.11.09 21:39:12.093,1.26791,1.26802,1.00,1.50
2017.11.09 21:39:12.545,1.26791,1.26802,1.12,6.94
2017.11.09 21:39:13.267,1.2679,1.26802,2.62,1.94
2017.11.09 21:39:13.319,1.26791,1.26803,1.87,1.50
2017.11.09 21:39:13.938,1.26792,1.26804,1.12,3.00
2017.11.09 21:39:15.943,1.26792,1.26804,1.00,1.50
2017.11.09 21:39:17.636,1.26791,1.26804,4.12,3.37
2017.11.09 21:39:22.037,1.26791,1.26804,2.25,1.75
2017.11.09 21:39:23.248,1.26792,1.26804,2.25,1.12
2017.11.09 21:39:23.299,1.26794,1.26805,3.37,1.37
2017.11.09 21:39:23.401,1.26795,1.26808,2.25,2.25
2017.11.09 21:39:23.656,1.26795,1.26805,1.00,1.00
2017.11.09 21:39:24.167,1.26793,1.26805,2.62,2.62
2017.11.09 21:39:24.724,1.26793,1.26805,3.37,3.00
2017.11.09 21:39:25.265,1.26793,1.26804,1.12,1.50
2017.11.09 21:39:26.821,1.26792,1.26804,4.50,1.50
2017.11.09 21:39:26.923,1.26793,1.26804,1.37,1.12
2017.11.09 21:39:27.489,1.26793,1.26804,3.00,1.50
2017.11.09 21:39:28.311,1.26793,1.26804,1.37,1.12
2017.11.09 21:39:28.961,1.26791,1.26804,5.25,1.87
2017.11.09 21:39:29.166,1.2679,1.26802,5.25,3.37
2017.11.09 21:39:30.692,1.26795,1.26804,1.87,1.12
2017.11.09 21:39:30.744,1.26796,1.26806,1.12,1.12
2017.11.09 21:39:32.024,1.26796,1.26807,1.87,1.00
2017.11.09 21:39:32.761,1.26796,1.26808,1.87,2.25
2017.11.09 21:39:38.636,1.26796,1.26808,3.00,4.12
2017.11.09 21:39:42.729,1.26797,1.26807,1.00,1.00
2017.11.09 21:39:42.780,1.26795,1.26806,1.00,1.50
2017.11.09 21:39:50.516,1.26795,1.26806,1.12,1.50
2017.11.09 21:39:50.568,1.26796,1.26808,3.00,3.00
2017.11.09 21:39:51.104,1.26795,1.26807,3.75,1.50
2017.11.09 21:39:52.852,1.26795,1.26807,1.50,1.50
2017.11.09 21:39:58.208,1.26795,1.26805,1.00,1.00
2017.11.09 21:39:58.800,1.26795,1.26806,1.12,1.00
2017.11.09 21:40:00.513,1.26792,1.26801,1.12,1.50
2017.11.09 21:40:00.564,1.26789,1.26799,1.37,1.00
2017.11.09 21:40:01.104,1.26788,1.26799,1.37,1.50
2017.11.09 21:40:02.800,1.26789,1.26799,1.00,1.37
2017.11.09 21:40:03.775,1.2679,1.268,1.00,1.00
2017.11.09 21:40:07.023,1.26789,1.26799,1.12,1.00
2017.11.09 21:40:07.549,1.26787,1.268,2.62,2.62
2017.11.09 21:40:08.081,1.2679,1.268,1.00,1.25
2017.11.09 21:40:08.593,1.26789,1.26801,3.00,2.06
2017.11.09 21:40:10.046,1.2679,1.26801,1.00,3.94
2017.11.09 21:40:12.007,1.26789,1.268,1.37,2.25
2017.11.09 21:40:14.915,1.26789,1.26801,1.00,4.12
2017.11.09 21:40:19.249,1.26789,1.26801,1.37,3.75
2017.11.09 21:40:21.926,1.26789,1.26801,1.37,4.12
2017.11.09 21:40:28.171,1.26788,1.26799,3.00,2.25
2017.11.09 21:40:34.891,1.26789,1.268,1.00,1.50
2017.11.09 21:40:38.290,1.26789,1.268,1.12,3.37
2017.11.09 21:40:40.504,1.26787,1.26799,5.25,1.00
2017.11.09 21:40:41.111,1.26789,1.26799,1.37,2.62
2017.11.09 21:40:41.656,1.26789,1.26799,1.12,1.00
2017.11.09 21:40:42.948,1.26791,1.26801,1.50,1.00
2017.11.09 21:40:43.256,1.26794,1.26805,1.87,3.37
2017.11.09 21:40:47.136,1.26795,1.26807,1.12,2.25
2017.11.09 21:40:47.442,1.26798,1.26808,1.00,1.00
2017.11.09 21:40:47.493,1.26798,1.2681,1.00,2.25
2017.11.09 21:40:47.698,1.26799,1.2681,1.37,1.00
2017.11.09 21:40:48.747,1.26799,1.26811,3.00,1.12
2017.11.09 21:40:49.267,1.268,1.26812,1.37,1.87
2017.11.09 21:40:50.141,1.268,1.26811,1.50,1.00
2017.11.09 21:40:50.644,1.268,1.26812,1.50,1.50
2017.11.09 21:40:51.172,1.26799,1.26812,4.50,1.00
2017.11.09 21:40:52.145,1.268,1.26812,2.25,1.00
2017.11.09 21:40:55.518,1.268,1.26813,2.25,1.69
2017.11.09 21:40:55.872,1.26801,1.26813,1.00,1.69
2017.11.09 21:41:00.302,1.26801,1.26813,1.00,1.69
2017.11.09 21:41:01.184,1.268,1.26812,3.00,1.19
2017.11.09 21:41:01.820,1.26801,1.26811,1.50,1.00
2017.11.09 21:41:04.114,1.268,1.26811,3.37,1.25
2017.11.09 21:41:07.680,1.268,1.26811,2.62,2.06
2017.11.09 21:41:07.985,1.26798,1.26808,1.00,1.69
2017.11.09 21:41:08.555,1.26796,1.26808,2.62,2.44
2017.11.09 21:41:09.163,1.26797,1.26807,2.62,1.25
2017.11.09 21:41:09.708,1.26796,1.26807,4.12,3.00
2017.11.09 21:41:10.737,1.26796,1.26807,2.62,1.25
2017.11.09 21:41:11.406,1.26796,1.26806,3.37,1.00
2017.11.09 21:41:16.160,1.26797,1.26807,1.12,1.00
2017.11.09 21:41:16.665,1.26797,1.26808,2.62,3.00
2017.11.09 21:41:18.592,1.26796,1.26808,3.37,1.50
2017.11.09 21:41:19.165,1.26797,1.26807,2.25,1.00
2017.11.09 21:41:19.671,1.26796,1.26806,3.37,1.00
2017.11.09 21:41:22.705,1.26796,1.26806,3.37,1.00
2017.11.09 21:41:26.757,1.26796,1.26807,2.62,1.00
2017.11.09 21:41:27.342,1.26797,1.26807,1.00,3.00
2017.11.09 21:41:29.681,1.26795,1.26806,5.62,1.00
2017.11.09 21:41:33.677,1.26797,1.26806,2.62,1.00
2017.11.09 21:41:34.815,1.26797,1.26806,1.00,1.00
2017.11.09 21:41:35.371,1.26797,1.26807,1.00,2.44
2017.11.09 21:41:38.689,1.26796,1.26806,1.37,1.00
2017.11.09 21:41:39.330,1.26796,1.26807,1.37,1.00
2017.11.09 21:41:41.414,1.26796,1.26807,1.00,1.00
2017.11.09 21:41:46.844,1.26795,1.26808,2.25,1.00
2017.11.09 21:41:46.895,1.26799,1.2681,1.00,1.00
2017.11.09 21:41:47.201,1.26799,1.2681,2.62,1.00
2017.11.09 21:41:48.365,1.268,1.2681,1.00,1.00
2017.11.09 21:41:51.976,1.26799,1.26811,2.62,1.25
2017.11.09 21:41:52.593,1.26799,1.26811,3.37,1.19
2017.11.09 21:41:53.978,1.268,1.26811,1.00,1.69
2017.11.09 21:41:54.288,1.268,1.26811,1.00,1.69
2017.11.09 21:41:56.987,1.26802,1.26813,1.87,1.12
2017.11.09 21:41:57.137,1.26803,1.26815,5.25,2.70
2017.11.09 21:41:57.189,1.26805,1.26817,1.00,1.50
2017.11.09 21:41:57.443,1.26803,1.26817,1.87,2.06
2017.11.09 21:41:57.946,1.26803,1.26814,3.75,1.00
2017.11.09 21:41:58.456,1.26802,1.26813,2.62,1.00
2017.11.09 21:42:04.444,1.26801,1.26813,3.75,1.50
2017.11.09 21:42:12.108,1.26801,1.26813,3.75,2.25
2017.11.09 21:42:12.160,1.26802,1.26813,1.75,1.50
2017.11.09 21:42:12.211,1.26803,1.26813,1.00,1.50
2017.11.09 21:42:12.721,1.26802,1.26812,2.62,1.00
2017.11.09 21:42:13.255,1.26802,1.26813,2.62,1.50
2017.11.09 21:42:13.787,1.26802,1.26812,3.37,1.00
2017.11.09 21:42:14.297,1.26801,1.26812,5.25,1.00
2017.11.09 21:42:14.955,1.26802,1.26813,1.50,2.44
2017.11.09 21:42:17.749,1.26802,1.26813,3.37,2.25
2017.11.09 21:42:19.486,1.26802,1.26812,3.37,1.00
2017.11.09 21:42:20.302,1.26801,1.26812,4.87,1.00
2017.11.09 21:42:21.034,1.26802,1.26813,1.50,2.25
2017.11.09 21:42:21.085,1.26804,1.26816,3.37,1.87
2017.11.09 21:42:21.289,1.26807,1.26818,1.00,1.00
2017.11.09 21:42:21.761,1.26805,1.26817,1.00,2.81
2017.11.09 21:42:22.408,1.26805,1.26817,1.00,2.06
2017.11.09 21:42:23.058,1.26805,1.26817,1.00,5.44
2017.11.09 21:42:23.365,1.26809,1.26819,1.00,1.87
2017.11.09 21:42:23.674,1.26807,1.26819,2.62,1.69
2017.11.09 21:42:24.224,1.26807,1.26818,1.87,1.00
2017.11.09 21:42:24.800,1.26807,1.2682,1.37,3.56
2017.11.09 21:42:25.328,1.26807,1.2682,3.00,1.56
2017.11.09 21:42:35.135,1.26807,1.2682,1.69,3.37
2017.11.09 21:42:35.649,1.26809,1.2682,1.00,1.69
2017.11.09 21:42:38.070,1.26809,1.2682,1.00,4.87
2017.11.09 21:42:44.614,1.26812,1.26823,2.62,4.12
2017.11.09 21:42:45.130,1.2681,1.26821,2.06,2.25
2017.11.09 21:42:51.333,1.26811,1.26821,1.37,1.50
2017.11.09 21:42:55.388,1.26811,1.2682,1.37,1.50
2017.11.09 21:42:56.891,1.26811,1.2682,1.12,1.00
2017.11.09 21:42:58.174,1.2681,1.26822,1.12,5.44
2017.11.09 21:43:00.081,1.2681,1.26818,1.00,1.50
2017.11.09 21:43:00.133,1.26807,1.26818,3.37,1.12
2017.11.09 21:43:00.184,1.26806,1.26816,1.37,1.00
2017.11.09 21:43:02.937,1.26806,1.26815,1.37,1.00
2017.11.09 21:43:11.603,1.26805,1.26815,1.87,1.37
2017.11.09 21:43:18.258,1.26805,1.26815,4.87,1.00
2017.11.09 21:43:23.343,1.26806,1.26817,1.50,1.12
2017.11.09 21:43:37.151,1.26806,1.26817,3.75,1.50
2017.11.09 21:43:39.286,1.26805,1.26817,4.50,1.00
2017.11.09 21:43:47.253,1.26807,1.26817,1.37,2.62
2017.11.09 21:43:48.580,1.26807,1.26817,1.00,2.25
2017.11.09 21:43:49.545,1.26806,1.26817,1.87,2.25
2017.11.09 21:43:50.074,1.26806,1.26817,1.87,3.00
2017.11.09 21:44:00.948,1.26806,1.26817,2.62,1.50
2017.11.09 21:44:01.541,1.26807,1.26817,1.00,1.50
2017.11.09 21:44:23.333,1.26806,1.26818,1.50,2.62
2017.11.09 21:44:23.867,1.26806,1.26817,1.50,1.00
2017.11.09 21:44:24.527,1.26805,1.26818,4.12,1.00
2017.11.09 21:44:26.875,1.26805,1.26817,5.62,1.00
2017.11.09 21:44:27.403,1.26806,1.26818,2.62,1.12
2017.11.09 21:44:29.350,1.26807,1.26818,2.25,1.87
2017.11.09 21:44:30.084,1.26807,1.26817,2.25,1.00
2017.11.09 21:44:30.382,1.26806,1.26819,2.62,2.62
2017.11.09 21:44:31.132,1.26806,1.26818,3.37,1.12
2017.11.09 21:44:32.887,1.26806,1.26819,2.62,2.62
2017.11.09 21:44:33.534,1.26806,1.26818,3.37,1.12
2017.11.09 21:44:42.741,1.26807,1.26818,2.62,1.12
2017.11.09 21:44:43.259,1.26806,1.26818,1.50,1.12
2017.11.09 21:44:46.418,1.26805,1.26819,4.12,2.62
2017.11.09 21:44:48.243,1.26807,1.26818,1.00,1.12
2017.11.09 21:44:48.630,1.26808,1.26819,1.37,1.50
2017.11.09 21:44:48.681,1.26807,1.2682,1.25,1.50
2017.11.09 21:44:49.432,1.26807,1.2682,1.50,1.12
2017.11.09 21:44:51.529,1.26808,1.2682,1.00,1.12
2017.11.09 21:44:58.670,1.26808,1.26821,1.12,4.50
2017.11.09 21:44:59.432,1.26808,1.2682,1.50,1.00
2017.11.09 21:45:00.378,1.26807,1.26818,2.62,1.00
2017.11.09 21:45:00.480,1.26806,1.26818,2.25,1.12
2017.11.09 21:45:01.571,1.26806,1.26817,2.25,1.00
2017.11.09 21:45:02.111,1.26806,1.26818,2.25,1.50
2017.11.09 21:45:02.812,1.26805,1.26818,4.12,1.00
2017.11.09 21:45:04.167,1.26806,1.26817,1.00,1.00
2017.11.09 21:45:04.575,1.26807,1.2682,1.37,6.75
2017.11.09 21:45:05.193,1.26807,1.26819,1.50,1.87
2017.11.09 21:45:05.697,1.26807,1.26819,1.50,1.87
2017.11.09 21:45:07.753,1.26807,1.2682,1.87,1.87
2017.11.09 21:45:09.314,1.26807,1.26818,1.12,1.00
2017.11.09 21:45:09.899,1.26807,1.26819,1.12,1.00
2017.11.09 21:45:13.360,1.26807,1.26819,3.37,1.87
2017.11.09 21:45:17.239,1.26807,1.26819,1.50,2.25
2017.11.09 21:45:17.781,1.26807,1.26818,1.50,1.00
2017.11.09 21:45:19.198,1.26807,1.2682,1.12,3.00
2017.11.09 21:45:32.892,1.26807,1.2682,1.50,3.37
2017.11.09 21:45:34.650,1.26807,1.26818,1.37,1.00
2017.11.09 21:45:35.166,1.26807,1.26819,1.50,2.25
2017.11.09 21:45:35.721,1.26807,1.26819,1.00,1.12
2017.11.09 21:45:42.991,1.26807,1.26819,1.12,2.62
2017.11.09 21:45:43.629,1.26807,1.26819,1.12,1.12
2017.11.09 21:45:44.498,1.26807,1.26819,1.12,1.37
2017.11.09 21:45:48.638,1.26806,1.26818,1.50,1.12
2017.11.09 21:45:49.150,1.26806,1.26818,2.25,1.00
2017.11.09 21:45:49.698,1.26806,1.26819,2.25,1.12
2017.11.09 21:45:50.287,1.26807,1.26819,1.00,5.25
2017.11.09 21:45:52.676,1.26806,1.26819,1.50,1.50
2017.11.09 21:45:53.313,1.26806,1.26818,1.50,1.00
2017.11.09 21:45:54.725,1.26806,1.26819,3.37,2.62
2017.11.09 21:45:55.336,1.26806,1.26819,1.87,1.87
2017.11.09 21:45:57.152,1.26807,1.26819,2.62,1.50
2017.11.09 21:45:57.699,1.26806,1.26819,3.75,1.12
2017.11.09 21:46:00.198,1.26807,1.26819,2.62,1.87
2017.11.09 21:46:00.699,1.26806,1.26819,3.75,1.12
2017.11.09 21:46:04.233,1.26806,1.26819,3.75,1.37
2017.11.09 21:46:07.276,1.26806,1.26819,5.25,1.12
2017.11.09 21:46:07.720,1.26806,1.26819,3.75,2.25
2017.11.09 21:46:08.223,1.26806,1.26819,3.37,3.00
2017.11.09 21:46:11.622,1.26806,1.2682,3.75,1.87
2017.11.09 21:46:12.126,1.26805,1.26819,3.37,3.75
2017.11.09 21:46:12.677,1.26807,1.26819,1.00,3.00
2017.11.09 21:46:13.300,1.26806,1.26818,2.62,1.12
2017.11.09 21:46:15.662,1.26806,1.26818,2.25,1.50
2017.11.09 21:46:16.270,1.26805,1.26818,4.12,1.00
2017.11.09 21:46:18.171,1.26805,1.26818,3.00,1.00
2017.11.09 21:46:19.320,1.26805,1.26818,1.50,1.37
2017.11.09 21:46:19.967,1.26804,1.26819,4.12,4.50
2017.11.09 21:46:21.271,1.26806,1.26818,2.62,1.50
2017.11.09 21:46:25.218,1.26806,1.26818,1.00,1.00
2017.11.09 21:46:26.622,1.26805,1.26819,1.50,3.37
2017.11.09 21:46:28.153,1.26805,1.26819,2.25,3.75
2017.11.09 21:46:30.606,1.26805,1.26818,3.37,2.62
2017.11.09 21:46:31.632,1.26805,1.26819,3.00,3.00
2017.11.09 21:46:32.178,1.26808,1.26818,1.12,2.62
2017.11.09 21:46:33.056,1.26807,1.26817,1.12,1.00
2017.11.09 21:46:34.204,1.26807,1.26818,1.37,2.62
2017.11.09 21:46:43.087,1.26808,1.26819,1.00,1.00
2017.11.09 21:46:45.083,1.26808,1.2682,1.50,3.00
2017.11.09 21:46:50.962,1.26807,1.26818,1.50,1.00
2017.11.09 21:46:51.510,1.26807,1.26819,3.37,1.50
2017.11.09 21:46:52.147,1.26807,1.26818,3.37,1.37
2017.11.09 21:46:53.130,1.26807,1.26819,2.25,2.62
2017.11.09 21:46:53.590,1.26805,1.26818,1.50,1.87
2017.11.09 21:47:02.118,1.26805,1.26818,4.87,3.75
2017.11.09 21:47:02.642,1.26807,1.26818,1.00,1.75
2017.11.09 21:47:02.745,1.26806,1.26818,2.25,2.25
2017.11.09 21:47:03.288,1.26807,1.26818,1.12,1.50
2017.11.09 21:47:06.861,1.26807,1.26818,2.44,1.50
2017.11.09 21:47:07.534,1.26809,1.26818,1.00,1.37
2017.11.09 21:47:15.264,1.26809,1.26819,1.37,3.00
2017.11.09 21:47:15.784,1.26808,1.26818,1.37,1.00
2017.11.09 21:47:22.789,1.26807,1.26818,3.37,1.37
2017.11.09 21:47:23.393,1.26807,1.26818,1.00,1.50
2017.11.09 21:47:23.494,1.26808,1.26819,1.00,2.62
2017.11.09 21:47:23.596,1.26807,1.26818,1.12,1.00
2017.11.09 21:47:23.992,1.26806,1.26818,3.75,3.00
2017.11.09 21:47:24.376,1.26807,1.26818,1.00,1.50
2017.11.09 21:47:24.902,1.26806,1.26818,1.87,1.37
2017.11.09 21:47:24.953,1.26807,1.26818,1.37,1.37
2017.11.09 21:47:25.157,1.26807,1.26817,1.00,1.00
2017.11.09 21:47:25.733,1.26807,1.26817,1.37,1.00
2017.11.09 21:47:26.275,1.26807,1.26818,1.00,1.37
2017.11.09 21:47:26.546,1.26807,1.26818,1.62,1.50
2017.11.09 21:47:26.648,1.26807,1.26819,1.12,4.87
2017.11.09 21:47:27.211,1.26806,1.26818,3.00,3.75
2017.11.09 21:47:27.877,1.26807,1.26818,1.00,1.50
2017.11.09 21:47:28.094,1.26807,1.26818,1.87,2.25
2017.11.09 21:47:28.196,1.26807,1.26817,1.50,1.00
2017.11.09 21:47:28.750,1.26806,1.26818,1.87,4.12
2017.11.09 21:47:34.245,1.26806,1.26816,1.87,1.00
2017.11.09 21:47:39.610,1.26806,1.26817,1.87,1.50
2017.11.09 21:47:40.831,1.26806,1.26817,1.12,3.37
2017.11.09 21:47:41.439,1.26805,1.26816,6.75,2.25
2017.11.09 21:47:43.581,1.26806,1.26817,1.50,1.87
2017.11.09 21:47:57.291,1.26806,1.26818,3.00,2.25
2017.11.09 21:47:58.129,1.26807,1.26818,1.75,2.25
2017.11.09 21:47:58.729,1.26808,1.26818,1.37,1.50
2017.11.09 21:47:58.883,1.26807,1.26818,1.00,1.50
2017.11.09 21:48:00.154,1.26807,1.26817,1.00,1.37
2017.11.09 21:48:01.562,1.26805,1.26817,4.31,1.12
2017.11.09 21:48:09.549,1.26807,1.26817,1.00,2.25
2017.11.09 21:48:18.132,1.26806,1.26816,1.00,1.00
2017.11.09 21:48:26.256,1.26805,1.26816,1.50,1.00
2017.11.09 21:48:31.070,1.26805,1.26817,3.00,2.62
2017.11.09 21:48:31.602,1.26805,1.26818,2.25,7.87
2017.11.09 21:48:33.155,1.26806,1.26817,1.00,1.00
2017.11.09 21:48:33.207,1.26805,1.26818,2.25,3.37
2017.11.09 21:48:34.698,1.26805,1.26815,1.00,1.00
2017.11.09 21:48:37.720,1.26805,1.26818,1.50,5.25
2017.11.09 21:48:44.461,1.26804,1.26818,4.12,3.75
2017.11.09 21:48:46.147,1.26804,1.26817,1.50,3.37
2017.11.09 21:48:49.127,1.26805,1.26817,3.37,3.37
2017.11.09 21:48:49.753,1.26805,1.26817,3.37,2.25
2017.11.09 21:48:50.739,1.26805,1.26815,1.00,1.00
2017.11.09 21:48:54.823,1.26804,1.26818,4.69,4.12
2017.11.09 21:48:55.823,1.26805,1.26816,1.50,2.62
2017.11.09 21:48:56.523,1.26805,1.26815,1.50,1.00
2017.11.09 21:49:26.928,1.26805,1.26816,1.37,3.00
2017.11.09 21:49:27.494,1.26805,1.26816,1.12,1.37
2017.11.09 21:49:55.996,1.26804,1.26816,1.12,2.62
2017.11.09 21:50:00.976,1.26805,1.26816,1.00,4.50
2017.11.09 21:50:01.079,1.26803,1.26814,1.87,1.00
2017.11.09 21:50:01.670,1.26802,1.26814,1.87,1.00
2017.11.09 21:50:02.041,1.26802,1.26814,1.12,1.75
2017.11.09 21:50:05.473,1.26802,1.26814,1.37,1.75
2017.11.09 21:50:06.411,1.26802,1.26813,1.12,1.50
2017.11.09 21:50:06.978,1.26802,1.26813,1.37,3.37
2017.11.09 21:50:07.216,1.26802,1.26815,3.37,2.62
2017.11.09 21:50:07.778,1.26803,1.26816,1.87,3.75
2017.11.09 21:50:08.629,1.26803,1.26816,3.19,2.25
2017.11.09 21:50:11.967,1.26804,1.26816,1.62,2.62
2017.11.09 21:50:15.653,1.26804,1.26817,3.00,4.87
2017.11.09 21:50:16.923,1.26804,1.26817,1.12,4.12
2017.11.09 21:50:17.076,1.26803,1.26814,1.00,1.00
2017.11.09 21:50:17.670,1.26802,1.26814,1.87,1.00
2017.11.09 21:50:19.171,1.26802,1.26815,1.50,3.37
2017.11.09 21:50:19.789,1.26802,1.26814,3.75,2.62
2017.11.09 21:50:30.925,1.26802,1.26814,1.12,2.62
2017.11.09 21:50:31.449,1.26802,1.26815,1.37,1.75
2017.11.09 21:50:38.195,1.26802,1.26812,3.00,1.00
2017.11.09 21:50:39.108,1.26802,1.26815,1.37,1.75
2017.11.09 21:50:42.462,1.26801,1.26816,2.25,4.87
2017.11.09 21:50:43.786,1.26802,1.26815,2.25,3.00
2017.11.09 21:50:44.296,1.26802,1.26814,1.50,1.00
2017.11.09 21:50:48.145,1.26802,1.26815,4.12,1.37
2017.11.09 21:50:52.458,1.26802,1.26815,5.62,1.12
2017.11.09 21:50:57.925,1.26802,1.26815,3.37,1.50
2017.11.09 21:50:58.711,1.26804,1.26815,1.00,1.00
2017.11.09 21:50:59.469,1.26802,1.26814,1.50,1.00
2017.11.09 21:50:59.728,1.26799,1.26808,3.07,1.00
2017.11.09 21:50:59.882,1.26799,1.26808,1.00,1.00
2017.11.09 21:51:00.403,1.26798,1.26809,1.00,1.50
2017.11.09 21:51:01.924,1.26798,1.26808,1.87,1.00
2017.11.09 21:51:02.128,1.26799,1.2681,1.00,1.50
2017.11.09 21:51:02.638,1.26798,1.26809,5.81,1.00
2017.11.09 21:51:03.147,1.268,1.26809,1.37,1.00
2017.11.09 21:51:07.816,1.26799,1.2681,4.12,1.12
2017.11.09 21:51:08.767,1.268,1.2681,1.00,1.12
2017.11.09 21:51:09.288,1.268,1.26809,1.50,1.12
2017.11.09 21:51:23.235,1.26799,1.26808,2.62,1.00
2017.11.09 21:51:23.766,1.26799,1.2681,2.62,1.50
2017.11.09 21:51:28.426,1.26798,1.2681,3.19,3.37
2017.11.09 21:51:31.138,1.26799,1.26809,1.22,1.37
2017.11.09 21:51:31.875,1.26799,1.26809,1.22,1.37
2017.11.09 21:51:32.384,1.268,1.2681,1.00,1.50
2017.11.09 21:51:32.929,1.26799,1.26811,1.60,4.12
2017.11.09 21:51:34.164,1.26799,1.26811,1.60,2.25
2017.11.09 21:51:35.301,1.26798,1.2681,1.85,3.00
2017.11.09 21:51:35.894,1.268,1.26811,1.00,2.25
2017.11.09 21:51:36.403,1.26799,1.26811,1.97,3.00
2017.11.09 21:51:38.242,1.26799,1.26811,1.97,3.37
2017.11.09 21:51:38.761,1.268,1.2681,1.12,1.00
2017.11.09 21:51:40.121,1.268,1.26811,1.22,2.25
2017.11.09 21:51:40.684,1.268,1.26811,1.22,2.25
2017.11.09 21:51:43.838,1.268,1.2681,1.22,1.00
2017.11.09 21:51:44.360,1.268,1.26811,1.22,2.25
2017.11.09 21:51:45.578,1.268,1.2681,1.13,1.00
2017.11.09 21:51:46.080,1.268,1.26811,1.60,1.50
2017.11.09 21:51:46.670,1.268,1.2681,1.13,1.00
2017.11.09 21:51:49.365,1.26801,1.2681,1.00,1.00
2017.11.09 21:51:49.731,1.26803,1.26815,1.12,2.25
2017.11.09 21:51:49.783,1.26804,1.26815,1.87,1.12
2017.11.09 21:51:50.089,1.26806,1.26816,1.00,3.37
2017.11.09 21:51:50.814,1.26805,1.26816,1.10,1.50
2017.11.09 21:51:51.379,1.26805,1.26816,1.10,1.50
2017.11.09 21:51:51.905,1.26805,1.26816,1.10,1.50
2017.11.09 21:51:53.655,1.26805,1.26815,1.10,1.00
2017.11.09 21:51:55.160,1.26805,1.26816,1.10,4.12
2017.11.09 21:51:55.877,1.26805,1.26816,1.10,3.37
2017.11.09 21:51:57.180,1.26805,1.26816,1.60,1.50
2017.11.09 21:51:58.034,1.26805,1.26816,1.10,1.50
2017.11.09 21:51:58.188,1.26808,1.2682,2.62,2.25
2017.11.09 21:51:58.239,1.2681,1.26821,1.50,1.87
2017.11.09 21:51:58.392,1.26808,1.26819,1.00,1.00
2017.11.09 21:51:58.444,1.26807,1.26821,1.87,4.87
2017.11.09 21:51:59.124,1.26808,1.26819,1.00,1.50
2017.11.09 21:51:59.730,1.26808,1.26818,1.00,2.62
2017.11.09 21:52:00.415,1.26807,1.26818,1.87,2.62
2017.11.09 21:52:01.669,1.26808,1.26818,1.00,1.00
2017.11.09 21:52:08.537,1.26807,1.26818,1.00,1.00
2017.11.09 21:52:09.160,1.26808,1.26818,1.00,1.00
2017.11.09 21:52:11.179,1.26807,1.26818,1.00,1.00
2017.11.09 21:52:16.318,1.26808,1.26819,1.00,4.12
2017.11.09 21:52:22.217,1.26809,1.26819,1.00,3.37
2017.11.09 21:52:26.673,1.26811,1.26821,1.12,3.37
2017.11.09 21:52:27.380,1.26811,1.26821,1.12,2.25
2017.11.09 21:52:34.649,1.26811,1.26821,1.00,1.00
2017.11.09 21:52:41.954,1.2681,1.26821,2.25,1.00
2017.11.09 21:52:43.811,1.26811,1.26821,1.00,1.00
2017.11.09 21:52:46.198,1.26811,1.26822,1.50,1.00
2017.11.09 21:52:46.503,1.26812,1.26824,1.37,1.00
2017.11.09 21:53:02.825,1.26812,1.26824,1.69,1.00
2017.11.09 21:53:11.340,1.26812,1.26824,1.19,1.00
2017.11.09 21:53:11.653,1.26812,1.26823,1.12,3.37
2017.11.09 21:53:14.598,1.26812,1.26825,1.12,4.12
2017.11.09 21:53:15.122,1.26812,1.26824,1.50,1.50
2017.11.09 21:53:19.523,1.26812,1.26824,1.00,1.37
2017.11.09 21:53:20.369,1.26812,1.26824,1.00,1.12
2017.11.09 21:53:27.161,1.26812,1.26823,1.12,1.00
2017.11.09 21:53:31.190,1.26814,1.26824,1.00,1.37
2017.11.09 21:53:31.734,1.26813,1.26824,1.00,1.50
2017.11.09 21:53:46.397,1.26808,1.26817,3.75,1.00
2017.11.09 21:53:46.448,1.26806,1.26818,2.62,2.62
2017.11.09 21:53:46.958,1.26805,1.26817,1.87,2.62
2017.11.09 21:53:47.483,1.26805,1.26817,1.12,1.87
2017.11.09 21:53:48.023,1.26803,1.26816,2.62,1.87
2017.11.09 21:53:48.410,1.26801,1.26813,1.87,1.00
2017.11.09 21:53:49.052,1.26801,1.26813,1.00,1.00
2017.11.09 21:53:50.086,1.268,1.26814,4.87,1.87
2017.11.09 21:53:52.076,1.26801,1.26812,1.00,1.00
2017.11.09 21:53:58.175,1.26801,1.26813,1.00,1.00
2017.11.09 21:53:58.499,1.268,1.26816,3.94,2.62
2017.11.09 21:54:00.600,1.268,1.26812,4.87,1.12
2017.11.09 21:54:02.173,1.26801,1.26814,1.69,1.00
2017.11.09 21:54:07.675,1.26801,1.26814,1.69,1.00
2017.11.09 21:54:07.878,1.26803,1.26816,1.37,1.37
2017.11.09 21:54:08.541,1.26803,1.26816,1.69,1.00
2017.11.09 21:54:10.107,1.26805,1.26816,1.00,1.00
2017.11.09 21:54:10.743,1.26803,1.26816,1.69,1.00
2017.11.09 21:54:14.744,1.26804,1.26817,1.50,1.00
2017.11.09 21:54:15.383,1.26804,1.26817,1.50,1.50
2017.11.09 21:54:19.959,1.26804,1.26817,1.12,1.12
2017.11.09 21:54:20.956,1.26804,1.26817,1.12,3.00
2017.11.09 21:54:23.159,1.26805,1.26818,1.37,2.62
2017.11.09 21:54:23.363,1.26806,1.26819,1.00,3.37
2017.11.09 21:54:25.368,1.26806,1.26819,1.00,6.75
2017.11.09 21:54:26.107,1.26806,1.26818,1.00,2.62
2017.11.09 21:54:32.200,1.26806,1.26819,1.00,5.25
2017.11.09 21:54:42.486,1.26806,1.26818,1.25,1.00
2017.11.09 21:54:46.134,1.26806,1.26819,1.87,2.62
2017.11.09 21:54:46.337,1.26807,1.26819,1.31,1.00
2017.11.09 21:54:46.388,1.26808,1.26821,2.25,4.12
2017.11.09 21:54:46.697,1.26811,1.26823,1.19,2.25
2017.11.09 21:54:50.815,1.26811,1.26823,1.31,4.12
2017.11.09 21:54:51.381,1.2681,1.26822,3.94,1.12
2017.11.09 21:54:51.838,1.26811,1.26824,2.81,1.87
2017.11.09 21:54:52.815,1.26811,1.26824,4.69,1.12
2017.11.09 21:54:53.168,1.26813,1.26825,1.31,4.12
2017.11.09 21:54:53.765,1.26813,1.26825,1.12,4.87
2017.11.09 21:54:57.750,1.26813,1.26825,1.50,2.25
2017.11.09 21:54:58.297,1.26813,1.26825,1.12,2.25
2017.11.09 21:55:00.120,1.26813,1.26825,1.37,4.87
2017.11.09 21:55:01.337,1.26813,1.26825,1.12,3.37
2017.11.09 21:55:01.879,1.26813,1.26825,1.00,3.00
2017.11.09 21:55:02.326,1.26813,1.26824,1.00,2.62
2017.11.09 21:55:02.924,1.26809,1.26822,1.87,3.37
2017.11.09 21:55:03.096,1.26807,1.26817,2.25,1.00
2017.11.09 21:55:03.862,1.26806,1.26818,4.12,1.50
2017.11.09 21:55:04.523,1.26806,1.26819,1.87,2.25
2017.11.09 21:55:05.441,1.26806,1.26818,1.00,4.12
2017.11.09 21:55:06.026,1.26806,1.26817,1.00,2.62
2017.11.09 21:55:07.445,1.26806,1.26818,1.00,4.50
2017.11.09 21:55:07.499,1.26802,1.26816,1.12,1.50
2017.11.09 21:55:08.153,1.26802,1.26814,1.50,1.00
2017.11.09 21:55:09.611,1.26802,1.26815,1.12,2.25
2017.11.09 21:55:10.296,1.26803,1.26815,1.00,1.75
2017.11.09 21:55:10.347,1.26805,1.26816,1.00,1.00
2017.11.09 21:55:10.867,1.26806,1.26818,1.00,2.62
2017.11.09 21:55:12.926,1.26806,1.26819,1.00,4.12
2017.11.09 21:55:14.744,1.26806,1.26818,1.00,1.00
2017.11.09 21:55:15.289,1.26806,1.26819,1.12,4.87
2017.11.09 21:55:15.818,1.26806,1.26819,1.00,4.87
2017.11.09 21:55:17.923,1.26806,1.26818,1.00,2.62
2017.11.09 21:55:19.100,1.26806,1.26818,1.00,1.12
2017.11.09 21:55:21.707,1.26806,1.26818,1.12,2.25
2017.11.09 21:55:23.419,1.26806,1.26818,1.00,2.62
2017.11.09 21:55:31.688,1.26812,1.2682,1.87,1.12
2017.11.09 21:55:31.739,1.26812,1.26822,4.12,1.00
2017.11.09 21:55:31.841,1.26813,1.26825,1.12,1.37
2017.11.09 21:55:31.997,1.26815,1.26825,1.00,1.37
2017.11.09 21:55:32.833,1.26815,1.26825,1.00,1.00
2017.11.09 21:55:38.507,1.26815,1.26822,1.12,1.00
2017.11.09 21:55:39.138,1.26815,1.26825,1.12,1.12
2017.11.09 21:55:43.146,1.26815,1.26826,1.00,1.12
2017.11.09 21:55:43.806,1.26815,1.26825,1.00,1.00
2017.11.09 21:55:44.318,1.26815,1.26826,1.00,1.50
2017.11.09 21:55:46.489,1.26815,1.26825,1.00,1.00
2017.11.09 21:55:46.591,1.26813,1.26825,1.00,1.00
2017.11.09 21:55:47.106,1.26813,1.26826,1.37,4.12
2017.11.09 21:55:49.849,1.2681,1.2682,1.12,1.00
2017.11.09 21:55:49.901,1.26807,1.26819,1.87,3.37
2017.11.09 21:55:49.952,1.26806,1.26817,1.12,1.50
2017.11.09 21:55:50.054,1.26802,1.26815,2.62,1.50
2017.11.09 21:55:50.156,1.26802,1.26814,1.00,1.00
2017.11.09 21:55:50.309,1.268,1.26814,2.44,1.37
2017.11.09 21:55:50.843,1.268,1.26815,1.31,3.37
2017.11.09 21:55:51.397,1.268,1.26815,1.31,3.37
2017.11.09 21:55:57.053,1.26799,1.26815,3.94,1.12
2017.11.09 21:55:57.155,1.26801,1.26813,1.37,1.12
2017.11.09 21:55:57.788,1.268,1.26813,1.69,1.50
2017.11.09 21:55:58.326,1.26802,1.26813,1.00,1.12
2017.11.09 21:56:00.117,1.26801,1.26815,3.75,1.12
2017.11.09 21:56:00.654,1.26801,1.26815,3.37,1.37
2017.11.09 21:56:01.530,1.26801,1.26815,2.62,4.12
2017.11.09 21:56:02.708,1.26802,1.26814,1.00,1.00
2017.11.09 21:56:03.461,1.268,1.26815,1.87,4.12
2017.11.09 21:56:11.218,1.268,1.26816,1.12,4.87
2017.11.09 21:56:22.241,1.26801,1.26815,2.00,2.25
2017.11.09 21:56:22.767,1.26802,1.26814,1.00,1.00
2017.11.09 21:56:23.674,1.26803,1.26815,1.00,1.00
2017.11.09 21:56:24.232,1.26803,1.26816,1.12,1.50
2017.11.09 21:56:24.785,1.26803,1.26816,1.00,1.50
2017.11.09 21:56:24.945,1.26805,1.26817,1.00,1.75
2017.11.09 21:56:32.516,1.26805,1.26816,1.00,1.00
2017.11.09 21:56:35.464,1.26805,1.26817,1.00,3.00
2017.11.09 21:56:36.046,1.26805,1.26816,1.00,2.25
2017.11.09 21:56:43.590,1.26805,1.26817,1.00,1.12
2017.11.09 21:56:43.904,1.26805,1.26816,1.00,1.50
2017.11.09 21:56:44.478,1.26805,1.26816,1.00,2.62
2017.11.09 21:56:45.774,1.26805,1.26815,1.00,2.62
2017.11.09 21:56:46.091,1.26805,1.26817,1.00,3.37
2017.11.09 21:56:46.411,1.26805,1.26817,1.00,1.12
2017.11.09 21:56:46.955,1.26805,1.26817,1.00,1.37
2017.11.09 21:56:54.557,1.26803,1.26816,3.00,1.12
2017.11.09 21:56:55.732,1.26803,1.26816,1.50,1.00
2017.11.09 21:57:00.192,1.26805,1.26819,3.00,3.00
2017.11.09 21:57:01.048,1.26806,1.2682,1.31,1.87
2017.11.09 21:57:01.920,1.26806,1.26819,1.31,1.00
2017.11.09 21:57:03.535,1.26806,1.2682,1.62,3.00
2017.11.09 21:57:09.013,1.26806,1.2682,1.31,2.62
2017.11.09 21:57:09.547,1.26806,1.26821,1.12,6.75
2017.11.09 21:57:11.264,1.26806,1.2682,1.62,2.25
2017.11.09 21:57:12.178,1.26807,1.2682,1.00,1.50
2017.11.09 21:57:12.845,1.26806,1.2682,1.50,4.12
2017.11.09 21:57:13.473,1.26806,1.2682,1.50,1.87
2017.11.09 21:57:16.408,1.26806,1.26821,1.00,5.25
2017.11.09 21:57:16.460,1.26806,1.26821,1.12,7.87
2017.11.09 21:57:30.107,1.26805,1.26818,1.00,1.12
2017.11.09 21:57:32.461,1.26805,1.26819,1.00,3.75
2017.11.09 21:57:33.230,1.26805,1.26818,1.12,4.12
2017.11.09 21:57:34.242,1.26805,1.26819,1.12,4.12
2017.11.09 21:57:34.788,1.26805,1.26819,1.00,6.37
2017.11.09 21:57:36.183,1.26805,1.26819,1.00,7.50
2017.11.09 21:57:38.122,1.26806,1.26818,1.12,1.37
2017.11.09 21:57:42.674,1.26806,1.26819,4.50,2.25
2017.11.09 21:57:42.725,1.26807,1.26819,3.00,1.12
2017.11.09 21:57:43.278,1.26807,1.2682,2.06,1.00
2017.11.09 21:57:46.830,1.26809,1.26819,3.37,1.00
2017.11.09 21:57:47.354,1.26809,1.2682,2.62,2.25
2017.11.09 21:57:48.017,1.2681,1.2682,1.00,1.50
2017.11.09 21:57:49.521,1.26817,1.26826,1.00,1.87
2017.11.09 21:57:49.829,1.26819,1.26825,2.62,1.00
2017.11.09 21:57:49.881,1.26818,1.26825,1.12,1.00
2017.11.09 21:57:50.476,1.26818,1.26826,1.12,1.00
2017.11.09 21:57:51.118,1.26816,1.26825,3.37,1.00
2017.11.09 21:57:51.178,1.26816,1.26825,1.12,1.00
2017.11.09 21:57:52.940,1.26816,1.26826,1.00,1.50
2017.11.09 21:57:54.887,1.26813,1.26826,4.12,1.50
2017.11.09 21:57:57.761,1.26813,1.26826,2.62,3.00
2017.11.09 21:57:58.341,1.26814,1.26826,3.37,1.00
2017.11.09 21:57:59.101,1.26814,1.26825,2.25,1.00
2017.11.09 21:58:00.031,1.26813,1.26826,5.62,1.00
2017.11.09 21:58:00.411,1.26813,1.26828,4.12,1.12
2017.11.09 21:58:00.685,1.26815,1.26826,1.75,1.00
2017.11.09 21:58:01.232,1.26814,1.26826,3.37,1.00
2017.11.09 21:58:01.742,1.26815,1.26826,1.00,1.00
2017.11.09 21:58:02.535,1.26813,1.26827,1.75,1.00
2017.11.09 21:58:02.917,1.2682,1.26832,2.25,1.87
2017.11.09 21:58:02.968,1.2682,1.26831,1.00,1.00
2017.11.09 21:58:03.391,1.26819,1.26833,1.12,1.12
2017.11.09 21:58:03.444,1.26819,1.26833,2.62,1.50
2017.11.09 21:58:04.085,1.26818,1.26833,1.37,2.25
2017.11.09 21:58:05.123,1.2682,1.26834,1.00,4.87
2017.11.09 21:58:08.113,1.26821,1.26831,1.00,1.00
2017.11.09 21:58:08.630,1.2682,1.26834,3.37,4.12
2017.11.09 21:58:09.377,1.2682,1.26833,1.50,1.87
2017.11.09 21:58:10.693,1.2682,1.26833,1.12,1.87
2017.11.09 21:58:11.228,1.2682,1.26834,1.50,4.87
2017.11.09 21:58:11.747,1.2682,1.26834,1.75,3.37
2017.11.09 21:58:12.620,1.2682,1.26833,4.12,1.00
2017.11.09 21:58:13.580,1.26825,1.26835,1.00,1.00
2017.11.09 21:58:13.631,1.26827,1.26838,1.00,1.00
2017.11.09 21:58:13.946,1.26827,1.26835,1.00,1.50
2017.11.09 21:58:14.048,1.26824,1.26837,1.87,1.75
2017.11.09 21:58:14.100,1.26825,1.26836,1.50,1.50
2017.11.09 21:58:14.510,1.26824,1.26837,1.50,3.00
2017.11.09 21:58:15.018,1.26825,1.26836,1.00,2.25
2017.11.09 21:58:15.610,1.26825,1.26834,1.00,1.00
2017.11.09 21:58:17.098,1.26825,1.26836,1.00,1.75
2017.11.09 21:58:17.558,1.26823,1.26836,1.12,2.25
2017.11.09 21:58:18.181,1.26823,1.26835,1.00,1.50
2017.11.09 21:58:18.806,1.26823,1.26835,1.00,1.75
2017.11.09 21:58:19.356,1.26823,1.26835,1.00,1.50
2017.11.09 21:58:20.507,1.26824,1.26834,1.00,1.50
2017.11.09 21:58:20.558,1.2682,1.26833,1.50,1.00
2017.11.09 21:58:21.009,1.26819,1.26831,1.50,1.00
2017.11.09 21:58:21.417,1.26818,1.26834,1.12,1.50
2017.11.09 21:58:22.156,1.26818,1.26834,1.50,1.75
2017.11.09 21:58:22.482,1.2682,1.26835,1.37,1.75
2017.11.09 21:58:22.635,1.26822,1.26836,1.00,1.75
2017.11.09 21:58:23.264,1.26822,1.26838,1.00,3.75
2017.11.09 21:58:26.622,1.26822,1.26838,1.00,2.25
2017.11.09 21:58:26.726,1.26822,1.26838,1.00,2.25
2017.11.09 21:58:26.777,1.26822,1.26836,1.00,4.12
2017.11.09 21:58:27.502,1.26822,1.26835,1.00,1.00
2017.11.09 21:58:28.051,1.26821,1.26836,1.50,1.00
2017.11.09 21:58:28.560,1.26821,1.26836,1.50,1.50
2017.11.09 21:58:29.397,1.26821,1.26835,1.00,1.00
2017.11.09 21:58:30.468,1.26821,1.26833,1.00,1.00
2017.11.09 21:58:33.332,1.26818,1.26832,3.19,1.00
2017.11.09 21:58:33.853,1.26821,1.26834,1.12,1.37
2017.11.09 21:58:34.318,1.2682,1.26835,2.00,1.00
2017.11.09 21:58:35.359,1.26822,1.26835,1.00,1.00
2017.11.09 21:58:37.052,1.26823,1.26838,1.00,1.00
2017.11.09 21:58:37.592,1.26823,1.26838,1.37,1.12
2017.11.09 21:58:40.138,1.26823,1.26838,1.12,1.12
2017.11.09 21:58:44.943,1.2682,1.26833,1.50,1.75
2017.11.09 21:58:45.419,1.26819,1.26833,1.12,2.25
2017.11.09 21:58:45.470,1.26819,1.26833,1.75,1.50
2017.11.09 21:58:45.779,1.26821,1.26833,1.00,1.12
2017.11.09 21:58:46.325,1.2682,1.26833,1.00,1.00
2017.11.09 21:58:46.925,1.2682,1.26834,1.50,1.69
2017.11.09 21:58:47.637,1.2682,1.26834,1.12,2.44
2017.11.09 21:58:48.757,1.2682,1.26834,1.50,1.69
2017.11.09 21:58:49.081,1.2682,1.26834,1.87,3.19
2017.11.09 21:58:49.183,1.26821,1.26834,1.00,2.81
2017.11.09 21:58:49.438,1.2682,1.26832,1.00,1.00
2017.11.09 21:58:50.664,1.2682,1.26832,1.12,1.37
2017.11.09 21:58:51.188,1.26819,1.26831,3.00,1.00
2017.11.09 21:58:51.836,1.2682,1.26831,1.00,1.00
2017.11.09 21:58:52.595,1.26821,1.26832,1.50,1.00
2017.11.09 21:58:53.194,1.26821,1.26832,1.12,1.50
2017.11.09 21:58:55.130,1.2682,1.26832,1.50,1.50
2017.11.09 21:58:55.631,1.26821,1.26832,1.00,1.50
2017.11.09 21:58:56.263,1.2682,1.26832,1.12,1.12
2017.11.09 21:58:56.882,1.2682,1.26832,1.37,1.37
2017.11.09 21:58:57.620,1.2682,1.26832,1.37,1.12
2017.11.09 21:58:57.977,1.26821,1.26832,1.00,1.50
2017.11.09 21:58:58.536,1.2682,1.26832,1.12,1.75
2017.11.09 21:59:00.018,1.2682,1.26832,1.37,1.37
2017.11.09 21:59:00.070,1.26819,1.26834,3.94,1.00
2017.11.09 21:59:00.731,1.26823,1.26836,1.12,3.00
2017.11.09 21:59:03.540,1.26823,1.26831,1.12,0.75
2017.11.09 21:59:05.872,1.26823,1.26836,0.75,0.75
2017.11.09 21:59:07.730,1.26819,1.26837,0.75,0.75
2017.11.09 21:59:07.832,1.26822,1.26838,0.75,2.25
2017.11.09 21:59:07.883,1.26819,1.26838,0.75,2.25
2017.11.09 21:59:08.436,1.2682,1.26838,0.75,1.20
2017.11.09 21:59:10.139,1.26822,1.26838,1.50,1.95
2017.11.09 21:59:10.444,1.26828,1.26841,0.75,0.75
2017.11.09 21:59:11.380,1.26828,1.2684,0.75,0.75
2017.11.09 21:59:11.707,1.26827,1.26838,0.75,0.75
2017.11.09 21:59:12.122,1.26825,1.26838,0.75,0.75
2017.11.09 21:59:15.116,1.26824,1.26835,1.50,0.75
2017.11.09 21:59:15.422,1.26821,1.26831,0.75,0.75
2017.11.09 21:59:17.434,1.26821,1.26832,0.75,0.75
2017.11.09 21:59:27.108,1.26821,1.2683,0.75,0.75
2017.11.09 21:59:29.169,1.26822,1.26832,0.75,0.75
2017.11.09 21:59:29.791,1.26822,1.26831,0.75,0.75
2017.11.09 21:59:32.466,1.26822,1.26832,0.75,0.75
2017.11.09 21:59:34.280,1.26824,1.26835,0.75,0.75
2017.11.09 21:59:43.213,1.26824,1.26838,0.75,0.75
2017.11.09 21:59:44.451,1.26826,1.26839,0.75,0.75
2017.11.09 21:59:45.041,1.26827,1.2684,0.75,0.75
2017.11.09 21:59:45.813,1.26828,1.26841,0.75,0.75
2017.11.09 21:59:51.940,1.26825,1.26844,0.75,0.75
2017.11.09 21:59:52.041,1.26827,1.26842,0.75,0.75
2017.11.09 21:59:56.306,1.26828,1.26845,0.75,0.75
