2017.11.28 04:00:01.632,1.27618,1.27622,1.00,1.00
2017.11.28 04:00:02.149,1.27617,1.27622,1.00,1.00
2017.11.28 04:00:03.099,1.27618,1.27622,1.00,1.00
2017.11.28 04:00:07.210,1.27617,1.27622,1.00,1.00
2017.11.28 04:00:08.662,1.27618,1.27622,1.00,1.00
2017.11.28 04:00:18.025,1.27617,1.27622,1.00,1.00
2017.11.28 04:00:20.069,1.27618,1.27622,1.00,1.00
2017.11.28 04:00:21.537,1.27617,1.27622,1.00,1.00
2017.11.28 04:00:22.091,1.27618,1.27622,1.00,1.00
2017.11.28 04:00:24.994,1.27618,1.27624,1.00,1.45
2017.11.28 04:00:25.047,1.27619,1.27625,1.00,1.00
2017.11.28 04:00:32.433,1.2762,1.27625,1.00,1.00
2017.11.28 04:00:33.075,1.27619,1.27625,1.00,1.00
2017.11.28 04:00:33.607,1.2762,1.27625,1.00,1.00
2017.11.28 04:00:34.217,1.27619,1.27625,1.00,1.00
2017.11.28 04:00:37.605,1.2762,1.27625,1.00,1.00
2017.11.28 04:00:38.228,1.27619,1.27625,1.00,1.00
2017.11.28 04:00:42.796,1.2762,1.27624,1.00,1.00
2017.11.28 04:00:42.849,1.27615,1.27622,1.10,1.00
2017.11.28 04:00:43.397,1.27615,1.2762,1.00,1.00
2017.11.28 04:00:44.434,1.27615,1.27619,1.00,1.00
2017.11.28 04:00:44.486,1.27609,1.27619,1.10,1.00
2017.11.28 04:00:44.540,1.27609,1.27617,1.00,1.00
2017.11.28 04:01:00.242,1.27615,1.27619,1.00,1.00
2017.11.28 04:01:00.294,1.27615,1.2762,1.00,1.20
2017.11.28 04:01:00.856,1.27615,1.27621,1.00,1.00
2017.11.28 04:01:08.441,1.27615,1.27622,1.00,1.10
2017.11.28 04:01:17.598,1.27615,1.27621,1.00,1.00
2017.11.28 04:01:23.300,1.27615,1.27619,1.00,1.00
2017.11.28 04:01:37.882,1.27623,1.27628,1.00,1.47
2017.11.28 04:01:37.934,1.27621,1.27627,1.00,1.12
2017.11.28 04:01:37.986,1.27619,1.27627,1.00,1.00
2017.11.28 04:01:38.038,1.27616,1.27626,5.70,1.00
2017.11.28 04:01:38.141,1.27615,1.27625,1.95,1.50
2017.11.28 04:01:38.397,1.27615,1.27621,1.12,1.00
2017.11.28 04:02:02.724,1.27615,1.2762,1.00,1.00
2017.11.28 04:02:04.921,1.27615,1.27619,1.00,1.00
2017.11.28 04:02:05.433,1.27612,1.27618,1.00,1.00
2017.11.28 04:02:22.814,1.27612,1.2762,1.00,1.00
2017.11.28 04:02:23.583,1.27612,1.27619,1.10,1.00
2017.11.28 04:02:33.533,1.27612,1.27621,1.12,1.00
2017.11.28 04:02:34.046,1.27613,1.27621,1.12,1.00
2017.11.28 04:02:36.481,1.27612,1.27621,1.10,1.00
2017.11.28 04:02:36.992,1.27612,1.2762,1.00,1.00
2017.11.28 04:02:37.044,1.27612,1.27618,1.00,1.00
2017.11.28 04:03:01.724,1.27612,1.2762,1.00,1.00
2017.11.28 04:03:05.496,1.2761,1.2762,1.57,1.00
2017.11.28 04:03:13.495,1.27611,1.2762,1.07,1.00
2017.11.28 04:03:26.102,1.2761,1.2762,3.07,1.00
2017.11.28 04:03:29.514,1.27611,1.2762,1.20,1.00
2017.11.28 04:03:35.951,1.27611,1.2762,1.20,1.50
2017.11.28 04:03:38.053,1.2761,1.2762,2.32,1.50
2017.11.28 04:03:38.586,1.2761,1.2762,1.20,1.50
2017.11.28 04:03:49.520,1.2761,1.2762,2.32,1.50
2017.11.28 04:03:53.869,1.27613,1.27621,1.50,1.00
2017.11.28 04:03:54.176,1.27616,1.27621,1.00,1.00
2017.11.28 04:03:55.068,1.27617,1.27622,1.00,1.00
2017.11.28 04:03:55.250,1.27615,1.27624,1.87,1.00
2017.11.28 04:03:55.763,1.27616,1.27624,1.25,1.00
2017.11.28 04:04:01.726,1.27615,1.27624,2.25,1.00
2017.11.28 04:04:18.007,1.27615,1.27623,1.50,1.00
2017.11.28 04:04:22.697,1.27616,1.27623,1.00,1.00
2017.11.28 04:04:23.262,1.27615,1.27623,2.25,1.00
2017.11.28 04:04:23.873,1.27615,1.27624,1.69,1.00
2017.11.28 04:04:31.566,1.27617,1.27624,1.00,1.00
2017.11.28 04:04:31.619,1.27617,1.27626,1.00,1.00
2017.11.28 04:04:59.332,1.27618,1.27626,1.12,1.50
2017.11.28 04:05:01.410,1.27617,1.27626,1.57,1.00
2017.11.28 04:05:06.764,1.27617,1.27626,5.32,1.00
2017.11.28 04:05:09.168,1.27617,1.27626,1.57,1.00
2017.11.28 04:05:09.678,1.27616,1.27625,1.25,1.00
2017.11.28 04:05:15.256,1.27617,1.27625,2.62,1.00
2017.11.28 04:05:15.825,1.27617,1.27626,1.32,1.00
2017.11.28 04:05:16.329,1.27616,1.27626,3.26,1.00
2017.11.28 04:05:42.007,1.27616,1.27626,1.69,1.00
2017.11.28 04:05:44.379,1.27617,1.27626,1.00,1.00
2017.11.28 04:05:44.637,1.27615,1.27625,4.50,1.00
2017.11.28 04:05:50.438,1.27616,1.27625,1.00,1.00
2017.11.28 04:05:54.449,1.27615,1.27625,2.89,1.00
2017.11.28 04:05:57.107,1.27616,1.27625,1.00,1.00
2017.11.28 04:06:00.440,1.27615,1.27625,4.39,1.00
2017.11.28 04:06:24.814,1.27616,1.27627,2.62,1.00
2017.11.28 04:06:24.918,1.27618,1.27627,1.00,1.00
2017.11.28 04:06:35.686,1.27617,1.27627,1.00,1.00
2017.11.28 04:06:36.597,1.27616,1.27626,1.50,1.00
2017.11.28 04:06:37.146,1.27615,1.27626,1.87,1.00
2017.11.28 04:06:39.068,1.27615,1.27624,1.87,1.00
2017.11.28 04:06:39.580,1.27614,1.27623,1.20,1.00
2017.11.28 04:06:43.721,1.27613,1.27621,1.45,1.00
2017.11.28 04:06:44.258,1.27613,1.27621,1.10,1.00
2017.11.28 04:06:56.539,1.27613,1.27621,1.57,1.00
2017.11.28 04:07:01.265,1.27619,1.27623,1.00,1.00
2017.11.28 04:07:01.377,1.27619,1.27625,1.00,1.57
2017.11.28 04:07:01.531,1.27624,1.27628,1.00,1.00
2017.11.28 04:07:01.634,1.2762,1.27629,1.50,1.87
2017.11.28 04:07:02.138,1.2762,1.27629,2.25,1.00
2017.11.28 04:07:06.291,1.2762,1.2763,4.87,1.50
2017.11.28 04:07:06.600,1.27625,1.27631,1.12,1.00
2017.11.28 04:07:09.101,1.27625,1.2763,1.12,1.00
2017.11.28 04:07:33.370,1.27625,1.27631,1.00,1.00
2017.11.28 04:07:54.186,1.27625,1.27629,1.00,1.00
2017.11.28 04:08:06.388,1.27621,1.27629,2.51,1.00
2017.11.28 04:08:20.967,1.27621,1.27629,1.20,1.00
2017.11.28 04:08:22.654,1.27621,1.27629,2.32,1.00
2017.11.28 04:08:30.650,1.27621,1.27629,1.95,1.00
2017.11.28 04:08:31.102,1.2762,1.27626,1.00,1.00
2017.11.28 04:08:31.403,1.27618,1.27626,1.00,1.10
2017.11.28 04:08:31.659,1.27616,1.27624,2.25,1.00
2017.11.28 04:08:32.215,1.27618,1.27624,1.00,1.00
2017.11.28 04:08:32.592,1.27618,1.27626,1.00,1.10
2017.11.28 04:08:33.302,1.27617,1.27626,2.25,1.20
2017.11.28 04:08:35.353,1.27617,1.27626,2.25,1.10
2017.11.28 04:08:36.160,1.27617,1.27626,1.87,1.00
2017.11.28 04:08:37.303,1.27617,1.27626,1.87,1.10
2017.11.28 04:08:38.302,1.27617,1.27626,1.87,1.10
2017.11.28 04:08:40.476,1.27617,1.27626,1.50,1.10
2017.11.28 04:08:40.631,1.2762,1.27626,1.00,1.00
2017.11.28 04:08:40.683,1.2762,1.27629,1.75,1.10
2017.11.28 04:08:56.878,1.2762,1.27629,1.87,1.00
2017.11.28 04:09:00.177,1.2762,1.27629,2.62,1.10
2017.11.28 04:09:07.495,1.2762,1.27628,1.75,1.00
2017.11.28 04:09:08.819,1.2762,1.27628,1.87,1.00
2017.11.28 04:09:28.064,1.27621,1.27629,3.00,1.00
2017.11.28 04:10:08.515,1.27619,1.27628,1.50,1.00
2017.11.28 04:10:09.234,1.27615,1.27623,2.62,1.00
2017.11.28 04:10:09.540,1.27616,1.27621,1.00,1.00
2017.11.28 04:10:10.166,1.27615,1.27621,1.00,1.00
2017.11.28 04:10:10.693,1.27614,1.27621,1.87,1.00
2017.11.28 04:10:11.267,1.27615,1.27621,1.00,1.00
2017.11.28 04:10:13.477,1.27614,1.27621,1.50,1.00
2017.11.28 04:10:18.669,1.27614,1.27622,1.00,1.00
2017.11.28 04:10:40.414,1.27614,1.27622,1.00,1.50
2017.11.28 04:10:54.545,1.27614,1.2762,1.00,1.00
2017.11.28 04:10:57.159,1.27614,1.27618,1.00,1.00
2017.11.28 04:11:03.824,1.27614,1.2762,1.00,1.00
2017.11.28 04:11:09.355,1.27611,1.2762,1.87,1.00
2017.11.28 04:11:12.524,1.2761,1.2762,3.00,1.00
2017.11.28 04:11:13.048,1.27611,1.2762,1.50,1.00
2017.11.28 04:11:15.768,1.2761,1.2762,3.19,1.00
2017.11.28 04:11:21.072,1.27612,1.2762,1.00,1.00
2017.11.28 04:11:21.710,1.27611,1.2762,1.50,1.00
2017.11.28 04:11:35.322,1.27612,1.27621,1.87,1.10
2017.11.28 04:12:01.241,1.27611,1.2762,2.62,1.00
2017.11.28 04:12:08.489,1.27611,1.2762,2.25,1.00
2017.11.28 04:12:14.379,1.27613,1.27621,1.00,1.00
2017.11.28 04:12:40.633,1.27615,1.27621,1.00,1.00
2017.11.28 04:12:56.530,1.27612,1.27621,1.87,1.00
2017.11.28 04:12:56.633,1.27612,1.27618,1.00,1.00
2017.11.28 04:13:03.993,1.27612,1.27619,1.00,1.00
2017.11.28 04:13:14.048,1.27613,1.27621,1.00,1.00
2017.11.28 04:13:14.602,1.27612,1.27621,3.45,1.00
2017.11.28 04:13:16.489,1.27612,1.27621,3.82,1.00
2017.11.28 04:13:17.048,1.27614,1.27621,1.00,1.00
2017.11.28 04:13:28.727,1.27612,1.27621,1.95,1.00
2017.11.28 04:13:34.057,1.27613,1.27622,1.10,1.00
2017.11.28 04:13:47.274,1.27611,1.2762,2.70,1.00
2017.11.28 04:13:47.818,1.27611,1.2762,4.20,1.00
2017.11.28 04:13:48.725,1.27614,1.2762,1.00,1.00
2017.11.28 04:13:51.706,1.27614,1.27622,1.00,1.00
2017.11.28 04:14:04.112,1.27614,1.27621,1.00,1.00
2017.11.28 04:14:04.546,1.27612,1.27621,1.00,1.00
2017.11.28 04:14:05.242,1.27611,1.27621,3.82,1.00
2017.11.28 04:14:05.368,1.27613,1.27621,1.00,1.00
2017.11.28 04:14:08.459,1.27612,1.27621,2.25,1.00
2017.11.28 04:14:09.090,1.27611,1.27621,4.57,1.00
2017.11.28 04:14:09.676,1.27612,1.27621,2.25,1.00
2017.11.28 04:14:10.895,1.27613,1.27621,1.00,1.00
2017.11.28 04:14:18.090,1.27612,1.27621,1.87,1.00
2017.11.28 04:14:19.800,1.27611,1.2762,1.10,1.00
2017.11.28 04:14:24.561,1.27613,1.2762,1.00,1.00
2017.11.28 04:14:40.547,1.27612,1.2762,1.50,1.00
2017.11.28 04:15:04.267,1.27612,1.27618,1.00,1.00
2017.11.28 04:15:40.530,1.2761,1.27618,1.20,1.00
2017.11.28 04:15:48.507,1.27609,1.27618,4.20,1.00
2017.11.28 04:15:49.095,1.27609,1.27618,3.82,1.00
2017.11.28 04:15:49.608,1.27609,1.27618,3.45,1.00
2017.11.28 04:15:51.945,1.27609,1.27618,1.95,1.00
2017.11.28 04:15:55.159,1.27609,1.2762,2.32,1.00
2017.11.28 04:16:01.393,1.27609,1.2762,2.70,1.00
2017.11.28 04:16:13.588,1.2761,1.2762,1.10,1.00
2017.11.28 04:16:25.251,1.27609,1.27619,3.45,1.00
2017.11.28 04:16:25.860,1.27609,1.27619,3.00,1.10
2017.11.28 04:16:36.729,1.27608,1.27617,1.87,1.00
2017.11.28 04:16:36.883,1.27605,1.27615,1.10,1.00
2017.11.28 04:16:37.414,1.27604,1.27614,1.12,1.95
2017.11.28 04:16:40.236,1.27604,1.27613,1.20,1.00
2017.11.28 04:16:43.031,1.27603,1.27611,1.07,1.00
2017.11.28 04:16:43.685,1.27603,1.27611,1.00,1.00
2017.11.28 04:16:44.350,1.27604,1.27613,1.87,1.50
2017.11.28 04:16:44.589,1.27606,1.27613,1.00,1.00
2017.11.28 04:17:16.630,1.27604,1.27613,4.50,1.00
2017.11.28 04:17:26.334,1.27604,1.27612,1.00,1.00
2017.11.28 04:17:26.836,1.27604,1.27611,1.00,1.20
2017.11.28 04:17:30.391,1.27604,1.2761,1.00,1.10
2017.11.28 04:17:30.443,1.27599,1.27609,1.20,1.50
2017.11.28 04:17:32.618,1.27601,1.2761,1.00,1.00
2017.11.28 04:17:32.772,1.276,1.27612,3.26,1.50
2017.11.28 04:17:33.135,1.276,1.27612,4.39,1.50
2017.11.28 04:17:33.187,1.27602,1.27612,1.00,1.50
2017.11.28 04:17:33.494,1.27601,1.27608,1.00,1.00
2017.11.28 04:17:33.597,1.27601,1.2761,1.50,1.00
2017.11.28 04:17:36.625,1.27602,1.2761,1.00,1.00
2017.11.28 04:17:47.616,1.27602,1.27608,1.00,1.00
2017.11.28 04:17:58.249,1.27597,1.27608,1.10,1.12
2017.11.28 04:17:58.403,1.27597,1.27604,1.00,1.00
2017.11.28 04:17:58.455,1.27595,1.27604,1.57,1.00
2017.11.28 04:17:59.439,1.27594,1.27604,1.95,1.00
2017.11.28 04:18:00.019,1.27594,1.27604,2.62,1.00
2017.11.28 04:18:00.713,1.27594,1.27604,1.18,1.00
2017.11.28 04:18:00.973,1.27594,1.27604,1.68,1.00
2017.11.28 04:18:03.410,1.27594,1.27604,1.68,1.00
2017.11.28 04:18:04.305,1.27594,1.27604,1.68,1.00
2017.11.28 04:18:04.778,1.27594,1.27603,1.68,1.00
2017.11.28 04:18:05.487,1.27594,1.27603,1.19,1.00
2017.11.28 04:18:06.045,1.27594,1.27603,1.94,1.00
2017.11.28 04:18:06.847,1.27594,1.27603,1.87,1.00
2017.11.28 04:18:07.460,1.27594,1.27603,1.18,1.00
2017.11.28 04:18:08.008,1.27594,1.27602,1.24,1.00
2017.11.28 04:18:08.706,1.27593,1.27601,1.68,1.00
2017.11.28 04:18:09.316,1.27593,1.27601,1.68,1.00
2017.11.28 04:18:09.853,1.27594,1.27601,1.24,1.00
2017.11.28 04:18:10.597,1.27594,1.27601,1.18,1.00
2017.11.28 04:18:11.075,1.27593,1.27601,1.68,1.00
2017.11.28 04:18:11.710,1.27593,1.27601,1.68,1.00
2017.11.28 04:18:12.438,1.27593,1.27601,1.68,1.00
2017.11.28 04:18:13.005,1.27593,1.27601,1.18,1.00
2017.11.28 04:18:13.526,1.27593,1.27601,1.24,1.00
2017.11.28 04:18:14.056,1.27593,1.27601,1.18,1.00
2017.11.28 04:18:14.708,1.27594,1.27601,1.18,1.00
2017.11.28 04:18:15.252,1.27593,1.27601,1.68,1.00
2017.11.28 04:18:16.559,1.27593,1.27601,3.25,1.00
2017.11.28 04:18:17.060,1.27593,1.27601,2.50,1.00
2017.11.28 04:18:17.576,1.27593,1.27601,1.75,1.00
2017.11.28 04:18:18.098,1.27593,1.27601,1.75,1.00
2017.11.28 04:18:18.715,1.27593,1.27601,2.50,1.00
2017.11.28 04:18:19.673,1.27593,1.27603,1.75,1.87
2017.11.28 04:18:20.411,1.27593,1.27603,1.75,1.87
2017.11.28 04:18:20.760,1.27595,1.27604,6.07,1.00
2017.11.28 04:18:21.188,1.27596,1.27605,1.68,1.00
2017.11.28 04:18:21.738,1.27595,1.27605,3.63,1.00
2017.11.28 04:18:22.344,1.27595,1.27605,7.00,1.00
2017.11.28 04:18:22.879,1.27595,1.27605,3.63,1.00
2017.11.28 04:18:23.670,1.27596,1.27606,2.43,1.95
2017.11.28 04:18:24.217,1.27597,1.27606,1.18,1.50
2017.11.28 04:18:24.755,1.27597,1.27606,1.18,1.50
2017.11.28 04:18:25.315,1.27597,1.27606,1.18,1.50
2017.11.28 04:18:27.104,1.27597,1.27606,1.18,1.50
2017.11.28 04:18:27.678,1.27597,1.27606,1.18,1.50
2017.11.28 04:18:28.204,1.27597,1.27606,1.24,1.50
2017.11.28 04:18:28.727,1.27597,1.27606,1.68,1.50
2017.11.28 04:18:29.736,1.27597,1.27606,1.18,1.50
2017.11.28 04:18:30.276,1.27597,1.27606,1.68,1.50
2017.11.28 04:18:30.984,1.27597,1.27606,1.68,1.50
2017.11.28 04:18:35.060,1.27597,1.27606,1.68,1.50
2017.11.28 04:18:36.173,1.27597,1.27606,1.18,1.50
2017.11.28 04:18:36.429,1.27597,1.27606,1.24,1.50
2017.11.28 04:18:36.936,1.27597,1.27606,1.18,1.00
2017.11.28 04:18:37.445,1.27597,1.27606,1.24,1.00
2017.11.28 04:18:38.254,1.27597,1.27606,1.18,1.00
2017.11.28 04:18:38.996,1.27597,1.27606,1.24,1.00
2017.11.28 04:18:39.407,1.27597,1.27606,1.18,1.00
2017.11.28 04:18:43.933,1.27597,1.27606,1.18,1.00
2017.11.28 04:18:44.534,1.27597,1.27606,1.24,1.00
2017.11.28 04:18:45.387,1.27597,1.27606,1.18,1.00
2017.11.28 04:18:47.135,1.27597,1.27606,1.24,1.00
2017.11.28 04:18:48.610,1.27597,1.27606,1.18,1.00
2017.11.28 04:18:49.205,1.27597,1.27606,1.24,1.00
2017.11.28 04:18:50.252,1.27597,1.27606,1.18,1.00
2017.11.28 04:18:50.777,1.27597,1.27608,1.68,3.00
2017.11.28 04:18:53.076,1.27597,1.27608,1.68,3.00
2017.11.28 04:18:53.604,1.27597,1.27608,3.25,3.07
2017.11.28 04:18:54.218,1.27597,1.27608,2.80,1.00
2017.11.28 04:18:54.844,1.27598,1.27608,1.43,1.00
2017.11.28 04:18:55.100,1.27598,1.27609,2.69,1.20
2017.11.28 04:18:55.648,1.27598,1.27609,1.94,1.20
2017.11.28 04:18:56.637,1.27603,1.27608,1.00,1.00
2017.11.28 04:18:56.743,1.27605,1.27613,1.00,1.07
2017.11.28 04:18:56.795,1.27605,1.27614,1.00,1.12
2017.11.28 04:18:57.485,1.27605,1.27614,1.18,1.00
2017.11.28 04:18:58.076,1.27605,1.27614,1.24,1.00
2017.11.28 04:18:58.562,1.27608,1.27616,1.00,1.00
2017.11.28 04:18:59.655,1.27607,1.27616,1.00,1.50
2017.11.28 04:19:03.196,1.27607,1.27617,1.50,1.00
2017.11.28 04:19:03.299,1.27608,1.27619,1.10,1.10
2017.11.28 04:19:10.739,1.27607,1.27619,1.57,1.50
2017.11.28 04:19:10.791,1.27605,1.27616,4.19,3.75
2017.11.28 04:19:11.307,1.27606,1.27615,1.00,1.00
2017.11.28 04:19:16.877,1.27604,1.27615,1.75,1.00
2017.11.28 04:19:17.613,1.27604,1.27615,2.50,1.00
2017.11.28 04:19:18.205,1.27604,1.27615,1.75,1.00
2017.11.28 04:19:18.853,1.27604,1.27615,2.50,1.00
2017.11.28 04:19:19.385,1.27605,1.27615,1.68,1.00
2017.11.28 04:19:19.907,1.27605,1.27615,1.75,1.00
2017.11.28 04:19:20.569,1.27604,1.27615,3.63,1.00
2017.11.28 04:19:21.182,1.27606,1.27615,1.24,1.00
2017.11.28 04:19:22.199,1.27604,1.27615,3.63,1.00
2017.11.28 04:19:22.937,1.27606,1.27615,1.00,1.00
2017.11.28 04:19:23.488,1.27605,1.27615,1.00,1.00
2017.11.28 04:19:24.203,1.27606,1.27615,1.00,1.00
2017.11.28 04:19:24.748,1.27605,1.27615,1.00,1.00
2017.11.28 04:19:25.412,1.27605,1.27615,1.75,1.00
2017.11.28 04:19:26.524,1.27606,1.27616,1.24,1.10
2017.11.28 04:19:27.097,1.27603,1.27616,5.32,1.00
2017.11.28 04:19:27.451,1.27603,1.27614,5.32,1.00
2017.11.28 04:19:28.417,1.27604,1.27614,2.13,1.00
2017.11.28 04:19:28.940,1.27603,1.27614,5.32,1.00
2017.11.28 04:19:30.376,1.27604,1.27614,1.38,1.00
2017.11.28 04:19:32.388,1.27603,1.27614,4.19,1.00
2017.11.28 04:19:34.438,1.27604,1.27614,1.38,1.00
2017.11.28 04:19:35.049,1.27604,1.27614,1.38,1.00
2017.11.28 04:19:35.658,1.27604,1.27614,2.13,1.00
2017.11.28 04:19:36.420,1.27604,1.27614,1.38,1.00
2017.11.28 04:19:36.730,1.27607,1.27614,1.00,1.00
2017.11.28 04:19:52.554,1.27605,1.27614,1.00,1.00
2017.11.28 04:19:53.387,1.27605,1.27614,1.18,1.00
2017.11.28 04:19:54.194,1.27605,1.27614,1.24,1.00
2017.11.28 04:19:54.836,1.27605,1.27614,1.18,1.00
2017.11.28 04:19:56.599,1.27605,1.27614,1.24,1.00
2017.11.28 04:19:59.389,1.27605,1.27614,1.18,1.00
2017.11.28 04:20:00.898,1.27605,1.27614,1.24,1.00
2017.11.28 04:20:01.985,1.27605,1.27614,1.28,1.00
2017.11.28 04:20:05.396,1.27605,1.27614,1.00,1.00
2017.11.28 04:20:07.566,1.27605,1.27614,1.28,1.00
2017.11.28 04:20:08.278,1.27605,1.27615,1.24,1.50
2017.11.28 04:20:12.484,1.27605,1.27615,1.00,1.10
2017.11.28 04:20:13.946,1.27605,1.27615,1.18,1.00
2017.11.28 04:20:14.458,1.27605,1.27615,1.24,1.00
2017.11.28 04:20:15.004,1.27605,1.27615,1.18,1.00
2017.11.28 04:20:18.107,1.27605,1.27615,1.24,1.00
2017.11.28 04:20:18.633,1.27605,1.27615,1.18,1.00
2017.11.28 04:20:19.226,1.27605,1.27615,1.24,1.00
2017.11.28 04:20:19.873,1.27605,1.27615,1.18,1.00
2017.11.28 04:20:21.495,1.27605,1.27615,1.24,1.00
2017.11.28 04:20:22.026,1.27605,1.27615,1.18,1.00
2017.11.28 04:20:22.593,1.27605,1.27615,1.24,1.00
2017.11.28 04:20:23.786,1.27605,1.27616,1.18,1.10
2017.11.28 04:20:25.395,1.27605,1.27616,1.24,1.10
2017.11.28 04:20:28.533,1.27605,1.27616,1.00,1.57
2017.11.28 04:20:31.846,1.27605,1.27613,1.00,1.00
2017.11.28 04:20:32.154,1.27603,1.27613,1.24,3.45
2017.11.28 04:20:32.949,1.27602,1.27613,1.24,3.45
2017.11.28 04:20:34.460,1.27602,1.27613,1.18,4.20
2017.11.28 04:20:35.226,1.27602,1.27613,1.24,3.45
2017.11.28 04:20:37.086,1.27602,1.27613,1.18,3.45
2017.11.28 04:20:37.674,1.27601,1.27611,1.18,1.12
2017.11.28 04:20:38.372,1.27601,1.27611,1.18,1.12
2017.11.28 04:20:39.046,1.27601,1.27611,1.18,1.00
2017.11.28 04:20:39.582,1.27601,1.27612,1.18,4.95
2017.11.28 04:20:39.764,1.27601,1.27612,1.24,3.45
2017.11.28 04:20:40.297,1.27601,1.27612,1.00,1.95
2017.11.28 04:20:40.817,1.27601,1.27612,1.00,1.57
2017.11.28 04:20:42.681,1.27601,1.27612,1.00,1.57
2017.11.28 04:20:45.946,1.27601,1.27612,1.18,1.20
2017.11.28 04:20:46.465,1.27601,1.27613,2.13,1.57
2017.11.28 04:20:47.119,1.27601,1.27613,2.13,1.57
2017.11.28 04:20:48.101,1.27601,1.27613,2.13,1.57
2017.11.28 04:20:48.656,1.27601,1.27613,2.88,2.32
2017.11.28 04:20:48.893,1.27602,1.27613,1.18,1.57
2017.11.28 04:20:49.202,1.27608,1.27616,1.00,1.00
2017.11.28 04:21:18.820,1.27608,1.27618,1.00,3.45
2017.11.28 04:21:22.501,1.27608,1.27618,1.00,2.70
2017.11.28 04:21:24.542,1.27608,1.27618,1.00,2.70
2017.11.28 04:21:31.933,1.27608,1.27618,1.00,2.32
2017.11.28 04:21:32.451,1.27607,1.27619,1.07,1.10
2017.11.28 04:21:32.987,1.27607,1.27619,1.10,1.00
2017.11.28 04:21:40.574,1.27607,1.27619,1.57,1.57
2017.11.28 04:21:51.197,1.27607,1.27619,1.50,1.10
2017.11.28 04:21:51.729,1.27606,1.27618,1.00,1.57
2017.11.28 04:21:52.037,1.27606,1.27615,1.00,1.00
2017.11.28 04:22:00.608,1.27606,1.27617,1.50,1.57
2017.11.28 04:22:07.047,1.27606,1.27617,1.50,3.45
2017.11.28 04:22:24.447,1.27606,1.27614,1.24,3.00
2017.11.28 04:22:24.983,1.27605,1.27614,1.00,3.00
2017.11.28 04:22:25.532,1.27605,1.27614,1.00,1.00
2017.11.28 04:22:31.221,1.27605,1.27612,1.00,1.00
2017.11.28 04:22:31.324,1.27603,1.27612,1.68,1.00
2017.11.28 04:22:32.016,1.27603,1.27611,1.00,1.00
2017.11.28 04:22:32.754,1.27603,1.27613,1.00,1.57
2017.11.28 04:22:34.553,1.27603,1.27613,1.18,1.20
2017.11.28 04:22:34.735,1.27603,1.27615,1.18,1.95
2017.11.28 04:22:35.092,1.27604,1.27615,1.68,2.32
2017.11.28 04:22:36.608,1.27605,1.27616,1.24,1.20
2017.11.28 04:22:37.317,1.27605,1.27616,1.28,1.20
2017.11.28 04:22:37.854,1.27605,1.27616,1.00,1.20
2017.11.28 04:22:39.258,1.27605,1.27616,1.28,1.95
2017.11.28 04:22:39.872,1.27605,1.27613,1.28,1.00
2017.11.28 04:22:40.384,1.27605,1.27613,1.00,1.00
2017.11.28 04:22:40.965,1.27605,1.27614,1.00,1.00
2017.11.28 04:22:43.189,1.27605,1.27614,1.28,1.00
2017.11.28 04:22:43.734,1.27605,1.27614,1.00,1.00
2017.11.28 04:22:45.396,1.27605,1.27614,1.28,1.00
2017.11.28 04:22:45.986,1.27605,1.27614,1.00,1.00
2017.11.28 04:22:47.417,1.27605,1.27614,1.28,1.00
2017.11.28 04:22:47.927,1.27607,1.27614,1.00,1.00
2017.11.28 04:22:52.737,1.27605,1.27613,1.24,1.00
2017.11.28 04:22:54.678,1.27604,1.27613,1.24,1.00
2017.11.28 04:22:55.434,1.27604,1.27612,1.00,1.00
2017.11.28 04:23:12.708,1.27605,1.27613,1.00,1.00
2017.11.28 04:23:12.811,1.27606,1.27615,1.00,1.00
2017.11.28 04:23:17.112,1.27606,1.27616,1.50,1.12
2017.11.28 04:23:31.326,1.27606,1.27613,1.00,1.00
2017.11.28 04:23:31.841,1.27604,1.27613,1.24,1.00
2017.11.28 04:23:33.231,1.27604,1.27612,1.24,1.00
2017.11.28 04:23:36.548,1.27604,1.27611,1.24,3.75
2017.11.28 04:23:39.813,1.27604,1.27612,1.24,1.00
2017.11.28 04:23:40.379,1.27604,1.27612,1.18,1.00
2017.11.28 04:23:41.200,1.27604,1.27612,1.24,1.00
2017.11.28 04:23:41.816,1.27604,1.27612,1.18,1.00
2017.11.28 04:23:42.397,1.27604,1.27612,1.24,1.00
2017.11.28 04:23:43.237,1.27604,1.27612,1.18,1.00
2017.11.28 04:23:44.396,1.27604,1.27612,1.24,1.00
2017.11.28 04:23:45.055,1.27604,1.27612,1.18,1.00
2017.11.28 04:23:45.640,1.27604,1.27612,1.24,1.00
2017.11.28 04:23:46.404,1.27604,1.27612,1.18,1.00
2017.11.28 04:23:46.956,1.27604,1.27612,1.24,1.00
2017.11.28 04:23:48.644,1.27604,1.27612,1.18,1.00
2017.11.28 04:23:49.272,1.27604,1.27612,1.24,1.00
2017.11.28 04:23:52.396,1.27604,1.27612,1.18,1.00
2017.11.28 04:23:53.297,1.27604,1.27612,1.24,1.00
2017.11.28 04:23:53.881,1.27604,1.27612,1.18,1.00
2017.11.28 04:23:54.417,1.27604,1.27612,1.24,1.00
2017.11.28 04:23:55.177,1.27604,1.27612,1.18,1.00
2017.11.28 04:23:55.230,1.27607,1.27613,1.00,1.00
2017.11.28 04:23:55.404,1.27607,1.27616,1.00,4.95
2017.11.28 04:24:05.322,1.27607,1.27614,1.00,1.00
2017.11.28 04:24:14.568,1.27607,1.27616,1.00,1.00
2017.11.28 04:24:15.110,1.27607,1.27615,1.50,1.00
2017.11.28 04:24:15.593,1.27606,1.27617,2.88,1.00
2017.11.28 04:24:20.358,1.27607,1.27616,1.12,1.00
2017.11.28 04:24:26.175,1.27607,1.27618,1.20,1.00
2017.11.28 04:24:35.382,1.27607,1.27617,1.12,1.00
2017.11.28 04:25:10.895,1.27606,1.27616,1.57,1.00
2017.11.28 04:25:11.562,1.27607,1.27616,1.00,1.00
2017.11.28 04:25:18.852,1.27607,1.27615,1.00,1.00
2017.11.28 04:25:20.563,1.27605,1.27615,1.68,1.00
2017.11.28 04:25:21.107,1.27605,1.27615,1.50,1.50
2017.11.28 04:25:22.464,1.27605,1.2761,1.24,1.00
2017.11.28 04:25:22.567,1.27602,1.2761,3.18,1.00
2017.11.28 04:25:23.129,1.27602,1.2761,1.68,1.00
2017.11.28 04:25:25.389,1.27602,1.2761,1.68,1.00
2017.11.28 04:25:26.156,1.27602,1.2761,1.68,1.00
2017.11.28 04:25:27.398,1.27602,1.2761,1.68,1.00
2017.11.28 04:25:30.704,1.27602,1.2761,1.24,1.00
2017.11.28 04:25:31.264,1.27602,1.2761,1.18,1.00
2017.11.28 04:25:31.784,1.27602,1.2761,1.68,1.00
2017.11.28 04:25:32.587,1.27602,1.2761,1.68,1.00
2017.11.28 04:25:33.137,1.27602,1.2761,1.68,1.00
2017.11.28 04:25:33.747,1.27602,1.2761,1.68,1.00
2017.11.28 04:25:35.448,1.27602,1.2761,1.68,1.00
2017.11.28 04:25:35.982,1.27602,1.2761,1.18,1.00
2017.11.28 04:25:36.847,1.27602,1.2761,1.24,1.00
2017.11.28 04:25:37.380,1.27602,1.2761,1.18,1.00
2017.11.28 04:25:38.487,1.27602,1.2761,1.24,1.00
2017.11.28 04:25:40.082,1.27602,1.2761,1.68,1.00
2017.11.28 04:25:40.661,1.27602,1.2761,1.24,1.00
2017.11.28 04:25:41.227,1.27602,1.2761,1.18,1.00
2017.11.28 04:25:42.388,1.27602,1.2761,1.24,1.00
2017.11.28 04:25:42.966,1.27602,1.2761,1.18,1.00
2017.11.28 04:25:44.227,1.27602,1.2761,1.24,1.00
2017.11.28 04:25:46.398,1.27602,1.2761,1.18,1.00
2017.11.28 04:25:48.398,1.27602,1.2761,1.24,1.00
2017.11.28 04:25:49.025,1.27602,1.2761,1.18,1.00
2017.11.28 04:25:50.477,1.27602,1.2761,1.24,1.00
2017.11.28 04:25:54.399,1.27602,1.2761,1.18,1.00
2017.11.28 04:25:55.243,1.27602,1.2761,1.24,1.00
2017.11.28 04:25:56.399,1.27602,1.2761,1.18,1.00
2017.11.28 04:25:57.183,1.27602,1.2761,1.68,1.00
2017.11.28 04:25:58.010,1.27602,1.2761,1.68,1.00
2017.11.28 04:25:58.555,1.27602,1.2761,1.68,1.00
2017.11.28 04:26:00.199,1.27602,1.2761,1.68,1.00
2017.11.28 04:26:01.224,1.27602,1.2761,1.68,1.00
2017.11.28 04:26:01.861,1.27602,1.2761,1.68,1.00
2017.11.28 04:26:02.297,1.276,1.27604,1.10,1.00
2017.11.28 04:26:02.351,1.27597,1.27603,1.10,1.00
2017.11.28 04:26:02.404,1.27593,1.27601,6.45,1.00
2017.11.28 04:26:02.635,1.27595,1.27601,1.50,1.50
2017.11.28 04:26:02.687,1.27591,1.27598,1.20,1.00
2017.11.28 04:26:02.739,1.27591,1.27598,1.00,1.00
2017.11.28 04:26:02.841,1.27589,1.27598,1.00,1.00
2017.11.28 04:26:03.198,1.27591,1.27598,1.00,1.00
2017.11.28 04:26:03.787,1.2759,1.27598,1.00,1.00
2017.11.28 04:26:05.327,1.27589,1.27598,1.00,1.00
2017.11.28 04:26:06.012,1.27588,1.27598,3.45,1.00
2017.11.28 04:26:06.362,1.2759,1.27598,1.00,1.00
2017.11.28 04:26:06.863,1.27589,1.27598,1.00,1.00
2017.11.28 04:26:09.180,1.27588,1.27596,1.57,1.00
2017.11.28 04:26:09.334,1.27586,1.27596,1.50,1.50
2017.11.28 04:26:10.553,1.27587,1.27596,1.12,1.50
2017.11.28 04:26:11.160,1.27586,1.27596,1.50,1.50
2017.11.28 04:26:13.288,1.27587,1.27596,1.12,1.50
2017.11.28 04:26:14.922,1.27586,1.27596,1.87,1.50
2017.11.28 04:26:15.451,1.27587,1.27596,1.12,1.50
2017.11.28 04:26:16.114,1.27586,1.27596,1.87,1.50
2017.11.28 04:26:16.516,1.27584,1.2759,1.20,1.00
2017.11.28 04:26:16.569,1.27581,1.2759,2.32,1.00
2017.11.28 04:26:16.621,1.27586,1.27593,1.87,2.25
2017.11.28 04:26:16.776,1.27587,1.27595,2.62,1.00
2017.11.28 04:26:16.827,1.27588,1.27598,1.00,2.70
2017.11.28 04:26:17.418,1.27587,1.27598,3.45,1.10
2017.11.28 04:26:18.087,1.2759,1.27598,1.00,1.10
2017.11.28 04:26:18.667,1.27587,1.27598,4.20,1.10
2017.11.28 04:26:20.240,1.27588,1.27598,1.50,1.10
2017.11.28 04:26:20.880,1.27589,1.27598,1.00,1.10
2017.11.28 04:26:21.398,1.27588,1.27598,1.50,1.10
2017.11.28 04:26:22.261,1.27587,1.27598,4.12,1.00
2017.11.28 04:26:23.029,1.27586,1.27598,3.45,1.00
2017.11.28 04:26:23.736,1.27587,1.27598,1.12,1.50
2017.11.28 04:26:24.317,1.27586,1.27598,3.45,1.00
2017.11.28 04:26:25.042,1.27588,1.27598,1.00,1.87
2017.11.28 04:26:26.433,1.27588,1.27597,1.00,1.00
2017.11.28 04:26:28.841,1.27586,1.27597,2.70,1.00
2017.11.28 04:26:28.893,1.27585,1.27593,1.20,1.00
2017.11.28 04:26:28.997,1.27583,1.27593,3.82,1.00
2017.11.28 04:26:29.507,1.27583,1.27593,1.57,1.00
2017.11.28 04:26:48.868,1.27583,1.27593,2.51,1.00
2017.11.28 04:26:52.888,1.27583,1.27593,4.39,1.00
2017.11.28 04:27:00.125,1.27586,1.27595,1.00,1.50
2017.11.28 04:27:00.433,1.27586,1.27597,1.20,1.10
2017.11.28 04:27:00.535,1.27588,1.27597,1.00,1.00
2017.11.28 04:27:01.060,1.27587,1.27597,3.45,1.00
2017.11.28 04:27:04.631,1.27585,1.27597,1.39,2.25
2017.11.28 04:27:05.390,1.27585,1.27597,2.51,2.25
2017.11.28 04:27:05.897,1.27585,1.27596,4.01,1.00
2017.11.28 04:27:06.240,1.27588,1.27596,1.00,1.00
2017.11.28 04:27:11.558,1.27588,1.27597,1.00,1.50
2017.11.28 04:27:14.871,1.27587,1.27597,1.87,1.50
2017.11.28 04:27:24.482,1.27586,1.27597,2.25,1.50
2017.11.28 04:27:24.788,1.27588,1.27597,1.10,1.00
2017.11.28 04:27:29.991,1.27587,1.27597,1.00,1.00
2017.11.28 04:27:37.585,1.27584,1.27593,1.95,1.00
2017.11.28 04:27:37.688,1.27584,1.27592,1.57,1.00
2017.11.28 04:27:38.352,1.27584,1.27592,1.10,1.00
2017.11.28 04:27:39.158,1.27584,1.27592,1.07,1.00
2017.11.28 04:27:41.210,1.27584,1.27592,1.10,1.00
2017.11.28 04:27:41.750,1.27584,1.27593,1.00,1.00
2017.11.28 04:27:56.596,1.27584,1.27592,1.00,1.00
2017.11.28 04:27:59.013,1.27587,1.27595,2.70,1.00
2017.11.28 04:27:59.065,1.27588,1.27597,1.00,1.00
2017.11.28 04:27:59.615,1.27588,1.27598,1.00,1.00
2017.11.28 04:28:00.802,1.2759,1.27598,1.50,1.00
2017.11.28 04:28:01.146,1.27594,1.27602,1.00,1.00
2017.11.28 04:28:04.685,1.27594,1.27604,1.12,1.00
2017.11.28 04:28:05.215,1.27594,1.27603,1.00,1.00
2017.11.28 04:28:06.391,1.27594,1.27604,1.12,1.00
2017.11.28 04:28:06.444,1.27596,1.27604,1.00,1.00
2017.11.28 04:28:06.751,1.27599,1.27604,1.00,1.00
2017.11.28 04:28:07.140,1.27596,1.27604,1.00,1.00
2017.11.28 04:28:07.644,1.27596,1.27605,1.00,1.00
2017.11.28 04:28:08.721,1.27596,1.27605,1.07,1.00
2017.11.28 04:28:09.226,1.27596,1.27605,1.00,1.00
2017.11.28 04:28:13.329,1.27597,1.27605,1.00,1.00
2017.11.28 04:28:13.535,1.27598,1.27607,1.00,1.00
2017.11.28 04:28:13.936,1.27599,1.27609,1.50,1.00
2017.11.28 04:28:14.294,1.27599,1.27611,1.10,1.87
2017.11.28 04:28:14.813,1.276,1.2761,1.00,1.00
2017.11.28 04:28:14.967,1.27602,1.2761,1.00,1.00
2017.11.28 04:28:15.491,1.27603,1.2761,1.00,1.00
2017.11.28 04:28:15.594,1.27602,1.27612,3.00,1.00
2017.11.28 04:28:16.559,1.27602,1.2761,1.50,1.00
2017.11.28 04:28:17.331,1.27602,1.27609,1.00,1.00
2017.11.28 04:28:18.888,1.27602,1.27611,1.00,1.00
2017.11.28 04:28:19.301,1.27602,1.27609,1.00,1.00
2017.11.28 04:28:20.883,1.27602,1.27608,1.00,1.00
2017.11.28 04:28:27.738,1.27602,1.27611,1.00,1.00
2017.11.28 04:28:35.863,1.27602,1.2761,1.00,1.00
2017.11.28 04:28:36.710,1.27602,1.27609,1.00,1.00
2017.11.28 04:28:37.399,1.27602,1.27608,1.00,1.00
2017.11.28 04:28:37.900,1.27602,1.27609,1.00,1.00
2017.11.28 04:28:47.027,1.27602,1.27608,1.00,1.00
2017.11.28 04:28:50.893,1.27602,1.27607,1.00,1.00
2017.11.28 04:28:52.537,1.276,1.27607,1.50,1.00
2017.11.28 04:28:59.441,1.276,1.27608,1.50,1.00
2017.11.28 04:29:01.175,1.276,1.27607,1.50,1.00
2017.11.28 04:29:03.952,1.27602,1.27607,1.00,1.00
2017.11.28 04:29:14.035,1.27602,1.2761,1.00,1.00
2017.11.28 04:29:30.094,1.27602,1.27608,1.00,1.00
2017.11.28 04:29:50.357,1.27602,1.27609,1.00,1.00
2017.11.28 04:29:51.021,1.27602,1.2761,1.00,1.00
2017.11.28 04:29:51.549,1.27602,1.27609,1.00,1.00
2017.11.28 04:29:55.534,1.27602,1.27608,1.00,1.00
2017.11.28 04:29:56.885,1.27602,1.27609,1.00,1.00
2017.11.28 04:30:00.961,1.27604,1.27609,1.00,1.00
2017.11.28 04:30:01.824,1.27604,1.2761,1.00,1.00
2017.11.28 04:30:16.052,1.27604,1.27608,1.00,1.00
2017.11.28 04:30:51.128,1.27604,1.27609,1.00,1.00
2017.11.28 04:31:00.998,1.27602,1.27609,1.00,1.00
2017.11.28 04:31:06.157,1.27602,1.27611,1.00,1.00
2017.11.28 04:31:08.814,1.27601,1.2761,1.00,1.00
2017.11.28 04:31:10.543,1.27601,1.2761,2.32,1.00
2017.11.28 04:31:11.044,1.27601,1.27611,1.57,1.00
2017.11.28 04:31:13.979,1.27602,1.27608,1.00,1.00
2017.11.28 04:31:15.583,1.27602,1.2761,1.00,1.00
2017.11.28 04:31:16.094,1.27602,1.27611,1.10,1.00
2017.11.28 04:31:16.626,1.27601,1.2761,2.32,1.00
2017.11.28 04:31:17.137,1.27601,1.27611,2.25,1.00
2017.11.28 04:31:17.738,1.27601,1.2761,1.50,1.00
2017.11.28 04:31:20.792,1.27601,1.27611,2.32,1.00
2017.11.28 04:31:27.059,1.27601,1.2761,1.10,1.00
2017.11.28 04:31:28.484,1.276,1.27609,2.32,1.00
2017.11.28 04:31:30.447,1.27601,1.27608,1.10,1.00
2017.11.28 04:31:30.970,1.276,1.27608,1.57,1.00
2017.11.28 04:31:31.491,1.27601,1.27608,1.00,1.00
2017.11.28 04:31:33.889,1.276,1.27608,1.50,1.00
2017.11.28 04:31:34.582,1.27601,1.27608,1.00,1.00
2017.11.28 04:31:35.109,1.276,1.27608,1.10,1.00
2017.11.28 04:31:35.736,1.27601,1.27608,1.00,1.00
2017.11.28 04:31:36.420,1.276,1.27608,1.57,1.00
2017.11.28 04:31:36.931,1.27601,1.27608,1.50,1.00
2017.11.28 04:31:54.150,1.276,1.27608,1.57,1.00
2017.11.28 04:31:57.689,1.27601,1.27608,1.00,1.00
2017.11.28 04:32:00.354,1.276,1.27608,1.00,1.00
2017.11.28 04:32:05.991,1.27601,1.27608,1.00,1.00
2017.11.28 04:32:07.932,1.27601,1.2761,1.50,1.00
2017.11.28 04:32:08.506,1.27602,1.2761,1.00,1.00
2017.11.28 04:32:17.159,1.27602,1.27611,1.00,1.00
2017.11.28 04:32:21.274,1.27601,1.27611,1.00,1.00
2017.11.28 04:32:34.307,1.27602,1.27611,1.00,1.00
2017.11.28 04:32:36.137,1.27601,1.27611,2.25,1.00
2017.11.28 04:32:36.733,1.27602,1.27611,1.00,1.00
2017.11.28 04:32:37.644,1.27601,1.27611,2.32,1.00
2017.11.28 04:32:42.161,1.27601,1.2761,1.50,1.00
2017.11.28 04:32:47.580,1.276,1.27608,1.07,1.00
2017.11.28 04:32:48.089,1.276,1.27608,1.10,1.00
2017.11.28 04:32:48.625,1.27601,1.27608,1.00,1.00
2017.11.28 04:32:51.368,1.27601,1.27609,1.00,1.00
2017.11.28 04:33:02.475,1.27602,1.27612,1.69,1.57
2017.11.28 04:33:02.527,1.27604,1.27613,2.25,1.17
2017.11.28 04:33:02.579,1.27604,1.27614,1.69,1.00
2017.11.28 04:33:03.089,1.27604,1.27613,1.00,1.00
2017.11.28 04:33:24.663,1.27605,1.27614,1.50,1.00
2017.11.28 04:33:25.221,1.27606,1.27614,1.00,1.00
2017.11.28 04:33:42.715,1.27605,1.27614,1.00,1.00
2017.11.28 04:33:47.398,1.27603,1.27612,1.57,1.00
2017.11.28 04:33:47.450,1.27602,1.27612,2.32,1.00
2017.11.28 04:33:47.958,1.27603,1.27612,1.00,1.00
2017.11.28 04:33:48.493,1.27602,1.27612,1.57,1.00
2017.11.28 04:33:49.273,1.27603,1.27612,1.00,1.00
2017.11.28 04:33:50.221,1.27602,1.27612,1.57,1.00
2017.11.28 04:33:51.221,1.27603,1.27612,1.00,1.00
2017.11.28 04:33:52.381,1.27602,1.27612,1.57,1.00
2017.11.28 04:33:52.917,1.27603,1.27612,1.00,1.00
2017.11.28 04:33:54.382,1.27602,1.27612,1.57,1.00
2017.11.28 04:33:55.393,1.27603,1.27612,1.00,1.00
2017.11.28 04:33:56.391,1.27602,1.27612,1.57,1.00
2017.11.28 04:33:56.922,1.27603,1.27612,1.00,1.00
2017.11.28 04:33:58.472,1.27601,1.27609,1.57,1.00
2017.11.28 04:33:58.625,1.276,1.27609,1.95,1.00
2017.11.28 04:33:59.158,1.27601,1.27609,1.50,1.00
2017.11.28 04:34:00.015,1.27601,1.2761,1.00,1.00
2017.11.28 04:34:00.554,1.27602,1.27611,1.00,1.00
2017.11.28 04:34:13.681,1.27601,1.27611,3.07,1.00
2017.11.28 04:34:14.200,1.27601,1.27611,1.57,1.00
2017.11.28 04:34:15.506,1.27601,1.27611,3.07,1.00
2017.11.28 04:34:21.549,1.27601,1.2761,1.57,1.00
2017.11.28 04:34:28.549,1.27601,1.27606,1.10,1.00
2017.11.28 04:34:28.601,1.27601,1.27608,1.10,1.00
2017.11.28 04:34:28.747,1.27597,1.27607,2.70,1.50
2017.11.28 04:34:30.113,1.27597,1.27607,2.25,1.50
2017.11.28 04:34:31.078,1.27597,1.27607,3.07,1.50
2017.11.28 04:34:37.069,1.27598,1.27607,1.00,1.50
2017.11.28 04:34:49.362,1.27597,1.27606,1.00,3.75
2017.11.28 04:34:49.469,1.27595,1.27602,1.10,1.00
2017.11.28 04:34:51.710,1.27594,1.27601,1.20,1.00
2017.11.28 04:34:51.898,1.2759,1.276,2.70,1.00
2017.11.28 04:34:53.201,1.27591,1.276,1.00,1.00
2017.11.28 04:34:53.949,1.2759,1.276,1.95,1.00
2017.11.28 04:34:57.095,1.27591,1.276,1.00,1.00
2017.11.28 04:34:57.837,1.2759,1.276,1.95,1.00
2017.11.28 04:35:00.837,1.27592,1.27601,2.25,1.00
2017.11.28 04:35:01.486,1.2759,1.27601,4.50,1.50
2017.11.28 04:35:02.465,1.27591,1.276,1.00,1.00
2017.11.28 04:35:03.229,1.2759,1.276,2.25,1.00
2017.11.28 04:35:07.598,1.27591,1.276,1.00,1.00
2017.11.28 04:35:08.186,1.2759,1.276,2.25,1.00
2017.11.28 04:35:10.553,1.2759,1.276,3.07,1.00
2017.11.28 04:35:12.472,1.2759,1.27599,3.64,1.00
2017.11.28 04:35:19.810,1.2759,1.27599,3.45,1.00
2017.11.28 04:35:20.952,1.27591,1.27599,1.00,1.00
2017.11.28 04:35:24.549,1.2759,1.27599,1.57,1.00
2017.11.28 04:35:25.096,1.27591,1.27599,1.00,1.00
2017.11.28 04:35:25.692,1.2759,1.27599,1.57,1.00
2017.11.28 04:35:26.517,1.27591,1.27599,1.00,1.00
2017.11.28 04:35:27.125,1.2759,1.27599,1.57,1.00
2017.11.28 04:35:32.997,1.27591,1.27599,1.00,1.00
2017.11.28 04:35:33.648,1.2759,1.27599,1.50,1.00
2017.11.28 04:35:34.338,1.27591,1.27599,1.00,1.00
2017.11.28 04:35:34.996,1.2759,1.27599,1.50,1.00
2017.11.28 04:35:35.780,1.27591,1.27599,1.00,1.00
2017.11.28 04:35:36.319,1.2759,1.276,3.00,1.00
2017.11.28 04:35:36.882,1.27591,1.276,1.00,1.00
2017.11.28 04:35:44.454,1.2759,1.276,3.07,1.00
2017.11.28 04:35:44.992,1.27591,1.276,1.00,1.00
2017.11.28 04:35:45.654,1.2759,1.276,2.32,1.00
2017.11.28 04:35:46.232,1.27591,1.276,1.00,1.00
2017.11.28 04:35:46.855,1.2759,1.276,2.32,1.00
2017.11.28 04:35:48.043,1.27591,1.276,1.00,1.00
2017.11.28 04:35:48.675,1.2759,1.276,1.57,1.00
2017.11.28 04:35:50.931,1.27591,1.276,1.00,1.00
2017.11.28 04:35:51.789,1.27591,1.27599,1.00,1.00
2017.11.28 04:35:53.946,1.2759,1.27599,1.10,1.00
2017.11.28 04:35:54.570,1.27591,1.27599,1.50,1.00
2017.11.28 04:35:57.582,1.2759,1.27599,2.32,1.00
2017.11.28 04:35:58.259,1.27591,1.27599,1.00,1.00
2017.11.28 04:35:58.914,1.2759,1.27599,2.32,1.00
2017.11.28 04:36:00.605,1.27591,1.27599,1.00,1.00
2017.11.28 04:36:01.621,1.2759,1.27599,2.25,1.00
2017.11.28 04:36:02.454,1.27591,1.27599,1.00,1.00
2017.11.28 04:36:02.993,1.2759,1.27599,2.25,1.00
2017.11.28 04:36:04.176,1.27591,1.27599,1.00,1.00
2017.11.28 04:36:05.173,1.2759,1.27599,2.25,1.00
2017.11.28 04:36:05.503,1.2759,1.27597,2.25,1.00
2017.11.28 04:36:06.191,1.27591,1.27597,1.00,1.00
2017.11.28 04:36:06.661,1.27587,1.27597,6.07,1.00
2017.11.28 04:36:07.200,1.27588,1.27598,1.20,1.00
2017.11.28 04:36:26.041,1.27588,1.27598,3.26,1.00
2017.11.28 04:36:26.551,1.27588,1.27599,5.32,1.00
2017.11.28 04:36:55.898,1.2759,1.27599,1.00,1.00
2017.11.28 04:36:56.427,1.2759,1.276,1.01,1.00
2017.11.28 04:36:56.545,1.2759,1.276,1.85,1.00
2017.11.28 04:36:57.682,1.27591,1.27601,1.82,1.00
2017.11.28 04:37:09.659,1.27591,1.27601,1.57,1.00
2017.11.28 04:37:10.182,1.27591,1.27601,1.69,1.00
2017.11.28 04:37:12.787,1.2759,1.27601,3.07,1.00
2017.11.28 04:37:13.376,1.27591,1.27601,1.00,1.00
2017.11.28 04:37:13.888,1.2759,1.27601,3.07,1.00
2017.11.28 04:37:19.444,1.27591,1.27601,1.00,1.00
2017.11.28 04:37:26.276,1.27588,1.27598,3.07,1.00
2017.11.28 04:37:26.827,1.27588,1.27598,2.32,1.00
2017.11.28 04:37:30.451,1.27588,1.27598,1.95,1.00
2017.11.28 04:37:31.011,1.27588,1.27598,1.95,1.00
2017.11.28 04:37:45.995,1.27588,1.27598,1.10,1.00
2017.11.28 04:37:46.535,1.27588,1.27597,1.00,1.00
2017.11.28 04:37:48.573,1.27587,1.27597,1.10,1.00
2017.11.28 04:38:18.806,1.27587,1.27593,1.00,1.20
2017.11.28 04:38:18.858,1.27581,1.2759,1.12,1.00
2017.11.28 04:38:20.807,1.27581,1.2759,1.50,1.00
2017.11.28 04:38:21.324,1.27581,1.2759,1.50,1.00
2017.11.28 04:38:32.957,1.27581,1.27591,1.00,1.50
2017.11.28 04:38:37.069,1.27581,1.2759,1.10,1.00
2017.11.28 04:38:40.101,1.27581,1.2759,1.45,1.00
2017.11.28 04:38:40.777,1.27581,1.2759,1.45,1.00
2017.11.28 04:38:48.352,1.27582,1.2759,1.20,1.00
2017.11.28 04:38:50.053,1.27582,1.2759,1.00,1.00
2017.11.28 04:38:50.595,1.27581,1.2759,1.20,1.00
2017.11.28 04:38:51.743,1.27581,1.27589,1.12,1.00
2017.11.28 04:38:52.333,1.27581,1.2759,1.12,1.00
2017.11.28 04:38:55.101,1.27581,1.27588,1.12,1.00
2017.11.28 04:38:57.136,1.27578,1.27583,1.50,1.00
2017.11.28 04:38:57.189,1.27577,1.27582,3.82,1.00
2017.11.28 04:38:57.293,1.27574,1.27581,1.10,2.25
2017.11.28 04:38:57.831,1.27573,1.27581,1.20,2.25
2017.11.28 04:39:00.097,1.27572,1.27581,1.12,1.50
2017.11.28 04:39:04.894,1.27571,1.27581,1.95,1.50
2017.11.28 04:39:05.238,1.27574,1.27581,1.00,1.00
2017.11.28 04:39:06.061,1.27574,1.2758,1.00,1.00
2017.11.28 04:39:09.552,1.27574,1.27581,1.00,1.50
2017.11.28 04:39:32.555,1.27579,1.27584,1.50,1.10
2017.11.28 04:39:32.761,1.27584,1.27592,1.00,1.57
2017.11.28 04:39:33.017,1.27584,1.27594,1.00,3.07
2017.11.28 04:39:34.085,1.27584,1.27593,1.00,1.00
2017.11.28 04:39:34.668,1.27584,1.27594,1.00,1.76
2017.11.28 04:39:36.574,1.27584,1.27592,1.00,1.00
2017.11.28 04:39:37.907,1.27584,1.27591,1.00,1.00
2017.11.28 04:39:38.620,1.27584,1.27592,1.00,1.50
2017.11.28 04:39:39.286,1.27584,1.27591,1.00,1.00
2017.11.28 04:39:40.143,1.27584,1.27592,1.00,1.50
2017.11.28 04:39:40.733,1.27584,1.27591,1.00,1.00
2017.11.28 04:39:41.296,1.27584,1.27592,1.00,1.50
2017.11.28 04:39:43.309,1.27584,1.27591,1.00,1.00
2017.11.28 04:39:44.233,1.27584,1.27592,1.00,3.82
2017.11.28 04:39:44.836,1.27584,1.27592,1.00,4.95
2017.11.28 04:39:45.463,1.27584,1.27592,1.00,1.57
2017.11.28 04:39:46.357,1.27584,1.27591,1.00,1.00
2017.11.28 04:39:47.394,1.27584,1.27592,1.00,1.57
2017.11.28 04:39:48.723,1.27584,1.27591,1.00,1.00
2017.11.28 04:39:49.403,1.27584,1.27592,1.00,1.57
2017.11.28 04:39:50.334,1.27584,1.27591,1.00,1.00
2017.11.28 04:39:50.843,1.27584,1.27592,1.00,1.57
2017.11.28 04:39:52.011,1.27584,1.27591,1.00,1.00
2017.11.28 04:39:52.572,1.27584,1.27592,1.00,1.57
2017.11.28 04:39:53.142,1.27584,1.27591,1.00,1.50
2017.11.28 04:39:53.732,1.27584,1.27592,1.00,2.25
2017.11.28 04:39:54.378,1.27584,1.27591,1.00,1.50
2017.11.28 04:39:55.345,1.27584,1.27592,1.00,2.51
2017.11.28 04:39:55.890,1.27584,1.27591,1.00,1.00
2017.11.28 04:39:56.523,1.27584,1.27592,1.00,2.06
2017.11.28 04:39:57.502,1.27584,1.27594,1.00,5.32
2017.11.28 04:40:10.184,1.27584,1.27594,1.00,1.95
2017.11.28 04:40:12.425,1.27584,1.27592,1.00,1.50
2017.11.28 04:40:12.958,1.27584,1.27591,1.00,1.00
2017.11.28 04:40:15.083,1.27584,1.27592,1.00,1.50
2017.11.28 04:40:15.772,1.27584,1.27591,1.00,1.00
2017.11.28 04:40:16.385,1.27584,1.27592,1.00,1.50
2017.11.28 04:40:18.343,1.27584,1.27591,1.00,1.00
2017.11.28 04:40:19.005,1.27584,1.27592,1.00,1.50
2017.11.28 04:40:21.964,1.27584,1.27591,1.00,1.00
2017.11.28 04:40:23.169,1.27584,1.27592,1.00,1.50
2017.11.28 04:40:23.694,1.27584,1.27591,1.00,1.00
2017.11.28 04:40:24.376,1.27584,1.27592,1.00,1.50
2017.11.28 04:40:24.887,1.27584,1.27591,1.00,1.00
2017.11.28 04:40:25.632,1.27584,1.27592,1.00,1.87
2017.11.28 04:40:32.424,1.27584,1.27594,1.00,1.57
2017.11.28 04:40:33.017,1.27583,1.27596,1.57,1.82
2017.11.28 04:40:37.417,1.27583,1.27596,1.20,1.85
2017.11.28 04:40:39.011,1.27583,1.27596,1.20,1.95
2017.11.28 04:40:46.237,1.27582,1.27593,1.10,1.12
2017.11.28 04:40:47.309,1.27582,1.27594,1.00,1.10
2017.11.28 04:40:47.984,1.27582,1.27594,1.10,1.20
2017.11.28 04:40:48.639,1.27581,1.27594,1.10,3.07
2017.11.28 04:40:49.218,1.27583,1.27594,1.00,1.39
2017.11.28 04:40:55.937,1.27583,1.27594,1.00,2.51
2017.11.28 04:40:56.142,1.27581,1.27593,1.10,1.25
2017.11.28 04:40:56.687,1.27582,1.27594,1.10,1.32
2017.11.28 04:40:57.930,1.27582,1.27594,1.10,1.69
2017.11.28 04:40:59.470,1.27582,1.27592,1.00,1.12
2017.11.28 04:40:59.997,1.27582,1.27591,1.00,1.12
2017.11.28 04:41:01.084,1.27582,1.27592,1.10,1.00
2017.11.28 04:41:01.797,1.27582,1.27591,1.10,1.00
2017.11.28 04:41:02.352,1.27582,1.27592,1.10,1.69
2017.11.28 04:41:03.513,1.27582,1.27591,1.10,1.00
2017.11.28 04:41:04.041,1.27582,1.27592,1.10,1.25
2017.11.28 04:41:05.302,1.27582,1.27591,1.10,1.00
2017.11.28 04:41:05.941,1.27582,1.27592,1.10,1.25
2017.11.28 04:41:08.462,1.27582,1.27593,1.20,2.89
2017.11.28 04:41:08.966,1.27582,1.27594,1.12,1.10
2017.11.28 04:41:09.723,1.27586,1.27596,1.00,1.45
2017.11.28 04:41:10.263,1.27586,1.27597,1.50,4.39
2017.11.28 04:41:11.251,1.27585,1.27597,1.12,3.64
2017.11.28 04:41:13.274,1.27586,1.27597,1.00,2.70
2017.11.28 04:41:13.835,1.27585,1.27597,1.00,1.95
2017.11.28 04:41:14.454,1.27586,1.27597,1.00,2.70
2017.11.28 04:41:16.601,1.27585,1.27597,1.00,1.95
2017.11.28 04:41:18.383,1.27586,1.27597,1.00,4.20
2017.11.28 04:41:21.800,1.27585,1.27597,1.12,3.45
2017.11.28 04:41:24.384,1.27586,1.27596,1.00,1.45
2017.11.28 04:41:24.525,1.27584,1.27597,1.00,2.70
2017.11.28 04:41:30.386,1.27584,1.27596,1.00,1.10
2017.11.28 04:41:40.667,1.27583,1.27596,1.10,2.70
2017.11.28 04:41:52.840,1.27586,1.27598,1.12,1.95
2017.11.28 04:41:52.945,1.27586,1.276,1.57,2.32
2017.11.28 04:41:53.047,1.27588,1.27599,1.00,1.00
2017.11.28 04:41:53.571,1.27588,1.27598,1.10,1.00
2017.11.28 04:41:58.307,1.27588,1.27599,1.10,1.20
2017.11.28 04:41:59.316,1.27588,1.276,5.25,1.20
2017.11.28 04:41:59.624,1.27589,1.27601,1.57,1.57
2017.11.28 04:42:01.995,1.27588,1.276,1.47,1.12
2017.11.28 04:42:02.517,1.27588,1.27601,1.57,2.32
2017.11.28 04:42:25.825,1.27589,1.27602,1.00,3.07
2017.11.28 04:42:26.510,1.27589,1.27602,1.95,1.20
2017.11.28 04:42:27.473,1.27589,1.27601,1.20,1.00
2017.11.28 04:42:30.072,1.27589,1.27602,1.57,1.95
2017.11.28 04:42:36.224,1.2759,1.27602,1.00,1.10
2017.11.28 04:42:37.117,1.27589,1.27603,2.70,3.82
2017.11.28 04:42:38.321,1.27589,1.27602,1.50,1.76
2017.11.28 04:42:41.374,1.27589,1.276,1.00,1.00
2017.11.28 04:42:42.981,1.27591,1.27602,1.50,3.45
2017.11.28 04:42:43.322,1.27594,1.27602,1.00,3.00
2017.11.28 04:42:44.050,1.27594,1.27604,1.00,3.07
2017.11.28 04:42:54.037,1.27594,1.27604,1.00,4.95
2017.11.28 04:43:00.534,1.27594,1.27604,1.00,3.75
2017.11.28 04:43:08.251,1.27594,1.27604,1.00,4.87
2017.11.28 04:43:09.484,1.27594,1.27604,1.00,4.50
2017.11.28 04:43:10.534,1.27594,1.27604,1.00,4.12
2017.11.28 04:43:16.602,1.27594,1.27604,1.00,5.51
2017.11.28 04:43:17.136,1.27594,1.27604,1.00,7.01
2017.11.28 04:43:17.671,1.27594,1.27602,1.00,3.00
2017.11.28 04:43:21.230,1.27594,1.27601,1.00,1.00
2017.11.28 04:43:21.996,1.27594,1.27601,1.00,1.95
2017.11.28 04:43:26.446,1.27594,1.27599,1.00,1.00
2017.11.28 04:43:26.964,1.27594,1.276,1.00,1.87
2017.11.28 04:43:38.441,1.27591,1.27596,1.10,1.00
2017.11.28 04:43:38.494,1.27587,1.27595,1.20,1.00
2017.11.28 04:43:38.599,1.27582,1.27592,3.82,1.00
2017.11.28 04:43:38.805,1.27582,1.27592,2.62,1.00
2017.11.28 04:43:39.316,1.27583,1.27592,1.00,1.00
2017.11.28 04:43:39.880,1.27582,1.27592,1.87,1.00
2017.11.28 04:43:40.531,1.27583,1.27592,1.00,1.00
2017.11.28 04:43:41.074,1.27582,1.27592,1.10,1.00
2017.11.28 04:44:00.902,1.27582,1.27592,1.00,1.07
2017.11.28 04:44:01.411,1.27582,1.27592,1.00,1.20
2017.11.28 04:44:03.248,1.27582,1.27591,1.00,1.00
2017.11.28 04:44:04.927,1.27582,1.27592,1.00,2.89
2017.11.28 04:44:05.771,1.27582,1.27591,1.00,1.00
2017.11.28 04:44:08.928,1.27582,1.27588,1.00,1.00
2017.11.28 04:44:09.449,1.27582,1.27589,1.00,1.00
2017.11.28 04:44:09.774,1.27582,1.27592,1.00,2.70
2017.11.28 04:44:10.480,1.27582,1.27592,1.50,1.87
2017.11.28 04:44:38.005,1.27583,1.27592,1.00,1.00
2017.11.28 04:44:38.610,1.27583,1.27595,1.00,3.07
2017.11.28 04:44:39.625,1.27582,1.27595,1.50,3.07
2017.11.28 04:44:40.412,1.27583,1.27595,1.00,3.07
2017.11.28 04:44:41.383,1.27582,1.27595,1.50,3.07
2017.11.28 04:44:41.920,1.27583,1.27595,1.00,3.07
2017.11.28 04:44:43.004,1.27582,1.27595,2.25,3.82
2017.11.28 04:44:43.595,1.27583,1.27595,1.00,3.82
2017.11.28 04:44:44.673,1.27582,1.27595,1.50,3.07
2017.11.28 04:44:45.516,1.27583,1.27595,1.00,3.07
2017.11.28 04:44:46.045,1.27583,1.27595,1.00,3.45
2017.11.28 04:44:46.605,1.27583,1.27595,1.00,2.32
2017.11.28 04:44:47.214,1.27582,1.27595,1.50,2.32
2017.11.28 04:44:47.926,1.27583,1.27595,1.10,2.70
2017.11.28 04:44:48.605,1.27582,1.27595,1.57,1.57
2017.11.28 04:44:48.657,1.27584,1.27595,1.10,1.57
2017.11.28 04:45:02.752,1.27584,1.27593,1.00,3.00
2017.11.28 04:45:10.996,1.27584,1.27592,1.00,3.56
2017.11.28 04:45:12.508,1.27584,1.27592,1.00,1.95
2017.11.28 04:45:18.515,1.27584,1.27591,1.00,1.00
2017.11.28 04:45:19.141,1.27584,1.27592,1.00,1.10
2017.11.28 04:45:22.309,1.27584,1.27593,1.00,1.20
2017.11.28 04:45:29.040,1.27584,1.27592,1.00,1.00
2017.11.28 04:45:29.651,1.27584,1.27593,1.00,2.62
2017.11.28 04:45:30.152,1.27584,1.27592,1.00,1.00
2017.11.28 04:45:31.048,1.27584,1.27593,1.00,2.62
2017.11.28 04:45:42.765,1.27584,1.27593,1.00,1.20
2017.11.28 04:45:48.705,1.27581,1.27593,1.95,1.95
2017.11.28 04:45:56.453,1.27581,1.27593,1.20,1.10
2017.11.28 04:45:59.705,1.27583,1.27595,1.00,1.95
2017.11.28 04:45:59.757,1.27585,1.27596,1.00,4.57
2017.11.28 04:45:59.809,1.27584,1.27596,1.00,1.20
2017.11.28 04:46:00.340,1.27584,1.27596,1.10,1.57
2017.11.28 04:46:01.051,1.27584,1.27597,1.00,2.70
2017.11.28 04:46:01.840,1.27583,1.27597,1.57,1.95
2017.11.28 04:46:02.343,1.27584,1.27597,2.70,1.45
2017.11.28 04:46:02.447,1.27586,1.27598,1.00,1.95
2017.11.28 04:46:03.076,1.27586,1.27598,1.07,1.20
2017.11.28 04:46:03.594,1.27586,1.27597,1.07,1.00
2017.11.28 04:46:03.698,1.27585,1.27597,1.10,1.00
2017.11.28 04:46:04.309,1.27585,1.27597,1.07,1.10
2017.11.28 04:46:10.122,1.27585,1.27597,1.57,1.20
2017.11.28 04:46:10.628,1.27585,1.27597,1.10,1.12
2017.11.28 04:46:11.293,1.27584,1.27593,1.20,1.00
2017.11.28 04:46:11.844,1.27584,1.27593,1.00,1.10
2017.11.28 04:46:16.723,1.27584,1.27592,1.00,2.32
2017.11.28 04:46:17.232,1.27584,1.27591,1.00,1.25
2017.11.28 04:46:19.087,1.27584,1.27592,1.00,2.62
2017.11.28 04:46:32.023,1.27584,1.27593,1.00,1.87
2017.11.28 04:46:32.526,1.27584,1.27593,1.10,3.37
2017.11.28 04:46:32.628,1.27584,1.27594,1.10,3.37
2017.11.28 04:46:33.325,1.27584,1.27595,1.57,1.00
2017.11.28 04:46:33.482,1.27585,1.27597,3.07,1.00
2017.11.28 04:46:33.533,1.27585,1.27599,4.95,1.95
2017.11.28 04:46:34.045,1.27586,1.27599,1.57,1.87
2017.11.28 04:46:36.630,1.27586,1.27599,2.32,1.12
2017.11.28 04:46:39.833,1.27591,1.27599,1.00,1.00
2017.11.28 04:46:40.375,1.27591,1.276,1.00,2.44
2017.11.28 04:46:40.975,1.27586,1.276,3.45,3.94
2017.11.28 04:46:47.424,1.27595,1.27601,1.00,3.75
2017.11.28 04:46:48.242,1.27596,1.27601,1.00,3.00
2017.11.28 04:46:48.810,1.27595,1.27601,1.00,3.00
2017.11.28 04:46:51.743,1.27595,1.276,1.00,1.00
2017.11.28 04:46:52.264,1.27595,1.27601,1.00,1.12
2017.11.28 04:47:03.754,1.27592,1.27601,1.00,1.12
2017.11.28 04:47:03.857,1.27592,1.27599,1.10,1.00
2017.11.28 04:47:04.463,1.27592,1.276,1.00,2.25
2017.11.28 04:47:05.101,1.27592,1.27599,1.00,1.00
2017.11.28 04:47:05.734,1.27592,1.276,1.00,2.25
2017.11.28 04:47:08.458,1.27592,1.27599,1.00,1.00
2017.11.28 04:47:08.995,1.27592,1.276,1.00,1.50
2017.11.28 04:47:12.614,1.27592,1.27602,1.00,3.94
2017.11.28 04:47:15.937,1.27592,1.27601,1.00,1.00
2017.11.28 04:47:16.668,1.27592,1.27602,1.00,3.75
2017.11.28 04:47:17.388,1.27592,1.27601,1.00,1.00
2017.11.28 04:47:18.072,1.27592,1.27602,1.00,2.62
2017.11.28 04:47:18.884,1.27592,1.27601,1.00,1.00
2017.11.28 04:47:23.304,1.27592,1.276,1.00,1.00
2017.11.28 04:47:23.951,1.27592,1.27602,1.00,3.94
2017.11.28 04:47:25.367,1.27592,1.276,1.00,1.00
2017.11.28 04:47:29.062,1.27592,1.27601,1.10,1.12
2017.11.28 04:47:39.044,1.27592,1.27602,1.10,3.00
2017.11.28 04:47:42.885,1.27592,1.27602,1.20,1.12
2017.11.28 04:47:44.241,1.27592,1.27602,1.20,2.25
2017.11.28 04:47:45.252,1.27592,1.27601,1.00,1.12
2017.11.28 04:47:56.801,1.27592,1.27602,1.00,1.12
2017.11.28 04:47:58.525,1.27592,1.27602,1.20,1.50
2017.11.28 04:48:00.108,1.27592,1.27602,1.45,1.00
2017.11.28 04:48:03.874,1.27591,1.27603,1.95,3.37
2017.11.28 04:48:10.613,1.27591,1.27603,1.45,3.00
2017.11.28 04:48:10.767,1.27589,1.27602,3.45,1.50
2017.11.28 04:48:10.869,1.2759,1.27603,2.32,3.75
2017.11.28 04:48:11.521,1.27591,1.27603,1.57,3.00
2017.11.28 04:48:15.156,1.27591,1.27603,3.07,3.00
2017.11.28 04:48:16.696,1.27591,1.27603,1.95,3.00
2017.11.28 04:48:19.965,1.27591,1.27603,1.95,3.37
2017.11.28 04:48:20.560,1.27591,1.27603,1.82,3.37
2017.11.28 04:48:30.130,1.2759,1.27603,4.57,3.00
2017.11.28 04:48:32.552,1.27591,1.27603,2.32,3.00
2017.11.28 04:48:38.116,1.27591,1.27603,2.70,3.00
2017.11.28 04:48:44.894,1.27591,1.27603,1.45,4.50
2017.11.28 04:48:45.049,1.27591,1.27603,1.45,4.50
2017.11.28 04:48:52.492,1.2759,1.27603,1.95,1.00
2017.11.28 04:48:52.645,1.27591,1.27603,1.95,1.12
2017.11.28 04:48:53.158,1.27591,1.27603,1.57,1.12
2017.11.28 04:48:53.892,1.27591,1.27603,3.07,1.12
2017.11.28 04:49:00.983,1.27593,1.27604,1.45,1.00
2017.11.28 04:49:02.945,1.27593,1.27605,1.95,5.25
2017.11.28 04:49:04.552,1.27591,1.27603,4.20,1.37
2017.11.28 04:49:04.655,1.2759,1.27603,3.45,2.25
2017.11.28 04:49:05.159,1.27591,1.27604,3.45,1.37
2017.11.28 04:49:08.562,1.27591,1.27604,1.45,3.37
2017.11.28 04:49:09.131,1.2759,1.27604,2.32,2.14
2017.11.28 04:49:09.633,1.2759,1.27603,1.57,1.31
2017.11.28 04:49:11.415,1.27591,1.27603,1.45,1.12
2017.11.28 04:49:11.542,1.2759,1.27603,4.20,1.12
2017.11.28 04:49:12.643,1.27591,1.27604,1.45,3.37
2017.11.28 04:49:13.189,1.27591,1.27604,3.45,1.00
2017.11.28 04:49:14.342,1.27591,1.27604,1.57,2.25
2017.11.28 04:49:14.451,1.27591,1.27604,1.57,2.25
2017.11.28 04:49:19.681,1.27592,1.27603,1.95,1.00
2017.11.28 04:49:19.884,1.27592,1.27604,1.45,1.00
2017.11.28 04:49:21.306,1.27591,1.27604,3.45,1.37
2017.11.28 04:49:21.848,1.27592,1.27604,1.45,1.37
2017.11.28 04:49:22.429,1.27591,1.27604,1.45,1.50
2017.11.28 04:49:22.626,1.27591,1.27604,1.45,1.50
2017.11.28 04:49:23.154,1.27593,1.27604,1.45,1.00
2017.11.28 04:49:27.573,1.27592,1.27603,1.20,1.00
2017.11.28 04:49:28.084,1.27593,1.27604,1.20,1.50
2017.11.28 04:49:28.539,1.27591,1.27604,1.57,1.87
2017.11.28 04:49:29.040,1.27591,1.27603,1.45,1.00
2017.11.28 04:49:29.570,1.27591,1.27603,1.45,1.00
2017.11.28 04:49:34.801,1.2759,1.27604,3.82,1.95
2017.11.28 04:49:37.271,1.27592,1.27604,1.10,2.62
2017.11.28 04:49:37.577,1.2759,1.27604,5.32,3.37
2017.11.28 04:49:38.481,1.2759,1.27604,5.32,1.50
2017.11.28 04:49:44.538,1.27591,1.27604,1.57,1.87
2017.11.28 04:49:45.046,1.27591,1.27604,1.45,1.69
2017.11.28 04:49:46.119,1.27591,1.27604,1.45,2.51
2017.11.28 04:49:46.477,1.27589,1.27602,1.45,4.50
2017.11.28 04:49:47.010,1.27589,1.27602,1.95,5.62
2017.11.28 04:49:47.555,1.27589,1.276,1.95,1.00
2017.11.28 04:49:50.209,1.27589,1.27601,1.45,1.00
2017.11.28 04:49:50.862,1.27589,1.276,1.45,1.00
2017.11.28 04:49:52.054,1.27589,1.27601,1.45,1.00
2017.11.28 04:49:54.560,1.27589,1.27602,1.95,1.50
2017.11.28 04:49:54.917,1.27592,1.27604,1.00,1.57
2017.11.28 04:49:55.427,1.27592,1.27604,1.20,2.44
2017.11.28 04:49:55.950,1.27592,1.27604,1.20,3.19
2017.11.28 04:49:56.453,1.27592,1.27604,1.20,2.62
2017.11.28 04:49:59.349,1.27592,1.27603,1.10,2.44
2017.11.28 04:49:59.851,1.27592,1.27603,1.20,1.01
2017.11.28 04:50:04.589,1.27592,1.27604,1.10,2.25
2017.11.28 04:50:05.074,1.27592,1.27604,1.45,1.37
2017.11.28 04:50:05.125,1.27592,1.27604,1.20,1.37
2017.11.28 04:50:05.645,1.27592,1.27604,1.45,1.47
2017.11.28 04:50:06.163,1.27592,1.27604,1.45,1.20
2017.11.28 04:50:06.708,1.27592,1.27604,1.10,3.37
2017.11.28 04:50:07.226,1.27592,1.27603,1.10,1.00
2017.11.28 04:50:14.778,1.27592,1.27604,1.10,3.75
2017.11.28 04:50:17.543,1.27592,1.27604,1.10,1.37
2017.11.28 04:50:18.136,1.2759,1.27604,1.45,1.94
2017.11.28 04:50:20.520,1.2759,1.27603,1.45,2.06
2017.11.28 04:50:20.644,1.2759,1.27602,1.20,4.69
2017.11.28 04:50:21.662,1.2759,1.27601,1.20,1.62
2017.11.28 04:50:31.063,1.2759,1.27601,1.45,1.25
2017.11.28 04:50:31.570,1.2759,1.27602,1.45,2.81
2017.11.28 04:50:31.762,1.2759,1.276,1.45,1.25
2017.11.28 04:50:35.463,1.2759,1.27601,1.45,1.12
2017.11.28 04:50:36.636,1.2759,1.276,1.45,1.00
2017.11.28 04:50:37.402,1.2759,1.27601,1.45,1.69
2017.11.28 04:50:38.163,1.2759,1.276,1.45,1.00
2017.11.28 04:50:40.637,1.27591,1.27603,1.20,2.14
2017.11.28 04:50:41.150,1.27591,1.27603,1.20,1.87
2017.11.28 04:50:42.194,1.27593,1.27603,1.00,1.87
2017.11.28 04:50:42.763,1.27591,1.27603,1.20,1.87
2017.11.28 04:50:47.889,1.27591,1.27603,1.00,2.70
2017.11.28 04:51:00.133,1.2759,1.27601,1.10,1.10
2017.11.28 04:51:01.088,1.2759,1.276,1.10,1.00
2017.11.28 04:51:07.734,1.27588,1.27599,1.07,1.87
2017.11.28 04:51:07.888,1.27588,1.27598,1.00,2.32
2017.11.28 04:51:07.939,1.27585,1.27597,1.00,1.20
2017.11.28 04:51:08.459,1.27585,1.27597,1.00,3.64
2017.11.28 04:51:14.095,1.27584,1.27597,1.10,1.76
2017.11.28 04:51:14.731,1.27584,1.27597,1.10,3.45
2017.11.28 04:51:15.604,1.27584,1.27597,1.00,1.95
2017.11.28 04:51:16.942,1.27585,1.27597,1.00,1.10
2017.11.28 04:51:27.816,1.27585,1.27598,1.00,2.70
2017.11.28 04:51:30.565,1.27585,1.27598,1.00,2.32
2017.11.28 04:51:31.085,1.27585,1.27598,1.00,2.32
2017.11.28 04:51:41.285,1.27585,1.27594,1.00,1.00
2017.11.28 04:51:41.862,1.27585,1.27598,1.00,2.70
2017.11.28 04:51:42.375,1.27582,1.27596,1.95,1.76
2017.11.28 04:51:42.427,1.27582,1.27593,1.20,1.87
2017.11.28 04:51:43.035,1.27582,1.27593,1.00,1.95
2017.11.28 04:51:44.261,1.27581,1.27593,1.87,2.32
2017.11.28 04:51:45.793,1.27581,1.27592,1.87,1.12
2017.11.28 04:51:46.104,1.27578,1.27587,1.10,1.00
2017.11.28 04:51:47.299,1.27577,1.27587,2.32,1.00
2017.11.28 04:51:47.938,1.27577,1.27587,1.57,1.00
2017.11.28 04:51:48.800,1.27577,1.27587,1.57,1.50
2017.11.28 04:51:49.125,1.27574,1.27582,1.00,1.00
2017.11.28 04:51:51.042,1.27575,1.27582,1.00,1.00
2017.11.28 04:51:51.545,1.27574,1.27582,1.00,1.00
2017.11.28 04:51:57.550,1.27572,1.27582,3.07,1.00
2017.11.28 04:52:05.262,1.27572,1.27581,1.00,1.00
2017.11.28 04:52:05.766,1.27572,1.27582,1.00,2.25
2017.11.28 04:52:06.367,1.27572,1.27581,1.00,1.00
2017.11.28 04:52:06.881,1.27572,1.27582,1.00,2.25
2017.11.28 04:52:07.554,1.27572,1.27581,1.00,1.00
2017.11.28 04:52:08.119,1.27572,1.27582,1.50,2.25
2017.11.28 04:52:08.686,1.27572,1.27581,1.50,1.00
2017.11.28 04:52:09.271,1.27572,1.27582,1.50,2.32
2017.11.28 04:52:10.172,1.27572,1.27581,1.50,1.00
2017.11.28 04:52:10.816,1.27572,1.27582,1.50,2.32
2017.11.28 04:52:11.683,1.27572,1.27581,1.00,1.00
2017.11.28 04:52:12.394,1.27572,1.27582,1.50,2.32
2017.11.28 04:52:12.920,1.27572,1.27581,1.50,1.00
2017.11.28 04:52:13.425,1.27572,1.27582,1.50,2.32
2017.11.28 04:52:13.968,1.27572,1.27581,1.50,1.00
2017.11.28 04:52:15.073,1.27572,1.27582,1.50,2.32
2017.11.28 04:52:16.532,1.27572,1.27581,1.57,1.00
2017.11.28 04:52:17.054,1.27572,1.27582,1.57,2.25
2017.11.28 04:52:17.596,1.27572,1.27581,1.57,1.00
2017.11.28 04:52:18.121,1.27572,1.27582,1.50,2.25
2017.11.28 04:52:18.709,1.27572,1.27581,1.00,1.00
2017.11.28 04:52:19.776,1.27572,1.27576,1.00,1.00
2017.11.28 04:52:19.879,1.27566,1.27575,1.00,1.00
2017.11.28 04:52:25.599,1.27566,1.27576,1.00,3.82
2017.11.28 04:52:26.349,1.27566,1.27575,1.00,1.10
2017.11.28 04:52:28.477,1.27566,1.27576,1.00,3.82
2017.11.28 04:52:29.372,1.27566,1.27575,1.00,1.10
2017.11.28 04:52:31.073,1.27566,1.27576,1.00,4.20
2017.11.28 04:52:31.633,1.27566,1.27575,1.00,1.00
2017.11.28 04:52:32.290,1.27566,1.27576,1.00,4.20
2017.11.28 04:52:33.433,1.27566,1.27576,1.00,3.82
2017.11.28 04:52:34.018,1.27566,1.27576,1.00,3.75
2017.11.28 04:52:35.035,1.27566,1.27575,1.00,1.00
2017.11.28 04:52:35.644,1.27566,1.27576,1.00,4.50
2017.11.28 04:52:36.253,1.27566,1.27575,1.00,1.00
2017.11.28 04:52:37.933,1.27566,1.27576,1.00,4.50
2017.11.28 04:52:39.055,1.27566,1.27575,1.00,1.00
2017.11.28 04:52:40.980,1.27566,1.27576,1.00,4.50
2017.11.28 04:52:41.768,1.27566,1.27575,1.00,1.00
2017.11.28 04:52:42.312,1.27566,1.27576,1.00,3.75
2017.11.28 04:52:43.504,1.27566,1.27575,1.00,1.00
2017.11.28 04:52:44.382,1.27566,1.27576,1.00,3.75
2017.11.28 04:52:46.593,1.27566,1.27575,1.00,1.00
2017.11.28 04:52:47.201,1.27566,1.27576,1.00,3.00
2017.11.28 04:52:48.067,1.27565,1.27576,1.00,3.75
2017.11.28 04:52:48.771,1.27564,1.27576,1.57,3.75
2017.11.28 04:52:50.807,1.27565,1.27576,1.10,3.07
2017.11.28 04:52:51.766,1.27564,1.27574,1.10,4.50
2017.11.28 04:52:52.269,1.27564,1.27573,1.00,3.00
2017.11.28 04:52:55.129,1.27565,1.27575,1.00,1.20
2017.11.28 04:52:55.283,1.27565,1.27576,1.00,4.57
2017.11.28 04:53:01.795,1.2757,1.27577,1.00,1.07
2017.11.28 04:53:01.949,1.27574,1.27581,1.00,1.00
2017.11.28 04:53:02.716,1.27574,1.27582,1.00,2.25
2017.11.28 04:53:03.305,1.27574,1.27581,1.00,1.00
2017.11.28 04:53:03.896,1.27574,1.27582,1.00,2.25
2017.11.28 04:53:05.403,1.27574,1.27581,1.00,1.00
2017.11.28 04:53:05.905,1.27574,1.27582,1.50,1.87
2017.11.28 04:53:06.407,1.27575,1.27581,1.00,1.00
2017.11.28 04:53:07.811,1.27574,1.27582,1.50,1.87
2017.11.28 04:53:08.387,1.27574,1.27581,1.00,1.00
2017.11.28 04:53:08.933,1.27574,1.27582,1.00,1.87
2017.11.28 04:53:10.089,1.27574,1.27581,1.00,1.00
2017.11.28 04:53:10.699,1.27574,1.27582,1.00,1.12
2017.11.28 04:53:11.866,1.27574,1.27581,1.00,1.00
2017.11.28 04:53:12.453,1.27574,1.27582,1.00,1.87
2017.11.28 04:53:13.010,1.27574,1.27581,1.00,1.00
2017.11.28 04:53:13.890,1.27574,1.27582,1.00,1.87
2017.11.28 04:53:15.601,1.27574,1.27581,1.00,1.00
2017.11.28 04:53:16.388,1.27574,1.27582,1.00,1.87
2017.11.28 04:53:17.099,1.27574,1.27581,1.00,1.00
2017.11.28 04:53:17.760,1.27574,1.27582,1.00,1.50
2017.11.28 04:53:18.370,1.27574,1.27581,1.00,1.00
2017.11.28 04:53:19.032,1.27574,1.27582,1.00,1.50
2017.11.28 04:53:19.693,1.27574,1.27581,1.00,1.00
2017.11.28 04:53:20.345,1.27574,1.27582,1.00,1.50
2017.11.28 04:53:21.071,1.27574,1.27581,1.00,1.00
2017.11.28 04:53:22.385,1.27574,1.27582,1.00,1.50
2017.11.28 04:53:23.153,1.27574,1.27581,2.25,1.00
2017.11.28 04:53:23.810,1.27574,1.27582,1.50,1.50
2017.11.28 04:53:24.357,1.27574,1.27581,1.00,1.00
2017.11.28 04:53:24.939,1.27574,1.27582,1.00,1.50
2017.11.28 04:53:25.570,1.27574,1.27581,1.00,1.00
2017.11.28 04:53:26.198,1.27574,1.27582,1.00,1.50
2017.11.28 04:53:26.714,1.27574,1.27581,1.50,1.00
2017.11.28 04:53:27.284,1.27574,1.27582,1.50,1.50
2017.11.28 04:53:28.062,1.27574,1.27581,1.50,1.00
2017.11.28 04:53:28.699,1.27574,1.27582,1.50,1.50
2017.11.28 04:53:29.235,1.27574,1.27581,1.50,1.00
2017.11.28 04:53:29.853,1.27574,1.27582,1.50,1.50
2017.11.28 04:53:30.402,1.27574,1.27581,1.50,1.00
2017.11.28 04:53:30.925,1.27574,1.27582,1.50,1.50
2017.11.28 04:53:33.482,1.27574,1.27582,1.50,1.50
2017.11.28 04:53:40.195,1.27574,1.27582,1.00,1.12
2017.11.28 04:53:41.080,1.27574,1.27581,1.00,1.00
2017.11.28 04:53:41.703,1.27574,1.27582,1.00,1.12
2017.11.28 04:53:42.346,1.27574,1.27581,1.00,1.00
2017.11.28 04:53:43.379,1.27574,1.27582,1.00,1.12
2017.11.28 04:53:44.435,1.27574,1.27581,1.00,1.00
2017.11.28 04:53:58.366,1.27574,1.2758,1.00,1.00
2017.11.28 04:53:58.674,1.27573,1.27577,1.00,1.50
2017.11.28 04:53:58.726,1.27569,1.27576,1.10,1.00
2017.11.28 04:53:58.779,1.27565,1.27576,3.07,1.00
2017.11.28 04:53:59.300,1.27565,1.27576,1.00,2.70
2017.11.28 04:53:59.872,1.27564,1.27576,2.25,2.70
2017.11.28 04:54:00.412,1.27564,1.27577,1.00,9.07
2017.11.28 04:54:06.410,1.27565,1.27575,1.00,1.10
2017.11.28 04:54:06.960,1.27564,1.27575,1.00,1.10
2017.11.28 04:54:07.539,1.27564,1.27575,1.95,1.00
2017.11.28 04:54:09.884,1.27564,1.27575,1.20,1.00
2017.11.28 04:54:09.936,1.27564,1.27574,1.45,1.00
2017.11.28 04:54:10.186,1.27564,1.27575,1.20,3.75
2017.11.28 04:54:11.299,1.27564,1.27574,1.20,1.00
2017.11.28 04:54:11.594,1.27564,1.27574,1.45,1.00
2017.11.28 04:54:12.422,1.27564,1.27575,1.45,3.75
2017.11.28 04:54:13.073,1.27564,1.27574,1.45,1.00
2017.11.28 04:54:13.780,1.27564,1.27575,1.45,3.75
2017.11.28 04:54:14.324,1.27564,1.27574,1.45,1.00
2017.11.28 04:54:15.092,1.27564,1.27575,1.45,3.75
2017.11.28 04:54:15.887,1.27564,1.27574,1.45,1.00
2017.11.28 04:54:16.391,1.27564,1.27575,1.45,3.75
2017.11.28 04:54:20.332,1.27564,1.27574,1.45,1.00
2017.11.28 04:54:21.124,1.27564,1.27575,1.45,3.75
2017.11.28 04:54:23.680,1.27564,1.27574,1.95,1.00
2017.11.28 04:54:24.086,1.27564,1.27575,1.50,4.20
2017.11.28 04:54:28.580,1.27564,1.27572,1.00,2.25
2017.11.28 04:54:29.092,1.27563,1.27572,2.70,2.25
2017.11.28 04:54:42.207,1.27563,1.27575,3.37,3.82
2017.11.28 04:54:42.861,1.27564,1.27575,1.50,3.00
2017.11.28 04:54:48.602,1.27564,1.27576,1.50,1.85
2017.11.28 04:54:50.307,1.27564,1.27575,1.50,1.00
2017.11.28 04:54:51.622,1.27564,1.27576,1.95,1.37
2017.11.28 04:54:54.069,1.27564,1.27576,1.95,1.12
2017.11.28 04:54:54.395,1.27574,1.2758,1.00,1.00
2017.11.28 04:54:54.498,1.27574,1.27584,1.00,3.00
2017.11.28 04:54:54.550,1.27574,1.27585,1.00,1.87
2017.11.28 04:54:55.161,1.27574,1.27584,1.00,1.00
2017.11.28 04:54:55.805,1.27574,1.27585,1.00,4.12
2017.11.28 04:54:56.547,1.27574,1.27584,1.00,1.00
2017.11.28 04:54:57.126,1.27574,1.27585,1.00,3.75
2017.11.28 04:55:00.133,1.27574,1.27585,1.20,3.19
2017.11.28 04:55:00.674,1.27574,1.27585,1.00,1.32
2017.11.28 04:55:00.726,1.27574,1.27584,1.00,1.85
2017.11.28 04:55:01.618,1.27574,1.27581,1.00,3.75
2017.11.28 04:55:01.671,1.2757,1.2758,1.00,1.95
2017.11.28 04:55:01.779,1.27574,1.2758,1.00,2.32
2017.11.28 04:55:01.883,1.27569,1.27578,1.00,1.00
2017.11.28 04:55:02.139,1.27567,1.27578,1.50,1.50
2017.11.28 04:55:02.525,1.27567,1.27578,1.45,1.50
2017.11.28 04:55:04.093,1.27568,1.27578,1.20,1.87
2017.11.28 04:55:04.400,1.27564,1.27573,2.32,1.00
2017.11.28 04:55:04.524,1.27564,1.27572,1.20,2.25
2017.11.28 04:55:05.042,1.27563,1.27572,2.32,2.25
2017.11.28 04:55:08.960,1.27561,1.27572,1.45,2.25
2017.11.28 04:55:09.471,1.27561,1.27572,1.45,2.25
2017.11.28 04:55:10.024,1.27561,1.27572,1.57,2.25
2017.11.28 04:55:10.548,1.27561,1.27572,1.00,3.07
2017.11.28 04:55:11.669,1.27561,1.27571,1.00,1.00
2017.11.28 04:55:12.663,1.27561,1.27572,1.00,3.07
2017.11.28 04:55:13.208,1.27561,1.27571,1.00,1.00
2017.11.28 04:55:13.890,1.27561,1.27572,1.00,3.07
2017.11.28 04:55:14.394,1.27561,1.27571,1.00,1.00
2017.11.28 04:55:15.016,1.27561,1.27571,1.20,1.00
2017.11.28 04:55:15.843,1.27561,1.27572,1.20,3.00
2017.11.28 04:55:16.395,1.27561,1.27571,1.20,1.00
2017.11.28 04:55:16.937,1.27561,1.27572,1.20,3.00
2017.11.28 04:55:17.532,1.27561,1.27572,1.45,3.37
2017.11.28 04:55:19.232,1.27563,1.27572,1.57,2.25
2017.11.28 04:55:19.764,1.27563,1.27572,1.20,2.25
2017.11.28 04:55:20.291,1.27561,1.27572,1.20,2.62
2017.11.28 04:55:21.863,1.27561,1.27572,1.95,2.25
2017.11.28 04:55:22.272,1.27563,1.27572,1.45,2.25
2017.11.28 04:55:23.157,1.27563,1.27572,1.20,2.25
2017.11.28 04:55:23.901,1.2756,1.27572,1.95,2.62
2017.11.28 04:55:24.536,1.2756,1.27572,1.95,2.62
2017.11.28 04:55:25.539,1.27562,1.27572,1.95,2.25
2017.11.28 04:55:30.591,1.27563,1.27573,1.45,1.87
2017.11.28 04:55:30.643,1.27563,1.27573,1.45,1.12
2017.11.28 04:55:31.157,1.27565,1.27573,1.20,1.00
2017.11.28 04:55:32.283,1.27565,1.27573,1.10,1.00
2017.11.28 04:55:32.942,1.27565,1.27576,1.10,2.62
2017.11.28 04:55:34.059,1.27565,1.27576,1.10,1.87
2017.11.28 04:55:36.729,1.27565,1.27576,1.20,1.87
2017.11.28 04:55:37.243,1.27564,1.27576,1.57,1.12
2017.11.28 04:55:38.140,1.27564,1.27574,1.57,1.50
2017.11.28 04:55:40.969,1.27564,1.27574,1.20,1.00
2017.11.28 04:55:41.022,1.27564,1.27576,1.20,1.12
2017.11.28 04:55:41.556,1.27564,1.27577,2.32,4.50
2017.11.28 04:55:42.646,1.27564,1.27576,1.45,1.87
2017.11.28 04:55:43.177,1.27564,1.27576,1.45,2.62
2017.11.28 04:55:45.984,1.27564,1.27576,1.45,1.50
2017.11.28 04:55:56.725,1.27566,1.27578,2.70,1.87
2017.11.28 04:55:57.163,1.27566,1.27578,3.07,1.12
2017.11.28 04:55:58.211,1.27565,1.27578,1.45,3.37
2017.11.28 04:55:58.714,1.27565,1.27578,1.45,3.37
2017.11.28 04:56:00.154,1.27565,1.27576,1.20,1.00
2017.11.28 04:56:00.694,1.27565,1.27576,1.45,1.00
2017.11.28 04:56:01.304,1.27565,1.27576,1.20,1.00
2017.11.28 04:56:01.705,1.27568,1.27576,1.10,1.00
2017.11.28 04:56:01.881,1.27566,1.27576,1.20,1.00
2017.11.28 04:56:02.513,1.27566,1.27576,1.45,1.00
2017.11.28 04:56:11.549,1.27566,1.27576,1.10,1.00
2017.11.28 04:56:12.564,1.27566,1.27576,1.10,1.50
2017.11.28 04:56:13.098,1.27564,1.27576,2.32,2.25
2017.11.28 04:56:20.675,1.27564,1.27576,2.32,2.25
2017.11.28 04:56:22.706,1.27564,1.27575,3.45,1.00
2017.11.28 04:56:25.515,1.27565,1.27576,2.70,1.50
2017.11.28 04:56:26.055,1.27565,1.27576,1.95,1.87
2017.11.28 04:56:27.087,1.27565,1.27576,1.20,1.87
2017.11.28 04:56:30.691,1.27566,1.27576,4.20,1.00
2017.11.28 04:56:30.794,1.2757,1.27576,1.00,1.00
2017.11.28 04:56:30.846,1.27569,1.27581,1.50,4.76
2017.11.28 04:56:30.897,1.27569,1.27581,1.95,3.75
2017.11.28 04:56:31.197,1.27565,1.27576,1.95,1.12
2017.11.28 04:56:32.617,1.27565,1.27576,1.95,1.12
2017.11.28 04:56:32.967,1.27566,1.27576,3.07,1.00
2017.11.28 04:56:33.483,1.27565,1.27576,1.45,1.12
2017.11.28 04:56:35.380,1.27566,1.27576,1.20,1.00
2017.11.28 04:56:35.746,1.27567,1.27576,1.20,1.00
2017.11.28 04:56:37.462,1.27566,1.27576,1.20,1.00
2017.11.28 04:56:38.849,1.27566,1.27576,1.20,1.00
2017.11.28 04:56:40.125,1.27566,1.27576,1.20,1.00
2017.11.28 04:56:48.554,1.27565,1.27576,1.57,1.00
2017.11.28 04:56:49.065,1.27565,1.27576,1.50,1.12
2017.11.28 04:56:49.805,1.27564,1.27576,3.07,1.12
2017.11.28 04:56:53.930,1.27564,1.27576,1.95,1.76
2017.11.28 04:57:00.064,1.27564,1.27576,1.95,1.50
2017.11.28 04:57:00.494,1.27562,1.27565,1.50,1.00
2017.11.28 04:57:00.546,1.2756,1.27564,1.87,1.00
2017.11.28 04:57:00.598,1.27555,1.27564,4.20,1.50
2017.11.28 04:57:00.746,1.27559,1.27565,1.00,1.00
2017.11.28 04:57:00.849,1.27564,1.27571,1.00,1.10
2017.11.28 04:57:00.952,1.27564,1.27573,1.00,1.00
2017.11.28 04:57:01.462,1.27564,1.27574,1.00,2.51
2017.11.28 04:57:02.475,1.27564,1.27573,1.00,1.00
2017.11.28 04:57:03.003,1.27564,1.27574,1.00,2.51
2017.11.28 04:57:03.551,1.27564,1.27573,1.00,1.00
2017.11.28 04:57:04.493,1.27564,1.27571,1.00,1.87
2017.11.28 04:57:04.545,1.27564,1.27573,1.00,1.95
2017.11.28 04:57:10.988,1.27564,1.27574,1.00,3.64
2017.11.28 04:57:11.593,1.27564,1.27573,1.00,1.00
2017.11.28 04:57:14.957,1.27564,1.27574,1.00,2.51
2017.11.28 04:57:15.556,1.27564,1.27574,1.00,2.89
2017.11.28 04:57:40.678,1.27564,1.27574,1.00,1.76
2017.11.28 04:57:41.307,1.27564,1.27573,1.00,1.00
2017.11.28 04:57:43.047,1.27564,1.27574,1.00,1.10
2017.11.28 04:57:43.254,1.27564,1.27576,1.12,1.10
2017.11.28 04:57:43.843,1.27564,1.27575,1.12,1.00
2017.11.28 04:57:44.749,1.27564,1.27576,1.12,1.10
2017.11.28 04:57:45.251,1.27564,1.27576,1.20,1.20
2017.11.28 04:57:49.035,1.27566,1.27576,1.37,1.07
2017.11.28 04:57:49.588,1.27566,1.27576,3.00,1.00
2017.11.28 04:57:49.795,1.27564,1.27576,1.10,2.70
2017.11.28 04:57:50.310,1.27564,1.27574,1.00,1.00
2017.11.28 04:57:50.947,1.27564,1.27572,1.00,1.00
2017.11.28 04:57:51.605,1.27564,1.27574,1.00,1.95
2017.11.28 04:58:00.852,1.27563,1.27573,1.00,1.12
2017.11.28 04:58:01.393,1.27562,1.27574,1.00,3.64
2017.11.28 04:58:05.097,1.27562,1.27573,1.07,1.12
2017.11.28 04:58:17.489,1.27564,1.27574,1.00,1.10
2017.11.28 04:58:18.008,1.27564,1.27576,1.00,2.32
2017.11.28 04:58:41.390,1.27565,1.27578,4.87,1.57
2017.11.28 04:58:41.495,1.27566,1.27579,2.25,2.14
2017.11.28 04:58:42.026,1.27567,1.27579,1.00,4.01
2017.11.28 04:58:42.833,1.27566,1.27579,3.37,1.76
2017.11.28 04:58:43.394,1.27567,1.27579,1.00,4.01
2017.11.28 04:58:44.206,1.27566,1.27578,1.50,1.10
2017.11.28 04:58:44.258,1.27566,1.27578,1.00,1.57
2017.11.28 04:58:44.783,1.27565,1.27578,1.10,2.70
2017.11.28 04:58:48.566,1.27564,1.27577,1.20,2.51
2017.11.28 04:58:52.703,1.27564,1.27576,1.00,1.10
2017.11.28 04:58:57.823,1.27564,1.27576,1.00,3.26
2017.11.28 04:58:59.224,1.27564,1.27576,1.00,3.64
2017.11.28 04:58:59.590,1.27561,1.27572,2.70,1.00
2017.11.28 04:59:00.105,1.27561,1.27572,2.32,1.00
2017.11.28 04:59:00.613,1.27561,1.27573,1.10,1.69
2017.11.28 04:59:01.911,1.2756,1.27571,2.32,1.50
2017.11.28 04:59:02.178,1.2756,1.27573,1.95,4.20
2017.11.28 04:59:02.715,1.27561,1.27573,1.10,3.26
2017.11.28 04:59:03.660,1.2756,1.2757,1.95,1.12
2017.11.28 04:59:04.223,1.27561,1.27572,1.00,2.51
2017.11.28 04:59:07.981,1.27562,1.27573,1.12,1.20
2017.11.28 04:59:08.084,1.27561,1.27575,3.45,1.76
2017.11.28 04:59:08.793,1.27561,1.27574,1.57,2.44
2017.11.28 04:59:13.779,1.27562,1.27573,1.07,1.00
2017.11.28 04:59:14.333,1.27561,1.27574,1.95,2.51
2017.11.28 04:59:17.772,1.27561,1.27574,1.95,2.51
2017.11.28 04:59:21.876,1.27563,1.27573,1.00,1.10
2017.11.28 04:59:23.343,1.27561,1.27574,1.95,1.20
2017.11.28 04:59:28.706,1.27562,1.27573,1.57,1.00
2017.11.28 04:59:30.025,1.27561,1.27574,1.57,1.76
2017.11.28 04:59:30.557,1.27563,1.27574,1.50,1.10
2017.11.28 04:59:31.190,1.27563,1.27575,1.00,1.10
2017.11.28 04:59:33.375,1.27563,1.27577,1.95,6.07
2017.11.28 04:59:36.103,1.27563,1.27576,1.10,3.64
2017.11.28 04:59:40.414,1.27563,1.27575,1.00,1.20
2017.11.28 04:59:40.924,1.27562,1.27574,1.20,1.31
2017.11.28 04:59:41.485,1.27562,1.27573,1.95,1.00
2017.11.28 04:59:56.311,1.27562,1.27574,1.20,1.12
2017.11.28 04:59:57.078,1.27562,1.27574,1.07,1.20
2017.11.28 04:59:57.797,1.27562,1.27574,1.07,1.39
