2007.12.06 09:00:00.181,1.0152,1.0158,22.20,15.00
2007.12.06 09:00:05.683,1.0154,1.0158,0.20,15.00
2007.12.06 09:00:05.875,1.0153,1.0158,4.00,15.00
2007.12.06 09:00:06.022,1.0154,1.0158,0.40,15.00
2007.12.06 09:00:06.171,1.0153,1.0158,1.60,3.80
2007.12.06 09:00:06.319,1.01525,1.01585,28.40,15.40
2007.12.06 09:00:06.468,1.01525,1.01585,28.60,11.40
2007.12.06 09:00:06.658,1.0153,1.01585,0.60,11.40
2007.12.06 09:00:06.966,1.0153,1.01585,0.60,11.40
2007.12.06 09:00:07.485,1.0153,1.01585,0.60,11.40
2007.12.06 09:00:09.606,1.01525,1.01585,28.60,11.40
2007.12.06 09:00:12.792,1.01525,1.01585,27.00,11.40
2007.12.06 09:00:13.052,1.01525,1.01545,5.40,0.40
2007.12.06 09:00:13.305,1.0152,1.01545,16.80,0.40
2007.12.06 09:00:13.559,1.0152,1.01545,12.40,0.40
2007.12.06 09:00:13.812,1.01525,1.01545,0.20,0.40
2007.12.06 09:00:13.992,1.0152,1.01545,0.80,0.40
2007.12.06 09:00:14.169,1.01525,1.01545,0.20,0.40
2007.12.06 09:00:14.462,1.0152,1.01545,0.80,0.40
2007.12.06 09:00:14.641,1.0152,1.01545,0.80,0.40
2007.12.06 09:00:14.820,1.01525,1.01545,0.30,0.40
2007.12.06 09:00:15.063,1.0152,1.01545,5.50,0.40
2007.12.06 09:00:15.306,1.0152,1.01545,7.80,0.40
2007.12.06 09:00:15.549,1.0153,1.01545,0.60,0.40
2007.12.06 09:00:15.792,1.01525,1.01545,26.10,0.40
2007.12.06 09:00:15.966,1.0153,1.01545,0.60,0.40
2007.12.06 09:00:16.975,1.0153,1.01545,0.60,0.40
2007.12.06 09:00:17.904,1.0153,1.01545,0.60,0.40
2007.12.06 09:00:17.967,1.01525,1.01545,28.50,0.40
2007.12.06 09:00:19.373,1.01525,1.01545,27.70,0.40
2007.12.06 09:00:20.628,1.01525,1.01545,27.70,0.40
2007.12.06 09:00:20.783,1.0153,1.01545,0.60,0.20
2007.12.06 09:00:20.940,1.0153,1.01585,0.70,13.80
2007.12.06 09:00:21.100,1.0152,1.01545,31.80,0.60
2007.12.06 09:00:21.257,1.0152,1.01585,11.80,21.80
2007.12.06 09:00:21.537,1.0152,1.0158,6.90,3.80
2007.12.06 09:00:22.475,1.0152,1.0158,6.90,3.80
2007.12.06 09:00:23.130,1.01525,1.0158,0.90,3.80
2007.12.06 09:00:23.389,1.01525,1.0158,0.90,3.80
2007.12.06 09:00:28.646,1.01525,1.0158,7.40,3.80
2007.12.06 09:00:28.870,1.0153,1.01585,0.60,17.80
2007.12.06 09:00:29.093,1.0153,1.01585,0.60,13.80
2007.12.06 09:00:29.316,1.0153,1.01585,0.60,13.80
2007.12.06 09:00:29.904,1.0153,1.01585,0.60,13.80
2007.12.06 09:00:30.195,1.0153,1.01585,0.60,11.40
2007.12.06 09:00:31.676,1.0153,1.01585,0.60,11.40
2007.12.06 09:00:36.644,1.01535,1.01565,0.80,3.20
2007.12.06 09:00:36.788,1.01535,1.01565,0.80,7.20
2007.12.06 09:00:36.967,1.01535,1.01565,0.80,7.20
2007.12.06 09:00:37.162,1.01535,1.01555,0.80,0.20
2007.12.06 09:00:37.290,1.01535,1.01555,0.80,0.20
2007.12.06 09:00:37.485,1.01535,1.01555,0.80,0.20
2007.12.06 09:00:37.615,1.0154,1.01565,0.60,7.30
2007.12.06 09:00:37.749,1.0154,1.01565,0.60,4.90
2007.12.06 09:00:37.877,1.0154,1.01565,0.60,2.50
2007.12.06 09:00:38.006,1.0154,1.01565,0.60,0.20
2007.12.06 09:00:38.179,1.0154,1.01565,0.60,0.20
2007.12.06 09:00:38.353,1.0154,1.01565,0.60,0.20
2007.12.06 09:00:38.526,1.0154,1.01565,0.60,0.20
2007.12.06 09:00:38.699,1.0154,1.01565,0.60,0.20
2007.12.06 09:00:38.872,1.0154,1.01565,0.60,0.20
2007.12.06 09:00:39.045,1.0154,1.01565,0.60,0.20
2007.12.06 09:00:40.065,1.0153,1.01555,0.60,0.20
2007.12.06 09:00:40.298,1.0153,1.01555,0.60,0.20
2007.12.06 09:00:40.532,1.0153,1.01555,0.60,2.50
2007.12.06 09:00:40.765,1.0153,1.01555,0.60,2.50
2007.12.06 09:00:40.998,1.0153,1.01555,0.60,2.50
2007.12.06 09:00:41.341,1.0153,1.01555,0.60,3.30
2007.12.06 09:00:41.568,1.0153,1.01555,0.60,3.30
2007.12.06 09:00:42.694,1.0153,1.01555,0.60,3.30
2007.12.06 09:00:45.137,1.0154,1.01555,0.60,3.20
2007.12.06 09:00:45.412,1.0154,1.01565,0.60,0.20
2007.12.06 09:00:45.680,1.0154,1.01555,0.60,1.60
2007.12.06 09:00:45.948,1.0154,1.01545,0.60,3.20
2007.12.06 09:00:46.216,1.0154,1.01545,0.60,6.40
2007.12.06 09:00:46.384,1.0154,1.01545,0.60,6.40
2007.12.06 09:00:46.731,1.0154,1.01545,0.60,6.40
2007.12.06 09:00:46.947,1.0154,1.01545,0.60,6.40
2007.12.06 09:00:48.682,1.0154,1.01545,0.60,0.80
2007.12.06 09:00:49.110,1.0154,1.01545,0.60,0.70
2007.12.06 09:00:51.044,1.0151,1.01545,3.60,6.60
2007.12.06 09:00:51.218,1.0151,1.01545,2.00,6.50
2007.12.06 09:00:51.391,1.0151,1.01545,1.20,8.90
2007.12.06 09:00:51.564,1.0151,1.01535,0.60,0.60
2007.12.06 09:00:51.723,1.01505,1.01535,2.80,3.40
2007.12.06 09:00:51.881,1.01505,1.0153,2.80,0.20
2007.12.06 09:00:52.039,1.01505,1.01535,1.20,3.40
2007.12.06 09:00:52.198,1.015,1.01535,0.60,3.40
2007.12.06 09:00:52.356,1.015,1.01525,0.60,0.20
2007.12.06 09:00:52.514,1.015,1.01525,0.60,0.20
2007.12.06 09:00:52.714,1.015,1.01535,0.60,3.40
2007.12.06 09:00:52.842,1.015,1.01535,0.60,3.40
2007.12.06 09:00:52.977,1.015,1.01535,0.60,3.40
2007.12.06 09:00:53.104,1.015,1.01505,0.60,0.50
2007.12.06 09:00:53.233,1.015,1.01505,0.60,0.50
2007.12.06 09:00:53.484,1.015,1.01505,0.60,0.50
2007.12.06 09:00:53.724,1.015,1.01505,0.60,0.50
2007.12.06 09:00:54.290,1.015,1.01505,0.60,0.50
2007.12.06 09:00:56.122,1.015,1.01505,0.60,0.50
2007.12.06 09:00:56.215,1.015,1.0153,0.60,0.20
2007.12.06 09:00:56.309,1.015,1.01535,0.60,3.40
2007.12.06 09:00:56.401,1.015,1.01535,0.60,5.80
2007.12.06 09:00:56.495,1.015,1.01535,0.60,5.80
2007.12.06 09:00:56.653,1.015,1.0153,0.60,0.20
2007.12.06 09:00:57.475,1.015,1.0153,0.60,0.20
2007.12.06 09:00:59.232,1.015,1.01545,0.60,28.00
2007.12.06 09:00:59.416,1.015,1.01535,0.60,0.90
2007.12.06 09:00:59.599,1.015,1.01555,0.60,24.60
2007.12.06 09:00:59.789,1.015,1.01535,0.60,1.80
2007.12.06 09:00:59.972,1.015,1.01525,0.60,0.20
2007.12.06 09:01:00.206,1.015,1.01535,0.60,10.70
2007.12.06 09:01:00.440,1.015,1.01525,0.60,0.20
2007.12.06 09:01:01.026,1.015,1.01535,0.60,10.70
2007.12.06 09:01:01.172,1.015,1.01535,0.60,10.70
2007.12.06 09:01:04.764,1.015,1.01525,0.60,0.20
2007.12.06 09:01:05.185,1.015,1.01535,0.60,13.00
2007.12.06 09:01:05.519,1.015,1.01525,0.60,0.90
2007.12.06 09:01:06.697,1.01495,1.01525,8.80,2.60
2007.12.06 09:01:06.865,1.01495,1.0151,0.80,0.20
2007.12.06 09:01:07.194,1.0149,1.0151,1.60,0.20
2007.12.06 09:01:07.201,1.015,1.01525,0.60,21.30
2007.12.06 09:01:07.386,1.015,1.0153,0.60,5.70
2007.12.06 09:01:07.570,1.015,1.01525,0.60,0.90
2007.12.06 09:01:07.752,1.01495,1.01525,0.60,6.40
2007.12.06 09:01:07.936,1.01495,1.01525,0.60,7.40
2007.12.06 09:01:08.155,1.0151,1.01525,0.60,0.90
2007.12.06 09:01:08.345,1.0151,1.01535,0.60,0.50
2007.12.06 09:01:08.536,1.0151,1.0154,0.60,4.90
2007.12.06 09:01:08.736,1.015,1.01545,0.60,8.10
2007.12.06 09:01:08.934,1.015,1.01545,0.60,0.20
2007.12.06 09:01:09.132,1.015,1.01555,0.60,18.20
2007.12.06 09:01:09.331,1.015,1.01555,0.60,18.20
2007.12.06 09:01:09.482,1.015,1.01545,0.60,0.20
2007.12.06 09:01:09.678,1.015,1.01555,0.60,18.20
2007.12.06 09:01:09.989,1.015,1.01545,0.60,0.20
2007.12.06 09:01:10.644,1.015,1.01545,0.60,0.40
2007.12.06 09:01:10.762,1.015,1.01525,0.60,0.90
2007.12.06 09:01:10.880,1.015,1.01535,0.60,9.00
2007.12.06 09:01:10.998,1.015,1.01535,0.60,9.00
2007.12.06 09:01:11.231,1.015,1.01535,0.60,9.00
2007.12.06 09:01:11.350,1.015,1.01535,0.60,17.00
2007.12.06 09:01:11.468,1.015,1.01525,0.60,0.90
2007.12.06 09:01:11.939,1.015,1.01525,0.60,0.80
2007.12.06 09:01:12.305,1.015,1.01535,0.60,17.00
2007.12.06 09:01:13.357,1.015,1.01535,0.60,15.40
2007.12.06 09:01:13.454,1.015,1.01525,0.60,0.60
2007.12.06 09:01:15.791,1.015,1.01525,0.60,0.50
2007.12.06 09:01:20.382,1.015,1.01535,0.60,15.40
2007.12.06 09:01:22.677,1.01505,1.01525,0.60,0.70
2007.12.06 09:01:22.926,1.01505,1.01535,3.60,7.50
2007.12.06 09:01:23.233,1.01505,1.01535,3.60,7.50
2007.12.06 09:01:23.635,1.01505,1.0153,3.60,0.20
2007.12.06 09:01:26.699,1.01505,1.01535,0.60,9.10
2007.12.06 09:01:26.823,1.015,1.01535,2.00,9.00
2007.12.06 09:01:26.947,1.015,1.01535,2.00,11.40
2007.12.06 09:01:27.070,1.015,1.01525,0.60,0.80
2007.12.06 09:01:27.193,1.015,1.01525,0.60,0.50
2007.12.06 09:01:28.223,1.015,1.01535,0.60,15.40
2007.12.06 09:01:29.769,1.01505,1.01535,3.20,13.90
2007.12.06 09:01:29.919,1.01505,1.01535,3.60,7.50
2007.12.06 09:01:30.067,1.01505,1.0153,3.60,0.20
2007.12.06 09:01:30.215,1.01505,1.01535,3.60,7.50
2007.12.06 09:01:30.746,1.01505,1.0153,3.60,0.20
2007.12.06 09:01:32.725,1.01505,1.01535,3.20,7.50
2007.12.06 09:01:32.864,1.01505,1.01525,3.20,0.20
2007.12.06 09:01:33.003,1.015,1.01535,0.60,6.70
2007.12.06 09:01:33.221,1.015,1.01535,0.60,6.70
2007.12.06 09:01:33.424,1.015,1.01535,0.60,6.70
2007.12.06 09:01:33.735,1.015,1.01535,0.60,6.70
2007.12.06 09:01:33.950,1.015,1.01525,0.60,0.20
2007.12.06 09:01:34.148,1.015,1.01535,0.60,6.70
2007.12.06 09:01:34.458,1.015,1.01525,0.60,0.20
2007.12.06 09:01:34.967,1.015,1.01525,0.60,0.20
2007.12.06 09:01:35.277,1.015,1.01535,0.60,7.50
2007.12.06 09:01:35.476,1.015,1.01525,0.60,0.20
2007.12.06 09:01:35.574,1.015,1.01525,0.60,0.20
2007.12.06 09:01:35.685,1.015,1.01535,0.60,7.50
2007.12.06 09:01:35.998,1.015,1.01535,0.60,7.60
2007.12.06 09:01:36.206,1.015,1.01525,0.60,0.20
2007.12.06 09:01:36.308,1.015,1.01535,0.60,7.60
2007.12.06 09:01:36.409,1.015,1.01535,0.60,7.50
2007.12.06 09:01:36.728,1.015,1.01535,0.60,7.50
2007.12.06 09:01:36.899,1.015,1.01525,0.60,0.20
2007.12.06 09:01:37.047,1.015,1.01525,0.60,0.20
2007.12.06 09:01:37.223,1.015,1.01525,0.60,0.20
2007.12.06 09:01:37.451,1.015,1.01525,0.60,0.20
2007.12.06 09:01:37.663,1.015,1.01535,0.60,7.50
2007.12.06 09:01:38.011,1.015,1.01535,0.60,7.50
2007.12.06 09:01:38.224,1.01505,1.0153,0.60,0.20
2007.12.06 09:01:38.437,1.01505,1.01535,0.60,5.90
2007.12.06 09:01:38.679,1.01505,1.0153,0.60,0.20
2007.12.06 09:01:38.982,1.01505,1.01535,0.60,7.50
2007.12.06 09:01:39.499,1.01505,1.01535,0.60,7.50
2007.12.06 09:01:48.346,1.01505,1.0153,0.60,0.20
2007.12.06 09:01:48.667,1.01505,1.0153,0.60,0.20
2007.12.06 09:01:49.056,1.01505,1.0153,0.60,0.20
2007.12.06 09:01:52.177,1.015,1.0153,1.20,0.20
2007.12.06 09:01:55.925,1.01505,1.0153,0.60,0.20
2007.12.06 09:01:56.157,1.01505,1.0153,0.60,0.20
2007.12.06 09:01:57.199,1.0151,1.01535,0.60,7.50
2007.12.06 09:01:57.326,1.0151,1.01535,0.60,5.90
2007.12.06 09:01:57.460,1.0151,1.01535,0.60,5.90
2007.12.06 09:01:57.593,1.0151,1.01535,0.60,5.90
2007.12.06 09:01:57.730,1.0151,1.01535,0.60,5.90
2007.12.06 09:01:57.888,1.0151,1.01535,0.60,5.90
2007.12.06 09:01:58.046,1.0151,1.01535,0.60,5.90
2007.12.06 09:01:58.729,1.0151,1.01535,0.60,5.90
2007.12.06 09:02:00.082,1.0151,1.01535,0.60,5.90
2007.12.06 09:02:01.882,1.0151,1.01535,0.60,5.90
2007.12.06 09:02:03.752,1.0151,1.01535,0.60,5.90
2007.12.06 09:02:04.766,1.01515,1.01535,0.60,5.70
2007.12.06 09:02:04.830,1.01515,1.01535,0.60,2.40
2007.12.06 09:02:04.871,1.01515,1.0154,4.40,0.20
2007.12.06 09:02:04.938,1.01515,1.0154,4.40,0.20
2007.12.06 09:02:04.960,1.01515,1.0154,4.40,0.20
2007.12.06 09:02:05.041,1.01515,1.0154,4.40,0.20
2007.12.06 09:02:05.164,1.01515,1.0154,4.40,0.20
2007.12.06 09:02:05.373,1.01515,1.01535,4.40,1.60
2007.12.06 09:02:05.680,1.01515,1.01535,4.40,1.60
2007.12.06 09:02:05.996,1.01515,1.01535,4.40,1.60
2007.12.06 09:02:06.188,1.01515,1.01535,4.40,1.60
2007.12.06 09:02:07.216,1.01515,1.01535,4.40,1.60
2007.12.06 09:02:11.115,1.01515,1.01535,4.40,1.60
2007.12.06 09:02:16.252,1.01515,1.01535,4.40,1.60
2007.12.06 09:02:17.696,1.01515,1.01535,4.40,1.60
2007.12.06 09:02:22.152,1.01515,1.01535,4.40,1.60
2007.12.06 09:02:32.142,1.01515,1.01535,4.40,1.60
2007.12.06 09:02:32.355,1.01515,1.01535,4.40,1.60
2007.12.06 09:02:32.567,1.01515,1.01535,4.40,1.60
2007.12.06 09:02:32.781,1.01515,1.0154,4.40,0.20
2007.12.06 09:02:32.995,1.01515,1.0154,4.40,0.20
2007.12.06 09:02:33.263,1.01515,1.0154,4.40,0.20
2007.12.06 09:02:33.496,1.01515,1.01535,4.40,1.60
2007.12.06 09:02:33.744,1.01515,1.01535,4.40,1.60
2007.12.06 09:02:34.188,1.01515,1.01535,4.40,1.60
2007.12.06 09:02:35.219,1.01515,1.01535,4.00,1.60
2007.12.06 09:02:41.832,1.01515,1.0154,4.00,4.10
2007.12.06 09:02:41.927,1.01515,1.01535,4.00,1.60
2007.12.06 09:02:42.010,1.01515,1.01535,4.00,1.60
2007.12.06 09:02:42.983,1.01515,1.01535,4.00,1.60
2007.12.06 09:02:44.507,1.01515,1.01535,4.00,1.60
2007.12.06 09:02:46.478,1.0151,1.01535,12.80,1.60
2007.12.06 09:02:49.139,1.0151,1.01535,12.80,1.60
2007.12.06 09:02:55.534,1.01515,1.01535,1.90,1.60
2007.12.06 09:03:05.004,1.0151,1.01535,12.80,1.60
2007.12.06 09:03:05.226,1.01515,1.01535,1.40,1.60
2007.12.06 09:03:06.140,1.01515,1.01535,0.70,1.60
2007.12.06 09:03:06.552,1.01515,1.01535,0.70,1.60
2007.12.06 09:03:06.966,1.01515,1.01535,2.20,1.60
2007.12.06 09:03:11.539,1.0151,1.01535,12.80,1.60
2007.12.06 09:03:17.586,1.0151,1.0154,8.80,4.20
2007.12.06 09:03:21.949,1.01515,1.01535,3.20,1.60
2007.12.06 09:03:25.434,1.01515,1.01535,3.20,1.60
2007.12.06 09:03:25.749,1.01515,1.01535,3.20,1.60
2007.12.06 09:03:28.903,1.01515,1.01535,3.20,1.60
2007.12.06 09:03:29.901,1.01515,1.01535,2.60,1.60
2007.12.06 09:03:30.214,1.01515,1.01535,2.60,1.60
2007.12.06 09:03:37.823,1.01515,1.01535,3.20,1.60
2007.12.06 09:03:39.939,1.01515,1.01535,3.20,1.60
2007.12.06 09:03:45.064,1.01515,1.0154,3.20,5.80
2007.12.06 09:03:49.204,1.01515,1.01535,3.20,0.50
2007.12.06 09:03:50.967,1.01515,1.0154,3.20,5.80
2007.12.06 09:04:01.990,1.01515,1.01535,3.20,0.80
2007.12.06 09:04:04.961,1.01515,1.0154,3.20,5.80
2007.12.06 09:04:05.179,1.01515,1.01535,3.20,0.50
2007.12.06 09:04:12.040,1.01515,1.0154,2.40,5.80
2007.12.06 09:04:13.010,1.01515,1.0154,2.40,5.80
2007.12.06 09:04:14.826,1.01515,1.01535,2.40,1.60
2007.12.06 09:04:14.960,1.01515,1.01535,2.40,1.60
2007.12.06 09:04:24.040,1.01515,1.01535,2.40,1.60
2007.12.06 09:04:26.321,1.01515,1.01535,3.20,1.60
2007.12.06 09:04:27.432,1.01515,1.01535,3.20,1.60
2007.12.06 09:04:30.564,1.01515,1.0154,3.20,5.70
2007.12.06 09:04:35.070,1.01515,1.01535,3.20,0.80
2007.12.06 09:04:38.575,1.01515,1.01545,3.20,9.70
2007.12.06 09:04:38.664,1.01515,1.01525,3.20,0.20
2007.12.06 09:04:38.753,1.0151,1.01535,1.60,7.30
2007.12.06 09:04:38.841,1.01505,1.01535,3.20,8.10
2007.12.06 09:04:38.930,1.01505,1.01525,0.80,0.90
2007.12.06 09:04:39.018,1.015,1.01525,0.60,0.50
2007.12.06 09:04:39.121,1.015,1.01535,0.60,14.60
2007.12.06 09:04:39.224,1.015,1.01535,0.60,14.60
2007.12.06 09:04:39.700,1.015,1.01525,0.60,0.80
2007.12.06 09:04:39.997,1.015,1.01535,0.60,14.60
2007.12.06 09:04:40.199,1.015,1.01535,0.60,14.60
2007.12.06 09:04:41.338,1.015,1.01525,0.60,0.80
2007.12.06 09:04:45.445,1.015,1.01525,0.60,0.60
2007.12.06 09:04:46.087,1.015,1.01525,0.60,0.60
2007.12.06 09:04:57.135,1.015,1.01535,0.60,14.60
2007.12.06 09:05:05.095,1.015,1.01525,0.60,4.10
2007.12.06 09:05:06.227,1.015,1.01525,0.60,4.10
2007.12.06 09:05:08.173,1.015,1.01525,0.60,4.10
2007.12.06 09:05:12.586,1.01495,1.0152,0.60,0.20
2007.12.06 09:05:12.646,1.01495,1.0152,0.60,0.20
2007.12.06 09:05:12.667,1.01495,1.0152,0.60,0.20
2007.12.06 09:05:12.694,1.01495,1.0152,1.20,0.20
2007.12.06 09:05:12.813,1.01495,1.0152,1.20,0.20
2007.12.06 09:05:12.982,1.01495,1.0152,1.20,0.20
2007.12.06 09:05:13.496,1.01495,1.0152,1.20,0.20
2007.12.06 09:05:14.007,1.01495,1.0152,1.20,0.20
2007.12.06 09:05:19.180,1.01495,1.0152,1.20,0.20
2007.12.06 09:05:20.269,1.01495,1.0152,1.20,0.20
2007.12.06 09:05:24.622,1.01495,1.01515,0.80,0.20
2007.12.06 09:05:24.726,1.01495,1.01515,0.80,0.20
2007.12.06 09:05:24.741,1.01495,1.01515,0.80,4.10
2007.12.06 09:05:24.758,1.01495,1.01515,0.80,4.10
2007.12.06 09:05:24.833,1.0149,1.01515,0.60,4.10
2007.12.06 09:05:24.975,1.0149,1.01515,0.60,4.10
2007.12.06 09:05:25.145,1.0149,1.01515,0.60,4.10
2007.12.06 09:05:25.168,1.0149,1.01515,0.60,4.10
2007.12.06 09:05:25.475,1.0149,1.01515,0.60,4.10
2007.12.06 09:05:25.783,1.0149,1.01515,0.60,4.10
2007.12.06 09:05:26.026,1.0149,1.01515,0.60,4.10
2007.12.06 09:05:26.192,1.0149,1.01515,0.60,4.10
2007.12.06 09:05:30.216,1.0149,1.01515,0.60,4.10
2007.12.06 09:05:33.975,1.0149,1.01505,0.60,0.80
2007.12.06 09:05:34.171,1.0149,1.01505,0.60,0.80
2007.12.06 09:05:34.483,1.0149,1.01505,0.60,0.80
2007.12.06 09:05:34.983,1.0149,1.01505,0.60,0.80
2007.12.06 09:05:41.370,1.0149,1.01505,0.60,0.80
2007.12.06 09:05:43.499,1.0149,1.01505,0.60,0.80
2007.12.06 09:05:46.203,1.0149,1.01505,0.60,0.80
2007.12.06 09:05:46.376,1.01495,1.01505,0.60,0.80
2007.12.06 09:05:46.548,1.01495,1.01505,0.60,0.80
2007.12.06 09:05:46.722,1.01495,1.01505,0.60,0.80
2007.12.06 09:05:46.850,1.01495,1.01505,0.60,0.80
2007.12.06 09:05:47.000,1.01495,1.01505,0.60,0.80
2007.12.06 09:05:47.126,1.01495,1.01505,0.60,0.50
2007.12.06 09:05:47.254,1.01495,1.01505,0.60,0.50
2007.12.06 09:05:47.664,1.01495,1.01515,0.60,4.00
2007.12.06 09:05:48.240,1.01495,1.01515,0.60,4.00
2007.12.06 09:05:49.319,1.01495,1.01515,0.60,4.00
2007.12.06 09:05:49.631,1.01495,1.01515,0.60,4.00
2007.12.06 09:05:50.990,1.01495,1.01515,0.60,4.50
2007.12.06 09:05:51.835,1.01495,1.01515,0.60,4.50
2007.12.06 09:05:52.007,1.01495,1.01515,2.00,4.50
2007.12.06 09:05:52.387,1.01495,1.01515,2.00,4.50
2007.12.06 09:05:52.757,1.01495,1.01515,2.00,4.50
2007.12.06 09:05:52.936,1.01495,1.01515,2.00,4.50
2007.12.06 09:05:53.246,1.01495,1.01515,2.00,4.50
2007.12.06 09:05:53.417,1.01495,1.01515,2.00,4.50
2007.12.06 09:05:53.973,1.01495,1.01515,2.00,4.50
2007.12.06 09:05:54.176,1.01495,1.01515,2.00,4.50
2007.12.06 09:05:55.105,1.01495,1.01515,2.00,4.50
2007.12.06 09:05:55.395,1.01495,1.01515,2.00,4.50
2007.12.06 09:05:55.684,1.01495,1.01515,2.00,4.50
2007.12.06 09:05:56.437,1.01495,1.01515,2.00,4.50
2007.12.06 09:05:56.660,1.01495,1.01515,2.00,4.50
2007.12.06 09:05:56.884,1.01495,1.01515,2.00,4.50
2007.12.06 09:05:57.107,1.01495,1.01515,0.60,4.50
2007.12.06 09:05:57.638,1.0149,1.01515,0.60,4.70
2007.12.06 09:05:57.816,1.0149,1.01515,0.60,4.70
2007.12.06 09:05:57.975,1.0149,1.01515,0.60,4.70
2007.12.06 09:05:58.134,1.0149,1.01515,0.60,4.70
2007.12.06 09:05:59.034,1.0149,1.01515,0.60,4.70
2007.12.06 09:05:59.326,1.0149,1.01515,0.60,4.70
2007.12.06 09:06:01.846,1.0149,1.01515,0.60,4.10
2007.12.06 09:06:03.002,1.0149,1.01515,0.60,4.10
2007.12.06 09:06:03.417,1.0149,1.01515,0.60,4.10
2007.12.06 09:06:03.749,1.0149,1.01515,0.60,2.50
2007.12.06 09:06:11.763,1.0149,1.01515,0.60,2.50
2007.12.06 09:06:14.446,1.0149,1.01515,0.60,2.50
2007.12.06 09:06:16.008,1.0149,1.01515,0.60,2.50
2007.12.06 09:06:17.317,1.01485,1.01515,9.80,2.50
2007.12.06 09:06:23.736,1.01485,1.0151,9.20,0.20
2007.12.06 09:06:23.810,1.01485,1.0151,7.60,0.20
2007.12.06 09:06:23.948,1.01485,1.0151,4.40,0.20
2007.12.06 09:06:24.086,1.01485,1.0151,4.40,0.20
2007.12.06 09:06:24.390,1.01485,1.0151,4.40,0.20
2007.12.06 09:06:24.529,1.01485,1.0151,4.40,0.20
2007.12.06 09:06:24.794,1.01485,1.0151,4.40,0.20
2007.12.06 09:06:24.933,1.01485,1.0151,4.40,0.20
2007.12.06 09:06:25.021,1.01485,1.0151,4.40,0.20
2007.12.06 09:06:25.478,1.01485,1.0151,4.40,0.20
2007.12.06 09:06:26.750,1.0149,1.01515,0.60,5.70
2007.12.06 09:06:26.863,1.0149,1.01515,0.60,5.70
2007.12.06 09:06:26.977,1.0149,1.01515,0.60,2.50
2007.12.06 09:06:27.261,1.0149,1.01515,0.60,2.50
2007.12.06 09:06:27.314,1.01485,1.015,6.60,0.20
2007.12.06 09:06:27.380,1.01485,1.015,3.20,0.20
2007.12.06 09:06:27.433,1.0148,1.015,1.60,0.20
2007.12.06 09:06:27.486,1.0148,1.015,1.60,0.20
2007.12.06 09:06:27.648,1.0148,1.015,0.80,0.20
2007.12.06 09:06:27.777,1.01475,1.015,6.20,0.20
2007.12.06 09:06:27.830,1.01475,1.015,3.80,0.20
2007.12.06 09:06:27.996,1.01475,1.015,3.80,0.20
2007.12.06 09:06:28.177,1.01475,1.015,3.80,0.20
2007.12.06 09:06:28.361,1.01475,1.015,3.80,0.20
2007.12.06 09:06:28.543,1.01475,1.015,3.80,0.20
2007.12.06 09:06:28.727,1.01475,1.015,3.80,0.20
2007.12.06 09:06:29.166,1.01475,1.015,3.80,0.20
2007.12.06 09:06:29.380,1.01495,1.01505,0.60,2.40
2007.12.06 09:06:29.599,1.01495,1.01515,0.60,6.20
2007.12.06 09:06:29.812,1.01495,1.0152,0.60,0.20
2007.12.06 09:06:30.045,1.01495,1.0152,0.60,0.20
2007.12.06 09:06:30.271,1.01495,1.0152,0.60,0.20
2007.12.06 09:06:30.433,1.01495,1.0152,0.60,0.20
2007.12.06 09:06:30.596,1.01495,1.0152,0.60,0.20
2007.12.06 09:06:30.759,1.01495,1.0152,0.60,0.20
2007.12.06 09:06:30.976,1.01495,1.0152,0.60,0.20
2007.12.06 09:06:32.275,1.01495,1.0152,0.60,0.20
2007.12.06 09:06:32.475,1.01495,1.0152,0.60,0.20
2007.12.06 09:06:35.050,1.01495,1.0152,0.60,0.20
2007.12.06 09:06:36.517,1.01495,1.0152,0.60,0.20
2007.12.06 09:06:38.267,1.0149,1.01515,0.60,0.20
2007.12.06 09:06:38.465,1.0149,1.01515,0.60,6.50
2007.12.06 09:06:38.662,1.0149,1.01515,0.60,6.50
2007.12.06 09:06:38.861,1.0149,1.01515,0.60,6.50
2007.12.06 09:06:39.316,1.01485,1.0151,5.20,0.20
2007.12.06 09:06:39.394,1.01485,1.0151,1.20,0.20
2007.12.06 09:06:39.472,1.01485,1.0151,1.20,0.20
2007.12.06 09:06:39.640,1.01485,1.0151,1.20,0.20
2007.12.06 09:06:39.762,1.01485,1.0151,1.20,0.20
2007.12.06 09:06:40.269,1.01485,1.0151,1.20,0.20
2007.12.06 09:06:40.472,1.01485,1.0151,1.20,0.20
2007.12.06 09:06:41.090,1.01485,1.0151,1.20,0.20
2007.12.06 09:06:41.334,1.01485,1.0151,1.20,0.20
2007.12.06 09:06:41.500,1.01485,1.0151,1.20,0.20
2007.12.06 09:06:41.717,1.0149,1.01515,0.60,4.90
2007.12.06 09:06:41.825,1.0149,1.01515,0.60,2.50
2007.12.06 09:06:41.933,1.0149,1.01515,0.60,0.20
2007.12.06 09:06:42.041,1.0149,1.01515,0.60,0.20
2007.12.06 09:06:42.254,1.0149,1.01515,0.60,0.20
2007.12.06 09:06:42.474,1.0149,1.01515,0.60,0.20
2007.12.06 09:06:42.853,1.0149,1.01515,0.60,0.20
2007.12.06 09:06:43.066,1.0149,1.01515,0.60,0.20
2007.12.06 09:06:43.280,1.0149,1.01515,0.60,0.20
2007.12.06 09:06:43.580,1.0149,1.01515,0.60,0.20
2007.12.06 09:06:43.780,1.0149,1.01515,0.60,0.20
2007.12.06 09:06:43.962,1.0149,1.01515,0.60,0.20
2007.12.06 09:06:44.149,1.0149,1.01515,0.60,0.20
2007.12.06 09:06:44.404,1.0149,1.01515,0.60,0.20
2007.12.06 09:06:44.559,1.0149,1.01515,0.60,0.20
2007.12.06 09:06:44.711,1.0149,1.01515,0.60,0.20
2007.12.06 09:06:44.863,1.0149,1.01515,0.60,0.20
2007.12.06 09:06:45.140,1.0149,1.01515,0.60,0.20
2007.12.06 09:06:45.305,1.0149,1.01515,0.60,0.20
2007.12.06 09:06:45.446,1.0149,1.01495,0.60,0.20
2007.12.06 09:06:45.578,1.0149,1.01495,0.60,0.20
2007.12.06 09:06:45.713,1.0149,1.01495,0.60,0.20
2007.12.06 09:06:45.970,1.0149,1.01495,0.60,0.20
2007.12.06 09:06:46.137,1.0149,1.01495,0.60,0.20
2007.12.06 09:06:46.421,1.0149,1.01495,0.60,0.20
2007.12.06 09:06:46.703,1.0149,1.01495,0.60,0.20
2007.12.06 09:06:46.986,1.0149,1.01495,0.60,0.20
2007.12.06 09:06:47.269,1.0149,1.01495,0.60,0.20
2007.12.06 09:06:47.422,1.0149,1.01495,0.60,0.20
2007.12.06 09:06:47.575,1.0149,1.01495,0.60,0.20
2007.12.06 09:06:47.728,1.0149,1.01495,0.60,0.20
2007.12.06 09:06:47.986,1.0149,1.01495,0.60,0.20
2007.12.06 09:06:48.189,1.0149,1.01495,0.60,0.20
2007.12.06 09:06:48.341,1.0149,1.01495,0.60,0.20
2007.12.06 09:06:48.494,1.0149,1.01495,0.60,0.20
2007.12.06 09:06:48.692,1.0149,1.01495,0.60,0.20
2007.12.06 09:06:48.890,1.0149,1.01495,0.60,0.20
2007.12.06 09:06:49.089,1.0149,1.01495,0.60,0.20
2007.12.06 09:06:49.287,1.0149,1.01495,0.60,0.20
2007.12.06 09:06:49.486,1.0149,1.01495,0.60,0.20
2007.12.06 09:06:49.593,1.0149,1.01495,0.60,0.20
2007.12.06 09:06:49.841,1.0149,1.01495,0.60,0.20
2007.12.06 09:06:49.949,1.0149,1.01495,0.60,0.20
2007.12.06 09:06:50.057,1.0149,1.01495,0.60,0.20
2007.12.06 09:06:50.243,1.0149,1.01495,0.60,0.20
2007.12.06 09:06:50.504,1.0149,1.01495,0.60,0.20
2007.12.06 09:06:50.729,1.0149,1.01495,0.60,0.20
2007.12.06 09:06:50.834,1.0149,1.01495,0.60,0.20
2007.12.06 09:06:50.931,1.0149,1.01495,0.60,0.20
2007.12.06 09:06:51.334,1.0149,1.01495,0.60,0.20
2007.12.06 09:06:51.455,1.0149,1.01495,0.60,0.20
2007.12.06 09:06:51.652,1.0149,1.01495,0.60,0.20
2007.12.06 09:06:51.850,1.0149,1.01495,0.60,0.20
2007.12.06 09:06:52.089,1.0149,1.01495,0.60,0.20
2007.12.06 09:06:52.295,1.0149,1.01495,0.60,0.20
2007.12.06 09:06:52.494,1.0149,1.01495,0.60,0.20
2007.12.06 09:06:52.919,1.0149,1.01495,0.60,0.20
2007.12.06 09:06:53.122,1.0149,1.01495,0.60,0.20
2007.12.06 09:06:53.326,1.0149,1.01495,0.60,0.20
2007.12.06 09:06:53.636,1.0149,1.01495,0.60,0.20
2007.12.06 09:06:53.797,1.0149,1.01495,0.60,0.20
2007.12.06 09:06:53.961,1.0149,1.01495,0.60,0.20
2007.12.06 09:06:54.452,1.0149,1.01495,0.60,0.20
2007.12.06 09:06:54.614,1.0149,1.01495,0.60,0.20
2007.12.06 09:06:54.852,1.0149,1.01495,0.60,0.20
2007.12.06 09:06:55.201,1.0149,1.01495,0.60,0.20
2007.12.06 09:06:55.439,1.0149,1.01495,0.60,0.20
2007.12.06 09:06:55.686,1.0149,1.01495,0.60,0.20
2007.12.06 09:06:55.990,1.0149,1.01495,0.60,0.20
2007.12.06 09:06:56.195,1.0149,1.01495,0.60,0.20
2007.12.06 09:06:56.393,1.0149,1.01495,0.60,0.20
2007.12.06 09:06:57.913,1.0149,1.01495,0.60,0.20
2007.12.06 09:06:57.935,1.0149,1.01495,0.60,0.20
2007.12.06 09:06:59.549,1.0149,1.01495,0.60,0.20
2007.12.06 09:06:59.737,1.01485,1.01495,1.20,0.20
2007.12.06 09:07:00.009,1.01485,1.01495,1.20,0.20
2007.12.06 09:07:00.231,1.01485,1.01495,1.20,0.20
2007.12.06 09:07:00.425,1.01485,1.01495,1.20,0.20
2007.12.06 09:07:00.610,1.01485,1.01495,0.60,0.20
2007.12.06 09:07:00.709,1.01485,1.01495,0.60,0.20
2007.12.06 09:07:01.027,1.01485,1.01495,0.60,0.20
2007.12.06 09:07:01.345,1.01485,1.01495,0.60,0.20
2007.12.06 09:07:01.663,1.01485,1.01495,0.60,0.20
2007.12.06 09:07:01.801,1.01485,1.01495,0.60,0.20
2007.12.06 09:07:10.547,1.01485,1.0151,0.60,0.20
2007.12.06 09:07:10.685,1.01485,1.01495,0.60,0.20
2007.12.06 09:07:10.823,1.01485,1.01495,0.60,0.20
2007.12.06 09:07:10.961,1.01485,1.01495,0.60,0.20
2007.12.06 09:07:11.276,1.01485,1.01495,0.60,0.20
2007.12.06 09:07:12.033,1.01485,1.01495,0.60,0.20
2007.12.06 09:07:12.410,1.01485,1.01495,0.60,0.20
2007.12.06 09:07:12.512,1.0148,1.01495,0.60,0.20
2007.12.06 09:07:12.615,1.0148,1.01495,0.60,0.20
2007.12.06 09:07:12.719,1.0148,1.01495,0.60,0.20
2007.12.06 09:07:12.937,1.0148,1.01495,0.60,0.20
2007.12.06 09:07:13.040,1.01475,1.01495,8.20,0.20
2007.12.06 09:07:13.230,1.01475,1.01495,8.20,0.20
2007.12.06 09:07:13.556,1.01475,1.01495,8.40,0.20
2007.12.06 09:07:13.956,1.01475,1.01495,8.40,0.20
2007.12.06 09:07:14.189,1.01475,1.01495,8.20,0.20
2007.12.06 09:07:14.297,1.01475,1.01495,8.20,0.20
2007.12.06 09:07:14.464,1.0148,1.01495,0.60,0.20
2007.12.06 09:07:14.772,1.01475,1.01495,8.20,0.20
2007.12.06 09:07:15.114,1.01475,1.01495,8.40,0.20
2007.12.06 09:07:15.221,1.0148,1.01505,1.40,2.50
2007.12.06 09:07:15.360,1.0148,1.01505,0.80,2.50
2007.12.06 09:07:21.618,1.0148,1.01505,0.80,2.50
2007.12.06 09:07:23.394,1.0148,1.01505,0.80,3.30
2007.12.06 09:07:23.482,1.01485,1.015,0.20,0.20
2007.12.06 09:07:23.559,1.01485,1.015,0.20,0.20
2007.12.06 09:07:23.755,1.01475,1.015,4.90,0.20
2007.12.06 09:07:23.968,1.01475,1.015,4.90,0.20
2007.12.06 09:07:24.687,1.01485,1.015,0.20,0.20
2007.12.06 09:07:32.643,1.01485,1.015,0.20,0.20
2007.12.06 09:07:36.199,1.01475,1.01495,0.90,2.40
2007.12.06 09:07:39.377,1.01485,1.01495,0.20,2.40
2007.12.06 09:07:39.540,1.0148,1.01505,0.80,2.50
2007.12.06 09:07:39.699,1.0148,1.01505,0.80,2.50
2007.12.06 09:07:39.858,1.0148,1.01505,0.80,2.50
2007.12.06 09:07:40.016,1.0148,1.01505,0.80,2.50
2007.12.06 09:07:40.248,1.0148,1.01505,0.80,2.50
2007.12.06 09:07:40.827,1.0149,1.01505,0.60,2.40
2007.12.06 09:07:41.021,1.0149,1.01515,0.60,6.50
2007.12.06 09:07:41.214,1.01485,1.01515,1.20,0.20
2007.12.06 09:07:41.388,1.01485,1.01515,1.20,0.20
2007.12.06 09:07:41.556,1.0149,1.01515,0.60,0.20
2007.12.06 09:07:41.724,1.01485,1.01515,1.20,0.20
2007.12.06 09:07:42.206,1.01485,1.01515,1.20,0.20
2007.12.06 09:07:42.416,1.01475,1.015,11.40,0.20
2007.12.06 09:07:42.624,1.01485,1.01495,0.05,2.40
2007.12.06 09:07:42.846,1.01475,1.01495,7.95,2.40
2007.12.06 09:07:43.436,1.01475,1.01495,7.95,2.40
2007.12.06 09:07:43.583,1.01475,1.01495,0.65,2.40
2007.12.06 09:07:43.739,1.01485,1.01495,0.05,2.40
2007.12.06 09:07:44.472,1.01485,1.01495,0.05,2.40
2007.12.06 09:07:44.772,1.01475,1.01495,0.65,2.40
2007.12.06 09:07:46.947,1.01485,1.0149,0.05,0.20
2007.12.06 09:07:47.115,1.01485,1.0149,0.05,0.20
2007.12.06 09:07:47.284,1.01485,1.0149,0.05,0.20
2007.12.06 09:07:47.452,1.01485,1.01495,0.05,2.50
2007.12.06 09:07:47.621,1.01485,1.01495,0.05,2.50
2007.12.06 09:07:47.734,1.01485,1.01495,0.05,2.50
2007.12.06 09:07:47.817,1.01485,1.01495,0.05,2.50
2007.12.06 09:07:47.910,1.01485,1.01495,0.05,0.20
2007.12.06 09:07:47.994,1.01485,1.01495,0.05,0.20
2007.12.06 09:07:48.076,1.0148,1.01505,0.65,6.50
2007.12.06 09:07:48.159,1.01485,1.01505,0.05,0.20
2007.12.06 09:07:48.258,1.01485,1.01505,0.05,0.20
2007.12.06 09:07:48.531,1.0148,1.01505,0.65,0.20
2007.12.06 09:07:48.614,1.0148,1.01505,0.65,0.20
2007.12.06 09:07:48.835,1.0148,1.01505,0.65,0.20
2007.12.06 09:07:49.284,1.0148,1.01505,0.65,0.20
2007.12.06 09:07:49.461,1.01485,1.01505,0.05,0.20
2007.12.06 09:07:49.558,1.0148,1.01505,0.65,0.20
2007.12.06 09:07:49.811,1.0148,1.01505,0.65,0.20
2007.12.06 09:07:50.064,1.0148,1.015,0.65,0.20
2007.12.06 09:07:50.317,1.0148,1.015,0.65,0.20
2007.12.06 09:07:51.912,1.01475,1.01495,0.65,0.20
2007.12.06 09:07:52.041,1.01475,1.01495,0.65,0.20
2007.12.06 09:07:52.240,1.01485,1.01495,0.05,0.20
2007.12.06 09:07:53.270,1.01485,1.01495,0.05,0.20
2007.12.06 09:07:53.983,1.01475,1.01495,2.85,0.20
2007.12.06 09:07:54.187,1.0148,1.015,0.65,0.20
2007.12.06 09:07:54.388,1.0148,1.015,0.65,0.20
2007.12.06 09:07:54.703,1.01485,1.015,0.05,0.20
2007.12.06 09:07:54.869,1.01475,1.01495,2.85,0.20
2007.12.06 09:07:55.169,1.01485,1.01495,0.05,0.20
2007.12.06 09:07:55.334,1.01475,1.01495,0.65,0.20
2007.12.06 09:07:57.868,1.01475,1.01505,0.70,7.40
2007.12.06 09:08:00.355,1.01475,1.01505,0.90,7.40
2007.12.06 09:08:05.742,1.01485,1.01495,0.30,0.20
2007.12.06 09:08:10.013,1.01485,1.01505,0.30,7.40
2007.12.06 09:08:10.992,1.01485,1.01505,0.30,7.40
2007.12.06 09:08:12.035,1.01485,1.01505,0.30,7.40
2007.12.06 09:08:12.980,1.01485,1.01495,0.30,0.20
2007.12.06 09:08:16.783,1.01485,1.01495,0.30,0.20
2007.12.06 09:08:22.935,1.01485,1.01495,0.30,0.20
2007.12.06 09:08:23.147,1.01485,1.01505,0.30,8.20
2007.12.06 09:08:27.827,1.0149,1.015,0.30,3.20
2007.12.06 09:08:31.157,1.01465,1.01505,2.40,4.80
2007.12.06 09:08:38.858,1.01465,1.01505,2.40,4.80
2007.12.06 09:08:42.478,1.01455,1.01505,14.40,4.80
2007.12.06 09:08:42.602,1.01455,1.01505,14.40,5.60
2007.12.06 09:08:45.433,1.01455,1.01515,14.40,17.40
2007.12.06 09:08:49.887,1.01455,1.01515,6.40,9.60
2007.12.06 09:08:51.035,1.0147,1.0149,0.60,0.20
2007.12.06 09:08:51.194,1.0147,1.01495,0.60,7.40
2007.12.06 09:08:51.352,1.0147,1.01495,0.60,7.40
2007.12.06 09:08:51.699,1.0147,1.01495,0.60,7.80
2007.12.06 09:08:51.856,1.0147,1.01495,0.60,7.80
2007.12.06 09:08:52.209,1.0147,1.0149,0.60,0.20
2007.12.06 09:08:53.252,1.0147,1.01495,0.60,7.80
2007.12.06 09:08:53.760,1.0147,1.01495,0.60,7.40
2007.12.06 09:08:54.276,1.0147,1.01495,0.60,7.40
2007.12.06 09:08:55.220,1.0147,1.01495,0.60,7.40
2007.12.06 09:08:55.425,1.0147,1.01495,0.60,7.40
2007.12.06 09:08:56.256,1.0147,1.01495,0.60,7.40
2007.12.06 09:08:59.025,1.01465,1.01485,0.60,0.20
2007.12.06 09:08:59.143,1.01465,1.01485,0.60,0.20
2007.12.06 09:08:59.251,1.01465,1.01495,0.60,8.90
2007.12.06 09:08:59.545,1.01465,1.01485,0.60,0.80
2007.12.06 09:08:59.838,1.0146,1.0148,0.60,0.20
2007.12.06 09:09:00.131,1.0146,1.01485,0.60,4.20
2007.12.06 09:09:00.424,1.0146,1.01485,0.60,4.20
2007.12.06 09:09:00.704,1.0146,1.01485,0.60,4.20
2007.12.06 09:09:00.867,1.0146,1.01485,0.60,4.20
2007.12.06 09:09:01.030,1.0146,1.0148,0.60,0.20
2007.12.06 09:09:01.234,1.0146,1.01485,0.60,4.20
2007.12.06 09:09:01.502,1.0146,1.0148,0.60,0.20
2007.12.06 09:09:01.751,1.0146,1.0148,0.60,0.20
2007.12.06 09:09:07.604,1.0146,1.0148,0.60,1.80
2007.12.06 09:09:07.749,1.0146,1.01465,0.60,0.60
2007.12.06 09:09:07.892,1.0146,1.01465,0.60,0.80
2007.12.06 09:09:08.034,1.0146,1.01465,0.60,0.90
2007.12.06 09:09:08.178,1.0146,1.01465,0.60,0.70
2007.12.06 09:09:08.322,1.0146,1.01465,0.60,0.90
2007.12.06 09:09:08.729,1.0146,1.01465,0.60,0.80
2007.12.06 09:09:09.083,1.01435,1.0145,2.40,0.20
2007.12.06 09:09:09.352,1.0143,1.01455,0.60,7.40
2007.12.06 09:09:09.626,1.0143,1.01455,0.60,7.40
2007.12.06 09:09:09.784,1.0143,1.01455,0.60,7.40
2007.12.06 09:09:10.486,1.0143,1.0145,0.60,0.20
2007.12.06 09:09:11.947,1.0143,1.0145,0.60,0.20
2007.12.06 09:09:14.414,1.0143,1.0145,0.60,0.20
2007.12.06 09:09:15.990,1.0143,1.0145,0.60,0.20
2007.12.06 09:09:22.976,1.0143,1.0145,0.60,0.20
2007.12.06 09:09:23.598,1.0143,1.0145,0.60,0.20
2007.12.06 09:09:23.780,1.01425,1.01445,0.60,0.20
2007.12.06 09:09:23.967,1.01425,1.01445,0.60,4.10
2007.12.06 09:09:24.156,1.01425,1.01445,0.60,4.10
2007.12.06 09:09:24.344,1.01425,1.01445,0.60,4.10
2007.12.06 09:09:24.532,1.01425,1.01445,0.60,4.10
2007.12.06 09:09:25.212,1.01425,1.01445,0.60,4.10
2007.12.06 09:09:25.813,1.01425,1.01445,0.60,4.10
2007.12.06 09:09:27.566,1.01425,1.01445,0.60,4.10
2007.12.06 09:09:27.745,1.01415,1.01425,2.40,4.10
2007.12.06 09:09:27.975,1.01405,1.01425,5.20,4.40
2007.12.06 09:09:28.152,1.01405,1.01425,2.80,4.40
2007.12.06 09:09:28.331,1.01405,1.01425,0.60,4.40
2007.12.06 09:09:28.941,1.01405,1.01425,0.60,4.40
2007.12.06 09:09:29.262,1.01405,1.01425,0.60,4.40
2007.12.06 09:09:29.900,1.01405,1.01425,0.60,4.40
2007.12.06 09:09:30.234,1.01405,1.01425,0.60,4.10
2007.12.06 09:09:30.996,1.01405,1.01425,0.60,4.10
2007.12.06 09:09:31.510,1.01405,1.01425,0.60,4.10
2007.12.06 09:09:31.648,1.01405,1.01415,0.20,0.20
2007.12.06 09:09:31.876,1.01395,1.01415,0.80,4.10
2007.12.06 09:09:32.104,1.01395,1.01415,0.60,4.10
2007.12.06 09:09:32.333,1.01395,1.01415,0.60,6.50
2007.12.06 09:09:33.004,1.01395,1.01415,0.60,6.50
2007.12.06 09:09:33.182,1.01385,1.01405,3.00,4.10
2007.12.06 09:09:33.360,1.01385,1.01405,0.60,4.10
2007.12.06 09:09:33.539,1.01385,1.01405,0.60,4.10
2007.12.06 09:09:33.872,1.01385,1.01405,0.60,4.10
2007.12.06 09:09:34.245,1.01385,1.01405,0.60,4.10
2007.12.06 09:09:34.414,1.01385,1.01405,0.60,4.70
2007.12.06 09:09:34.576,1.01385,1.01405,0.60,4.70
2007.12.06 09:09:35.391,1.01385,1.01405,0.60,4.70
2007.12.06 09:09:36.365,1.01385,1.01405,0.60,4.70
2007.12.06 09:09:37.198,1.01385,1.01405,0.60,4.70
2007.12.06 09:09:37.360,1.01385,1.01395,0.60,0.60
2007.12.06 09:09:37.522,1.01385,1.01395,0.60,0.60
2007.12.06 09:09:37.686,1.01385,1.01395,0.60,0.60
2007.12.06 09:09:37.849,1.01385,1.01405,0.60,4.10
2007.12.06 09:09:38.050,1.01385,1.01395,0.05,0.20
2007.12.06 09:09:38.213,1.01385,1.01395,0.05,0.20
2007.12.06 09:09:38.376,1.01375,1.01395,0.60,0.20
2007.12.06 09:09:38.540,1.01375,1.01395,0.60,0.20
2007.12.06 09:09:38.702,1.0137,1.0139,0.60,0.20
2007.12.06 09:09:38.866,1.0137,1.0139,0.60,0.20
2007.12.06 09:09:39.028,1.0137,1.0139,0.60,0.20
2007.12.06 09:09:39.453,1.0137,1.0139,0.60,0.20
2007.12.06 09:09:39.885,1.0137,1.0139,0.60,0.20
2007.12.06 09:09:39.972,1.0137,1.0139,0.60,0.20
2007.12.06 09:09:41.140,1.01375,1.01395,0.60,0.40
2007.12.06 09:09:41.418,1.01375,1.01395,0.60,0.20
2007.12.06 09:09:41.696,1.01375,1.01395,0.60,0.20
2007.12.06 09:09:42.025,1.01375,1.01395,0.60,0.20
2007.12.06 09:09:42.445,1.01375,1.01395,0.60,0.20
2007.12.06 09:09:43.033,1.01375,1.01395,0.60,0.20
2007.12.06 09:09:45.023,1.01375,1.01395,0.60,0.20
2007.12.06 09:09:46.050,1.01375,1.01395,0.60,0.20
2007.12.06 09:09:48.677,1.01375,1.01405,0.60,7.60
2007.12.06 09:09:53.478,1.01375,1.01405,0.60,7.60
2007.12.06 09:09:55.424,1.01375,1.01395,0.60,0.20
2007.12.06 09:09:55.765,1.01375,1.01405,0.60,9.90
2007.12.06 09:09:56.046,1.01375,1.01405,0.60,9.90
2007.12.06 09:09:58.155,1.01375,1.01405,0.60,7.50
2007.12.06 09:09:59.922,1.01375,1.01395,0.60,0.20
2007.12.06 09:10:07.090,1.01375,1.01405,0.60,7.50
2007.12.06 09:10:10.181,1.01375,1.01395,0.60,0.20
2007.12.06 09:10:11.008,1.01375,1.01395,0.60,0.20
2007.12.06 09:10:12.669,1.0138,1.01405,0.60,3.40
2007.12.06 09:10:12.717,1.0138,1.014,0.60,0.20
2007.12.06 09:10:12.765,1.0138,1.014,0.60,0.20
2007.12.06 09:10:12.836,1.0138,1.014,0.60,0.20
2007.12.06 09:10:12.943,1.0138,1.01405,0.60,6.60
2007.12.06 09:10:13.156,1.0138,1.014,0.60,0.20
2007.12.06 09:10:13.286,1.0138,1.014,0.60,0.20
2007.12.06 09:10:13.573,1.0138,1.014,0.60,0.20
2007.12.06 09:10:13.694,1.0138,1.01405,0.60,6.60
2007.12.06 09:10:13.807,1.0138,1.01405,0.60,6.60
2007.12.06 09:10:13.919,1.0138,1.01405,0.60,6.60
2007.12.06 09:10:14.784,1.0138,1.01405,0.60,6.60
2007.12.06 09:10:18.113,1.0138,1.014,0.60,0.20
2007.12.06 09:10:20.673,1.0138,1.014,0.60,0.20
2007.12.06 09:10:22.311,1.0138,1.014,0.60,0.20
2007.12.06 09:10:29.242,1.0138,1.014,0.60,0.20
2007.12.06 09:10:31.230,1.01375,1.01395,3.90,0.20
2007.12.06 09:10:31.464,1.01375,1.01395,3.10,4.10
2007.12.06 09:10:31.687,1.01375,1.01395,0.70,4.10
2007.12.06 09:10:31.911,1.01375,1.01395,0.70,4.10
2007.12.06 09:10:32.133,1.01375,1.01395,0.60,4.10
2007.12.06 09:10:32.357,1.0138,1.014,0.60,0.20
2007.12.06 09:10:32.571,1.0138,1.014,0.60,0.20
2007.12.06 09:10:32.786,1.0138,1.014,0.60,0.20
2007.12.06 09:10:32.999,1.0138,1.014,0.60,0.20
2007.12.06 09:10:33.367,1.0138,1.014,0.60,0.20
2007.12.06 09:10:34.156,1.0139,1.01405,0.60,4.00
2007.12.06 09:10:34.293,1.0139,1.0141,0.60,1.70
2007.12.06 09:10:34.437,1.0139,1.0141,0.60,0.20
2007.12.06 09:10:34.540,1.0139,1.0141,0.60,0.20
2007.12.06 09:10:34.694,1.0139,1.0141,0.60,0.20
2007.12.06 09:10:34.796,1.014,1.0142,0.60,0.20
2007.12.06 09:10:34.900,1.014,1.0142,0.60,0.20
2007.12.06 09:10:35.003,1.014,1.0142,0.60,0.20
2007.12.06 09:10:35.126,1.014,1.0142,0.60,0.20
2007.12.06 09:10:35.228,1.01395,1.01435,0.20,9.20
2007.12.06 09:10:35.381,1.01395,1.01435,0.20,0.50
2007.12.06 09:10:35.483,1.01395,1.01435,0.30,0.40
2007.12.06 09:10:35.622,1.01395,1.01435,0.50,0.30
2007.12.06 09:10:35.759,1.01395,1.01435,0.50,0.30
2007.12.06 09:10:35.946,1.01395,1.01435,0.50,0.30
2007.12.06 09:10:36.170,1.01395,1.01435,0.50,0.30
2007.12.06 09:10:36.414,1.01395,1.01435,0.60,0.30
2007.12.06 09:10:36.552,1.01395,1.01435,0.60,0.30
2007.12.06 09:10:36.835,1.0141,1.0143,0.60,0.20
2007.12.06 09:10:37.118,1.0141,1.0143,0.60,0.20
2007.12.06 09:10:37.402,1.01395,1.01435,0.50,0.30
2007.12.06 09:10:37.685,1.0141,1.0143,0.60,0.20
2007.12.06 09:10:37.834,1.0141,1.0143,0.60,0.20
2007.12.06 09:10:37.982,1.0141,1.0143,0.60,0.20
2007.12.06 09:10:38.192,1.01395,1.0144,6.00,0.20
2007.12.06 09:10:38.340,1.01395,1.0144,6.00,0.20
2007.12.06 09:10:38.491,1.01395,1.01435,2.80,0.30
2007.12.06 09:10:38.689,1.01395,1.01435,0.60,0.30
2007.12.06 09:10:39.440,1.01395,1.01435,0.60,0.30
2007.12.06 09:10:39.612,1.01395,1.0144,0.60,0.50
2007.12.06 09:10:40.272,1.01395,1.0144,0.60,0.50
2007.12.06 09:10:40.618,1.01395,1.01435,0.50,0.30
2007.12.06 09:10:41.695,1.0141,1.01435,0.60,0.50
2007.12.06 09:10:41.892,1.0141,1.01435,0.60,0.50
2007.12.06 09:10:42.091,1.0141,1.01445,0.60,11.40
2007.12.06 09:10:42.298,1.0141,1.0143,0.60,0.20
2007.12.06 09:10:42.947,1.0141,1.0143,0.60,0.20
2007.12.06 09:10:43.235,1.0141,1.01445,0.60,9.00
2007.12.06 09:10:43.523,1.0141,1.0143,0.60,0.20
2007.12.06 09:10:51.321,1.0141,1.01445,0.60,9.00
2007.12.06 09:10:52.793,1.01415,1.01445,0.60,9.00
2007.12.06 09:10:53.042,1.01415,1.01435,0.60,0.20
2007.12.06 09:10:53.165,1.01415,1.01445,0.60,9.00
2007.12.06 09:10:53.429,1.01415,1.01445,0.60,9.00
2007.12.06 09:10:53.862,1.0141,1.0143,0.60,0.20
2007.12.06 09:10:53.971,1.0141,1.01445,0.60,9.00
2007.12.06 09:10:54.120,1.0141,1.01445,0.60,9.00
2007.12.06 09:10:54.267,1.01415,1.01435,0.60,0.20
2007.12.06 09:10:54.415,1.01415,1.01435,0.60,0.20
2007.12.06 09:10:54.563,1.01415,1.01445,0.60,9.00
2007.12.06 09:10:54.712,1.01415,1.01445,0.60,9.00
2007.12.06 09:10:54.861,1.0141,1.0143,0.60,0.20
2007.12.06 09:10:55.009,1.0141,1.01445,0.60,9.00
2007.12.06 09:10:55.216,1.0141,1.01445,0.60,9.00
2007.12.06 09:10:55.860,1.0141,1.0143,0.60,0.20
2007.12.06 09:10:58.597,1.0141,1.0143,0.60,0.20
2007.12.06 09:10:58.730,1.014,1.01445,0.60,0.50
2007.12.06 09:10:58.827,1.014,1.0145,0.60,6.40
2007.12.06 09:10:58.925,1.014,1.0145,0.60,2.60
2007.12.06 09:10:59.024,1.014,1.0145,0.60,0.20
2007.12.06 09:10:59.131,1.014,1.0145,0.60,0.20
2007.12.06 09:10:59.227,1.014,1.0145,0.60,0.20
2007.12.06 09:10:59.355,1.014,1.0146,0.60,10.60
2007.12.06 09:10:59.485,1.014,1.01455,4.40,0.50
2007.12.06 09:10:59.613,1.014,1.0146,4.40,10.70
2007.12.06 09:10:59.740,1.014,1.0146,4.40,6.70
2007.12.06 09:10:59.869,1.014,1.01455,4.40,2.90
2007.12.06 09:11:00.039,1.01405,1.0145,2.40,0.20
2007.12.06 09:11:00.168,1.01405,1.01455,2.40,21.10
2007.12.06 09:11:00.415,1.014,1.01455,0.60,23.50
2007.12.06 09:11:01.174,1.014,1.01455,0.60,23.50
2007.12.06 09:11:02.338,1.014,1.0145,0.60,0.20
2007.12.06 09:11:02.780,1.014,1.01455,0.60,23.50
2007.12.06 09:11:03.574,1.014,1.0145,0.60,0.20
2007.12.06 09:11:03.836,1.014,1.01455,0.60,23.50
2007.12.06 09:11:07.328,1.0142,1.01455,0.60,23.50
2007.12.06 09:11:07.442,1.0142,1.0144,0.60,0.20
2007.12.06 09:11:07.585,1.0142,1.01455,0.60,11.70
2007.12.06 09:11:07.723,1.0142,1.0144,0.60,0.20
2007.12.06 09:11:07.900,1.0142,1.0144,0.60,0.20
2007.12.06 09:11:08.042,1.0142,1.0144,0.60,0.20
2007.12.06 09:11:08.652,1.0142,1.0144,0.60,0.20
2007.12.06 09:11:09.226,1.0142,1.0144,0.60,0.20
2007.12.06 09:11:09.632,1.0142,1.0144,0.60,0.20
2007.12.06 09:11:13.363,1.0142,1.0144,0.60,0.20
2007.12.06 09:11:15.063,1.0142,1.0144,0.60,0.20
2007.12.06 09:11:19.763,1.01415,1.01435,0.60,0.20
2007.12.06 09:11:19.910,1.01415,1.01435,0.60,0.20
2007.12.06 09:11:20.047,1.01415,1.01435,0.60,0.20
2007.12.06 09:11:20.201,1.01415,1.01435,0.60,0.20
2007.12.06 09:11:20.345,1.01415,1.01435,0.60,0.20
2007.12.06 09:11:20.844,1.01415,1.01435,0.60,0.20
2007.12.06 09:11:21.211,1.01415,1.01435,0.60,0.20
2007.12.06 09:11:21.998,1.01415,1.01435,0.60,0.20
2007.12.06 09:11:22.553,1.01435,1.01445,0.05,7.20
2007.12.06 09:11:22.716,1.01435,1.01445,0.05,7.20
2007.12.06 09:11:24.393,1.01435,1.01445,0.05,7.20
2007.12.06 09:11:26.060,1.01435,1.01445,0.05,7.20
2007.12.06 09:11:29.359,1.01435,1.01445,0.05,9.60
2007.12.06 09:11:31.271,1.0141,1.0143,0.60,0.20
2007.12.06 09:11:31.513,1.0141,1.0143,0.60,0.20
2007.12.06 09:11:31.652,1.0141,1.0143,0.60,0.20
2007.12.06 09:11:31.868,1.0141,1.0143,0.60,0.20
2007.12.06 09:11:32.005,1.0141,1.0143,0.60,0.20
2007.12.06 09:11:32.151,1.0141,1.0143,0.60,0.20
2007.12.06 09:11:32.652,1.0141,1.0143,0.60,0.20
2007.12.06 09:11:33.167,1.0141,1.0143,0.60,0.20
2007.12.06 09:11:35.411,1.0141,1.0143,0.60,0.20
2007.12.06 09:11:37.300,1.01405,1.01425,0.60,0.20
2007.12.06 09:11:37.434,1.01405,1.01425,0.60,0.20
2007.12.06 09:11:37.567,1.01405,1.01425,0.60,0.20
2007.12.06 09:11:37.700,1.01405,1.01425,0.60,0.20
2007.12.06 09:11:37.944,1.01405,1.01425,0.60,0.20
2007.12.06 09:11:38.284,1.01405,1.01425,0.60,0.20
2007.12.06 09:11:38.441,1.014,1.0142,0.60,0.20
2007.12.06 09:11:38.595,1.014,1.0142,0.60,0.20
2007.12.06 09:11:38.748,1.014,1.0142,0.60,0.20
2007.12.06 09:11:39.374,1.01395,1.01415,3.60,0.20
2007.12.06 09:11:39.527,1.01395,1.01415,1.20,0.20
2007.12.06 09:11:39.680,1.01395,1.01415,0.60,0.20
2007.12.06 09:11:39.855,1.01395,1.01415,0.60,0.20
2007.12.06 09:11:40.007,1.01395,1.01415,0.60,0.20
2007.12.06 09:11:40.167,1.01395,1.01415,0.60,0.20
2007.12.06 09:11:40.490,1.01395,1.01415,0.60,0.20
2007.12.06 09:11:40.602,1.01395,1.01415,0.60,0.20
2007.12.06 09:11:40.715,1.01395,1.01415,0.60,0.20
2007.12.06 09:11:40.897,1.01395,1.01415,0.60,0.20
2007.12.06 09:11:44.170,1.0139,1.01415,1.20,0.20
2007.12.06 09:11:45.378,1.01385,1.0141,4.60,0.20
2007.12.06 09:11:45.556,1.01385,1.0141,4.40,0.20
2007.12.06 09:11:45.629,1.01385,1.0141,4.20,0.20
2007.12.06 09:11:45.804,1.01385,1.0141,4.20,0.20
2007.12.06 09:11:46.220,1.01385,1.0141,4.20,0.20
2007.12.06 09:11:46.441,1.0139,1.0141,0.60,0.20
2007.12.06 09:11:46.633,1.01385,1.0141,4.20,0.20
2007.12.06 09:11:57.177,1.01385,1.0141,4.20,0.20
2007.12.06 09:11:57.450,1.0139,1.0141,0.60,0.20
2007.12.06 09:12:08.485,1.01385,1.0141,4.20,0.20
2007.12.06 09:12:08.494,1.01385,1.0141,4.50,0.20
2007.12.06 09:12:17.418,1.01395,1.01415,0.60,0.20
2007.12.06 09:12:17.616,1.01395,1.01415,0.60,0.20
2007.12.06 09:12:17.813,1.01395,1.01415,0.60,0.20
2007.12.06 09:12:18.074,1.01395,1.01415,0.60,0.20
2007.12.06 09:12:18.273,1.01395,1.01415,0.60,0.20
2007.12.06 09:12:18.619,1.01395,1.01415,0.60,0.20
2007.12.06 09:12:19.501,1.01395,1.01415,0.60,0.20
2007.12.06 09:12:24.979,1.0139,1.0141,0.60,0.20
2007.12.06 09:12:25.071,1.0139,1.0141,0.60,0.20
2007.12.06 09:12:25.165,1.0139,1.0141,0.60,0.20
2007.12.06 09:12:25.258,1.0139,1.0141,0.60,0.20
2007.12.06 09:12:26.126,1.0139,1.0141,0.60,0.20
2007.12.06 09:12:26.667,1.0139,1.0141,0.60,0.20
2007.12.06 09:12:30.215,1.0139,1.0141,0.60,0.20
2007.12.06 09:12:30.364,1.0139,1.0141,0.60,0.20
2007.12.06 09:12:30.534,1.0139,1.0141,0.60,0.20
2007.12.06 09:12:30.892,1.01385,1.01405,6.40,0.20
2007.12.06 09:12:31.054,1.01385,1.01405,6.40,4.10
2007.12.06 09:12:31.223,1.01385,1.01405,4.20,4.10
2007.12.06 09:12:31.391,1.01385,1.01405,4.20,4.10
2007.12.06 09:12:31.559,1.0139,1.01405,0.60,4.00
2007.12.06 09:12:31.725,1.0139,1.0141,0.60,0.20
2007.12.06 09:12:32.117,1.0139,1.0141,0.60,0.20
2007.12.06 09:12:32.684,1.0139,1.0141,0.60,0.20
2007.12.06 09:12:32.982,1.0139,1.0141,0.60,0.20
2007.12.06 09:12:33.608,1.0139,1.0141,0.60,0.20
2007.12.06 09:12:34.445,1.01395,1.01415,0.60,4.10
2007.12.06 09:12:34.564,1.01395,1.01415,0.60,4.10
2007.12.06 09:12:34.682,1.01395,1.01415,0.60,4.10
2007.12.06 09:12:34.801,1.01395,1.01415,0.60,4.10
2007.12.06 09:12:35.134,1.0139,1.0141,0.60,0.20
2007.12.06 09:12:35.468,1.0139,1.0141,0.60,0.20
2007.12.06 09:12:36.160,1.0139,1.0141,0.60,0.20
2007.12.06 09:12:37.164,1.0139,1.0141,0.60,0.20
2007.12.06 09:12:37.367,1.0139,1.0141,0.60,0.20
2007.12.06 09:12:37.570,1.01385,1.01405,4.30,0.20
2007.12.06 09:12:37.773,1.01385,1.01405,4.30,4.10
2007.12.06 09:12:37.976,1.01385,1.01405,4.30,4.10
2007.12.06 09:12:38.651,1.01385,1.01405,4.30,4.10
2007.12.06 09:12:40.043,1.01385,1.01405,4.20,4.10
2007.12.06 09:12:40.126,1.01385,1.01405,4.20,4.10
2007.12.06 09:12:40.243,1.01385,1.01405,4.20,4.10
2007.12.06 09:12:40.564,1.01385,1.01405,4.20,4.10
2007.12.06 09:12:40.673,1.01385,1.01405,4.20,4.10
2007.12.06 09:12:41.211,1.01385,1.01405,4.20,4.10
2007.12.06 09:12:41.672,1.01385,1.01405,4.20,4.10
2007.12.06 09:12:42.017,1.01385,1.01405,4.20,4.10
2007.12.06 09:12:42.131,1.01385,1.01405,4.20,4.10
2007.12.06 09:12:42.408,1.0139,1.01405,0.60,4.00
2007.12.06 09:12:42.556,1.0139,1.01405,0.60,4.00
2007.12.06 09:12:42.705,1.0139,1.0141,0.60,0.20
2007.12.06 09:12:42.852,1.0139,1.0141,0.60,0.20
2007.12.06 09:12:43.001,1.01395,1.0141,0.20,0.20
2007.12.06 09:12:43.148,1.0139,1.0141,0.60,0.20
2007.12.06 09:12:43.296,1.0139,1.0141,0.60,0.20
2007.12.06 09:12:43.661,1.0139,1.0141,0.60,0.20
2007.12.06 09:12:43.674,1.0139,1.0141,0.60,0.20
2007.12.06 09:12:45.029,1.0139,1.0141,0.60,0.20
2007.12.06 09:12:45.122,1.01385,1.01405,4.20,0.20
2007.12.06 09:12:45.542,1.01385,1.0141,4.20,0.20
2007.12.06 09:12:45.651,1.0139,1.0141,0.60,0.20
2007.12.06 09:12:45.759,1.01385,1.0141,4.20,0.20
2007.12.06 09:12:45.931,1.01385,1.0141,4.20,0.20
2007.12.06 09:12:46.074,1.01385,1.0141,4.20,0.20
2007.12.06 09:12:46.181,1.01385,1.0141,4.20,0.20
2007.12.06 09:12:46.289,1.0139,1.0141,0.60,0.20
2007.12.06 09:12:46.441,1.0139,1.0141,0.60,0.20
2007.12.06 09:12:47.264,1.01385,1.0141,4.20,0.20
2007.12.06 09:12:47.681,1.0139,1.0141,0.60,0.20
2007.12.06 09:12:48.082,1.01385,1.0141,4.20,0.20
2007.12.06 09:12:48.534,1.0139,1.01415,1.20,4.50
2007.12.06 09:12:48.659,1.0139,1.01415,1.20,4.50
2007.12.06 09:12:48.706,1.0139,1.01415,1.20,4.50
2007.12.06 09:12:48.910,1.01395,1.01415,0.60,4.50
2007.12.06 09:12:49.642,1.0139,1.01415,1.20,4.50
2007.12.06 09:12:49.949,1.0139,1.01415,1.20,4.50
2007.12.06 09:12:50.678,1.01395,1.01415,0.60,4.50
2007.12.06 09:12:51.035,1.01395,1.01415,0.60,0.50
2007.12.06 09:12:51.183,1.01395,1.01415,0.60,0.50
2007.12.06 09:12:52.123,1.0139,1.01415,1.20,0.50
2007.12.06 09:12:52.716,1.01395,1.01415,0.60,0.50
2007.12.06 09:12:53.502,1.0138,1.01405,4.20,0.20
2007.12.06 09:12:53.620,1.01385,1.01405,0.80,4.10
2007.12.06 09:12:53.739,1.0138,1.01405,1.80,4.40
2007.12.06 09:12:53.941,1.01385,1.01405,0.60,4.40
2007.12.06 09:12:54.674,1.0138,1.01405,1.80,4.40
2007.12.06 09:12:56.493,1.01385,1.01405,1.80,4.20
2007.12.06 09:12:56.661,1.01385,1.01405,4.20,0.20
2007.12.06 09:12:56.837,1.01385,1.0141,4.20,0.20
2007.12.06 09:12:57.140,1.0139,1.0141,0.60,0.20
2007.12.06 09:12:57.309,1.0139,1.01405,0.60,0.20
2007.12.06 09:12:58.200,1.0139,1.01405,0.60,0.20
2007.12.06 09:12:59.661,1.0139,1.01405,0.60,0.30
2007.12.06 09:12:59.886,1.0139,1.01405,0.60,0.30
2007.12.06 09:13:00.074,1.0138,1.01405,4.20,0.50
2007.12.06 09:13:00.262,1.01385,1.01405,0.60,4.40
2007.12.06 09:13:00.451,1.0138,1.01405,1.20,4.40
2007.12.06 09:13:00.615,1.01385,1.01405,0.60,4.40
2007.12.06 09:13:00.738,1.0138,1.01405,1.20,4.40
2007.12.06 09:13:00.920,1.01385,1.01405,0.60,4.40
2007.12.06 09:13:03.304,1.0138,1.01405,1.20,4.40
2007.12.06 09:13:03.746,1.0138,1.01405,1.20,4.40
2007.12.06 09:13:11.066,1.0138,1.01405,1.20,4.40
2007.12.06 09:13:11.284,1.01385,1.01395,0.60,0.20
2007.12.06 09:13:11.401,1.0138,1.01405,1.20,4.40
2007.12.06 09:13:11.514,1.01385,1.01405,0.60,4.40
2007.12.06 09:13:12.466,1.0138,1.014,0.60,0.20
2007.12.06 09:13:12.658,1.0138,1.014,0.60,0.20
2007.12.06 09:13:12.851,1.0138,1.014,0.60,0.20
2007.12.06 09:13:13.044,1.0138,1.014,0.60,0.20
2007.12.06 09:13:13.207,1.0138,1.014,0.60,0.20
2007.12.06 09:13:13.435,1.0138,1.014,0.60,0.20
2007.12.06 09:13:13.837,1.0138,1.014,0.60,0.20
2007.12.06 09:13:14.165,1.0138,1.014,0.60,0.20
2007.12.06 09:13:14.415,1.0138,1.01395,0.60,0.20
2007.12.06 09:13:14.670,1.0138,1.01395,0.60,0.20
2007.12.06 09:13:20.972,1.01375,1.01395,4.20,0.20
2007.12.06 09:13:25.635,1.01375,1.01395,4.20,0.20
2007.12.06 09:13:27.162,1.0138,1.01395,0.60,0.20
2007.12.06 09:13:38.192,1.0138,1.01395,0.60,0.20
2007.12.06 09:13:42.033,1.01375,1.01395,4.20,0.20
2007.12.06 09:13:42.161,1.0138,1.01395,0.60,0.20
2007.12.06 09:13:45.013,1.0137,1.01395,1.20,0.20
2007.12.06 09:13:45.232,1.0137,1.01385,1.20,0.20
2007.12.06 09:13:45.451,1.0137,1.01395,1.20,4.10
2007.12.06 09:13:45.569,1.01375,1.01395,0.60,4.10
2007.12.06 09:13:45.716,1.0137,1.01395,1.20,4.10
2007.12.06 09:13:45.858,1.01375,1.01395,0.60,4.10
2007.12.06 09:13:46.374,1.0137,1.01395,1.20,4.10
2007.12.06 09:13:49.178,1.01375,1.01395,0.60,4.10
2007.12.06 09:13:50.061,1.01375,1.01395,0.60,4.10
2007.12.06 09:13:50.375,1.01375,1.01395,0.60,4.10
2007.12.06 09:13:53.530,1.0137,1.0139,0.60,0.20
2007.12.06 09:13:53.747,1.0137,1.0139,0.60,0.20
2007.12.06 09:13:53.956,1.0137,1.0139,0.60,0.20
2007.12.06 09:13:54.164,1.0137,1.0139,0.60,0.20
2007.12.06 09:13:55.042,1.0137,1.0139,0.60,0.20
2007.12.06 09:14:00.257,1.0137,1.0139,0.60,0.20
2007.12.06 09:14:00.581,1.0137,1.0139,0.60,0.20
2007.12.06 09:14:07.663,1.0137,1.0139,0.60,0.20
2007.12.06 09:14:07.852,1.0137,1.0139,0.60,0.20
2007.12.06 09:14:08.039,1.0137,1.0139,0.60,0.20
2007.12.06 09:14:08.227,1.0137,1.0139,0.60,0.20
2007.12.06 09:14:11.278,1.0137,1.0139,0.60,0.20
2007.12.06 09:14:22.309,1.0137,1.0139,0.60,0.20
2007.12.06 09:14:33.335,1.0137,1.014,3.20,13.30
2007.12.06 09:14:40.378,1.0135,1.014,4.00,2.00
2007.12.06 09:14:40.841,1.0137,1.014,3.20,12.90
2007.12.06 09:14:40.962,1.0137,1.014,3.20,13.30
2007.12.06 09:14:43.176,1.01365,1.01385,3.60,0.20
2007.12.06 09:14:43.194,1.01365,1.01385,3.60,0.20
2007.12.06 09:14:43.218,1.01365,1.01385,2.80,0.20
2007.12.06 09:14:43.290,1.01365,1.01385,2.80,0.20
2007.12.06 09:14:43.313,1.01365,1.01385,0.60,0.20
2007.12.06 09:14:43.426,1.01365,1.01385,0.60,0.20
2007.12.06 09:14:43.440,1.01365,1.01385,0.60,0.20
2007.12.06 09:14:43.538,1.01365,1.01385,0.60,0.20
2007.12.06 09:14:43.645,1.01365,1.01385,0.60,0.20
2007.12.06 09:14:43.834,1.01365,1.01385,0.60,0.20
2007.12.06 09:14:44.368,1.01365,1.01385,0.60,0.20
2007.12.06 09:14:44.450,1.01365,1.01385,0.60,0.20
2007.12.06 09:14:44.673,1.01365,1.01385,0.60,0.20
2007.12.06 09:14:47.351,1.01365,1.01385,0.60,0.20
2007.12.06 09:14:50.655,1.0136,1.0138,0.60,0.20
2007.12.06 09:14:50.843,1.0136,1.0138,0.60,0.20
2007.12.06 09:14:51.032,1.0136,1.0138,0.60,0.20
2007.12.06 09:14:51.214,1.01345,1.01365,6.40,0.20
2007.12.06 09:14:51.397,1.01345,1.01365,6.00,4.10
2007.12.06 09:14:51.581,1.01345,1.01365,6.00,4.10
2007.12.06 09:14:51.765,1.01345,1.01365,6.80,4.10
2007.12.06 09:14:51.949,1.01345,1.01365,4.40,4.10
2007.12.06 09:14:52.179,1.01345,1.01365,4.40,4.10
2007.12.06 09:14:52.386,1.01345,1.01365,4.40,4.10
2007.12.06 09:14:52.701,1.01345,1.01365,4.40,4.10
2007.12.06 09:14:52.909,1.01345,1.01365,3.60,4.10
2007.12.06 09:14:53.646,1.01365,1.0137,0.60,1.60
2007.12.06 09:14:53.853,1.01365,1.01375,0.60,3.20
2007.12.06 09:14:54.062,1.01365,1.01385,0.60,6.50
2007.12.06 09:14:54.186,1.01355,1.01375,6.00,0.20
2007.12.06 09:14:54.310,1.01355,1.01375,5.20,0.20
2007.12.06 09:14:54.433,1.01355,1.01375,2.80,0.20
2007.12.06 09:14:54.556,1.01355,1.01375,0.60,0.20
2007.12.06 09:14:54.778,1.0136,1.0138,0.60,0.20
2007.12.06 09:14:54.902,1.0136,1.0138,0.60,0.20
2007.12.06 09:14:55.169,1.0136,1.0138,0.60,0.20
2007.12.06 09:14:55.421,1.0136,1.0138,0.60,0.20
2007.12.06 09:14:55.801,1.0136,1.0138,0.60,0.20
2007.12.06 09:14:56.053,1.0136,1.0138,0.60,0.20
2007.12.06 09:14:56.772,1.0135,1.0137,0.60,0.20
2007.12.06 09:14:57.020,1.0135,1.0137,0.60,0.20
2007.12.06 09:14:57.268,1.0135,1.0137,0.60,0.20
2007.12.06 09:14:57.455,1.0135,1.01375,0.60,4.20
2007.12.06 09:14:57.570,1.0135,1.0137,0.60,0.20
2007.12.06 09:14:57.769,1.0135,1.0137,0.60,0.20
2007.12.06 09:14:57.966,1.0135,1.0137,0.60,0.20
2007.12.06 09:14:58.632,1.0135,1.0137,0.60,0.20
2007.12.06 09:15:04.938,1.0135,1.0137,0.60,0.20
2007.12.06 09:15:05.119,1.0135,1.0137,0.60,0.20
2007.12.06 09:15:06.406,1.0135,1.0137,0.60,0.20
2007.12.06 09:15:06.795,1.0135,1.0137,0.60,0.20
2007.12.06 09:15:07.184,1.0135,1.0137,0.60,0.20
2007.12.06 09:15:07.630,1.0135,1.0137,0.60,0.20
2007.12.06 09:15:08.118,1.0135,1.0137,0.60,0.20
2007.12.06 09:15:09.381,1.0135,1.0137,0.60,0.20
2007.12.06 09:15:17.443,1.0135,1.0137,0.60,0.20
2007.12.06 09:15:28.471,1.0135,1.0137,3.20,0.50
2007.12.06 09:15:31.906,1.0135,1.0136,3.20,3.50
2007.12.06 09:15:32.049,1.0135,1.0136,2.40,3.50
2007.12.06 09:15:32.197,1.0135,1.0136,2.40,3.50
2007.12.06 09:15:32.957,1.0135,1.0136,2.40,3.90
2007.12.06 09:15:33.104,1.0135,1.0136,2.40,4.70
2007.12.06 09:15:33.252,1.0135,1.0136,2.40,4.70
2007.12.06 09:15:33.400,1.01345,1.01355,0.60,0.40
2007.12.06 09:15:33.549,1.01345,1.01355,0.60,0.40
2007.12.06 09:15:33.697,1.01345,1.01355,0.60,0.40
2007.12.06 09:15:33.874,1.01345,1.01355,0.60,0.40
2007.12.06 09:15:34.097,1.01345,1.01355,0.60,0.40
2007.12.06 09:15:34.396,1.01345,1.01355,0.60,0.40
2007.12.06 09:15:35.314,1.0134,1.01355,0.60,0.40
2007.12.06 09:15:35.457,1.0134,1.01355,0.60,0.40
2007.12.06 09:15:35.605,1.0134,1.01355,0.60,0.20
2007.12.06 09:15:35.753,1.01345,1.01355,0.60,0.30
2007.12.06 09:15:35.906,1.01345,1.01365,0.60,6.80
2007.12.06 09:15:36.055,1.01345,1.01365,0.60,6.00
2007.12.06 09:15:36.203,1.01345,1.01365,0.60,5.60
2007.12.06 09:15:36.376,1.0134,1.0136,0.60,0.20
2007.12.06 09:15:36.550,1.0134,1.0136,0.60,0.20
2007.12.06 09:15:36.722,1.0134,1.01355,0.60,0.30
2007.12.06 09:15:36.896,1.0134,1.01355,0.60,0.30
2007.12.06 09:15:37.068,1.0134,1.01355,0.60,0.40
2007.12.06 09:15:37.242,1.0134,1.01355,0.60,0.40
2007.12.06 09:15:37.375,1.0134,1.01355,0.60,0.40
2007.12.06 09:15:37.713,1.0134,1.01355,0.60,0.40
2007.12.06 09:15:38.446,1.0134,1.01355,0.60,0.40
2007.12.06 09:15:38.702,1.0134,1.01355,0.60,0.40
2007.12.06 09:15:39.495,1.0134,1.01355,0.60,0.40
2007.12.06 09:15:41.984,1.0134,1.01355,0.60,0.40
2007.12.06 09:15:42.197,1.0134,1.01355,0.60,4.30
2007.12.06 09:15:42.310,1.0134,1.01355,0.60,4.30
2007.12.06 09:15:43.421,1.0134,1.01355,0.60,4.30
2007.12.06 09:15:43.833,1.0134,1.01355,0.60,4.30
2007.12.06 09:15:44.118,1.0134,1.01355,0.60,4.40
2007.12.06 09:15:44.287,1.0134,1.01355,0.60,4.40
2007.12.06 09:15:45.402,1.01335,1.0134,0.60,1.60
2007.12.06 09:15:45.480,1.0133,1.01335,0.60,1.60
2007.12.06 09:15:45.558,1.0133,1.01335,0.60,2.50
2007.12.06 09:15:45.636,1.0133,1.01335,0.60,1.70
2007.12.06 09:15:45.762,1.0133,1.01335,0.60,2.10
2007.12.06 09:15:45.839,1.01305,1.01325,2.80,4.10
2007.12.06 09:15:45.929,1.01305,1.01325,0.60,4.10
2007.12.06 09:15:46.006,1.01305,1.01325,0.60,4.10
2007.12.06 09:15:46.179,1.01305,1.01325,0.60,4.10
2007.12.06 09:15:46.255,1.01305,1.01325,0.60,4.10
2007.12.06 09:15:46.334,1.01305,1.01325,0.60,12.10
2007.12.06 09:15:46.589,1.01285,1.01325,2.40,12.00
2007.12.06 09:15:46.846,1.01285,1.01325,2.40,12.00
2007.12.06 09:15:47.099,1.0128,1.01325,0.60,12.00
2007.12.06 09:15:47.352,1.0128,1.01325,0.60,12.00
2007.12.06 09:15:47.606,1.0128,1.01325,0.60,12.00
2007.12.06 09:15:47.773,1.0128,1.01325,0.60,12.00
2007.12.06 09:15:48.546,1.0128,1.01315,0.60,0.20
2007.12.06 09:15:49.315,1.0129,1.0131,0.60,0.20
2007.12.06 09:15:49.503,1.0129,1.0131,0.60,0.20
2007.12.06 09:15:49.676,1.0129,1.0131,0.60,0.20
2007.12.06 09:15:49.967,1.0129,1.0131,0.60,0.20
2007.12.06 09:15:50.281,1.01285,1.01305,0.60,0.20
2007.12.06 09:15:50.457,1.01285,1.01305,0.60,4.10
2007.12.06 09:15:50.629,1.01285,1.01305,0.60,4.10
2007.12.06 09:15:50.757,1.01285,1.01305,0.60,4.10
2007.12.06 09:15:50.886,1.01285,1.01305,0.60,4.10
2007.12.06 09:15:51.013,1.01285,1.01305,0.60,4.10
2007.12.06 09:15:51.141,1.01285,1.01305,0.60,4.10
2007.12.06 09:15:51.270,1.01285,1.01305,0.60,4.10
2007.12.06 09:15:51.397,1.01285,1.01305,0.60,4.10
2007.12.06 09:15:51.796,1.01285,1.01305,0.60,4.10
2007.12.06 09:15:52.049,1.01285,1.01305,0.60,4.10
2007.12.06 09:15:52.820,1.0129,1.01305,0.60,4.00
2007.12.06 09:15:52.887,1.0129,1.01305,0.60,4.00
2007.12.06 09:15:52.977,1.0129,1.01305,0.60,4.00
2007.12.06 09:15:53.084,1.0129,1.01305,0.60,4.00
2007.12.06 09:15:53.152,1.0129,1.01305,0.60,4.00
2007.12.06 09:15:53.355,1.01295,1.01305,0.60,4.00
2007.12.06 09:15:53.423,1.01295,1.01305,0.60,4.00
2007.12.06 09:15:53.491,1.01295,1.01315,0.60,5.20
2007.12.06 09:15:53.652,1.01295,1.01315,0.60,5.20
2007.12.06 09:15:54.330,1.01295,1.01315,0.60,4.90
2007.12.06 09:15:54.676,1.01295,1.01315,0.60,4.90
2007.12.06 09:15:54.888,1.01295,1.01315,0.60,4.90
2007.12.06 09:15:58.689,1.0129,1.01315,1.20,4.90
2007.12.06 09:15:59.351,1.0129,1.0131,0.60,0.20
2007.12.06 09:15:59.583,1.01285,1.01305,3.40,4.00
2007.12.06 09:15:59.817,1.01285,1.01305,3.40,4.00
2007.12.06 09:16:00.136,1.01285,1.01305,3.40,4.00
2007.12.06 09:16:01.557,1.0129,1.01305,0.60,4.00
2007.12.06 09:16:03.232,1.0129,1.01305,0.60,4.00
2007.12.06 09:16:03.410,1.01285,1.01305,1.20,4.10
2007.12.06 09:16:03.588,1.01285,1.01305,0.70,4.10
2007.12.06 09:16:03.773,1.01285,1.01305,0.70,4.10
2007.12.06 09:16:04.106,1.0128,1.01305,1.30,4.10
2007.12.06 09:16:04.274,1.0128,1.01305,1.30,4.10
2007.12.06 09:16:05.656,1.01285,1.01305,0.70,4.10
2007.12.06 09:16:05.844,1.0128,1.013,0.90,0.20
2007.12.06 09:16:06.032,1.01275,1.01295,3.40,4.00
2007.12.06 09:16:06.226,1.0128,1.01295,0.60,4.00
2007.12.06 09:16:06.698,1.01275,1.01295,3.70,4.00
2007.12.06 09:16:07.121,1.01275,1.01295,3.70,4.00
2007.12.06 09:16:08.385,1.01275,1.01285,0.50,0.20
2007.12.06 09:16:08.780,1.01265,1.01275,1.70,4.00
2007.12.06 09:16:09.073,1.0126,1.01275,3.00,4.00
2007.12.06 09:16:09.256,1.0126,1.01275,0.60,4.00
2007.12.06 09:16:09.440,1.01245,1.0127,12.20,0.20
2007.12.06 09:16:09.623,1.01245,1.0127,3.40,0.20
2007.12.06 09:16:09.807,1.0125,1.0127,0.60,0.20
2007.12.06 09:16:09.991,1.0123,1.01275,3.20,12.00
2007.12.06 09:16:10.174,1.01235,1.01275,1.90,12.00
2007.12.06 09:16:10.377,1.0123,1.01275,2.20,12.00
2007.12.06 09:16:10.580,1.0123,1.01275,0.60,12.00
2007.12.06 09:16:10.783,1.01225,1.01275,9.40,12.00
2007.12.06 09:16:10.986,1.01235,1.0126,1.20,0.20
2007.12.06 09:16:11.195,1.01235,1.0126,1.20,0.20
2007.12.06 09:16:11.350,1.01235,1.0126,1.20,0.20
2007.12.06 09:16:11.468,1.01235,1.0126,1.20,0.20
2007.12.06 09:16:11.670,1.01235,1.0126,1.20,0.20
2007.12.06 09:16:11.988,1.01255,1.0126,0.20,0.20
2007.12.06 09:16:12.179,1.01255,1.0126,0.20,0.20
2007.12.06 09:16:12.584,1.01255,1.0126,0.20,0.20
2007.12.06 09:16:13.368,1.01255,1.01265,0.20,4.00
2007.12.06 09:16:13.646,1.0123,1.01255,1.20,4.00
2007.12.06 09:16:13.924,1.01235,1.01255,0.60,4.00
2007.12.06 09:16:14.202,1.01235,1.01255,0.60,4.00
2007.12.06 09:16:14.345,1.0123,1.0125,1.20,0.40
2007.12.06 09:16:14.488,1.01225,1.0125,1.20,0.20
2007.12.06 09:16:14.631,1.0123,1.0125,0.60,0.20
2007.12.06 09:16:14.774,1.0123,1.0125,0.60,0.20
2007.12.06 09:16:14.938,1.01205,1.01245,13.70,12.00
2007.12.06 09:16:15.082,1.01205,1.01245,10.40,12.20
2007.12.06 09:16:15.226,1.01215,1.01245,0.80,12.30
2007.12.06 09:16:15.409,1.01215,1.01245,0.90,12.30
2007.12.06 09:16:15.592,1.01195,1.01245,6.60,12.30
2007.12.06 09:16:15.775,1.01195,1.01245,6.60,12.30
2007.12.06 09:16:15.958,1.0119,1.01245,3.00,16.90
2007.12.06 09:16:16.142,1.0119,1.01235,3.00,0.20
2007.12.06 09:16:16.325,1.01195,1.01235,0.70,0.20
2007.12.06 09:16:16.468,1.01195,1.01235,1.00,8.10
2007.12.06 09:16:16.611,1.0119,1.01235,3.00,12.10
2007.12.06 09:16:16.755,1.01195,1.01235,1.40,12.10
2007.12.06 09:16:16.939,1.0119,1.01235,3.00,12.20
2007.12.06 09:16:17.125,1.01195,1.01235,0.80,12.20
2007.12.06 09:16:17.268,1.01185,1.01235,9.40,12.20
2007.12.06 09:16:17.470,1.01195,1.0122,1.20,0.20
2007.12.06 09:16:17.673,1.01195,1.0122,1.20,0.20
2007.12.06 09:16:17.875,1.0121,1.01225,1.20,4.10
2007.12.06 09:16:18.079,1.0121,1.01225,1.20,4.00
2007.12.06 09:16:18.284,1.0121,1.01225,1.20,4.00
2007.12.06 09:16:18.487,1.0121,1.01225,1.20,4.00
2007.12.06 09:16:18.695,1.01215,1.01225,0.60,4.00
2007.12.06 09:16:18.903,1.0121,1.01225,1.20,4.00
2007.12.06 09:16:19.188,1.0121,1.01225,1.20,4.00
2007.12.06 09:16:19.405,1.01215,1.01225,1.20,4.00
2007.12.06 09:16:19.517,1.01215,1.01235,1.20,4.00
2007.12.06 09:16:19.630,1.0122,1.01235,0.60,4.00
2007.12.06 09:16:19.743,1.0122,1.01235,0.60,4.00
2007.12.06 09:16:19.901,1.0121,1.01235,1.20,4.10
2007.12.06 09:16:20.015,1.01215,1.01235,0.60,4.10
2007.12.06 09:16:20.137,1.0121,1.01235,1.20,4.30
2007.12.06 09:16:20.248,1.0121,1.01225,1.20,4.00
2007.12.06 09:16:20.496,1.01215,1.01225,0.60,4.00
2007.12.06 09:16:20.830,1.0121,1.01225,1.20,4.00
2007.12.06 09:16:21.167,1.0121,1.01225,1.20,4.00
2007.12.06 09:16:23.400,1.01215,1.01225,1.20,4.00
2007.12.06 09:16:23.588,1.0122,1.01235,0.60,4.00
2007.12.06 09:16:23.746,1.0122,1.01235,0.60,4.00
2007.12.06 09:16:23.903,1.01215,1.01235,0.60,4.10
2007.12.06 09:16:24.068,1.0121,1.01225,1.20,4.00
2007.12.06 09:16:24.220,1.0121,1.01225,1.20,4.00
2007.12.06 09:16:24.433,1.0121,1.01225,1.20,4.00
2007.12.06 09:16:24.584,1.012,1.0122,3.00,0.20
2007.12.06 09:16:24.917,1.012,1.0122,3.00,0.20
2007.12.06 09:16:25.250,1.01195,1.0122,1.20,0.20
2007.12.06 09:16:25.584,1.012,1.0122,0.60,0.20
2007.12.06 09:16:25.762,1.012,1.0122,0.60,0.20
2007.12.06 09:16:25.940,1.012,1.0122,0.60,0.20
2007.12.06 09:16:26.119,1.012,1.0122,0.60,0.20
2007.12.06 09:16:30.771,1.012,1.0122,0.60,0.20
2007.12.06 09:16:30.899,1.0119,1.01235,0.60,11.20
2007.12.06 09:16:31.027,1.0119,1.01235,0.60,4.00
2007.12.06 09:16:31.155,1.0119,1.01235,0.60,3.80
2007.12.06 09:16:31.283,1.0119,1.0124,0.60,5.60
2007.12.06 09:16:31.585,1.0119,1.0124,0.60,5.60
2007.12.06 09:16:31.712,1.0119,1.0124,0.60,5.60
2007.12.06 09:16:32.027,1.0119,1.0124,0.60,5.60
2007.12.06 09:16:32.340,1.0119,1.0124,0.60,4.00
2007.12.06 09:16:34.371,1.0119,1.01205,0.60,0.80
2007.12.06 09:16:34.511,1.01185,1.01205,9.60,0.80
2007.12.06 09:16:34.648,1.01185,1.01205,2.40,0.80
2007.12.06 09:16:34.782,1.01185,1.0123,2.40,3.80
2007.12.06 09:16:35.132,1.01185,1.0123,2.40,3.80
2007.12.06 09:16:35.672,1.01185,1.0123,2.40,3.80
2007.12.06 09:16:36.005,1.01185,1.0123,2.40,3.80
2007.12.06 09:16:36.172,1.01185,1.0123,2.40,3.80
2007.12.06 09:16:36.472,1.01185,1.0123,2.40,3.80
2007.12.06 09:16:37.429,1.01185,1.0123,2.40,3.80
2007.12.06 09:16:39.686,1.01185,1.01225,2.40,0.30
2007.12.06 09:16:39.961,1.01185,1.01225,2.40,0.30
2007.12.06 09:16:40.154,1.01185,1.01215,2.40,0.20
2007.12.06 09:16:40.358,1.01185,1.01215,2.40,0.30
2007.12.06 09:16:40.561,1.01175,1.01215,2.40,0.40
2007.12.06 09:16:40.764,1.01175,1.01215,2.40,0.30
2007.12.06 09:16:40.968,1.01195,1.01215,0.60,1.20
2007.12.06 09:16:41.177,1.01195,1.01215,0.60,1.10
2007.12.06 09:16:41.254,1.01195,1.01215,0.60,1.10
2007.12.06 09:16:41.535,1.01195,1.01215,0.60,1.10
2007.12.06 09:16:41.619,1.01195,1.01215,0.60,1.10
2007.12.06 09:16:41.906,1.01195,1.01215,0.60,1.10
2007.12.06 09:16:42.124,1.01195,1.01215,0.60,1.10
2007.12.06 09:16:43.331,1.01195,1.01215,0.60,0.90
2007.12.06 09:16:45.787,1.01195,1.01215,0.60,0.90
2007.12.06 09:16:46.443,1.012,1.01215,0.60,0.80
2007.12.06 09:16:46.745,1.012,1.0122,0.60,0.20
2007.12.06 09:16:47.049,1.012,1.0122,0.60,0.20
2007.12.06 09:16:47.308,1.012,1.0122,0.60,0.20
2007.12.06 09:16:47.352,1.012,1.0122,0.60,0.20
2007.12.06 09:16:47.666,1.012,1.01225,0.60,7.60
2007.12.06 09:16:47.904,1.012,1.0122,0.60,0.20
2007.12.06 09:16:48.218,1.012,1.01225,0.60,7.60
2007.12.06 09:16:48.410,1.012,1.0122,0.60,0.20
2007.12.06 09:16:48.679,1.012,1.01225,0.60,7.40
2007.12.06 09:16:48.947,1.01205,1.01225,0.60,0.70
2007.12.06 09:16:49.214,1.01205,1.01235,0.60,13.90
2007.12.06 09:16:50.140,1.01205,1.01225,0.60,0.90
2007.12.06 09:16:51.407,1.0121,1.0123,0.60,1.00
2007.12.06 09:16:51.561,1.0121,1.01235,0.60,3.50
2007.12.06 09:16:51.683,1.0121,1.0123,0.60,0.20
2007.12.06 09:16:51.928,1.0121,1.0123,0.60,0.20
2007.12.06 09:16:52.051,1.0121,1.01235,0.60,1.10
2007.12.06 09:16:52.344,1.0121,1.01235,0.60,1.00
2007.12.06 09:16:52.467,1.0121,1.0123,0.60,0.20
2007.12.06 09:16:52.610,1.0121,1.01235,0.60,1.00
2007.12.06 09:16:52.733,1.0121,1.01235,0.60,1.10
2007.12.06 09:16:53.074,1.0121,1.01235,0.60,1.00
2007.12.06 09:16:53.378,1.0121,1.01235,0.60,1.10
2007.12.06 09:16:53.913,1.0121,1.0123,0.60,0.20
2007.12.06 09:16:54.219,1.0121,1.01235,0.60,1.10
2007.12.06 09:16:54.467,1.01205,1.01225,0.60,0.20
2007.12.06 09:16:54.724,1.01205,1.01235,0.60,10.00
2007.12.06 09:16:54.950,1.01205,1.01235,0.60,10.00
2007.12.06 09:16:55.157,1.01205,1.01235,0.60,11.60
2007.12.06 09:16:55.893,1.01205,1.01235,0.60,11.60
2007.12.06 09:16:56.384,1.0121,1.0123,0.60,0.20
2007.12.06 09:16:56.551,1.0121,1.01235,0.60,3.60
2007.12.06 09:16:56.720,1.0121,1.01235,0.60,1.10
2007.12.06 09:16:56.887,1.0121,1.0123,0.60,0.20
2007.12.06 09:16:57.120,1.0121,1.01235,0.60,1.00
2007.12.06 09:16:57.353,1.0121,1.0123,0.60,0.20
2007.12.06 09:16:57.587,1.0121,1.01245,0.60,16.50
2007.12.06 09:16:57.821,1.0121,1.0123,0.60,0.20
2007.12.06 09:16:58.259,1.0121,1.01245,0.60,15.70
2007.12.06 09:16:58.507,1.0121,1.0123,0.60,0.20
2007.12.06 09:16:58.755,1.0121,1.01245,0.60,16.50
2007.12.06 09:16:59.392,1.01215,1.01235,0.60,0.20
2007.12.06 09:16:59.545,1.01215,1.01245,0.60,15.70
2007.12.06 09:16:59.698,1.01215,1.01235,0.60,0.20
2007.12.06 09:16:59.851,1.01215,1.01245,0.60,11.80
2007.12.06 09:17:00.080,1.01215,1.01245,0.60,11.80
2007.12.06 09:17:00.269,1.01215,1.01245,0.60,11.80
2007.12.06 09:17:00.457,1.0122,1.01245,0.60,11.80
2007.12.06 09:17:00.646,1.0122,1.0124,0.60,0.20
2007.12.06 09:17:00.835,1.0122,1.0124,0.60,0.20
2007.12.06 09:17:01.022,1.0122,1.01245,0.60,1.40
2007.12.06 09:17:01.458,1.01225,1.01255,0.60,19.10
2007.12.06 09:17:01.637,1.01225,1.01245,0.60,0.90
2007.12.06 09:17:01.879,1.0122,1.01245,0.60,1.30
2007.12.06 09:17:02.052,1.0122,1.0124,0.60,0.20
2007.12.06 09:17:02.215,1.0122,1.0124,0.60,0.20
2007.12.06 09:17:02.633,1.0122,1.0124,0.60,0.20
2007.12.06 09:17:03.026,1.0122,1.01245,0.60,0.70
2007.12.06 09:17:03.148,1.0122,1.01245,0.60,0.70
2007.12.06 09:17:03.960,1.01205,1.01225,6.00,0.20
2007.12.06 09:17:04.009,1.01205,1.01245,6.00,0.70
2007.12.06 09:17:04.057,1.01205,1.01235,2.80,3.40
2007.12.06 09:17:04.244,1.01205,1.01225,2.80,0.50
2007.12.06 09:17:04.291,1.01205,1.01235,2.80,9.80
2007.12.06 09:17:04.378,1.01205,1.01225,2.80,0.90
2007.12.06 09:17:04.581,1.01205,1.01225,2.80,0.50
2007.12.06 09:17:04.629,1.01205,1.01225,0.60,0.50
2007.12.06 09:17:04.677,1.01205,1.0123,0.60,5.70
2007.12.06 09:17:05.184,1.01205,1.0123,0.60,5.70
2007.12.06 09:17:05.409,1.01205,1.01225,0.60,0.60
2007.12.06 09:17:06.422,1.01215,1.0123,0.60,5.60
2007.12.06 09:17:06.565,1.01215,1.01235,0.60,8.30
2007.12.06 09:17:06.715,1.01215,1.01245,0.60,14.10
2007.12.06 09:17:06.851,1.01215,1.01235,0.60,0.20
2007.12.06 09:17:06.995,1.0122,1.01245,0.60,14.20
2007.12.06 09:17:07.141,1.0122,1.0124,0.60,0.20
2007.12.06 09:17:07.375,1.0122,1.0124,0.60,0.20
2007.12.06 09:17:07.607,1.0122,1.01245,0.60,0.70
2007.12.06 09:17:07.840,1.0122,1.01245,0.60,0.70
2007.12.06 09:17:08.073,1.0122,1.01245,0.60,0.70
2007.12.06 09:17:08.281,1.0122,1.01245,0.60,0.70
2007.12.06 09:17:08.489,1.0122,1.0124,0.60,0.20
2007.12.06 09:17:08.738,1.0122,1.01245,0.60,0.50
2007.12.06 09:17:08.946,1.0122,1.01245,0.60,0.40
2007.12.06 09:17:09.154,1.01215,1.01245,0.60,9.20
2007.12.06 09:17:09.302,1.01215,1.01245,0.60,9.30
2007.12.06 09:17:09.450,1.01215,1.01245,0.60,11.70
2007.12.06 09:17:09.629,1.01215,1.01235,0.60,0.20
2007.12.06 09:17:10.145,1.01215,1.01235,0.60,0.20
2007.12.06 09:17:10.418,1.0122,1.0124,0.60,0.20
2007.12.06 09:17:10.692,1.0122,1.01245,0.60,1.30
2007.12.06 09:17:10.964,1.0122,1.01245,0.60,1.30
2007.12.06 09:17:11.238,1.0122,1.0124,0.60,0.20
2007.12.06 09:17:11.372,1.0122,1.0124,0.60,0.20
2007.12.06 09:17:11.505,1.0122,1.0124,0.60,0.20
2007.12.06 09:17:11.637,1.0122,1.0124,0.60,0.20
2007.12.06 09:17:11.771,1.0122,1.01255,0.60,15.20
2007.12.06 09:17:12.360,1.0122,1.0124,0.60,0.20
2007.12.06 09:17:12.484,1.01215,1.01245,0.60,1.00
2007.12.06 09:17:12.607,1.01215,1.01245,0.60,7.40
2007.12.06 09:17:12.730,1.01215,1.01245,0.60,7.40
2007.12.06 09:17:12.869,1.01215,1.01245,0.60,7.40
2007.12.06 09:17:12.991,1.01215,1.01245,0.60,7.40
2007.12.06 09:17:13.700,1.01215,1.01235,0.60,0.20
2007.12.06 09:17:14.000,1.0122,1.0124,0.60,0.20
2007.12.06 09:17:14.173,1.0122,1.0125,0.60,4.00
2007.12.06 09:17:14.347,1.0122,1.01255,0.60,17.60
2007.12.06 09:17:14.492,1.0122,1.01255,0.60,16.00
2007.12.06 09:17:14.623,1.0122,1.0124,0.60,0.20
2007.12.06 09:17:14.761,1.0122,1.0124,0.60,0.20
2007.12.06 09:17:14.934,1.0122,1.01255,0.60,13.60
2007.12.06 09:17:15.148,1.0122,1.01255,0.60,13.60
2007.12.06 09:17:15.285,1.0122,1.0124,0.60,0.20
2007.12.06 09:17:15.578,1.0122,1.0124,0.60,0.20
2007.12.06 09:17:15.872,1.0122,1.01255,0.60,13.60
2007.12.06 09:17:16.322,1.0122,1.01255,0.60,13.60
2007.12.06 09:17:18.867,1.0122,1.0124,0.60,0.20
2007.12.06 09:17:19.636,1.0122,1.0124,0.60,0.20
2007.12.06 09:17:20.018,1.0123,1.0125,0.60,0.20
2007.12.06 09:17:20.271,1.0123,1.0125,0.60,0.20
2007.12.06 09:17:20.526,1.01225,1.01245,0.60,0.20
2007.12.06 09:17:20.760,1.01225,1.01245,0.60,4.10
2007.12.06 09:17:20.994,1.0123,1.01245,0.60,4.00
2007.12.06 09:17:21.227,1.0123,1.0125,0.60,0.20
2007.12.06 09:17:21.460,1.0123,1.0125,0.60,0.20
2007.12.06 09:17:21.699,1.0123,1.0125,0.60,0.20
2007.12.06 09:17:21.882,1.0123,1.0125,0.60,0.20
2007.12.06 09:17:22.153,1.0123,1.0125,0.60,0.20
2007.12.06 09:17:22.492,1.01235,1.0125,4.00,0.20
2007.12.06 09:17:22.742,1.01245,1.0125,2.40,0.20
2007.12.06 09:17:22.835,1.01245,1.0125,2.40,0.20
2007.12.06 09:17:22.928,1.01245,1.0125,2.40,0.20
2007.12.06 09:17:23.021,1.01245,1.0125,2.40,0.20
2007.12.06 09:17:23.166,1.01245,1.0125,2.40,0.20
2007.12.06 09:17:23.260,1.01245,1.0125,2.40,0.20
2007.12.06 09:17:23.392,1.01245,1.0125,2.40,0.20
2007.12.06 09:17:23.555,1.01255,1.01275,0.60,2.70
2007.12.06 09:17:23.649,1.01255,1.01275,0.60,2.80
2007.12.06 09:17:23.743,1.01255,1.01275,0.60,1.20
2007.12.06 09:17:23.904,1.01255,1.01275,0.60,1.20
2007.12.06 09:17:24.252,1.01255,1.01275,0.60,1.20
2007.12.06 09:17:24.584,1.01255,1.01275,0.60,1.20
2007.12.06 09:17:24.983,1.0125,1.0127,0.60,0.20
2007.12.06 09:17:25.092,1.0125,1.0127,0.60,0.20
2007.12.06 09:17:25.200,1.0125,1.0127,0.60,0.20
2007.12.06 09:17:25.349,1.0125,1.0127,0.60,0.20
2007.12.06 09:17:25.463,1.0125,1.0127,0.60,0.20
2007.12.06 09:17:27.150,1.0125,1.0127,0.60,0.20
2007.12.06 09:17:28.185,1.0125,1.0127,0.60,0.20
2007.12.06 09:17:28.391,1.0125,1.0127,0.60,0.20
2007.12.06 09:17:28.514,1.01245,1.0126,2.40,0.20
2007.12.06 09:17:28.636,1.01245,1.0126,2.40,0.20
2007.12.06 09:17:28.902,1.0124,1.0126,0.60,0.20
2007.12.06 09:17:29.050,1.0124,1.0126,0.60,0.20
2007.12.06 09:17:29.197,1.0124,1.0126,0.60,0.20
2007.12.06 09:17:29.345,1.0124,1.0126,0.60,0.20
2007.12.06 09:17:29.636,1.0124,1.0126,0.60,0.20
2007.12.06 09:17:29.896,1.0124,1.0126,0.60,0.20
2007.12.06 09:17:30.034,1.0124,1.0126,0.60,0.20
2007.12.06 09:17:30.413,1.0124,1.0126,0.60,0.20
2007.12.06 09:17:30.747,1.01235,1.01255,0.60,0.20
2007.12.06 09:17:31.081,1.01235,1.01255,0.60,0.20
2007.12.06 09:17:31.649,1.01235,1.01255,0.60,0.20
2007.12.06 09:17:31.928,1.01245,1.01265,0.60,7.60
2007.12.06 09:17:32.130,1.01245,1.01265,0.60,6.50
2007.12.06 09:17:32.325,1.01245,1.01265,0.60,4.10
2007.12.06 09:17:32.524,1.0125,1.01265,0.60,4.00
2007.12.06 09:17:32.718,1.0125,1.0127,0.60,0.20
2007.12.06 09:17:32.910,1.0125,1.0127,0.60,0.20
2007.12.06 09:17:33.203,1.0125,1.0127,0.60,0.20
2007.12.06 09:17:33.398,1.0125,1.0127,0.60,0.20
2007.12.06 09:17:33.591,1.0125,1.0127,0.60,0.20
2007.12.06 09:17:34.419,1.01245,1.01265,0.60,0.20
2007.12.06 09:17:34.572,1.01245,1.01265,0.60,0.20
2007.12.06 09:17:34.725,1.01245,1.01265,0.60,4.10
2007.12.06 09:17:35.059,1.0125,1.01265,0.60,4.00
2007.12.06 09:17:35.212,1.0125,1.0127,0.60,0.20
2007.12.06 09:17:35.662,1.0125,1.0127,0.60,0.20
2007.12.06 09:17:35.996,1.0126,1.01275,0.60,4.80
2007.12.06 09:17:36.084,1.0126,1.01275,0.60,4.00
2007.12.06 09:17:36.171,1.0126,1.0128,0.60,0.20
2007.12.06 09:17:36.365,1.0126,1.0128,0.60,0.20
2007.12.06 09:17:36.535,1.0126,1.0128,0.60,0.20
2007.12.06 09:17:37.152,1.0126,1.0128,0.60,0.20
2007.12.06 09:17:38.680,1.0126,1.0128,0.60,0.20
2007.12.06 09:17:38.895,1.0126,1.0128,0.60,0.20
2007.12.06 09:17:38.989,1.01265,1.01285,0.60,5.20
2007.12.06 09:17:39.034,1.01265,1.01285,0.60,4.40
2007.12.06 09:17:39.149,1.01265,1.01285,0.60,4.10
2007.12.06 09:17:39.177,1.01265,1.01285,0.60,4.10
2007.12.06 09:17:39.208,1.01265,1.01285,0.60,4.10
2007.12.06 09:17:39.408,1.01265,1.01285,0.60,4.10
2007.12.06 09:17:39.503,1.0127,1.01285,0.60,4.00
2007.12.06 09:17:39.574,1.0127,1.01285,0.60,4.00
2007.12.06 09:17:39.641,1.0127,1.0129,0.60,0.20
2007.12.06 09:17:39.709,1.0127,1.0129,0.60,0.20
2007.12.06 09:17:39.925,1.0127,1.0129,0.60,0.20
2007.12.06 09:17:40.087,1.0127,1.0129,0.60,0.20
2007.12.06 09:17:40.154,1.0127,1.0129,0.60,0.20
2007.12.06 09:17:40.446,1.0127,1.0129,0.60,0.20
2007.12.06 09:17:40.538,1.0127,1.0129,0.60,0.20
2007.12.06 09:17:40.611,1.0127,1.0129,0.60,0.20
2007.12.06 09:17:40.631,1.0127,1.0129,0.60,0.20
2007.12.06 09:17:40.724,1.0127,1.01295,0.60,8.20
2007.12.06 09:17:40.928,1.0127,1.01295,0.60,8.20
2007.12.06 09:17:41.018,1.0127,1.01295,0.60,8.20
2007.12.06 09:17:41.226,1.0127,1.01295,0.60,8.00
2007.12.06 09:17:42.802,1.0127,1.01295,0.60,8.00
2007.12.06 09:17:42.910,1.0127,1.0129,0.60,0.20
2007.12.06 09:17:43.023,1.01275,1.01305,0.60,18.60
2007.12.06 09:17:43.112,1.01275,1.01305,0.60,18.60
2007.12.06 09:17:43.207,1.01275,1.01305,0.60,14.80
2007.12.06 09:17:43.539,1.0128,1.013,0.60,6.40
2007.12.06 09:17:43.681,1.0128,1.013,0.60,3.80
2007.12.06 09:17:43.824,1.0128,1.01295,0.60,0.80
2007.12.06 09:17:43.966,1.0128,1.01305,0.60,5.90
2007.12.06 09:17:44.119,1.0128,1.01305,0.60,5.90
2007.12.06 09:17:44.263,1.0128,1.013,0.60,0.20
2007.12.06 09:17:44.477,1.0129,1.01305,0.60,0.80
2007.12.06 09:17:44.595,1.0129,1.0131,0.60,0.40
2007.12.06 09:17:44.713,1.0129,1.01315,0.60,2.70
2007.12.06 09:17:44.831,1.0129,1.01315,0.60,0.40
2007.12.06 09:17:44.949,1.0129,1.01325,0.60,16.30
2007.12.06 09:17:45.068,1.01295,1.01315,0.60,0.20
2007.12.06 09:17:45.186,1.01295,1.01315,0.60,0.20
2007.12.06 09:17:45.369,1.01295,1.01325,0.60,10.10
2007.12.06 09:17:45.487,1.01295,1.01325,0.60,7.60
2007.12.06 09:17:45.796,1.01295,1.01325,0.60,10.10
2007.12.06 09:17:46.104,1.01295,1.01325,0.60,10.10
2007.12.06 09:17:46.427,1.01295,1.01325,0.60,10.10
2007.12.06 09:17:46.736,1.01295,1.01325,0.60,10.10
2007.12.06 09:17:47.090,1.0129,1.01325,0.60,10.10
2007.12.06 09:17:47.384,1.0129,1.0131,0.60,0.20
2007.12.06 09:17:47.530,1.0129,1.01315,0.60,5.00
2007.12.06 09:17:47.678,1.0129,1.01315,0.60,5.00
2007.12.06 09:17:48.011,1.0129,1.01315,0.60,5.00
2007.12.06 09:17:48.410,1.0129,1.0131,0.60,0.20
2007.12.06 09:17:51.035,1.0129,1.01315,0.60,5.00
2007.12.06 09:17:51.125,1.01285,1.01305,1.20,0.20
2007.12.06 09:17:51.213,1.01285,1.01315,0.60,8.10
2007.12.06 09:17:51.301,1.01285,1.01315,0.60,11.50
2007.12.06 09:17:51.390,1.01285,1.01315,0.60,11.50
2007.12.06 09:17:51.477,1.01285,1.01305,0.60,0.70
2007.12.06 09:17:51.592,1.01285,1.01305,0.60,0.90
2007.12.06 09:17:51.680,1.01285,1.01305,0.60,0.60
2007.12.06 09:17:52.013,1.01285,1.01305,0.60,0.60
2007.12.06 09:17:52.346,1.01285,1.01315,0.60,11.50
2007.12.06 09:17:52.679,1.01285,1.01315,0.60,11.50
2007.12.06 09:17:53.205,1.01285,1.01315,0.60,11.50
2007.12.06 09:17:53.988,1.01285,1.01305,0.60,0.50
2007.12.06 09:17:54.226,1.01285,1.01305,0.60,0.80
2007.12.06 09:17:54.464,1.01285,1.01315,0.60,9.20
2007.12.06 09:17:55.205,1.01285,1.01315,0.60,9.20
2007.12.06 09:17:55.974,1.01275,1.0129,11.20,0.20
2007.12.06 09:17:56.128,1.01275,1.0129,4.80,0.20
2007.12.06 09:17:56.281,1.0127,1.01305,0.60,9.90
2007.12.06 09:17:56.436,1.0127,1.01305,0.60,9.90
2007.12.06 09:17:56.595,1.0127,1.0129,0.60,0.20
2007.12.06 09:17:56.949,1.0127,1.0129,0.60,0.20
2007.12.06 09:17:57.155,1.0125,1.013,0.60,0.20
2007.12.06 09:17:57.364,1.0125,1.01305,0.60,23.20
2007.12.06 09:17:57.572,1.01245,1.01305,12.00,23.20
2007.12.06 09:17:57.781,1.01245,1.01295,2.40,0.50
2007.12.06 09:17:57.989,1.01245,1.01295,2.40,0.50
2007.12.06 09:17:58.167,1.0124,1.013,0.60,4.00
2007.12.06 09:17:58.345,1.0124,1.013,0.60,4.00
2007.12.06 09:17:58.523,1.0124,1.01295,0.60,0.50
2007.12.06 09:17:58.708,1.01235,1.01295,11.20,0.60
2007.12.06 09:17:58.886,1.01235,1.013,6.40,4.00
2007.12.06 09:17:59.135,1.01235,1.013,2.40,7.90
2007.12.06 09:17:59.446,1.01235,1.013,2.40,7.90
2007.12.06 09:17:59.722,1.01265,1.0129,2.40,0.80
2007.12.06 09:17:59.973,1.01265,1.01295,2.40,0.80
2007.12.06 09:18:00.237,1.01265,1.01295,2.40,0.80
2007.12.06 09:18:00.506,1.01265,1.01295,2.40,0.80
2007.12.06 09:18:00.769,1.01265,1.01295,2.40,0.80
2007.12.06 09:18:01.033,1.01265,1.013,2.40,1.00
2007.12.06 09:18:01.272,1.01265,1.01295,2.40,0.80
2007.12.06 09:18:02.582,1.01275,1.01295,2.40,0.80
2007.12.06 09:18:02.766,1.0128,1.013,0.60,0.20
2007.12.06 09:18:02.949,1.0128,1.01305,0.60,5.90
2007.12.06 09:18:03.412,1.0128,1.01305,0.60,5.90
2007.12.06 09:18:04.353,1.0128,1.01305,0.60,6.00
2007.12.06 09:18:04.567,1.0128,1.013,0.60,0.20
2007.12.06 09:18:04.781,1.01275,1.01305,0.60,6.20
2007.12.06 09:18:04.994,1.01275,1.01305,0.60,6.20
2007.12.06 09:18:07.996,1.0128,1.013,0.60,0.20
2007.12.06 09:18:08.097,1.0128,1.01305,0.60,6.20
2007.12.06 09:18:08.184,1.0128,1.01305,0.60,6.20
2007.12.06 09:18:08.277,1.0128,1.013,0.60,0.20
2007.12.06 09:18:10.081,1.0128,1.013,0.60,0.20
2007.12.06 09:18:10.200,1.01275,1.01295,0.60,0.20
2007.12.06 09:18:10.478,1.01275,1.01295,0.60,0.20
2007.12.06 09:18:14.031,1.01275,1.01295,0.60,0.20
2007.12.06 09:18:23.899,1.0127,1.01295,1.20,0.20
2007.12.06 09:18:24.796,1.0127,1.01295,1.20,0.20
2007.12.06 09:18:25.060,1.01275,1.01295,0.60,0.20
2007.12.06 09:18:25.425,1.01275,1.01295,0.60,0.20
2007.12.06 09:18:26.356,1.01275,1.01295,0.60,0.20
2007.12.06 09:18:30.182,1.0127,1.01295,1.20,0.20
2007.12.06 09:18:33.043,1.0127,1.01295,1.20,0.20
2007.12.06 09:18:35.683,1.0127,1.01295,1.20,0.20
2007.12.06 09:18:36.091,1.0127,1.01295,1.20,0.20
2007.12.06 09:18:40.340,1.0127,1.013,1.00,3.60
2007.12.06 09:18:45.951,1.0127,1.013,0.70,0.70
2007.12.06 09:18:47.123,1.0127,1.013,0.80,0.50
2007.12.06 09:18:58.229,1.0127,1.013,3.20,0.70
2007.12.06 09:19:09.254,1.01265,1.01315,2.40,6.40
2007.12.06 09:19:18.227,1.01255,1.0131,4.00,3.80
2007.12.06 09:19:18.838,1.0127,1.013,3.20,3.50
2007.12.06 09:19:19.148,1.0127,1.013,4.00,3.30
2007.12.06 09:19:19.320,1.0127,1.013,6.40,3.30
2007.12.06 09:19:20.225,1.0127,1.013,6.40,3.30
2007.12.06 09:19:22.191,1.0127,1.013,6.40,3.20
2007.12.06 09:19:27.197,1.0127,1.013,6.40,3.20
2007.12.06 09:19:27.241,1.0127,1.013,6.40,3.40
2007.12.06 09:19:27.357,1.0127,1.0129,6.40,0.20
2007.12.06 09:19:27.418,1.0127,1.0129,6.40,0.20
2007.12.06 09:19:27.635,1.0127,1.0129,6.40,0.20
2007.12.06 09:19:27.780,1.0129,1.013,0.80,2.70
2007.12.06 09:19:27.837,1.01295,1.01305,0.60,6.70
2007.12.06 09:19:27.897,1.01295,1.0131,0.60,4.60
2007.12.06 09:19:27.956,1.01295,1.0131,0.60,3.80
2007.12.06 09:19:28.014,1.01295,1.0131,0.60,3.80
2007.12.06 09:19:28.143,1.01295,1.0131,0.60,3.80
2007.12.06 09:19:28.201,1.01295,1.0131,0.60,3.80
2007.12.06 09:19:28.534,1.01295,1.01315,0.60,2.80
2007.12.06 09:19:28.867,1.01295,1.01315,0.60,2.70
2007.12.06 09:19:29.200,1.01295,1.01315,0.60,2.50
2007.12.06 09:19:30.372,1.01295,1.01315,0.60,2.50
2007.12.06 09:19:30.609,1.01295,1.01315,0.60,2.50
2007.12.06 09:19:31.295,1.01295,1.01315,0.60,2.50
2007.12.06 09:19:32.199,1.01285,1.013,8.00,0.20
2007.12.06 09:19:32.458,1.01285,1.013,2.40,0.20
2007.12.06 09:19:32.727,1.0128,1.013,0.60,0.20
2007.12.06 09:19:32.994,1.0128,1.013,0.60,0.20
2007.12.06 09:19:33.503,1.0128,1.013,0.60,0.20
2007.12.06 09:19:33.731,1.0128,1.013,0.60,0.20
2007.12.06 09:19:34.036,1.01275,1.013,1.20,0.20
2007.12.06 09:19:35.435,1.01275,1.013,1.20,0.20
2007.12.06 09:19:35.573,1.0128,1.013,0.60,0.20
2007.12.06 09:19:35.713,1.01285,1.01305,0.60,0.20
2007.12.06 09:19:35.851,1.0128,1.01305,1.20,0.20
2007.12.06 09:19:35.990,1.0128,1.01305,1.20,0.20
2007.12.06 09:19:36.127,1.0128,1.01305,1.20,0.20
2007.12.06 09:19:36.432,1.01285,1.01305,0.60,0.20
2007.12.06 09:19:36.945,1.0128,1.01305,1.20,0.20
2007.12.06 09:19:37.148,1.0128,1.01305,1.20,0.20
2007.12.06 09:19:37.701,1.01285,1.01305,0.60,0.20
2007.12.06 09:19:37.868,1.01285,1.01305,0.60,0.20
2007.12.06 09:19:39.830,1.0128,1.01305,1.20,0.20
2007.12.06 09:19:39.944,1.0128,1.01305,1.20,0.20
2007.12.06 09:19:40.201,1.01285,1.01305,0.60,0.20
2007.12.06 09:19:40.414,1.01285,1.01305,0.60,0.20
2007.12.06 09:19:40.526,1.0128,1.01305,1.20,0.20
2007.12.06 09:19:40.757,1.0128,1.01305,1.20,0.20
2007.12.06 09:19:40.936,1.0128,1.01305,1.20,0.20
2007.12.06 09:19:41.113,1.01285,1.01305,0.60,0.20
2007.12.06 09:19:41.292,1.0128,1.01305,1.20,0.20
2007.12.06 09:19:41.469,1.0128,1.01305,1.20,0.20
2007.12.06 09:19:42.324,1.0128,1.01305,1.20,0.20
2007.12.06 09:19:42.370,1.0128,1.01305,1.20,0.20
2007.12.06 09:19:43.170,1.0128,1.01305,1.20,0.20
2007.12.06 09:19:43.341,1.01285,1.01305,0.60,0.20
2007.12.06 09:19:43.507,1.01285,1.01305,0.60,0.20
2007.12.06 09:19:44.421,1.0128,1.01305,1.20,0.20
2007.12.06 09:19:50.226,1.0129,1.0131,0.60,0.20
2007.12.06 09:19:50.267,1.01285,1.0131,3.40,0.20
2007.12.06 09:19:50.298,1.0129,1.0131,0.60,0.20
2007.12.06 09:19:50.415,1.01285,1.0131,6.60,0.20
2007.12.06 09:19:50.457,1.01285,1.0131,6.60,0.20
2007.12.06 09:19:50.878,1.0129,1.0131,0.60,0.20
2007.12.06 09:19:50.892,1.01285,1.0131,10.60,0.20
2007.12.06 09:19:51.187,1.01285,1.0131,10.60,0.20
2007.12.06 09:19:51.333,1.01285,1.0131,10.60,0.20
2007.12.06 09:19:51.619,1.01285,1.0131,10.60,0.20
2007.12.06 09:19:52.020,1.01285,1.0131,10.60,0.20
2007.12.06 09:19:52.307,1.01285,1.0131,10.60,0.20
2007.12.06 09:19:53.356,1.0129,1.0131,0.60,0.20
2007.12.06 09:19:54.124,1.01285,1.0131,10.00,0.20
2007.12.06 09:19:55.363,1.01285,1.0131,7.60,0.20
2007.12.06 09:19:55.451,1.0129,1.0131,0.60,0.20
2007.12.06 09:20:01.189,1.01285,1.0131,6.00,0.20
2007.12.06 09:20:01.460,1.01285,1.0131,6.60,0.20
2007.12.06 09:20:04.382,1.0129,1.0131,0.60,0.20
2007.12.06 09:20:05.028,1.0129,1.0131,0.60,0.20
2007.12.06 09:20:12.314,1.0129,1.0131,0.60,0.20
2007.12.06 09:20:13.565,1.0129,1.0131,0.60,0.20
2007.12.06 09:20:13.683,1.0129,1.01315,0.60,4.20
2007.12.06 09:20:15.412,1.0129,1.01315,0.60,4.20
2007.12.06 09:20:19.269,1.01295,1.01325,0.60,16.20
2007.12.06 09:20:19.319,1.01295,1.01315,0.60,0.90
2007.12.06 09:20:19.442,1.01295,1.01325,0.60,12.40
2007.12.06 09:20:19.532,1.01295,1.01325,0.60,12.30
2007.12.06 09:20:20.669,1.01295,1.01315,0.60,0.70
2007.12.06 09:20:22.779,1.013,1.0132,0.60,4.20
2007.12.06 09:20:22.892,1.013,1.01325,0.60,10.00
2007.12.06 09:20:23.005,1.013,1.01325,0.60,7.40
2007.12.06 09:20:23.126,1.013,1.01325,0.60,7.40
2007.12.06 09:20:23.384,1.013,1.0132,0.60,0.20
2007.12.06 09:20:23.582,1.013,1.0132,0.60,0.20
2007.12.06 09:20:23.683,1.013,1.01325,0.60,7.40
2007.12.06 09:20:23.878,1.013,1.01325,0.60,7.40
2007.12.06 09:20:24.187,1.013,1.0132,0.60,0.20
2007.12.06 09:20:24.915,1.013,1.01325,0.60,7.40
2007.12.06 09:20:26.430,1.013,1.01325,0.60,7.40
2007.12.06 09:20:35.208,1.013,1.0132,0.60,0.20
2007.12.06 09:20:35.304,1.013,1.01325,0.60,9.80
2007.12.06 09:20:36.207,1.013,1.01325,0.60,9.80
2007.12.06 09:20:37.440,1.013,1.01325,0.60,9.80
2007.12.06 09:20:38.942,1.013,1.01325,0.60,9.80
2007.12.06 09:20:39.206,1.013,1.01325,0.60,9.80
2007.12.06 09:20:39.360,1.01285,1.01325,11.80,9.80
2007.12.06 09:20:39.503,1.01285,1.01305,1.10,0.90
2007.12.06 09:20:39.652,1.01285,1.01305,0.80,0.90
2007.12.06 09:20:39.800,1.01285,1.01315,0.80,11.60
2007.12.06 09:20:39.950,1.01285,1.01315,0.80,11.60
2007.12.06 09:20:40.156,1.01285,1.01305,0.80,0.80
2007.12.06 09:20:40.454,1.01285,1.01315,0.80,12.10
2007.12.06 09:20:40.753,1.01285,1.01315,0.80,12.10
2007.12.06 09:20:42.176,1.01285,1.01315,0.80,12.10
2007.12.06 09:20:43.208,1.01285,1.01305,0.80,0.50
2007.12.06 09:20:43.402,1.01295,1.01305,0.60,0.80
2007.12.06 09:20:43.594,1.01295,1.0132,0.60,4.00
2007.12.06 09:20:43.788,1.01295,1.01315,0.60,0.20
2007.12.06 09:20:43.980,1.01295,1.01315,0.60,0.20
2007.12.06 09:20:44.549,1.01295,1.01325,0.60,12.40
2007.12.06 09:20:44.772,1.01295,1.01315,0.60,0.90
2007.12.06 09:20:45.169,1.01295,1.01315,0.60,0.90
2007.12.06 09:20:45.704,1.01295,1.01325,0.60,12.40
2007.12.06 09:20:48.478,1.01295,1.01325,0.60,12.40
2007.12.06 09:20:58.420,1.01295,1.01325,0.60,12.40
2007.12.06 09:20:58.456,1.01295,1.01325,0.60,12.20
2007.12.06 09:20:58.490,1.013,1.01315,0.60,0.80
2007.12.06 09:20:58.541,1.013,1.01315,0.60,0.80
2007.12.06 09:20:58.676,1.013,1.01315,0.60,0.80
2007.12.06 09:20:59.027,1.013,1.01315,0.60,0.80
2007.12.06 09:20:59.711,1.013,1.0132,0.60,1.00
2007.12.06 09:21:04.484,1.013,1.01315,0.60,0.80
2007.12.06 09:21:04.653,1.013,1.01305,0.60,0.80
2007.12.06 09:21:04.821,1.013,1.01305,0.60,0.80
2007.12.06 09:21:04.989,1.013,1.01325,0.60,9.10
2007.12.06 09:21:05.187,1.013,1.0132,0.60,0.20
2007.12.06 09:21:05.429,1.013,1.01325,0.60,9.10
2007.12.06 09:21:06.137,1.013,1.01325,0.60,9.10
2007.12.06 09:21:06.763,1.013,1.01325,0.60,9.10
2007.12.06 09:21:07.048,1.013,1.01325,0.60,9.10
2007.12.06 09:21:07.297,1.013,1.01325,0.60,9.10
2007.12.06 09:21:08.123,1.013,1.01325,0.60,9.10
2007.12.06 09:21:08.867,1.013,1.0132,0.60,0.20
2007.12.06 09:21:10.752,1.013,1.0132,0.60,0.20
2007.12.06 09:21:17.071,1.013,1.0132,0.60,0.20
2007.12.06 09:21:17.166,1.01295,1.0132,1.20,0.20
2007.12.06 09:21:21.792,1.01295,1.0132,1.20,0.20
2007.12.06 09:21:22.373,1.01315,1.01325,0.60,8.90
2007.12.06 09:21:22.520,1.01315,1.01325,0.60,8.00
2007.12.06 09:21:22.528,1.01315,1.01325,0.60,2.40
2007.12.06 09:21:22.619,1.0131,1.01335,1.20,10.40
2007.12.06 09:21:22.651,1.01315,1.01335,0.60,10.40
2007.12.06 09:21:22.736,1.01315,1.01335,0.60,10.40
2007.12.06 09:21:22.880,1.01315,1.01335,0.60,10.40
2007.12.06 09:21:23.199,1.01315,1.01335,0.60,10.40
2007.12.06 09:21:23.704,1.0131,1.01335,1.20,6.50
2007.12.06 09:21:24.350,1.01315,1.01335,0.60,6.50
2007.12.06 09:21:24.488,1.0132,1.01335,1.20,2.40
2007.12.06 09:21:24.626,1.01325,1.01345,0.60,3.50
2007.12.06 09:21:24.765,1.0132,1.01345,1.20,1.10
2007.12.06 09:21:24.939,1.01325,1.01345,0.60,1.10
2007.12.06 09:21:25.148,1.01325,1.01345,0.60,1.10
2007.12.06 09:21:25.542,1.0132,1.01345,1.20,1.10
2007.12.06 09:21:25.750,1.0132,1.01345,1.20,1.10
2007.12.06 09:21:26.050,1.0132,1.01345,1.20,1.20
2007.12.06 09:21:26.144,1.0132,1.01345,1.20,1.10
2007.12.06 09:21:29.675,1.0132,1.01345,1.20,1.20
2007.12.06 09:21:32.202,1.0132,1.01345,1.20,1.20
2007.12.06 09:21:32.795,1.0132,1.01345,1.20,1.20
2007.12.06 09:21:34.345,1.01325,1.01345,0.60,0.90
2007.12.06 09:21:34.503,1.01325,1.01345,0.60,0.90
2007.12.06 09:21:41.095,1.01325,1.01345,0.60,1.20
2007.12.06 09:21:41.323,1.01325,1.01345,0.60,1.20
2007.12.06 09:21:42.458,1.01315,1.0134,1.20,0.20
2007.12.06 09:21:42.647,1.0132,1.0134,0.60,0.20
2007.12.06 09:21:42.845,1.0132,1.0134,0.60,0.20
2007.12.06 09:21:43.080,1.01315,1.0134,1.20,0.20
2007.12.06 09:21:43.826,1.0132,1.0134,0.60,0.20
2007.12.06 09:21:48.029,1.01315,1.0134,1.20,0.20
2007.12.06 09:21:49.985,1.01315,1.0134,1.20,0.20
2007.12.06 09:21:50.039,1.01315,1.01335,1.20,4.00
2007.12.06 09:21:50.129,1.0132,1.01335,0.60,4.00
2007.12.06 09:21:50.217,1.0132,1.01335,0.60,4.00
2007.12.06 09:21:54.857,1.01315,1.01335,1.20,4.00
2007.12.06 09:21:58.613,1.01315,1.01335,1.20,6.40
2007.12.06 09:21:58.958,1.01315,1.01335,0.60,6.50
2007.12.06 09:22:03.333,1.01315,1.01335,0.60,6.50
2007.12.06 09:22:05.891,1.01315,1.01335,0.60,6.50
2007.12.06 09:22:06.704,1.01315,1.01335,0.60,6.50
2007.12.06 09:22:12.792,1.01315,1.01335,0.60,6.50
2007.12.06 09:22:13.409,1.01315,1.01335,0.60,6.50
2007.12.06 09:22:14.139,1.01315,1.01335,0.60,6.50
2007.12.06 09:22:16.910,1.01315,1.01335,0.60,6.50
2007.12.06 09:22:17.713,1.01315,1.01335,0.60,6.50
2007.12.06 09:22:17.856,1.01315,1.01335,0.60,6.50
2007.12.06 09:22:17.999,1.01315,1.01335,0.60,6.50
2007.12.06 09:22:18.143,1.01315,1.01335,0.60,6.50
2007.12.06 09:22:18.286,1.01315,1.01335,0.60,6.50
2007.12.06 09:22:18.419,1.01315,1.01335,1.20,6.50
2007.12.06 09:22:18.458,1.01315,1.01335,2.00,6.50
2007.12.06 09:22:19.169,1.01315,1.01335,2.00,4.10
2007.12.06 09:22:19.664,1.01315,1.01335,2.00,4.10
2007.12.06 09:22:23.420,1.01315,1.01335,1.20,4.10
2007.12.06 09:22:23.453,1.01315,1.01335,0.60,4.10
2007.12.06 09:22:23.728,1.01315,1.01335,0.60,4.10
2007.12.06 09:22:23.833,1.01315,1.01335,1.20,4.10
2007.12.06 09:22:23.858,1.01315,1.01335,2.00,4.10
2007.12.06 09:22:24.169,1.01315,1.01335,2.00,4.10
2007.12.06 09:22:24.467,1.0132,1.01335,0.60,4.00
2007.12.06 09:22:24.504,1.0132,1.01335,0.60,4.00
2007.12.06 09:22:24.560,1.0132,1.01335,0.60,4.00
2007.12.06 09:22:24.622,1.0132,1.0134,0.60,0.20
2007.12.06 09:22:24.665,1.0132,1.0134,0.60,0.20
2007.12.06 09:22:24.703,1.0132,1.0134,0.60,0.20
2007.12.06 09:22:24.759,1.0132,1.0134,0.60,0.20
2007.12.06 09:22:24.882,1.0132,1.0134,0.60,0.20
2007.12.06 09:22:25.702,1.0132,1.0134,0.60,0.20
2007.12.06 09:22:25.979,1.0132,1.0134,0.60,0.20
2007.12.06 09:22:27.937,1.0132,1.0134,0.60,0.20
2007.12.06 09:22:32.144,1.0132,1.0134,0.60,0.20
2007.12.06 09:22:32.230,1.0132,1.0134,0.60,0.20
2007.12.06 09:22:38.038,1.01325,1.0134,0.20,0.20
2007.12.06 09:22:38.448,1.01325,1.0134,0.20,0.20
2007.12.06 09:22:38.528,1.0132,1.0134,0.60,0.20
2007.12.06 09:22:38.850,1.01325,1.0134,0.20,0.20
2007.12.06 09:22:38.951,1.01325,1.0134,0.20,0.20
2007.12.06 09:22:39.053,1.01325,1.0134,0.20,0.20
2007.12.06 09:22:40.469,1.01325,1.0134,0.20,0.20
2007.12.06 09:22:40.752,1.0132,1.0134,0.60,0.20
2007.12.06 09:22:44.998,1.01335,1.01345,0.60,4.80
2007.12.06 09:22:45.171,1.01335,1.01345,0.60,0.80
2007.12.06 09:22:45.210,1.01335,1.01355,0.60,14.40
2007.12.06 09:22:45.272,1.01335,1.01355,0.60,14.40
2007.12.06 09:22:45.310,1.01335,1.01355,0.60,4.10
2007.12.06 09:22:45.419,1.01335,1.01355,0.60,4.10
2007.12.06 09:22:45.527,1.01335,1.01355,2.40,4.10
2007.12.06 09:22:45.702,1.01335,1.01355,2.40,6.50
2007.12.06 09:22:45.809,1.01335,1.01355,3.20,6.50
2007.12.06 09:22:46.223,1.01335,1.01355,3.20,6.50
2007.12.06 09:22:46.338,1.01335,1.01355,3.20,4.10
2007.12.06 09:22:46.440,1.01335,1.01355,3.20,4.10
2007.12.06 09:22:47.156,1.01335,1.01355,3.20,4.10
2007.12.06 09:22:48.578,1.01335,1.01355,0.60,4.10
2007.12.06 09:22:49.980,1.0133,1.01355,3.80,4.10
2007.12.06 09:22:50.160,1.01335,1.01355,0.60,4.10
2007.12.06 09:22:53.751,1.01335,1.01355,0.80,4.10
2007.12.06 09:22:53.945,1.01335,1.01355,1.20,4.10
2007.12.06 09:22:56.405,1.0133,1.01355,3.80,4.10
2007.12.06 09:23:01.005,1.0133,1.01355,3.80,4.10
2007.12.06 09:23:01.155,1.0134,1.01355,1.20,4.00
2007.12.06 09:23:01.316,1.01345,1.01365,0.60,0.20
2007.12.06 09:23:01.461,1.01345,1.01365,0.60,0.20
2007.12.06 09:23:01.674,1.0134,1.01365,1.20,0.20
2007.12.06 09:23:02.436,1.0134,1.01365,1.20,0.20
2007.12.06 09:23:03.060,1.0134,1.0136,0.60,0.20
2007.12.06 09:23:03.228,1.01335,1.0136,7.30,0.20
2007.12.06 09:23:03.456,1.0134,1.0136,0.60,0.20
2007.12.06 09:23:03.685,1.0134,1.0136,0.60,0.20
2007.12.06 09:23:03.912,1.01335,1.0136,7.30,0.20
2007.12.06 09:23:04.463,1.0134,1.0136,0.60,0.20
2007.12.06 09:23:05.724,1.01335,1.0136,7.30,0.20
2007.12.06 09:23:12.148,1.0134,1.0136,0.60,0.20
2007.12.06 09:23:23.160,1.0134,1.0136,0.60,0.20
2007.12.06 09:23:34.197,1.0134,1.0137,5.40,7.50
2007.12.06 09:23:34.221,1.0134,1.01355,5.40,4.00
2007.12.06 09:23:34.254,1.0134,1.01355,5.40,4.00
2007.12.06 09:23:34.357,1.0134,1.01355,5.00,4.00
2007.12.06 09:23:34.396,1.01335,1.01355,6.30,4.10
2007.12.06 09:23:34.500,1.01335,1.01355,6.30,4.10
2007.12.06 09:23:34.699,1.01335,1.01355,6.30,4.10
2007.12.06 09:23:34.963,1.0134,1.01355,0.60,4.00
2007.12.06 09:23:35.226,1.0134,1.0136,0.60,0.20
2007.12.06 09:23:35.489,1.0134,1.0136,0.60,0.20
2007.12.06 09:23:35.963,1.0134,1.0136,0.60,0.20
2007.12.06 09:23:36.331,1.0134,1.0136,0.60,0.20
2007.12.06 09:23:40.359,1.0134,1.0136,0.60,0.20
2007.12.06 09:23:41.651,1.01345,1.01365,0.60,4.10
2007.12.06 09:23:41.739,1.01345,1.01365,0.60,0.20
2007.12.06 09:23:41.826,1.01345,1.01365,0.60,0.20
2007.12.06 09:23:41.978,1.01345,1.01365,0.60,0.20
2007.12.06 09:23:42.890,1.01345,1.01365,0.60,0.20
2007.12.06 09:23:45.028,1.01345,1.01365,0.60,0.20
2007.12.06 09:23:45.217,1.01345,1.01365,0.60,0.20
2007.12.06 09:23:45.359,1.01345,1.01365,0.60,0.20
2007.12.06 09:23:46.221,1.0135,1.0137,0.60,0.20
2007.12.06 09:23:46.430,1.0135,1.0137,0.60,0.20
2007.12.06 09:23:46.804,1.0135,1.0137,0.60,0.20
2007.12.06 09:23:46.963,1.0135,1.0137,0.60,0.20
2007.12.06 09:23:47.215,1.0135,1.0137,0.60,0.20
2007.12.06 09:23:47.372,1.01355,1.01375,0.60,0.60
2007.12.06 09:23:47.531,1.01355,1.01375,0.60,0.60
2007.12.06 09:23:47.790,1.01355,1.01375,0.60,0.60
2007.12.06 09:23:47.949,1.01355,1.01375,0.60,0.60
2007.12.06 09:23:48.167,1.01355,1.01375,0.60,0.50
2007.12.06 09:23:48.385,1.01355,1.01375,0.60,0.20
2007.12.06 09:23:48.604,1.01355,1.01375,0.60,0.20
2007.12.06 09:23:48.822,1.0136,1.0138,0.60,0.20
2007.12.06 09:23:49.039,1.0136,1.0138,0.60,0.20
2007.12.06 09:23:49.203,1.01355,1.01395,0.30,15.00
2007.12.06 09:23:49.367,1.01355,1.01395,0.40,6.20
2007.12.06 09:23:49.530,1.01355,1.01395,0.40,2.40
2007.12.06 09:23:49.820,1.01355,1.014,0.40,4.00
2007.12.06 09:23:49.983,1.01355,1.014,0.40,4.00
2007.12.06 09:23:50.165,1.01355,1.014,0.40,4.00
2007.12.06 09:23:50.625,1.01355,1.014,0.40,4.00
2007.12.06 09:23:50.807,1.01365,1.014,0.30,4.00
2007.12.06 09:23:50.991,1.01365,1.014,0.30,4.00
2007.12.06 09:23:51.192,1.01365,1.01405,0.30,29.00
2007.12.06 09:23:51.233,1.01365,1.0138,0.30,0.20
2007.12.06 09:23:51.477,1.01365,1.0138,0.70,0.20
2007.12.06 09:23:51.720,1.01365,1.01385,0.80,8.20
2007.12.06 09:23:51.964,1.01365,1.01385,0.80,8.20
2007.12.06 09:23:52.252,1.01365,1.0138,0.80,0.20
2007.12.06 09:23:52.402,1.01365,1.0138,0.80,0.20
2007.12.06 09:23:52.844,1.01365,1.0138,0.80,0.20
2007.12.06 09:23:53.659,1.01365,1.0138,0.80,0.20
2007.12.06 09:23:54.378,1.01365,1.0138,1.60,0.20
2007.12.06 09:23:54.711,1.01365,1.0138,2.40,0.20
2007.12.06 09:23:55.044,1.01365,1.01385,2.90,4.10
2007.12.06 09:23:55.377,1.01365,1.01385,3.00,4.10
2007.12.06 09:23:55.628,1.01365,1.01385,3.00,4.10
2007.12.06 09:23:55.786,1.01365,1.01385,3.10,4.10
2007.12.06 09:23:55.944,1.01365,1.01385,3.10,4.10
2007.12.06 09:23:56.234,1.01365,1.01385,3.10,4.10
2007.12.06 09:24:01.155,1.01365,1.0138,2.60,0.20
2007.12.06 09:24:01.298,1.01365,1.0138,1.00,0.20
2007.12.06 09:24:01.472,1.01365,1.0138,0.80,0.20
2007.12.06 09:24:01.644,1.0136,1.0138,0.60,0.20
2007.12.06 09:24:01.824,1.0136,1.0138,0.60,0.20
2007.12.06 09:24:02.374,1.01365,1.0138,0.20,0.20
2007.12.06 09:24:02.537,1.01365,1.0138,0.20,0.20
2007.12.06 09:24:07.282,1.01365,1.0138,0.20,0.20
2007.12.06 09:24:08.576,1.01365,1.0138,0.20,0.20
2007.12.06 09:24:09.893,1.01365,1.0138,0.20,0.20
2007.12.06 09:24:10.739,1.01365,1.01385,0.20,6.60
2007.12.06 09:24:12.209,1.01365,1.0138,0.20,0.20
2007.12.06 09:24:15.201,1.01365,1.0138,0.20,0.20
2007.12.06 09:24:18.296,1.01365,1.01385,0.20,6.60
2007.12.06 09:24:23.530,1.01365,1.01385,0.20,6.60
2007.12.06 09:24:29.316,1.01365,1.01385,0.20,6.60
2007.12.06 09:24:39.243,1.01365,1.01385,0.20,6.80
2007.12.06 09:24:40.335,1.01355,1.01385,0.80,4.00
2007.12.06 09:24:44.678,1.0136,1.0138,3.20,2.40
2007.12.06 09:24:44.711,1.0136,1.0138,3.20,2.40
2007.12.06 09:24:44.868,1.0136,1.0138,3.20,2.40
2007.12.06 09:24:44.908,1.0136,1.0138,2.40,2.60
2007.12.06 09:24:44.935,1.01355,1.0137,2.40,0.20
2007.12.06 09:24:44.998,1.0135,1.0137,0.60,0.20
2007.12.06 09:24:45.167,1.0135,1.0137,0.60,0.20
2007.12.06 09:24:45.211,1.0135,1.0137,0.60,0.20
2007.12.06 09:24:45.244,1.0135,1.0137,0.60,0.20
2007.12.06 09:24:45.636,1.0135,1.0137,0.60,0.20
2007.12.06 09:24:45.749,1.0135,1.0137,0.60,0.20
2007.12.06 09:24:45.925,1.0135,1.0137,0.60,0.20
2007.12.06 09:24:46.037,1.0135,1.0137,0.60,0.20
2007.12.06 09:24:46.151,1.0135,1.0137,0.60,0.20
2007.12.06 09:24:46.652,1.0135,1.0137,0.60,0.20
2007.12.06 09:24:46.796,1.0135,1.0137,0.60,0.20
2007.12.06 09:24:46.969,1.0135,1.0137,0.60,0.20
2007.12.06 09:24:47.117,1.0135,1.0137,0.60,0.20
2007.12.06 09:24:47.259,1.0135,1.0137,0.60,0.20
2007.12.06 09:24:47.403,1.0135,1.0137,0.60,0.20
2007.12.06 09:24:47.842,1.0135,1.0137,0.60,0.20
2007.12.06 09:24:48.019,1.0135,1.0137,0.60,0.20
2007.12.06 09:24:48.293,1.0135,1.0137,0.60,0.20
2007.12.06 09:24:50.701,1.0135,1.0137,0.60,0.20
2007.12.06 09:24:50.978,1.0135,1.0137,0.60,0.20
2007.12.06 09:24:51.152,1.0135,1.0137,0.60,0.20
2007.12.06 09:24:51.301,1.0135,1.0137,0.60,0.20
2007.12.06 09:24:52.202,1.0135,1.0137,0.60,0.20
2007.12.06 09:24:52.403,1.0135,1.0137,0.60,0.20
2007.12.06 09:24:53.298,1.0135,1.0137,0.60,0.20
2007.12.06 09:24:53.437,1.0135,1.0137,0.60,0.20
2007.12.06 09:24:55.297,1.01345,1.01365,0.60,0.20
2007.12.06 09:24:55.368,1.01345,1.01365,0.60,0.20
2007.12.06 09:24:55.440,1.01345,1.01365,0.60,0.20
2007.12.06 09:24:55.494,1.01345,1.01365,0.60,0.20
2007.12.06 09:24:55.582,1.01345,1.01365,0.60,0.20
2007.12.06 09:24:55.663,1.01345,1.01365,0.60,0.20
2007.12.06 09:24:55.807,1.0134,1.0136,0.60,0.20
2007.12.06 09:24:55.860,1.0134,1.0136,0.60,0.20
2007.12.06 09:24:55.914,1.0134,1.0136,0.60,0.20
2007.12.06 09:24:56.004,1.0134,1.0136,0.60,0.20
2007.12.06 09:24:56.188,1.0134,1.0136,0.60,0.20
2007.12.06 09:24:56.388,1.0134,1.0136,0.60,0.20
2007.12.06 09:24:56.696,1.0134,1.0136,0.60,0.20
2007.12.06 09:24:56.809,1.01345,1.01365,0.60,4.10
2007.12.06 09:24:56.928,1.01345,1.01365,0.60,4.10
2007.12.06 09:24:57.035,1.01345,1.01365,0.60,0.20
2007.12.06 09:24:57.144,1.01345,1.01365,0.60,0.20
2007.12.06 09:24:57.252,1.01345,1.01365,0.60,0.20
2007.12.06 09:24:57.943,1.01345,1.01365,0.60,0.20
2007.12.06 09:24:58.144,1.01345,1.01365,0.60,0.20
2007.12.06 09:25:02.393,1.01345,1.01365,0.60,0.20
2007.12.06 09:25:04.416,1.01345,1.01365,0.60,0.20
2007.12.06 09:25:05.450,1.01345,1.01365,0.60,0.20
2007.12.06 09:25:05.629,1.01345,1.01365,0.60,0.20
2007.12.06 09:25:05.947,1.01345,1.01365,0.60,0.20
2007.12.06 09:25:13.431,1.01345,1.01365,0.60,0.20
2007.12.06 09:25:17.891,1.01345,1.01365,0.60,0.20
2007.12.06 09:25:17.920,1.0135,1.0137,0.60,0.20
2007.12.06 09:25:17.995,1.0135,1.0137,0.60,0.20
2007.12.06 09:25:18.090,1.0135,1.0137,0.60,0.20
2007.12.06 09:25:18.542,1.0135,1.0137,0.60,0.20
2007.12.06 09:25:24.730,1.0135,1.0137,0.60,0.20
2007.12.06 09:25:26.398,1.0135,1.0137,0.60,0.20
2007.12.06 09:25:27.954,1.0135,1.0137,0.60,0.20
2007.12.06 09:25:32.873,1.0135,1.0137,0.60,0.20
2007.12.06 09:25:35.756,1.0135,1.0137,0.60,0.20
2007.12.06 09:25:44.157,1.0135,1.0137,0.60,0.20
2007.12.06 09:25:46.800,1.0135,1.0137,0.60,0.20
2007.12.06 09:25:50.983,1.0134,1.0136,13.80,0.20
2007.12.06 09:25:51.038,1.01345,1.01365,0.60,0.40
2007.12.06 09:25:51.107,1.01345,1.01365,0.60,0.40
2007.12.06 09:25:51.434,1.01345,1.01365,0.60,0.40
2007.12.06 09:25:53.063,1.01345,1.01365,0.60,0.50
2007.12.06 09:25:56.902,1.01345,1.01365,0.60,0.50
2007.12.06 09:25:57.820,1.01345,1.01365,0.60,0.50
2007.12.06 09:26:01.930,1.01345,1.01365,0.60,0.50
2007.12.06 09:26:08.856,1.01345,1.01365,0.60,0.50
2007.12.06 09:26:11.946,1.0133,1.01355,13.00,0.20
2007.12.06 09:26:12.226,1.0133,1.01355,4.40,4.10
2007.12.06 09:26:12.611,1.0133,1.01355,4.40,4.10
2007.12.06 09:26:12.897,1.0133,1.01355,4.40,4.10
2007.12.06 09:26:13.141,1.01345,1.0136,0.60,1.60
2007.12.06 09:26:13.385,1.01345,1.01365,0.60,0.60
2007.12.06 09:26:13.627,1.0134,1.01365,1.20,0.60
2007.12.06 09:26:14.204,1.0134,1.01365,1.20,0.60
2007.12.06 09:26:17.950,1.01335,1.01355,3.60,0.20
2007.12.06 09:26:18.143,1.0133,1.01355,8.80,6.50
2007.12.06 09:26:18.336,1.0133,1.01355,1.80,4.40
2007.12.06 09:26:18.529,1.01335,1.01355,0.60,4.40
2007.12.06 09:26:18.722,1.0133,1.01355,1.20,4.40
2007.12.06 09:26:18.916,1.0133,1.01355,1.20,4.40
2007.12.06 09:26:19.109,1.0133,1.01355,1.20,4.40
2007.12.06 09:26:19.258,1.01335,1.01355,0.60,6.80
2007.12.06 09:26:19.884,1.01335,1.01355,0.60,6.80
2007.12.06 09:26:22.023,1.01335,1.01355,1.20,6.60
2007.12.06 09:26:22.131,1.01335,1.01355,1.20,2.60
2007.12.06 09:26:22.246,1.01335,1.0136,1.20,0.20
2007.12.06 09:26:22.986,1.0134,1.0136,0.60,0.20
2007.12.06 09:26:23.234,1.01335,1.0136,1.20,0.20
2007.12.06 09:26:23.482,1.0134,1.0136,0.60,0.20
2007.12.06 09:26:25.431,1.0133,1.01355,1.20,0.20
2007.12.06 09:26:25.529,1.0133,1.01355,1.20,0.20
2007.12.06 09:26:25.627,1.0133,1.01355,1.20,6.50
2007.12.06 09:26:25.725,1.0133,1.01355,1.20,4.30
2007.12.06 09:26:25.823,1.0133,1.01355,1.20,4.40
2007.12.06 09:26:25.939,1.0133,1.01355,1.20,4.40
2007.12.06 09:26:26.037,1.0133,1.01355,1.20,4.40
2007.12.06 09:26:26.135,1.01335,1.01355,0.60,4.40
2007.12.06 09:26:26.234,1.0133,1.01355,1.20,4.40
2007.12.06 09:26:26.818,1.0133,1.01355,1.20,4.40
2007.12.06 09:26:28.476,1.01335,1.01355,0.60,4.40
2007.12.06 09:26:30.924,1.01335,1.01355,0.60,4.40
2007.12.06 09:26:34.698,1.01335,1.01355,0.60,4.40
2007.12.06 09:26:34.709,1.01335,1.01355,0.60,4.40
2007.12.06 09:26:35.616,1.01335,1.01355,0.60,4.40
2007.12.06 09:26:38.788,1.01335,1.01355,0.60,4.40
2007.12.06 09:26:39.127,1.01335,1.01355,0.60,4.40
2007.12.06 09:26:41.949,1.01335,1.01355,0.60,4.40
2007.12.06 09:26:43.205,1.01335,1.01355,0.60,4.40
2007.12.06 09:26:43.493,1.01335,1.01355,0.60,4.40
2007.12.06 09:26:46.097,1.01335,1.01355,0.60,6.80
2007.12.06 09:26:46.280,1.01335,1.01355,0.60,4.40
2007.12.06 09:26:47.176,1.01335,1.01355,0.60,4.40
2007.12.06 09:26:47.348,1.01335,1.01355,0.60,4.40
2007.12.06 09:26:47.521,1.01335,1.01355,0.60,4.40
2007.12.06 09:26:49.493,1.0133,1.01345,0.80,0.20
2007.12.06 09:26:49.650,1.0133,1.01345,0.80,0.50
2007.12.06 09:26:49.785,1.01325,1.01335,4.40,0.80
2007.12.06 09:26:49.918,1.01325,1.01335,4.40,0.80
2007.12.06 09:26:50.052,1.01325,1.01335,0.60,0.80
2007.12.06 09:26:50.186,1.01325,1.01345,0.60,0.60
2007.12.06 09:26:50.319,1.01325,1.01345,0.60,0.60
2007.12.06 09:26:50.471,1.01325,1.01345,0.60,0.60
2007.12.06 09:26:50.803,1.01325,1.01335,0.60,0.20
2007.12.06 09:26:51.136,1.01325,1.01335,0.60,0.20
2007.12.06 09:26:51.469,1.01325,1.01335,0.60,0.20
2007.12.06 09:26:51.653,1.0132,1.01335,1.20,0.20
2007.12.06 09:26:51.838,1.0132,1.01335,0.80,0.30
2007.12.06 09:26:52.021,1.0132,1.01335,0.60,0.30
2007.12.06 09:26:52.215,1.0132,1.01335,0.60,0.30
2007.12.06 09:26:52.397,1.0132,1.01335,0.60,0.30
2007.12.06 09:26:52.721,1.0132,1.01335,0.60,0.30
2007.12.06 09:26:52.968,1.0132,1.01335,0.60,0.30
2007.12.06 09:26:54.143,1.0132,1.01335,0.60,0.30
2007.12.06 09:26:54.366,1.0132,1.01335,0.60,0.30
2007.12.06 09:26:54.912,1.0132,1.01335,0.60,0.30
2007.12.06 09:26:55.311,1.0132,1.01335,0.60,0.30
2007.12.06 09:26:56.195,1.0132,1.01335,0.60,0.30
2007.12.06 09:26:56.488,1.0132,1.0134,0.60,0.50
2007.12.06 09:26:56.781,1.0132,1.0134,0.60,0.50
2007.12.06 09:26:57.500,1.01315,1.01335,2.40,0.50
2007.12.06 09:26:57.744,1.0131,1.0133,0.60,0.40
2007.12.06 09:26:57.988,1.0131,1.0133,0.60,0.40
2007.12.06 09:26:58.227,1.0131,1.01325,0.60,0.30
2007.12.06 09:26:58.465,1.0131,1.0133,0.60,0.50
2007.12.06 09:26:58.703,1.01305,1.01335,0.60,8.90
2007.12.06 09:26:58.943,1.01305,1.01315,0.60,0.20
2007.12.06 09:26:59.231,1.01305,1.01315,0.60,0.20
2007.12.06 09:26:59.401,1.01305,1.01315,0.60,0.20
2007.12.06 09:26:59.580,1.013,1.0132,0.60,0.40
2007.12.06 09:26:59.765,1.013,1.0132,0.60,0.40
2007.12.06 09:26:59.943,1.013,1.01315,0.60,0.20
2007.12.06 09:27:00.147,1.013,1.0132,0.60,0.40
2007.12.06 09:27:00.351,1.013,1.0132,0.60,0.40
2007.12.06 09:27:00.554,1.013,1.01315,0.60,0.20
2007.12.06 09:27:00.995,1.013,1.0132,0.60,0.40
2007.12.06 09:27:04.019,1.013,1.0132,0.60,0.40
2007.12.06 09:27:04.308,1.01295,1.01305,0.60,0.50
2007.12.06 09:27:04.607,1.0129,1.01315,0.60,1.20
2007.12.06 09:27:04.904,1.0129,1.01315,0.60,4.40
2007.12.06 09:27:05.202,1.0129,1.0131,0.60,0.20
2007.12.06 09:27:05.366,1.0129,1.01315,0.60,6.80
2007.12.06 09:27:05.528,1.0129,1.01315,0.60,6.80
2007.12.06 09:27:05.691,1.01295,1.01315,0.60,0.70
2007.12.06 09:27:05.854,1.01295,1.01325,0.60,13.70
2007.12.06 09:27:06.018,1.01295,1.01325,0.60,13.70
2007.12.06 09:27:06.317,1.01295,1.01325,0.60,12.10
2007.12.06 09:27:06.588,1.01295,1.01325,0.60,12.10
2007.12.06 09:27:06.926,1.01295,1.01325,0.60,12.10
2007.12.06 09:27:15.039,1.01295,1.01315,0.60,0.50
2007.12.06 09:27:15.254,1.01295,1.01315,0.60,0.50
2007.12.06 09:27:15.730,1.01295,1.01325,0.60,11.30
2007.12.06 09:27:16.002,1.01295,1.01325,0.60,12.90
2007.12.06 09:27:18.493,1.01295,1.01315,0.60,0.50
2007.12.06 09:27:25.679,1.01295,1.01315,0.60,0.50
2007.12.06 09:27:26.050,1.01295,1.01315,0.60,0.50
2007.12.06 09:27:26.330,1.01295,1.01315,0.60,0.50
2007.12.06 09:27:35.655,1.01295,1.01315,0.60,0.50
2007.12.06 09:27:36.296,1.0129,1.0131,7.20,0.30
2007.12.06 09:27:37.076,1.0129,1.0131,7.20,0.30
2007.12.06 09:27:45.771,1.0129,1.0131,4.80,0.30
2007.12.06 09:27:46.194,1.0129,1.0131,7.20,0.30
2007.12.06 09:27:48.100,1.0129,1.0131,7.20,0.30
2007.12.06 09:27:50.794,1.0129,1.0131,7.20,0.30
2007.12.06 09:27:53.714,1.0129,1.0131,5.60,0.30
2007.12.06 09:27:53.874,1.0129,1.0131,5.60,0.30
2007.12.06 09:27:54.032,1.0129,1.0131,5.60,0.30
2007.12.06 09:27:54.281,1.0129,1.0132,5.60,7.10
2007.12.06 09:27:59.145,1.0129,1.0132,5.60,7.10
2007.12.06 09:28:02.102,1.013,1.01315,0.60,0.30
2007.12.06 09:28:02.240,1.013,1.0132,0.60,0.40
2007.12.06 09:28:02.378,1.013,1.0132,0.60,0.20
2007.12.06 09:28:02.516,1.013,1.0132,0.60,0.20
2007.12.06 09:28:02.795,1.013,1.01325,0.60,10.00
2007.12.06 09:28:02.964,1.013,1.01325,0.60,10.00
2007.12.06 09:28:03.234,1.01305,1.0133,0.60,14.00
2007.12.06 09:28:03.377,1.01305,1.0133,0.60,10.80
2007.12.06 09:28:03.498,1.01305,1.01335,0.60,22.10
2007.12.06 09:28:03.800,1.01305,1.01325,0.60,0.80
2007.12.06 09:28:04.104,1.01305,1.01335,0.60,16.90
2007.12.06 09:28:04.408,1.01305,1.01325,0.60,0.50
2007.12.06 09:28:04.712,1.01305,1.01335,0.60,11.30
2007.12.06 09:28:05.229,1.0131,1.01325,0.60,0.70
2007.12.06 09:28:05.377,1.0131,1.0133,0.60,0.20
2007.12.06 09:28:05.525,1.0131,1.01335,0.60,9.80
2007.12.06 09:28:06.158,1.01315,1.0134,0.60,13.70
2007.12.06 09:28:06.315,1.01315,1.0134,0.60,6.50
2007.12.06 09:28:06.480,1.01315,1.01335,0.60,0.20
2007.12.06 09:28:06.638,1.01315,1.01345,0.60,13.80
2007.12.06 09:28:06.861,1.01325,1.0135,0.60,16.70
2007.12.06 09:28:07.084,1.01325,1.01345,0.60,0.80
2007.12.06 09:28:07.308,1.01325,1.0135,0.60,8.10
2007.12.06 09:28:07.531,1.01325,1.0135,0.60,8.10
2007.12.06 09:28:07.754,1.01325,1.01345,0.60,0.50
2007.12.06 09:28:07.937,1.01325,1.01345,0.60,0.60
2007.12.06 09:28:08.120,1.0133,1.0135,0.60,4.20
2007.12.06 09:28:08.307,1.0133,1.01345,0.60,0.90
2007.12.06 09:28:08.492,1.0133,1.01355,0.60,9.80
2007.12.06 09:28:08.674,1.0133,1.01355,0.60,9.80
2007.12.06 09:28:08.753,1.0133,1.0135,0.60,0.20
2007.12.06 09:28:08.945,1.0133,1.0135,0.60,0.20
2007.12.06 09:28:09.673,1.0134,1.01355,0.60,0.90
2007.12.06 09:28:09.738,1.0134,1.01355,0.60,0.50
2007.12.06 09:28:09.801,1.0134,1.01355,0.60,0.50
2007.12.06 09:28:09.864,1.0134,1.01355,0.60,0.90
2007.12.06 09:28:09.946,1.0134,1.01365,0.60,8.70
2007.12.06 09:28:10.009,1.0134,1.0136,0.60,0.20
2007.12.06 09:28:10.157,1.0134,1.0136,0.60,0.20
2007.12.06 09:28:10.219,1.0134,1.0136,0.60,0.20
2007.12.06 09:28:10.282,1.0134,1.0136,0.60,0.20
2007.12.06 09:28:10.912,1.0134,1.01365,0.60,1.00
2007.12.06 09:28:14.298,1.0134,1.01375,0.60,19.20
2007.12.06 09:28:14.586,1.0134,1.01375,0.60,19.20
2007.12.06 09:28:14.875,1.01345,1.01365,0.60,0.20
2007.12.06 09:28:15.162,1.01345,1.01375,0.60,11.40
2007.12.06 09:28:15.370,1.01345,1.01375,0.60,11.40
2007.12.06 09:28:15.578,1.01345,1.01365,0.60,0.20
2007.12.06 09:28:15.939,1.01345,1.01365,0.60,0.20
2007.12.06 09:28:19.915,1.01345,1.01365,0.60,0.20
2007.12.06 09:28:20.674,1.01335,1.01375,6.00,11.40
2007.12.06 09:28:20.749,1.01335,1.01375,6.00,11.30
2007.12.06 09:28:20.895,1.01335,1.01365,2.80,9.70
2007.12.06 09:28:20.918,1.01335,1.01355,2.80,0.70
2007.12.06 09:28:21.003,1.01335,1.01365,0.60,12.10
2007.12.06 09:28:21.198,1.01335,1.01355,0.60,0.90
2007.12.06 09:28:21.400,1.01335,1.01355,0.60,0.60
2007.12.06 09:28:21.618,1.01335,1.01355,0.60,0.80
2007.12.06 09:28:21.935,1.01335,1.01355,0.60,0.70
2007.12.06 09:28:24.737,1.01325,1.01345,8.00,0.20
2007.12.06 09:28:24.817,1.01325,1.01355,5.60,5.00
2007.12.06 09:28:25.148,1.01325,1.01345,0.60,0.20
2007.12.06 09:28:25.482,1.0132,1.01355,0.60,13.60
2007.12.06 09:28:25.814,1.01305,1.01355,4.80,22.40
2007.12.06 09:28:26.150,1.01305,1.01345,2.40,0.60
2007.12.06 09:28:26.333,1.01295,1.0135,9.30,4.00
2007.12.06 09:28:26.515,1.01295,1.01345,6.10,0.60
2007.12.06 09:28:26.771,1.01295,1.0135,9.30,4.00
2007.12.06 09:28:26.954,1.013,1.01355,0.60,32.50
2007.12.06 09:28:27.213,1.013,1.0135,0.60,0.80
2007.12.06 09:28:27.471,1.013,1.0135,0.60,0.90
2007.12.06 09:28:27.947,1.013,1.01355,0.60,32.50
2007.12.06 09:28:32.235,1.013,1.0135,0.60,0.50
2007.12.06 09:28:41.211,1.01325,1.0135,0.60,8.00
2007.12.06 09:28:41.439,1.01325,1.01355,0.60,18.50
2007.12.06 09:28:41.643,1.01325,1.01355,0.60,18.50
2007.12.06 09:28:41.749,1.01325,1.01345,0.60,0.90
2007.12.06 09:28:41.812,1.01325,1.01355,0.60,16.10
2007.12.06 09:28:42.024,1.01325,1.01355,0.60,12.10
2007.12.06 09:28:42.252,1.0133,1.01345,0.60,0.80
2007.12.06 09:28:42.341,1.0133,1.01355,0.60,9.80
2007.12.06 09:28:42.394,1.0133,1.0135,0.60,0.20
2007.12.06 09:28:42.453,1.0133,1.0135,0.60,0.20
2007.12.06 09:28:42.620,1.0133,1.01355,0.60,1.00
2007.12.06 09:28:42.789,1.0133,1.01355,0.60,1.00
2007.12.06 09:28:42.956,1.0133,1.0135,0.60,0.20
2007.12.06 09:28:43.125,1.0133,1.01365,0.60,17.60
2007.12.06 09:28:43.292,1.0133,1.0135,0.60,0.20
2007.12.06 09:28:43.461,1.0132,1.01365,0.60,0.90
2007.12.06 09:28:43.630,1.0132,1.0137,0.60,8.00
2007.12.06 09:28:43.882,1.0132,1.01375,0.60,31.70
2007.12.06 09:28:44.135,1.0132,1.01375,0.60,31.70
2007.12.06 09:28:44.627,1.0132,1.0137,0.60,0.90
2007.12.06 09:28:44.882,1.0132,1.01375,0.60,12.30
2007.12.06 09:28:44.975,1.0132,1.01375,0.60,0.90
2007.12.06 09:28:45.245,1.0132,1.0138,0.60,10.40
2007.12.06 09:28:45.338,1.01325,1.0138,2.40,8.00
2007.12.06 09:28:45.969,1.01325,1.01375,2.40,0.90
2007.12.06 09:28:54.360,1.01325,1.01375,2.40,7.80
2007.12.06 09:29:04.743,1.01325,1.01375,2.40,7.80
2007.12.06 09:29:05.388,1.01325,1.01375,2.40,7.80
2007.12.06 09:29:12.830,1.01325,1.01375,2.40,7.80
2007.12.06 09:29:12.906,1.01325,1.01375,2.40,7.90
2007.12.06 09:29:12.985,1.01325,1.01375,2.40,15.90
2007.12.06 09:29:13.067,1.01325,1.01365,2.40,2.60
2007.12.06 09:29:13.146,1.01325,1.01365,2.40,6.40
2007.12.06 09:29:13.224,1.01315,1.01365,4.00,6.40
2007.12.06 09:29:13.302,1.013,1.01365,8.00,6.40
2007.12.06 09:29:13.381,1.013,1.01365,8.00,6.40
2007.12.06 09:29:13.459,1.01305,1.01365,4.00,6.40
2007.12.06 09:29:13.542,1.01305,1.01365,4.00,3.80
2007.12.06 09:29:13.791,1.01305,1.01365,4.00,3.80
2007.12.06 09:29:13.912,1.01305,1.01365,4.00,3.80
2007.12.06 09:29:14.010,1.01305,1.01365,4.00,6.40
2007.12.06 09:29:14.146,1.013,1.0136,8.40,3.80
2007.12.06 09:29:14.403,1.013,1.0136,8.40,3.80
2007.12.06 09:29:14.501,1.013,1.01355,8.40,0.10
2007.12.06 09:29:14.599,1.013,1.01345,8.40,0.10
2007.12.06 09:29:14.697,1.013,1.01355,0.60,3.80
2007.12.06 09:29:14.815,1.01295,1.01355,23.20,3.80
2007.12.06 09:29:14.933,1.01295,1.01355,13.60,17.40
2007.12.06 09:29:15.052,1.01305,1.01355,2.40,23.00
2007.12.06 09:29:15.170,1.01305,1.01355,2.40,25.70
2007.12.06 09:29:15.287,1.01305,1.01345,2.40,3.80
2007.12.06 09:29:15.406,1.01295,1.01345,2.40,3.80
2007.12.06 09:29:15.696,1.01295,1.01345,2.40,3.80
2007.12.06 09:29:16.217,1.01295,1.01345,2.40,7.80
2007.12.06 09:29:16.444,1.01295,1.01345,2.40,7.80
2007.12.06 09:29:16.720,1.01295,1.01345,2.40,7.80
2007.12.06 09:29:17.738,1.01295,1.01345,2.40,7.80
2007.12.06 09:29:18.237,1.013,1.01345,0.60,7.80
2007.12.06 09:29:18.375,1.013,1.01345,0.60,7.80
2007.12.06 09:29:18.514,1.013,1.0135,0.60,8.00
2007.12.06 09:29:18.694,1.013,1.0135,0.60,8.00
2007.12.06 09:29:19.273,1.013,1.0135,0.60,8.00
2007.12.06 09:29:19.675,1.013,1.0135,0.60,8.00
2007.12.06 09:29:19.688,1.01295,1.0135,10.60,8.00
2007.12.06 09:29:20.675,1.013,1.0135,0.60,8.00
2007.12.06 09:29:21.245,1.0132,1.0134,0.60,0.20
2007.12.06 09:29:21.423,1.0132,1.0134,0.60,0.20
2007.12.06 09:29:21.602,1.01315,1.0134,1.20,0.20
2007.12.06 09:29:21.933,1.01315,1.0134,1.20,0.20
2007.12.06 09:29:22.111,1.01315,1.0134,1.20,0.20
2007.12.06 09:29:22.661,1.01315,1.0134,1.20,0.20
2007.12.06 09:29:22.797,1.0131,1.01345,0.60,0.80
2007.12.06 09:29:22.858,1.01305,1.01345,8.20,0.80
2007.12.06 09:29:22.901,1.0131,1.01355,0.60,15.00
2007.12.06 09:29:22.970,1.01305,1.01355,9.80,13.40
2007.12.06 09:29:23.021,1.01305,1.01355,9.80,11.00
2007.12.06 09:29:23.117,1.0131,1.01355,0.60,8.60
2007.12.06 09:29:23.176,1.01305,1.01355,9.80,0.80
2007.12.06 09:29:24.187,1.01305,1.01355,9.80,0.80
2007.12.06 09:29:27.456,1.01305,1.01355,9.80,0.80
2007.12.06 09:29:32.863,1.013,1.01325,17.60,0.20
2007.12.06 09:29:33.028,1.013,1.01325,16.80,4.10
2007.12.06 09:29:33.191,1.013,1.01325,5.80,4.10
2007.12.06 09:29:33.465,1.01305,1.01325,1.60,4.10
2007.12.06 09:29:33.677,1.013,1.01325,3.40,4.10
2007.12.06 09:29:34.196,1.013,1.01325,3.40,4.10
2007.12.06 09:29:37.477,1.01305,1.01325,1.10,4.10
2007.12.06 09:29:37.725,1.01305,1.01325,1.50,4.10
2007.12.06 09:29:38.472,1.013,1.01325,3.40,4.10
2007.12.06 09:29:40.221,1.01305,1.01325,1.20,4.10
2007.12.06 09:29:40.966,1.013,1.01325,3.40,4.10
2007.12.06 09:29:41.158,1.013,1.01325,3.40,4.10
2007.12.06 09:29:41.604,1.01305,1.01325,1.60,4.10
2007.12.06 09:29:43.181,1.01305,1.01325,1.80,4.10
2007.12.06 09:29:43.331,1.01305,1.0132,1.00,0.20
2007.12.06 09:29:43.476,1.013,1.0132,3.00,0.20
2007.12.06 09:29:43.650,1.01295,1.0132,1.20,0.20
2007.12.06 09:29:43.919,1.01295,1.0132,1.20,0.20
2007.12.06 09:29:44.692,1.013,1.0132,0.60,0.20
2007.12.06 09:29:47.380,1.01315,1.01325,0.60,6.40
2007.12.06 09:29:47.475,1.01315,1.01325,0.60,2.40
2007.12.06 09:29:47.623,1.01315,1.0133,0.60,4.00
2007.12.06 09:29:47.716,1.01315,1.01335,0.60,6.50
2007.12.06 09:29:47.904,1.01305,1.01325,2.00,0.20
2007.12.06 09:29:48.230,1.01305,1.01325,0.60,0.20
2007.12.06 09:29:48.569,1.01305,1.01325,0.60,0.20
2007.12.06 09:29:48.897,1.013,1.01335,0.60,6.50
2007.12.06 09:29:49.034,1.013,1.01345,0.60,6.40
2007.12.06 09:29:49.172,1.013,1.01345,0.60,2.40
2007.12.06 09:29:49.310,1.013,1.01345,0.60,2.40
2007.12.06 09:29:49.447,1.013,1.01345,0.60,2.40
2007.12.06 09:29:49.806,1.013,1.01345,0.60,2.40
2007.12.06 09:29:49.957,1.013,1.01355,0.60,8.00
2007.12.06 09:29:50.181,1.013,1.01355,0.60,2.40
2007.12.06 09:29:51.419,1.013,1.01335,0.60,3.20
2007.12.06 09:29:51.627,1.013,1.01325,0.60,4.00
2007.12.06 09:29:51.954,1.013,1.01325,0.60,4.00
2007.12.06 09:29:52.187,1.013,1.01325,0.60,4.00
2007.12.06 09:29:53.133,1.013,1.01325,0.60,4.00
2007.12.06 09:29:53.375,1.01295,1.01325,2.40,4.00
2007.12.06 09:29:53.583,1.01295,1.01325,2.40,4.00
2007.12.06 09:29:53.792,1.0129,1.01325,0.60,6.40
2007.12.06 09:29:54.000,1.01305,1.01325,0.20,6.40
2007.12.06 09:29:54.130,1.01305,1.01325,0.20,6.40
2007.12.06 09:29:56.186,1.01305,1.01325,0.20,6.40
2007.12.06 09:29:57.827,1.01305,1.0132,0.20,0.20
2007.12.06 09:29:57.970,1.01305,1.0132,0.20,0.20
2007.12.06 09:29:58.023,1.01305,1.0132,0.20,0.20
2007.12.06 09:29:58.482,1.01305,1.0132,0.20,0.20
2007.12.06 09:29:58.635,1.01305,1.0132,0.20,0.20
2007.12.06 09:29:59.650,1.01305,1.0132,0.20,0.20
2007.12.06 09:30:00.540,1.01305,1.0132,0.20,0.20
2007.12.06 09:30:00.671,1.01305,1.0132,0.20,0.20
2007.12.06 09:30:01.605,1.01305,1.0132,0.20,0.20
2007.12.06 09:30:03.141,1.01305,1.01325,0.20,6.60
2007.12.06 09:30:11.563,1.01305,1.0132,0.20,0.20
2007.12.06 09:30:18.234,1.01305,1.01325,0.20,6.60
2007.12.06 09:30:22.586,1.01305,1.0132,0.20,0.20
2007.12.06 09:30:23.190,1.013,1.01325,0.80,6.60
2007.12.06 09:30:27.095,1.013,1.0132,0.60,0.20
2007.12.06 09:30:27.461,1.01295,1.01325,1.20,4.20
2007.12.06 09:30:27.623,1.013,1.01325,0.80,4.20
2007.12.06 09:30:27.786,1.01305,1.0132,0.20,0.20
2007.12.06 09:30:28.114,1.0131,1.01325,0.20,0.70
2007.12.06 09:30:28.277,1.013,1.0133,4.20,9.60
2007.12.06 09:30:32.625,1.013,1.01325,4.20,4.00
2007.12.06 09:30:33.610,1.0131,1.01325,0.20,4.00
2007.12.06 09:30:33.771,1.013,1.01325,4.20,4.00
2007.12.06 09:30:34.244,1.0131,1.01325,0.20,4.00
2007.12.06 09:30:41.225,1.0131,1.01325,0.20,4.00
2007.12.06 09:30:41.499,1.013,1.01325,7.40,4.00
2007.12.06 09:30:41.772,1.0131,1.01325,0.20,4.00
2007.12.06 09:30:43.577,1.013,1.0133,7.40,8.80
2007.12.06 09:30:43.787,1.013,1.0133,7.40,0.80
2007.12.06 09:30:43.996,1.0131,1.0133,1.50,0.80
2007.12.06 09:30:44.198,1.0131,1.0134,2.10,5.60
2007.12.06 09:30:44.401,1.0131,1.0134,2.80,5.60
2007.12.06 09:30:44.604,1.013,1.0134,21.80,5.60
2007.12.06 09:30:44.815,1.013,1.0135,33.00,12.00
2007.12.06 09:30:45.017,1.0131,1.0135,2.40,8.00
2007.12.06 09:30:45.298,1.013,1.0135,33.00,5.60
2007.12.06 09:30:45.910,1.0131,1.0135,2.00,5.60
2007.12.06 09:30:46.189,1.01305,1.0135,9.80,2.40
2007.12.06 09:30:46.327,1.0131,1.0136,2.00,27.00
2007.12.06 09:30:46.464,1.0131,1.0136,2.10,27.00
2007.12.06 09:30:47.166,1.0131,1.0136,0.60,27.00
2007.12.06 09:30:51.498,1.0131,1.0136,8.20,27.00
2007.12.06 09:30:51.697,1.0131,1.0135,8.20,3.20
2007.12.06 09:30:51.895,1.0131,1.0135,8.20,5.60
2007.12.06 09:30:52.094,1.0131,1.0135,8.20,5.60
2007.12.06 09:30:52.292,1.0131,1.0135,8.20,5.60
2007.12.06 09:30:52.689,1.0131,1.0135,8.20,5.60
2007.12.06 09:30:52.902,1.0131,1.0135,8.20,5.60
2007.12.06 09:30:54.160,1.0131,1.0135,8.20,5.60
2007.12.06 09:30:54.417,1.0131,1.0135,8.20,5.60
2007.12.06 09:30:54.544,1.0131,1.0135,8.20,5.60
2007.12.06 09:30:55.654,1.0131,1.0135,8.20,5.60
2007.12.06 09:30:58.015,1.0131,1.0135,8.20,5.60
2007.12.06 09:30:58.320,1.0131,1.0135,8.20,5.60
2007.12.06 09:31:06.806,1.0131,1.0135,8.20,5.60
2007.12.06 09:31:17.841,1.0131,1.0135,8.20,5.60
2007.12.06 09:31:18.658,1.0131,1.01355,8.20,20.60
2007.12.06 09:31:20.740,1.0131,1.01355,8.30,20.60
2007.12.06 09:31:21.684,1.0131,1.01355,8.20,20.60
2007.12.06 09:31:21.888,1.0131,1.0135,8.30,0.80
2007.12.06 09:31:23.883,1.0131,1.01355,8.20,20.60
2007.12.06 09:31:28.849,1.0131,1.0136,8.20,39.30
2007.12.06 09:31:32.932,1.0131,1.01355,8.20,15.00
2007.12.06 09:31:35.179,1.0131,1.01355,5.80,15.00
2007.12.06 09:31:37.273,1.0131,1.0135,8.20,0.70
2007.12.06 09:31:39.894,1.0131,1.0135,8.20,0.50
2007.12.06 09:31:40.199,1.0131,1.01355,8.20,20.60
2007.12.06 09:31:40.297,1.0132,1.0135,2.40,8.00
2007.12.06 09:31:40.395,1.0132,1.0134,4.80,0.80
2007.12.06 09:31:40.493,1.0132,1.0135,4.80,8.00
2007.12.06 09:31:40.618,1.0132,1.0135,4.80,8.00
2007.12.06 09:31:40.808,1.0132,1.01355,2.40,20.60
2007.12.06 09:31:41.128,1.0131,1.01355,8.30,16.80
2007.12.06 09:31:41.447,1.0131,1.0135,8.30,0.90
2007.12.06 09:31:41.950,1.0131,1.0135,8.30,0.60
2007.12.06 09:31:44.631,1.0131,1.0135,8.30,0.90
2007.12.06 09:31:44.794,1.0132,1.0135,2.40,8.00
2007.12.06 09:31:44.957,1.0132,1.0134,4.80,0.80
2007.12.06 09:31:45.476,1.0132,1.0135,4.80,8.00
2007.12.06 09:31:45.987,1.0132,1.0134,4.80,0.80
2007.12.06 09:31:50.929,1.0132,1.0134,4.80,0.80
2007.12.06 09:31:57.476,1.0132,1.0134,4.80,0.80
2007.12.06 09:31:57.733,1.0132,1.0134,4.80,0.80
2007.12.06 09:32:01.974,1.0132,1.0134,4.80,0.80
2007.12.06 09:32:12.998,1.0132,1.0134,4.80,0.80
2007.12.06 09:32:13.013,1.0131,1.0134,13.90,0.80
2007.12.06 09:32:24.032,1.0131,1.01355,1.50,1.60
2007.12.06 09:32:28.207,1.01285,1.01355,12.00,5.60
2007.12.06 09:32:28.365,1.0131,1.0135,13.10,5.60
2007.12.06 09:32:28.524,1.0131,1.0135,4.20,5.60
2007.12.06 09:32:28.693,1.0131,1.0135,1.70,13.60
2007.12.06 09:32:28.852,1.0131,1.0135,0.60,13.60
2007.12.06 09:32:29.011,1.0131,1.0135,1.30,13.70
2007.12.06 09:32:29.168,1.0131,1.0135,1.50,13.70
2007.12.06 09:32:29.327,1.0131,1.0135,0.20,16.10
2007.12.06 09:32:29.549,1.013,1.0135,17.00,16.10
2007.12.06 09:32:30.091,1.013,1.0135,17.00,16.10
2007.12.06 09:32:30.724,1.013,1.0135,9.00,20.00
2007.12.06 09:32:30.787,1.013,1.01335,9.00,4.00
2007.12.06 09:32:30.850,1.013,1.0133,9.00,0.80
2007.12.06 09:32:30.912,1.013,1.0133,10.60,2.40
2007.12.06 09:32:30.976,1.0131,1.0133,0.50,2.40
2007.12.06 09:32:31.039,1.0131,1.0133,0.70,4.80
2007.12.06 09:32:31.296,1.013,1.0133,5.80,5.60
2007.12.06 09:32:31.463,1.0131,1.0133,0.20,5.60
2007.12.06 09:32:31.890,1.0131,1.0133,0.20,5.60
2007.12.06 09:32:32.138,1.0131,1.0133,0.20,5.60
2007.12.06 09:32:32.397,1.013,1.0133,5.80,5.60
2007.12.06 09:32:32.697,1.0131,1.0133,0.20,5.60
2007.12.06 09:32:32.899,1.0131,1.0133,0.20,5.60
2007.12.06 09:32:33.448,1.013,1.0133,13.00,6.40
2007.12.06 09:32:33.637,1.0131,1.0133,0.20,6.40
2007.12.06 09:32:34.469,1.013,1.0133,13.00,6.40
2007.12.06 09:32:35.063,1.0131,1.0133,0.20,6.40
2007.12.06 09:32:38.351,1.0131,1.0132,0.20,0.80
2007.12.06 09:32:40.147,1.013,1.0132,13.00,0.80
2007.12.06 09:32:41.202,1.013,1.0132,13.00,0.80
2007.12.06 09:32:45.422,1.0131,1.0132,0.20,0.80
2007.12.06 09:32:46.020,1.0131,1.01335,0.20,11.20
2007.12.06 09:32:51.684,1.0131,1.01335,0.20,11.20
2007.12.06 09:32:51.883,1.0131,1.01335,0.20,11.20
2007.12.06 09:32:52.709,1.0131,1.01335,0.20,11.20
2007.12.06 09:32:53.653,1.0131,1.0133,0.20,0.50
2007.12.06 09:32:54.751,1.0131,1.0133,0.20,0.50
2007.12.06 09:32:55.435,1.0131,1.0133,0.20,0.90
2007.12.06 09:32:57.120,1.0131,1.01335,0.20,11.20
2007.12.06 09:32:58.675,1.0131,1.0133,0.20,0.80
2007.12.06 09:32:59.712,1.0131,1.01335,0.20,11.20
2007.12.06 09:33:04.165,1.013,1.01335,12.80,7.20
2007.12.06 09:33:04.228,1.013,1.0133,12.80,0.80
2007.12.06 09:33:04.291,1.013,1.01335,12.80,11.20
2007.12.06 09:33:08.112,1.013,1.01335,12.80,11.20
2007.12.06 09:33:08.335,1.013,1.01335,12.80,11.20
2007.12.06 09:33:09.763,1.013,1.01335,12.80,12.80
2007.12.06 09:33:09.937,1.013,1.0133,8.80,11.40
2007.12.06 09:33:10.297,1.013,1.0133,6.40,11.40
2007.12.06 09:33:10.470,1.013,1.01325,5.60,0.90
2007.12.06 09:33:10.651,1.013,1.0133,5.60,13.00
2007.12.06 09:33:10.965,1.013,1.01325,5.60,0.80
2007.12.06 09:33:11.702,1.013,1.0133,5.60,13.00
2007.12.06 09:33:18.920,1.013,1.01325,5.60,5.60
2007.12.06 09:33:19.172,1.013,1.01325,5.60,5.60
2007.12.06 09:33:26.390,1.013,1.01325,5.60,5.60
2007.12.06 09:33:30.206,1.013,1.01325,5.60,5.60
2007.12.06 09:33:41.233,1.0129,1.01325,4.00,1.60
2007.12.06 09:33:48.749,1.0129,1.01335,4.00,5.60
2007.12.06 09:33:52.261,1.0129,1.01335,4.00,5.60
2007.12.06 09:34:03.513,1.013,1.0133,6.40,0.80
2007.12.06 09:34:03.746,1.013,1.01325,6.40,0.60
2007.12.06 09:34:04.164,1.013,1.01325,6.90,0.90
2007.12.06 09:34:04.637,1.013,1.0133,6.90,9.00
2007.12.06 09:34:10.916,1.013,1.01325,6.90,0.80
2007.12.06 09:34:14.303,1.013,1.0133,6.90,8.90
2007.12.06 09:34:25.334,1.013,1.01325,6.90,1.60
2007.12.06 09:34:32.892,1.013,1.01325,6.90,1.60
2007.12.06 09:34:33.231,1.013,1.01325,6.90,1.60
2007.12.06 09:34:33.327,1.013,1.01325,6.90,1.60
2007.12.06 09:34:33.407,1.013,1.01325,6.80,1.60
2007.12.06 09:34:36.376,1.013,1.0133,6.80,7.20
2007.12.06 09:34:39.036,1.013,1.0132,6.00,0.80
2007.12.06 09:34:39.140,1.013,1.0132,6.00,0.80
2007.12.06 09:34:39.268,1.013,1.0132,6.00,0.80
2007.12.06 09:34:39.489,1.013,1.0132,6.00,0.80
2007.12.06 09:34:40.500,1.013,1.0132,6.40,0.80
2007.12.06 09:34:40.710,1.013,1.0132,6.40,0.80
2007.12.06 09:34:41.390,1.013,1.0132,6.40,0.80
2007.12.06 09:34:45.484,1.013,1.01325,7.20,0.50
2007.12.06 09:34:45.732,1.013,1.0133,7.20,16.80
2007.12.06 09:34:47.383,1.013,1.0133,7.20,16.80
2007.12.06 09:34:49.086,1.013,1.01325,4.80,8.00
2007.12.06 09:34:49.503,1.013,1.0132,5.60,0.90
2007.12.06 09:34:49.611,1.013,1.0133,8.00,12.80
2007.12.06 09:34:49.695,1.013,1.0133,8.80,12.80
2007.12.06 09:34:50.159,1.013,1.0133,8.80,12.80
2007.12.06 09:34:51.174,1.013,1.0133,8.80,12.80
2007.12.06 09:34:58.659,1.013,1.01325,8.80,0.80
2007.12.06 09:35:03.994,1.013,1.0133,8.40,12.80
2007.12.06 09:35:04.208,1.013,1.01325,7.60,0.70
2007.12.06 09:35:04.420,1.013,1.0133,7.60,12.80
2007.12.06 09:35:09.693,1.013,1.01325,7.60,0.50
2007.12.06 09:35:15.343,1.013,1.01325,7.20,5.60
2007.12.06 09:35:20.724,1.013,1.01325,7.20,5.60
2007.12.06 09:35:26.547,1.0131,1.01325,0.20,5.60
2007.12.06 09:35:27.076,1.0131,1.01325,1.20,5.60
2007.12.06 09:35:27.270,1.0131,1.01325,1.20,5.60
2007.12.06 09:35:27.712,1.0131,1.01325,1.20,5.60
2007.12.06 09:35:31.749,1.0131,1.01325,1.20,5.60
2007.12.06 09:35:34.731,1.0131,1.0133,1.20,8.80
2007.12.06 09:35:38.596,1.0131,1.0133,7.60,5.60
2007.12.06 09:35:38.701,1.0131,1.0133,7.60,4.00
2007.12.06 09:35:38.961,1.0131,1.0133,7.60,4.00
2007.12.06 09:35:39.103,1.0131,1.0133,7.60,2.40
2007.12.06 09:35:39.207,1.0131,1.0133,7.60,2.40
2007.12.06 09:35:39.405,1.0131,1.01335,10.10,4.00
2007.12.06 09:35:39.603,1.0131,1.01335,10.10,4.00
2007.12.06 09:35:39.892,1.0131,1.01335,10.10,4.00
2007.12.06 09:35:42.784,1.0131,1.01335,10.10,4.00
2007.12.06 09:35:45.188,1.0131,1.0134,10.10,12.80
2007.12.06 09:35:48.229,1.0131,1.01335,7.70,6.40
2007.12.06 09:35:49.678,1.0131,1.01335,10.10,0.90
2007.12.06 09:35:50.553,1.0131,1.01335,10.10,0.80
2007.12.06 09:35:50.652,1.0132,1.01335,0.80,0.80
2007.12.06 09:35:50.750,1.0132,1.01345,3.20,6.40
2007.12.06 09:35:50.971,1.0132,1.0134,3.20,0.60
2007.12.06 09:35:51.176,1.0132,1.0134,3.20,0.80
2007.12.06 09:35:51.374,1.0133,1.01345,0.60,6.40
2007.12.06 09:35:51.691,1.0133,1.01345,0.60,6.40
2007.12.06 09:35:51.897,1.0133,1.01345,0.60,6.40
2007.12.06 09:35:52.207,1.0133,1.01345,0.60,6.40
2007.12.06 09:35:52.431,1.0133,1.0134,0.60,0.70
2007.12.06 09:35:53.813,1.0133,1.01345,0.60,6.40
2007.12.06 09:35:54.218,1.0133,1.01345,0.60,6.40
2007.12.06 09:35:54.666,1.0133,1.0134,0.60,0.70
2007.12.06 09:35:55.164,1.0133,1.01345,0.60,6.40
2007.12.06 09:35:55.478,1.0133,1.0134,0.60,0.50
2007.12.06 09:35:56.407,1.0133,1.0134,0.60,0.50
2007.12.06 09:36:04.174,1.0133,1.0134,0.60,0.80
2007.12.06 09:36:04.272,1.0133,1.01345,0.50,0.90
2007.12.06 09:36:04.396,1.0133,1.01345,0.50,0.60
2007.12.06 09:36:04.513,1.0133,1.0135,0.50,12.00
2007.12.06 09:36:04.845,1.0133,1.01345,0.50,0.70
2007.12.06 09:36:05.003,1.0133,1.01345,0.50,0.90
2007.12.06 09:36:05.218,1.0133,1.0135,0.50,12.00
2007.12.06 09:36:06.188,1.0133,1.01345,0.50,0.60
2007.12.06 09:36:15.871,1.0133,1.01345,0.50,4.00
2007.12.06 09:36:18.234,1.0133,1.0134,0.50,2.40
2007.12.06 09:36:25.459,1.0132,1.0134,4.80,2.40
2007.12.06 09:36:26.720,1.0132,1.0134,4.80,2.40
2007.12.06 09:36:26.893,1.0132,1.0134,3.20,2.40
2007.12.06 09:36:27.065,1.0132,1.0134,3.20,2.40
2007.12.06 09:36:27.238,1.0132,1.0134,3.20,2.40
2007.12.06 09:36:27.666,1.0132,1.0134,3.20,2.40
2007.12.06 09:36:29.624,1.0132,1.0134,1.50,2.40
2007.12.06 09:36:35.343,1.0131,1.0134,16.40,2.40
2007.12.06 09:36:36.992,1.0133,1.0134,0.60,2.40
2007.12.06 09:36:37.313,1.0132,1.0134,4.50,2.40
2007.12.06 09:36:37.922,1.0133,1.0134,0.50,2.40
2007.12.06 09:36:47.250,1.0132,1.01345,6.90,4.00
2007.12.06 09:36:48.140,1.0133,1.01345,0.50,4.00
2007.12.06 09:36:48.958,1.0133,1.01345,0.50,4.00
2007.12.06 09:36:50.666,1.0134,1.01345,0.06,4.00
2007.12.06 09:36:51.089,1.0134,1.01345,0.06,4.00
2007.12.06 09:36:52.212,1.0134,1.01345,0.06,4.00
2007.12.06 09:36:59.500,1.0133,1.01345,0.50,4.00
2007.12.06 09:36:59.994,1.0133,1.01345,0.50,4.00
2007.12.06 09:37:07.286,1.0133,1.0134,0.50,2.40
2007.12.06 09:37:11.135,1.0133,1.0134,0.50,2.40
2007.12.06 09:37:11.414,1.0133,1.0134,0.50,2.60
2007.12.06 09:37:13.712,1.0133,1.0134,0.50,0.30
2007.12.06 09:37:14.279,1.0133,1.0134,0.50,0.30
2007.12.06 09:37:15.501,1.0133,1.0134,0.50,0.30
2007.12.06 09:37:16.233,1.0133,1.0134,0.50,0.30
2007.12.06 09:37:17.177,1.0133,1.0134,0.50,0.30
2007.12.06 09:37:22.160,1.0133,1.0134,0.50,0.30
2007.12.06 09:37:22.861,1.0133,1.0134,0.30,0.30
2007.12.06 09:37:23.044,1.0133,1.0134,0.30,0.30
2007.12.06 09:37:24.144,1.0133,1.0134,0.30,0.30
2007.12.06 09:37:28.963,1.0132,1.0134,6.80,0.30
2007.12.06 09:37:30.176,1.0132,1.0134,6.80,0.30
2007.12.06 09:37:33.193,1.0133,1.0134,0.40,0.30
2007.12.06 09:37:37.139,1.0132,1.0134,6.80,0.30
2007.12.06 09:37:37.368,1.01315,1.0134,6.40,0.30
2007.12.06 09:37:37.566,1.0132,1.0134,2.70,0.30
2007.12.06 09:37:38.206,1.0133,1.0134,0.50,0.30
2007.12.06 09:37:38.440,1.0132,1.0134,7.70,0.30
2007.12.06 09:37:44.213,1.0132,1.0134,7.70,0.30
2007.12.06 09:37:46.392,1.0132,1.0134,7.70,0.30
2007.12.06 09:37:46.899,1.0133,1.0134,0.50,0.30
2007.12.06 09:37:55.235,1.0133,1.0134,0.50,0.30
2007.12.06 09:37:56.462,1.0133,1.0134,0.50,0.30
2007.12.06 09:37:57.409,1.0132,1.0134,8.50,0.30
2007.12.06 09:38:01.200,1.0132,1.0134,8.50,0.30
2007.12.06 09:38:06.262,1.0132,1.0134,8.50,0.30
2007.12.06 09:38:09.747,1.0132,1.0134,8.50,0.30
2007.12.06 09:38:10.172,1.0132,1.0134,8.50,0.30
2007.12.06 09:38:10.420,1.0132,1.0134,8.50,0.30
2007.12.06 09:38:15.135,1.0132,1.0134,6.10,2.60
2007.12.06 09:38:15.203,1.0133,1.0134,0.50,2.60
2007.12.06 09:38:15.731,1.0133,1.0134,0.50,0.30
2007.12.06 09:38:16.229,1.0133,1.0134,0.50,0.30
2007.12.06 09:38:16.941,1.0133,1.0134,0.50,0.30
2007.12.06 09:38:17.282,1.0132,1.0134,8.50,0.30
2007.12.06 09:38:22.359,1.0133,1.0134,0.60,0.30
2007.12.06 09:38:22.442,1.0132,1.0134,8.60,0.30
2007.12.06 09:38:28.536,1.0133,1.0134,0.60,0.30
2007.12.06 09:38:34.318,1.0132,1.0134,8.00,0.30
2007.12.06 09:38:34.474,1.0132,1.0134,7.20,0.30
2007.12.06 09:38:35.241,1.0133,1.0134,0.50,0.30
2007.12.06 09:38:35.468,1.0133,1.0134,0.50,0.30
2007.12.06 09:38:39.574,1.0133,1.0134,0.50,0.30
2007.12.06 09:38:42.024,1.0133,1.0134,0.50,0.30
2007.12.06 09:38:42.157,1.0133,1.0134,0.50,0.30
2007.12.06 09:38:43.182,1.0133,1.0134,0.50,0.30
2007.12.06 09:38:43.404,1.0132,1.0134,7.20,0.30
2007.12.06 09:38:43.685,1.0132,1.0134,7.20,0.30
2007.12.06 09:38:49.258,1.0132,1.0134,2.30,0.30
2007.12.06 09:38:50.592,1.0132,1.0134,7.20,0.30
2007.12.06 09:38:56.381,1.0132,1.0134,7.20,0.30
2007.12.06 09:39:01.632,1.0132,1.0134,7.20,0.30
2007.12.06 09:39:02.416,1.0132,1.0134,7.20,0.30
2007.12.06 09:39:02.604,1.0132,1.0134,7.20,0.30
2007.12.06 09:39:02.792,1.0132,1.0134,11.20,0.30
2007.12.06 09:39:02.979,1.0132,1.0134,11.20,0.30
2007.12.06 09:39:03.131,1.0132,1.0134,13.60,0.30
2007.12.06 09:39:03.428,1.0132,1.0134,13.60,0.30
2007.12.06 09:39:03.485,1.0133,1.0134,5.70,0.30
2007.12.06 09:39:03.554,1.0133,1.0135,6.40,2.40
2007.12.06 09:39:03.641,1.0133,1.0135,6.40,2.40
2007.12.06 09:39:03.698,1.0133,1.01355,8.80,4.00
2007.12.06 09:39:03.971,1.0133,1.0135,2.40,3.20
2007.12.06 09:39:04.068,1.0133,1.0135,2.40,3.20
2007.12.06 09:39:04.167,1.0133,1.0135,2.50,3.20
2007.12.06 09:39:05.170,1.0133,1.0135,2.50,3.20
2007.12.06 09:39:06.477,1.0133,1.01355,5.70,4.00
2007.12.06 09:39:06.621,1.0133,1.0136,5.80,6.50
2007.12.06 09:39:06.764,1.0133,1.0136,5.90,0.20
2007.12.06 09:39:06.908,1.0133,1.01365,5.90,4.00
2007.12.06 09:39:07.051,1.0133,1.0137,8.30,5.80
2007.12.06 09:39:07.154,1.0133,1.0137,8.30,6.00
2007.12.06 09:39:07.489,1.0133,1.0137,8.30,6.00
2007.12.06 09:39:07.592,1.0133,1.0137,8.30,5.20
2007.12.06 09:39:07.695,1.0134,1.0137,0.20,2.80
2007.12.06 09:39:07.798,1.0134,1.0137,0.20,0.50
2007.12.06 09:39:07.955,1.0134,1.0137,0.20,0.50
2007.12.06 09:39:08.058,1.0134,1.0137,0.30,0.30
2007.12.06 09:39:08.216,1.0134,1.0137,0.30,0.30
2007.12.06 09:39:08.665,1.0134,1.0137,0.30,0.30
2007.12.06 09:39:09.903,1.0134,1.0137,0.30,0.40
2007.12.06 09:39:12.648,1.0134,1.0137,0.30,0.40
2007.12.06 09:39:23.674,1.0134,1.0137,0.30,0.40
2007.12.06 09:39:27.917,1.0134,1.0137,0.30,0.40
2007.12.06 09:39:28.702,1.01335,1.01375,0.30,0.40
2007.12.06 09:39:31.995,1.01335,1.01375,3.40,0.40
2007.12.06 09:39:32.173,1.0135,1.0137,0.60,0.20
2007.12.06 09:39:32.351,1.0135,1.0137,0.60,0.20
2007.12.06 09:39:32.530,1.0135,1.0137,0.60,0.20
2007.12.06 09:39:32.708,1.0135,1.0137,0.60,0.20
2007.12.06 09:39:33.360,1.01345,1.01365,0.60,0.20
2007.12.06 09:39:33.648,1.01345,1.01365,0.60,0.20
2007.12.06 09:39:33.939,1.01345,1.01365,0.60,0.20
2007.12.06 09:39:34.141,1.01345,1.01365,0.60,0.20
2007.12.06 09:39:34.224,1.01345,1.01365,0.60,0.20
2007.12.06 09:39:34.710,1.01345,1.01365,0.60,0.20
2007.12.06 09:39:34.783,1.01345,1.01365,0.60,0.20
2007.12.06 09:39:34.857,1.01345,1.01365,0.60,0.20
2007.12.06 09:39:34.937,1.01345,1.01365,0.60,0.20
2007.12.06 09:39:41.689,1.01345,1.01365,0.60,0.20
2007.12.06 09:39:44.885,1.01345,1.01365,0.60,0.20
2007.12.06 09:39:45.284,1.01345,1.01365,0.60,0.20
2007.12.06 09:39:45.483,1.01345,1.01365,0.60,0.20
2007.12.06 09:39:45.556,1.0134,1.01365,1.20,0.20
2007.12.06 09:39:45.682,1.0134,1.01365,1.20,0.20
2007.12.06 09:39:47.150,1.0134,1.01365,1.20,0.20
2007.12.06 09:39:56.756,1.01345,1.01365,0.60,0.20
2007.12.06 09:40:07.781,1.0133,1.0137,25.10,3.50
2007.12.06 09:40:08.116,1.0134,1.0137,3.20,3.50
2007.12.06 09:40:08.546,1.0133,1.0137,25.20,3.60
2007.12.06 09:40:08.794,1.0134,1.0137,3.00,3.60
2007.12.06 09:40:09.042,1.0133,1.0137,25.10,3.50
2007.12.06 09:40:09.262,1.0133,1.0137,25.10,3.60
2007.12.06 09:40:09.436,1.0133,1.0137,25.10,3.60
2007.12.06 09:40:09.587,1.0133,1.0137,25.10,3.50
2007.12.06 09:40:09.699,1.0134,1.0137,2.10,3.50
2007.12.06 09:40:10.095,1.0134,1.0137,0.50,3.60
2007.12.06 09:40:10.347,1.0133,1.0137,25.10,3.60
2007.12.06 09:40:10.600,1.0133,1.0137,25.10,3.50
2007.12.06 09:40:10.853,1.0133,1.0137,25.20,3.60
2007.12.06 09:40:11.106,1.0134,1.0137,1.50,3.60
2007.12.06 09:40:11.304,1.0134,1.0137,1.60,3.50
2007.12.06 09:40:11.502,1.0133,1.0137,25.10,3.50
2007.12.06 09:40:11.700,1.0134,1.0137,1.20,3.60
2007.12.06 09:40:11.898,1.0134,1.0137,0.70,3.60
2007.12.06 09:40:12.095,1.0134,1.0137,2.60,3.50
2007.12.06 09:40:12.358,1.0134,1.0137,2.40,3.50
2007.12.06 09:40:12.621,1.0133,1.0137,25.10,3.60
2007.12.06 09:40:12.884,1.0133,1.0137,25.10,3.50
2007.12.06 09:40:13.147,1.0134,1.0137,2.20,3.60
2007.12.06 09:40:13.403,1.0133,1.0137,25.20,3.60
2007.12.06 09:40:13.727,1.0134,1.0137,1.90,6.00
2007.12.06 09:40:14.153,1.0133,1.0137,25.20,6.00
2007.12.06 09:40:16.436,1.0133,1.0137,25.20,6.00
2007.12.06 09:40:18.831,1.0134,1.0137,0.80,6.00
2007.12.06 09:40:27.160,1.0134,1.0137,3.00,6.00
2007.12.06 09:40:27.363,1.0134,1.0137,0.50,6.00
2007.12.06 09:40:29.844,1.0133,1.0137,25.20,6.00
2007.12.06 09:40:41.016,1.0134,1.0137,6.20,6.00
2007.12.06 09:40:45.202,1.0134,1.0138,6.20,35.70
2007.12.06 09:40:52.052,1.0133,1.0139,4.80,11.00
2007.12.06 09:40:57.381,1.0134,1.0137,5.60,0.90
2007.12.06 09:40:57.529,1.0134,1.0138,5.60,31.70
2007.12.06 09:41:03.081,1.0134,1.0138,5.60,31.70
2007.12.06 09:41:08.598,1.0134,1.0138,5.60,30.10
2007.12.06 09:41:08.870,1.0134,1.0137,5.60,0.60
2007.12.06 09:41:09.130,1.0134,1.0138,6.00,29.20
2007.12.06 09:41:09.389,1.0134,1.0137,6.00,0.60
2007.12.06 09:41:10.659,1.0134,1.0138,6.00,29.20
2007.12.06 09:41:14.112,1.0134,1.0137,6.00,3.20
2007.12.06 09:41:14.563,1.0134,1.0138,6.00,29.20
2007.12.06 09:41:17.080,1.0134,1.01375,0.60,3.40
2007.12.06 09:41:17.339,1.0134,1.0136,0.60,0.20
2007.12.06 09:41:17.598,1.0134,1.01365,0.60,4.20
2007.12.06 09:41:17.924,1.0134,1.0136,0.60,0.20
2007.12.06 09:41:18.431,1.0134,1.01365,0.60,4.20
2007.12.06 09:41:22.183,1.0134,1.01365,0.60,4.20
2007.12.06 09:41:25.157,1.0134,1.01365,0.60,4.20
2007.12.06 09:41:36.179,1.0134,1.0136,0.60,0.20
2007.12.06 09:41:47.203,1.0134,1.0137,6.00,16.00
2007.12.06 09:41:47.395,1.0134,1.0137,3.60,12.00
2007.12.06 09:41:48.966,1.0134,1.0137,6.00,0.50
2007.12.06 09:41:57.176,1.0134,1.0137,6.00,0.90
2007.12.06 09:41:58.229,1.0134,1.0138,6.00,41.30
2007.12.06 09:42:06.244,1.01345,1.01365,0.60,0.20
2007.12.06 09:42:06.449,1.01345,1.01365,0.60,0.20
2007.12.06 09:42:06.652,1.01345,1.01365,0.60,0.20
2007.12.06 09:42:06.905,1.01345,1.01365,0.60,0.20
2007.12.06 09:42:07.109,1.01345,1.01365,0.60,0.20
2007.12.06 09:42:07.420,1.01345,1.01365,0.60,0.20
2007.12.06 09:42:07.658,1.01345,1.01365,0.60,0.20
2007.12.06 09:42:08.341,1.01345,1.01365,0.60,0.20
2007.12.06 09:42:08.674,1.01345,1.01365,0.60,0.20
2007.12.06 09:42:09.257,1.01345,1.01365,0.60,0.20
2007.12.06 09:42:09.466,1.01345,1.01365,2.80,0.20
2007.12.06 09:42:14.885,1.01345,1.01365,2.80,0.20
2007.12.06 09:42:15.210,1.01345,1.01365,2.80,0.20
2007.12.06 09:42:15.400,1.01345,1.01365,2.80,0.20
2007.12.06 09:42:15.493,1.01345,1.01365,0.60,0.20
2007.12.06 09:42:17.370,1.01345,1.01365,0.60,0.20
2007.12.06 09:42:19.259,1.01345,1.01365,2.80,0.20
2007.12.06 09:42:20.278,1.01345,1.01365,2.80,0.20
2007.12.06 09:42:25.480,1.01345,1.01365,0.60,0.20
2007.12.06 09:42:29.315,1.01345,1.01365,2.80,0.20
2007.12.06 09:42:31.324,1.01345,1.01365,2.80,0.20
2007.12.06 09:42:35.429,1.01345,1.01365,0.60,0.20
2007.12.06 09:42:39.266,1.0135,1.0137,2.40,0.80
2007.12.06 09:42:41.313,1.0134,1.0137,5.80,0.80
2007.12.06 09:42:42.340,1.0135,1.0137,1.50,0.80
2007.12.06 09:42:45.395,1.0133,1.0137,28.30,3.20
2007.12.06 09:42:49.341,1.0134,1.0137,5.80,0.80
2007.12.06 09:42:51.592,1.0136,1.0137,0.20,0.80
2007.12.06 09:42:51.831,1.0136,1.0137,0.20,0.80
2007.12.06 09:42:52.001,1.0136,1.0137,0.20,0.80
2007.12.06 09:42:52.334,1.0134,1.0137,6.00,3.20
2007.12.06 09:42:52.669,1.0135,1.0137,0.60,0.20
2007.12.06 09:42:53.003,1.01345,1.01365,0.60,0.20
2007.12.06 09:42:53.217,1.01345,1.01365,0.60,0.20
2007.12.06 09:42:53.431,1.01345,1.0137,1.20,0.20
2007.12.06 09:42:53.657,1.01365,1.0137,0.20,0.20
2007.12.06 09:42:53.890,1.01365,1.0137,0.20,0.20
2007.12.06 09:42:54.105,1.0135,1.0137,1.70,0.20
2007.12.06 09:42:54.438,1.01355,1.01375,0.60,4.90
2007.12.06 09:42:54.772,1.0135,1.01375,1.30,4.10
2007.12.06 09:42:55.106,1.0135,1.0137,0.90,0.20
2007.12.06 09:42:55.350,1.0135,1.0137,0.60,0.20
2007.12.06 09:42:55.594,1.01345,1.0137,3.70,0.20
2007.12.06 09:42:56.129,1.0135,1.0137,0.60,0.20
2007.12.06 09:42:56.724,1.01365,1.0137,0.20,0.20
2007.12.06 09:42:57.022,1.01355,1.01375,0.80,4.10
2007.12.06 09:42:57.321,1.01355,1.01375,0.70,4.10
2007.12.06 09:42:57.559,1.01355,1.01375,0.70,4.10
2007.12.06 09:42:57.797,1.0135,1.01375,1.30,4.10
2007.12.06 09:42:58.035,1.01365,1.0137,0.20,0.20
2007.12.06 09:42:58.273,1.01365,1.0137,0.20,0.20
2007.12.06 09:42:58.572,1.0135,1.0137,1.50,0.20
2007.12.06 09:42:58.870,1.0135,1.0137,0.90,0.20
2007.12.06 09:42:59.168,1.0135,1.0137,0.90,0.20
2007.12.06 09:42:59.824,1.0135,1.0137,0.90,0.20
2007.12.06 09:43:03.418,1.0135,1.0137,1.10,0.20
2007.12.06 09:43:04.680,1.0135,1.0137,1.10,0.20
2007.12.06 09:43:15.402,1.01355,1.0137,0.50,0.20
2007.12.06 09:43:15.707,1.01355,1.0137,0.50,0.20
2007.12.06 09:43:16.121,1.01355,1.0137,0.50,0.20
2007.12.06 09:43:17.017,1.01365,1.0137,0.20,0.20
2007.12.06 09:43:17.254,1.01365,1.0137,0.20,0.20
2007.12.06 09:43:17.493,1.01365,1.01375,0.20,4.10
2007.12.06 09:43:17.732,1.01355,1.01375,0.80,4.10
2007.12.06 09:43:18.026,1.01355,1.01375,0.80,4.10
2007.12.06 09:43:18.321,1.01355,1.01375,0.80,4.10
2007.12.06 09:43:18.653,1.01355,1.01375,0.80,4.10
2007.12.06 09:43:19.187,1.01355,1.01375,0.80,4.10
2007.12.06 09:43:22.198,1.01355,1.01375,0.80,4.10
2007.12.06 09:43:26.734,1.01355,1.01375,0.80,4.10
2007.12.06 09:43:28.488,1.0135,1.01375,2.00,4.10
2007.12.06 09:43:33.228,1.01365,1.01375,0.20,4.10
2007.12.06 09:43:33.537,1.01355,1.01375,0.90,4.10
2007.12.06 09:43:37.761,1.01355,1.01375,0.90,4.10
2007.12.06 09:43:48.782,1.0136,1.0138,0.50,8.00
2007.12.06 09:43:59.171,1.0137,1.0138,0.20,8.00
2007.12.06 09:43:59.523,1.0137,1.0138,0.20,8.00
2007.12.06 09:43:59.809,1.0137,1.0138,0.20,8.00
2007.12.06 09:44:00.153,1.0137,1.0138,0.20,8.00
2007.12.06 09:44:04.369,1.0135,1.0138,0.80,1.60
2007.12.06 09:44:10.836,1.0135,1.0138,0.80,1.60
2007.12.06 09:44:12.643,1.0135,1.0138,0.80,1.60
2007.12.06 09:44:15.201,1.0136,1.0138,0.30,8.00
2007.12.06 09:44:15.464,1.0136,1.01375,0.30,3.50
2007.12.06 09:44:15.682,1.01355,1.0137,0.30,0.20
2007.12.06 09:44:15.901,1.0135,1.0137,0.60,0.20
2007.12.06 09:44:21.000,1.01355,1.01375,0.60,3.60
2007.12.06 09:44:21.224,1.01355,1.01375,0.60,3.60
2007.12.06 09:44:21.447,1.01355,1.01375,0.60,3.60
2007.12.06 09:44:21.669,1.01355,1.01375,0.60,3.60
2007.12.06 09:44:21.868,1.01355,1.01375,0.60,3.60
2007.12.06 09:44:23.402,1.01355,1.01375,0.60,4.10
2007.12.06 09:44:24.803,1.0135,1.01375,1.20,4.10
2007.12.06 09:44:27.582,1.01355,1.01375,0.60,4.10
2007.12.06 09:44:28.432,1.01355,1.01375,0.60,4.10
2007.12.06 09:44:32.498,1.0136,1.01375,0.60,4.00
2007.12.06 09:44:32.705,1.0136,1.0138,0.60,1.70
2007.12.06 09:44:32.923,1.0136,1.0138,0.60,0.20
2007.12.06 09:44:33.129,1.0136,1.0138,0.60,0.20
2007.12.06 09:44:33.447,1.0136,1.0138,0.60,0.20
2007.12.06 09:44:33.925,1.0136,1.0138,0.60,0.20
2007.12.06 09:44:36.121,1.0136,1.0138,0.60,0.20
2007.12.06 09:44:43.905,1.0136,1.0138,0.60,0.20
2007.12.06 09:44:44.841,1.0136,1.01385,0.60,7.40
2007.12.06 09:44:54.936,1.0136,1.0138,0.60,0.20
2007.12.06 09:45:05.960,1.01345,1.0139,8.80,0.90
2007.12.06 09:45:06.900,1.0135,1.01395,0.80,5.60
2007.12.06 09:45:07.593,1.0135,1.01395,0.80,5.60
2007.12.06 09:45:15.426,1.01345,1.0139,8.80,1.60
2007.12.06 09:45:16.192,1.01345,1.01385,14.60,4.00
2007.12.06 09:45:16.370,1.01345,1.01385,14.60,4.00
2007.12.06 09:45:16.986,1.01345,1.01385,14.60,4.00
2007.12.06 09:45:20.632,1.0136,1.0138,2.70,3.20
2007.12.06 09:45:20.954,1.0136,1.0138,2.70,3.20
2007.12.06 09:45:21.278,1.0136,1.0138,2.80,3.20
2007.12.06 09:45:23.369,1.0136,1.0138,2.80,3.20
2007.12.06 09:45:23.599,1.0137,1.0138,0.30,3.20
2007.12.06 09:45:23.827,1.0136,1.0138,2.80,3.20
2007.12.06 09:45:24.056,1.0136,1.0138,2.80,3.20
2007.12.06 09:45:24.284,1.0136,1.0138,2.80,3.20
2007.12.06 09:45:25.183,1.0136,1.0138,2.80,3.20
2007.12.06 09:45:27.136,1.01375,1.01385,0.60,7.20
2007.12.06 09:45:27.329,1.01375,1.0139,0.60,1.60
2007.12.06 09:45:27.523,1.01375,1.0139,0.70,1.60
2007.12.06 09:45:27.787,1.01375,1.01395,0.70,4.10
2007.12.06 09:45:28.050,1.01375,1.01395,0.70,4.10
2007.12.06 09:45:28.329,1.01375,1.01395,0.70,4.10
2007.12.06 09:45:37.168,1.0137,1.01395,1.90,4.10
2007.12.06 09:45:38.256,1.0137,1.01395,1.80,4.10
2007.12.06 09:45:38.385,1.0137,1.01395,1.20,4.10
2007.12.06 09:45:39.051,1.0137,1.01395,1.20,4.10
2007.12.06 09:45:48.113,1.01375,1.01395,0.60,4.10
2007.12.06 09:45:50.069,1.0137,1.01395,1.20,4.10
2007.12.06 09:46:01.102,1.01365,1.014,12.40,8.80
2007.12.06 09:46:05.497,1.01365,1.014,20.00,8.80
2007.12.06 09:46:12.128,1.0136,1.014,8.80,1.60
2007.12.06 09:46:15.564,1.01365,1.014,11.20,8.80
2007.12.06 09:46:15.856,1.0137,1.014,3.20,8.80
2007.12.06 09:46:15.993,1.0137,1.014,2.70,8.80
2007.12.06 09:46:18.120,1.01365,1.014,10.30,8.80
2007.12.06 09:46:18.324,1.01365,1.014,10.30,8.80
2007.12.06 09:46:18.922,1.0137,1.014,0.50,8.80
2007.12.06 09:46:19.038,1.0136,1.014,26.30,8.80
2007.12.06 09:46:19.344,1.0137,1.014,2.90,8.80
2007.12.06 09:46:20.414,1.0136,1.014,27.00,8.80
2007.12.06 09:46:20.593,1.0136,1.014,23.80,8.80
2007.12.06 09:46:20.735,1.0136,1.014,31.80,7.20
2007.12.06 09:46:20.914,1.0138,1.014,0.60,0.20
2007.12.06 09:46:21.091,1.01375,1.014,1.20,0.20
2007.12.06 09:46:21.270,1.01375,1.014,1.20,0.20
2007.12.06 09:46:21.448,1.01395,1.014,0.05,0.20
2007.12.06 09:46:21.627,1.01375,1.014,1.20,0.20
2007.12.06 09:46:21.877,1.01375,1.014,1.20,0.20
2007.12.06 09:46:22.092,1.01375,1.014,1.20,0.20
2007.12.06 09:46:22.297,1.01375,1.014,1.20,0.20
2007.12.06 09:46:22.609,1.01375,1.014,1.20,0.20
2007.12.06 09:46:23.126,1.0138,1.014,0.60,0.20
2007.12.06 09:46:23.308,1.01375,1.014,1.20,0.20
2007.12.06 09:46:23.427,1.0138,1.014,0.60,0.20
2007.12.06 09:46:24.184,1.01375,1.014,1.20,0.20
2007.12.06 09:46:34.336,1.0138,1.014,0.60,0.20
2007.12.06 09:46:38.270,1.0138,1.014,0.60,0.20
2007.12.06 09:46:42.782,1.01375,1.014,1.20,0.20
2007.12.06 09:46:45.369,1.01375,1.014,1.20,0.20
2007.12.06 09:46:46.585,1.01375,1.014,1.20,0.20
2007.12.06 09:46:48.775,1.01375,1.014,1.20,0.20
2007.12.06 09:46:48.844,1.0137,1.01395,1.20,0.20
2007.12.06 09:46:48.888,1.0137,1.01395,1.20,0.20
2007.12.06 09:46:48.931,1.01375,1.01395,0.60,0.20
2007.12.06 09:46:49.005,1.0137,1.01395,1.20,0.20
2007.12.06 09:46:49.095,1.0137,1.01395,1.20,0.20
2007.12.06 09:46:49.138,1.0137,1.01395,1.20,0.20
2007.12.06 09:46:49.181,1.01375,1.01395,0.60,0.20
2007.12.06 09:46:49.224,1.0137,1.01395,1.20,0.20
2007.12.06 09:46:50.074,1.0137,1.01395,1.20,0.20
2007.12.06 09:46:50.766,1.0137,1.01395,1.20,0.40
2007.12.06 09:46:50.886,1.0137,1.01395,1.20,0.40
2007.12.06 09:46:51.000,1.01375,1.01395,0.60,0.20
2007.12.06 09:46:51.115,1.01375,1.01395,0.60,0.20
2007.12.06 09:46:56.389,1.0137,1.01395,1.20,0.20
2007.12.06 09:46:59.300,1.01375,1.014,1.20,0.20
2007.12.06 09:46:59.344,1.0138,1.014,0.60,0.20
2007.12.06 09:46:59.377,1.0138,1.014,0.60,0.20
2007.12.06 09:46:59.400,1.0138,1.014,0.60,0.20
2007.12.06 09:46:59.441,1.0138,1.014,0.60,0.20
2007.12.06 09:46:59.471,1.0138,1.014,0.60,0.20
2007.12.06 09:46:59.582,1.01375,1.014,1.20,0.20
2007.12.06 09:46:59.686,1.01375,1.014,1.20,0.20
2007.12.06 09:46:59.793,1.0138,1.014,0.60,0.20
2007.12.06 09:46:59.888,1.0138,1.014,0.60,0.20
2007.12.06 09:46:59.911,1.01375,1.014,1.20,0.20
2007.12.06 09:47:00.104,1.0138,1.014,0.60,0.20
2007.12.06 09:47:00.328,1.0138,1.014,0.60,0.20
2007.12.06 09:47:00.463,1.01375,1.014,1.20,0.20
2007.12.06 09:47:00.635,1.0138,1.014,0.60,0.20
2007.12.06 09:47:01.471,1.01375,1.014,1.20,0.20
2007.12.06 09:47:01.785,1.0138,1.014,0.60,0.20
2007.12.06 09:47:02.099,1.01375,1.014,1.20,0.20
2007.12.06 09:47:02.323,1.0137,1.01395,1.20,0.20
2007.12.06 09:47:02.508,1.01375,1.01395,0.60,0.20
2007.12.06 09:47:02.692,1.01375,1.01395,0.60,0.20
2007.12.06 09:47:02.874,1.0137,1.01395,1.20,0.20
2007.12.06 09:47:03.639,1.0137,1.01395,1.20,0.20
2007.12.06 09:47:07.423,1.01375,1.01395,0.60,0.20
2007.12.06 09:47:09.566,1.0137,1.01395,1.20,0.20
2007.12.06 09:47:10.554,1.0137,1.01395,1.20,0.20
2007.12.06 09:47:15.316,1.01375,1.01395,0.60,0.20
2007.12.06 09:47:17.318,1.01375,1.01395,0.60,0.20
2007.12.06 09:47:17.652,1.01375,1.01395,0.60,0.20
2007.12.06 09:47:18.448,1.01375,1.01395,0.60,0.20
2007.12.06 09:47:18.821,1.0138,1.014,0.60,0.20
2007.12.06 09:47:18.995,1.0138,1.014,0.60,0.20
2007.12.06 09:47:19.171,1.0138,1.014,0.60,0.20
2007.12.06 09:47:19.519,1.0138,1.014,0.60,0.20
2007.12.06 09:47:19.821,1.0138,1.014,0.60,0.20
2007.12.06 09:47:20.015,1.01375,1.014,1.20,0.20
2007.12.06 09:47:20.124,1.01375,1.014,1.20,0.20
2007.12.06 09:47:20.428,1.0138,1.014,0.60,0.20
2007.12.06 09:47:22.859,1.0138,1.014,0.60,0.20
2007.12.06 09:47:23.173,1.0138,1.014,0.60,0.20
2007.12.06 09:47:24.596,1.0138,1.014,0.60,0.20
2007.12.06 09:47:24.784,1.0138,1.014,0.60,0.20
2007.12.06 09:47:25.097,1.0138,1.014,0.60,0.20
2007.12.06 09:47:25.285,1.0138,1.014,0.60,0.20
2007.12.06 09:47:26.381,1.0138,1.014,0.60,0.20
2007.12.06 09:47:28.381,1.0138,1.014,0.60,0.20
2007.12.06 09:47:29.106,1.0138,1.014,0.60,0.20
2007.12.06 09:47:29.323,1.0138,1.014,0.60,0.20
2007.12.06 09:47:30.062,1.0138,1.014,0.60,0.20
2007.12.06 09:47:32.570,1.0138,1.014,0.60,0.20
2007.12.06 09:47:38.906,1.01385,1.01405,0.60,5.70
2007.12.06 09:47:39.089,1.01385,1.01405,0.60,4.90
2007.12.06 09:47:39.272,1.01385,1.01405,0.60,4.90
2007.12.06 09:47:39.455,1.01385,1.01405,0.60,4.90
2007.12.06 09:47:39.656,1.01385,1.01405,0.60,4.90
2007.12.06 09:47:40.052,1.01385,1.01405,0.60,4.90
2007.12.06 09:47:40.498,1.01385,1.01405,0.60,4.90
2007.12.06 09:47:45.328,1.01385,1.01405,0.60,4.90
2007.12.06 09:47:45.850,1.01375,1.01395,6.40,0.20
2007.12.06 09:47:45.998,1.01375,1.01395,4.00,0.20
2007.12.06 09:47:46.146,1.01375,1.01395,0.60,0.20
2007.12.06 09:47:46.264,1.01375,1.01395,0.60,0.20
2007.12.06 09:47:46.383,1.01375,1.01395,0.60,0.20
2007.12.06 09:47:46.516,1.01375,1.01395,0.60,0.20
2007.12.06 09:47:46.837,1.01375,1.01395,0.60,0.20
2007.12.06 09:47:47.084,1.01375,1.01395,0.60,0.20
2007.12.06 09:47:47.333,1.01375,1.01395,0.60,0.20
2007.12.06 09:47:48.358,1.01375,1.01395,0.60,0.20
2007.12.06 09:47:51.534,1.01375,1.01395,0.60,0.20
2007.12.06 09:48:02.576,1.01375,1.01395,0.60,0.20
2007.12.06 09:48:06.234,1.01375,1.01395,0.60,0.20
2007.12.06 09:48:06.387,1.01375,1.01395,0.60,0.20
2007.12.06 09:48:06.961,1.01375,1.01395,0.60,0.20
2007.12.06 09:48:13.594,1.01375,1.01395,0.60,0.20
2007.12.06 09:48:14.534,1.01375,1.01405,0.60,8.50
2007.12.06 09:48:24.617,1.0137,1.0141,6.10,31.50
2007.12.06 09:48:35.521,1.0138,1.014,0.60,0.20
2007.12.06 09:48:35.603,1.0138,1.014,0.60,0.20
2007.12.06 09:48:36.000,1.0138,1.01405,0.60,8.20
2007.12.06 09:48:36.523,1.0138,1.01405,0.60,8.20
2007.12.06 09:48:39.628,1.0138,1.014,0.60,0.20
2007.12.06 09:48:40.582,1.0138,1.01405,0.60,8.20
2007.12.06 09:48:41.097,1.0138,1.01405,0.60,8.20
2007.12.06 09:48:46.213,1.0138,1.014,0.60,0.20
2007.12.06 09:48:46.666,1.0138,1.014,0.60,0.20
2007.12.06 09:48:57.692,1.0138,1.014,0.60,0.20
2007.12.06 09:49:04.555,1.0138,1.014,0.60,0.20
2007.12.06 09:49:08.726,1.0138,1.014,2.40,3.20
2007.12.06 09:49:12.556,1.0138,1.014,2.40,3.20
2007.12.06 09:49:12.758,1.0137,1.014,14.80,5.60
2007.12.06 09:49:13.889,1.01365,1.014,18.80,5.60
2007.12.06 09:49:16.190,1.0138,1.014,2.40,3.20
2007.12.06 09:49:19.752,1.0138,1.014,2.40,3.20
2007.12.06 09:49:22.829,1.0137,1.014,14.80,5.60
2007.12.06 09:49:26.042,1.01375,1.014,2.40,5.60
2007.12.06 09:49:26.456,1.01375,1.014,2.40,5.60
2007.12.06 09:49:30.770,1.01375,1.014,2.40,5.60
2007.12.06 09:49:31.450,1.01375,1.014,2.40,5.60
2007.12.06 09:49:32.730,1.01375,1.014,2.40,5.60
2007.12.06 09:49:34.151,1.01375,1.014,2.40,5.60
2007.12.06 09:49:35.436,1.01375,1.014,1.80,5.60
2007.12.06 09:49:35.587,1.01375,1.014,1.80,5.60
2007.12.06 09:49:36.001,1.01375,1.014,1.80,5.60
2007.12.06 09:49:36.115,1.01375,1.014,1.80,5.60
2007.12.06 09:49:41.812,1.01375,1.014,1.80,5.60
2007.12.06 09:49:42.846,1.01375,1.014,1.80,5.60
2007.12.06 09:49:43.467,1.01375,1.014,1.80,5.60
2007.12.06 09:49:43.670,1.01375,1.014,2.40,5.60
2007.12.06 09:49:43.779,1.0138,1.014,2.40,3.20
2007.12.06 09:49:43.857,1.0138,1.014,2.40,3.20
2007.12.06 09:49:44.392,1.0138,1.014,2.80,3.20
2007.12.06 09:49:44.559,1.0138,1.014,2.80,3.20
2007.12.06 09:49:45.382,1.0138,1.014,2.80,3.20
2007.12.06 09:49:45.675,1.0138,1.014,2.80,3.20
2007.12.06 09:49:49.637,1.0138,1.014,2.80,3.20
2007.12.06 09:49:49.847,1.0138,1.014,2.80,3.20
2007.12.06 09:49:50.506,1.0138,1.014,2.80,3.20
2007.12.06 09:49:51.343,1.0138,1.014,2.80,3.20
2007.12.06 09:49:52.847,1.0138,1.014,2.80,3.20
2007.12.06 09:50:02.491,1.0138,1.014,2.80,0.90
2007.12.06 09:50:03.863,1.0138,1.01405,2.80,8.80
2007.12.06 09:50:14.989,1.01365,1.01405,8.00,0.60
2007.12.06 09:50:17.190,1.0138,1.01405,2.90,4.80
2007.12.06 09:50:18.277,1.0138,1.014,2.90,0.60
2007.12.06 09:50:24.340,1.0138,1.01405,2.90,4.80
2007.12.06 09:50:26.035,1.0138,1.014,2.90,0.80
2007.12.06 09:50:31.104,1.0138,1.014,2.90,3.20
2007.12.06 09:50:31.319,1.0138,1.014,2.90,3.20
2007.12.06 09:50:37.044,1.0138,1.014,2.90,3.20
2007.12.06 09:50:46.886,1.0138,1.014,2.90,3.20
2007.12.06 09:50:48.085,1.01365,1.01405,12.00,5.60
2007.12.06 09:50:59.117,1.01365,1.01405,12.00,5.60
2007.12.06 09:51:01.293,1.01385,1.01405,0.60,5.70
2007.12.06 09:51:01.439,1.01385,1.01405,0.60,5.70
2007.12.06 09:51:01.644,1.01385,1.01405,0.60,5.70
2007.12.06 09:51:02.091,1.01385,1.01405,0.60,5.70
2007.12.06 09:51:03.378,1.01385,1.01405,0.60,5.70
2007.12.06 09:51:04.257,1.0138,1.014,0.60,0.20
2007.12.06 09:51:04.340,1.0138,1.014,0.60,0.20
2007.12.06 09:51:04.423,1.0138,1.014,0.60,0.20
2007.12.06 09:51:04.593,1.0138,1.014,0.60,0.20
2007.12.06 09:51:04.828,1.0138,1.014,0.60,0.20
2007.12.06 09:51:06.837,1.01375,1.014,3.90,0.20
2007.12.06 09:51:10.154,1.01375,1.014,3.90,0.20
2007.12.06 09:51:12.424,1.01375,1.014,3.40,0.20
2007.12.06 09:51:12.519,1.0138,1.014,0.60,0.20
2007.12.06 09:51:12.849,1.01375,1.014,3.40,0.20
2007.12.06 09:51:13.678,1.01375,1.014,3.80,0.20
2007.12.06 09:51:14.565,1.01375,1.014,3.80,0.20
2007.12.06 09:51:21.194,1.0138,1.014,0.60,0.20
2007.12.06 09:51:26.008,1.01375,1.014,3.80,0.20
2007.12.06 09:51:27.872,1.01375,1.014,3.80,0.20
2007.12.06 09:51:32.237,1.01375,1.014,3.80,0.20
2007.12.06 09:51:33.463,1.01385,1.014,0.40,0.20
2007.12.06 09:51:35.546,1.0137,1.014,14.60,3.20
2007.12.06 09:51:35.654,1.0137,1.014,14.50,3.20
2007.12.06 09:51:43.255,1.0138,1.014,2.40,3.20
2007.12.06 09:51:53.116,1.0138,1.014,2.40,3.20
2007.12.06 09:51:53.375,1.0138,1.01405,5.60,1.60
2007.12.06 09:51:53.533,1.01385,1.01405,0.60,5.70
2007.12.06 09:51:53.691,1.01385,1.01405,0.60,5.70
2007.12.06 09:51:53.849,1.01385,1.01405,0.60,5.70
2007.12.06 09:51:54.096,1.01385,1.01405,0.60,5.70
2007.12.06 09:51:54.282,1.01385,1.01405,0.60,5.70
2007.12.06 09:51:54.743,1.01385,1.01405,0.60,5.70
2007.12.06 09:51:55.159,1.01385,1.01405,0.60,5.70
2007.12.06 09:51:56.376,1.01385,1.01405,0.60,6.50
2007.12.06 09:51:56.495,1.0138,1.014,0.60,0.20
2007.12.06 09:51:56.614,1.0138,1.014,0.60,0.20
2007.12.06 09:51:58.774,1.01375,1.01395,2.80,0.20
2007.12.06 09:51:58.992,1.01375,1.01395,2.80,0.20
2007.12.06 09:51:59.210,1.01375,1.01395,0.60,0.20
2007.12.06 09:51:59.429,1.01365,1.0138,4.80,0.20
2007.12.06 09:51:59.647,1.0136,1.0138,4.40,0.20
2007.12.06 09:51:59.821,1.01355,1.01375,0.60,0.20
2007.12.06 09:51:59.994,1.01355,1.01375,0.60,2.50
2007.12.06 09:52:00.167,1.01355,1.01375,0.60,0.20
2007.12.06 09:52:00.427,1.01355,1.01375,0.60,0.20
2007.12.06 09:52:00.599,1.0135,1.0137,0.60,0.20
2007.12.06 09:52:00.850,1.01345,1.01365,0.60,0.20
2007.12.06 09:52:00.978,1.01345,1.01365,0.60,0.20
2007.12.06 09:52:01.106,1.01345,1.01365,0.60,0.20
2007.12.06 09:52:01.259,1.01345,1.01365,0.60,0.20
2007.12.06 09:52:01.591,1.01345,1.01365,0.60,0.20
2007.12.06 09:52:01.888,1.01345,1.01365,0.60,2.50
2007.12.06 09:52:02.151,1.01345,1.01365,0.60,0.20
2007.12.06 09:52:02.209,1.0134,1.01365,1.20,0.20
2007.12.06 09:52:03.672,1.0134,1.01365,1.20,0.20
2007.12.06 09:52:03.905,1.0134,1.01365,1.20,0.20
2007.12.06 09:52:04.139,1.0134,1.01365,1.20,0.20
2007.12.06 09:52:05.104,1.0134,1.01365,1.20,0.20
2007.12.06 09:52:05.322,1.01345,1.01365,0.60,0.90
2007.12.06 09:52:05.540,1.0135,1.0137,0.60,0.20
2007.12.06 09:52:05.759,1.0135,1.0137,0.60,0.20
2007.12.06 09:52:06.022,1.01345,1.01365,0.60,0.20
2007.12.06 09:52:06.286,1.01345,1.01365,0.60,0.20
2007.12.06 09:52:06.551,1.0134,1.01365,1.20,0.20
2007.12.06 09:52:06.815,1.0134,1.01365,1.20,0.20
2007.12.06 09:52:07.090,1.0134,1.01365,1.20,0.60
2007.12.06 09:52:07.208,1.0134,1.01365,1.20,0.50
2007.12.06 09:52:08.644,1.0134,1.01365,1.20,0.40
2007.12.06 09:52:12.340,1.01345,1.01365,0.60,0.40
2007.12.06 09:52:12.398,1.0134,1.01365,1.20,0.40
2007.12.06 09:52:13.826,1.0135,1.01365,0.60,0.20
2007.12.06 09:52:14.161,1.0135,1.0137,0.60,0.20
2007.12.06 09:52:14.354,1.01345,1.0137,2.60,0.20
2007.12.06 09:52:14.548,1.01345,1.0137,3.40,0.20
2007.12.06 09:52:14.740,1.01345,1.0137,3.40,0.20
2007.12.06 09:52:15.294,1.0135,1.0137,0.60,0.20
2007.12.06 09:52:15.507,1.0135,1.0137,0.60,0.20
2007.12.06 09:52:16.338,1.01345,1.0137,3.40,0.20
2007.12.06 09:52:18.380,1.01345,1.0137,3.40,0.20
2007.12.06 09:52:22.840,1.01345,1.0137,3.40,0.20
2007.12.06 09:52:23.878,1.01345,1.0137,3.40,0.20
2007.12.06 09:52:27.641,1.01345,1.0137,3.40,0.20
2007.12.06 09:52:34.922,1.0135,1.0137,0.60,0.20
2007.12.06 09:52:35.853,1.0135,1.0137,0.60,0.20
2007.12.06 09:52:38.674,1.0135,1.0137,0.60,0.20
2007.12.06 09:52:49.692,1.01345,1.01375,0.80,1.60
2007.12.06 09:52:56.370,1.01345,1.01375,1.00,5.60
2007.12.06 09:52:56.573,1.01345,1.01375,0.80,5.60
2007.12.06 09:52:58.581,1.01335,1.01375,9.60,5.60
2007.12.06 09:52:58.752,1.01345,1.0137,0.60,5.80
2007.12.06 09:52:59.013,1.0135,1.0137,0.60,5.80
2007.12.06 09:52:59.818,1.0135,1.0137,0.60,5.80
2007.12.06 09:53:00.648,1.0135,1.0137,0.60,5.80
2007.12.06 09:53:00.847,1.0135,1.0137,0.60,5.80
2007.12.06 09:53:03.077,1.0135,1.0137,0.60,5.80
2007.12.06 09:53:08.848,1.0135,1.0137,0.60,5.80
2007.12.06 09:53:11.510,1.01345,1.0137,1.70,5.70
2007.12.06 09:53:11.744,1.0135,1.0137,0.60,5.70
2007.12.06 09:53:17.110,1.0135,1.0137,0.60,5.80
2007.12.06 09:53:17.480,1.0134,1.01365,2.80,0.20
2007.12.06 09:53:17.698,1.0134,1.01365,2.80,0.20
2007.12.06 09:53:17.917,1.0134,1.01365,2.20,6.80
2007.12.06 09:53:18.135,1.0134,1.01365,2.20,6.80
2007.12.06 09:53:18.354,1.0134,1.01365,2.20,8.40
2007.12.06 09:53:18.572,1.0134,1.0136,0.90,0.20
2007.12.06 09:53:18.885,1.0134,1.0136,0.90,0.20
2007.12.06 09:53:19.198,1.01335,1.01355,0.80,4.10
2007.12.06 09:53:19.513,1.0133,1.01355,2.00,4.10
2007.12.06 09:53:19.742,1.01335,1.01355,0.60,5.70
2007.12.06 09:53:20.370,1.0133,1.01355,2.20,5.70
2007.12.06 09:53:22.784,1.0133,1.01355,2.20,5.70
2007.12.06 09:53:24.122,1.0133,1.01355,2.20,5.70
2007.12.06 09:53:25.575,1.0133,1.01355,2.20,5.70
2007.12.06 09:53:26.474,1.01335,1.01355,1.20,5.60
2007.12.06 09:53:26.591,1.01335,1.01355,1.20,1.60
2007.12.06 09:53:26.710,1.01335,1.01355,2.20,0.20
2007.12.06 09:53:26.924,1.01335,1.01355,2.80,0.20
2007.12.06 09:53:27.138,1.01335,1.0136,2.80,0.20
2007.12.06 09:53:27.644,1.01335,1.0136,2.80,0.20
2007.12.06 09:53:27.853,1.0134,1.0136,0.60,0.20
2007.12.06 09:53:28.159,1.01335,1.0136,2.80,0.20
2007.12.06 09:53:29.413,1.01335,1.0136,2.80,0.20
2007.12.06 09:53:29.592,1.01345,1.01365,0.60,6.90
2007.12.06 09:53:29.770,1.0134,1.01365,1.20,0.60
2007.12.06 09:53:29.864,1.0134,1.01365,1.20,0.60
2007.12.06 09:53:30.043,1.0134,1.01365,1.20,0.60
2007.12.06 09:53:30.138,1.0135,1.01365,0.60,0.30
2007.12.06 09:53:30.232,1.01345,1.0137,1.20,0.20
2007.12.06 09:53:30.336,1.01345,1.0137,1.20,0.20
2007.12.06 09:53:30.512,1.01355,1.01375,1.20,0.40
2007.12.06 09:53:30.605,1.01355,1.01375,1.20,0.40
2007.12.06 09:53:30.698,1.0136,1.01375,0.60,0.40
2007.12.06 09:53:30.792,1.0136,1.01375,0.60,0.20
2007.12.06 09:53:30.966,1.01355,1.0138,1.20,0.20
2007.12.06 09:53:31.150,1.01355,1.0138,1.20,0.20
2007.12.06 09:53:31.360,1.01355,1.0138,1.20,0.20
2007.12.06 09:53:31.551,1.0136,1.0138,0.60,0.20
2007.12.06 09:53:32.028,1.01355,1.0138,1.20,0.20
2007.12.06 09:53:33.819,1.01355,1.0138,1.20,0.20
2007.12.06 09:53:34.602,1.01355,1.0138,1.20,0.20
2007.12.06 09:53:35.464,1.0136,1.0138,0.60,0.20
2007.12.06 09:53:40.746,1.0136,1.0138,0.60,0.20
2007.12.06 09:53:42.324,1.01355,1.0138,1.20,0.20
2007.12.06 09:53:44.848,1.01355,1.0138,1.20,0.20
2007.12.06 09:53:53.023,1.01355,1.01375,0.60,0.20
2007.12.06 09:53:53.246,1.01355,1.01375,0.60,0.20
2007.12.06 09:53:53.470,1.0135,1.01375,1.60,0.50
2007.12.06 09:53:53.687,1.01355,1.01375,0.60,0.50
2007.12.06 09:53:53.953,1.0135,1.01375,1.20,0.50
2007.12.06 09:53:54.412,1.0135,1.01375,1.20,0.50
2007.12.06 09:53:55.883,1.0135,1.01375,1.20,0.50
2007.12.06 09:53:57.664,1.0135,1.01375,1.20,0.50
2007.12.06 09:53:58.596,1.01355,1.01375,0.60,0.50
2007.12.06 09:54:06.918,1.0135,1.01375,1.20,0.50
2007.12.06 09:54:17.941,1.01355,1.01375,0.60,0.50
2007.12.06 09:54:30.998,1.0137,1.0138,0.20,5.90
2007.12.06 09:54:34.736,1.0135,1.0138,5.60,5.90
2007.12.06 09:54:35.947,1.0135,1.0139,5.60,29.80
2007.12.06 09:54:40.141,1.0135,1.0139,5.60,29.80
2007.12.06 09:54:51.182,1.0135,1.0138,5.60,0.70
2007.12.06 09:54:53.381,1.0135,1.01385,5.60,11.50
2007.12.06 09:54:53.559,1.0135,1.01385,5.60,11.50
2007.12.06 09:54:53.738,1.0135,1.01385,5.60,11.50
2007.12.06 09:54:56.175,1.0135,1.01385,5.60,11.60
2007.12.06 09:55:02.206,1.0135,1.0138,5.60,0.90
2007.12.06 09:55:04.686,1.0135,1.0138,5.60,6.00
2007.12.06 09:55:13.228,1.0135,1.0138,5.60,6.00
2007.12.06 09:55:20.668,1.0135,1.0138,5.60,6.00
2007.12.06 09:55:20.878,1.0135,1.0138,5.60,6.00
2007.12.06 09:55:21.077,1.0135,1.0138,5.60,5.90
2007.12.06 09:55:24.254,1.0135,1.0138,5.60,5.90
2007.12.06 09:55:29.407,1.0135,1.0139,5.60,35.40
2007.12.06 09:55:35.283,1.0135,1.0139,5.60,35.40
2007.12.06 09:55:46.306,1.0135,1.0139,5.60,35.40
2007.12.06 09:55:53.628,1.01335,1.01395,6.40,9.60
2007.12.06 09:55:53.844,1.01335,1.01395,7.20,9.60
2007.12.06 09:55:57.342,1.01335,1.01385,7.20,0.60
2007.12.06 09:56:02.506,1.0135,1.0138,5.70,5.90
2007.12.06 09:56:02.848,1.0135,1.0138,6.20,5.90
2007.12.06 09:56:03.389,1.0135,1.0138,6.10,5.90
2007.12.06 09:56:04.259,1.0135,1.0138,6.10,9.90
2007.12.06 09:56:04.635,1.0135,1.0138,6.10,9.90
2007.12.06 09:56:08.384,1.0135,1.0138,6.10,9.90
2007.12.06 09:56:12.348,1.0135,1.0138,6.20,9.90
2007.12.06 09:56:12.669,1.0135,1.0138,6.20,9.90
2007.12.06 09:56:13.393,1.0135,1.0138,6.20,9.90
2007.12.06 09:56:19.419,1.0135,1.0138,6.20,9.90
2007.12.06 09:56:19.810,1.0134,1.0138,19.10,9.90
2007.12.06 09:56:30.445,1.0134,1.0138,19.10,9.90
2007.12.06 09:56:35.383,1.0134,1.0138,20.20,9.90
2007.12.06 09:56:38.372,1.01355,1.0138,1.20,0.20
2007.12.06 09:56:38.496,1.01355,1.0138,1.80,0.20
2007.12.06 09:56:38.539,1.0136,1.0138,0.60,0.20
2007.12.06 09:56:38.608,1.0136,1.0138,0.60,0.20
2007.12.06 09:56:38.651,1.0136,1.0138,0.60,0.20
2007.12.06 09:56:39.141,1.0136,1.0138,0.60,0.20
2007.12.06 09:56:39.400,1.0136,1.0138,0.60,0.20
2007.12.06 09:56:39.657,1.01355,1.0138,3.60,0.20
2007.12.06 09:56:40.564,1.01355,1.0138,3.40,0.20
2007.12.06 09:56:41.474,1.0136,1.0138,0.60,0.20
2007.12.06 09:56:46.604,1.0136,1.0138,0.60,0.20
2007.12.06 09:56:47.198,1.01355,1.0138,3.80,0.20
2007.12.06 09:56:52.784,1.0136,1.0138,0.60,0.20
2007.12.06 09:56:53.826,1.0136,1.0138,0.60,0.20
2007.12.06 09:56:54.065,1.0136,1.0138,0.60,0.20
2007.12.06 09:56:56.319,1.0136,1.0138,0.60,0.20
2007.12.06 09:56:58.624,1.0136,1.0138,0.60,0.20
2007.12.06 09:57:00.391,1.0136,1.0138,0.60,0.20
2007.12.06 09:57:01.423,1.01355,1.0138,4.00,0.20
2007.12.06 09:57:03.819,1.01355,1.0138,4.00,0.20
2007.12.06 09:57:08.385,1.0136,1.0138,0.70,9.60
2007.12.06 09:57:09.309,1.01355,1.0138,2.80,9.60
2007.12.06 09:57:09.566,1.0136,1.0138,0.80,9.60
2007.12.06 09:57:10.880,1.0136,1.0138,0.90,9.60
2007.12.06 09:57:14.854,1.0136,1.0138,0.70,9.60
2007.12.06 09:57:15.435,1.0136,1.0138,0.70,9.60
2007.12.06 09:57:16.252,1.01355,1.0138,2.50,9.80
2007.12.06 09:57:16.431,1.01355,1.0138,2.40,9.80
2007.12.06 09:57:16.609,1.01355,1.0138,2.40,9.60
2007.12.06 09:57:16.793,1.01355,1.0138,2.40,9.60
2007.12.06 09:57:24.594,1.0136,1.01385,0.80,15.20
2007.12.06 09:57:25.893,1.0136,1.0139,0.80,20.10
2007.12.06 09:57:36.905,1.0136,1.0138,0.80,0.90
2007.12.06 09:57:37.101,1.0136,1.0138,0.80,0.70
2007.12.06 09:57:37.400,1.0136,1.0138,0.80,0.50
2007.12.06 09:57:39.184,1.0136,1.0138,0.80,0.70
2007.12.06 09:57:44.441,1.01365,1.01385,0.60,0.80
2007.12.06 09:57:44.598,1.01365,1.0139,0.60,12.90
2007.12.06 09:57:44.662,1.01365,1.01385,0.60,0.50
2007.12.06 09:57:44.725,1.01365,1.01385,0.60,0.80
2007.12.06 09:57:44.802,1.01365,1.01395,0.60,21.80
2007.12.06 09:57:44.939,1.01365,1.01395,0.60,21.80
2007.12.06 09:57:45.870,1.01365,1.01395,0.60,21.80
2007.12.06 09:57:47.930,1.01365,1.01385,0.60,0.60
2007.12.06 09:57:48.900,1.01365,1.01385,0.60,0.80
2007.12.06 09:57:50.694,1.01365,1.01385,0.60,0.70
2007.12.06 09:57:53.987,1.01365,1.01385,0.60,4.90
2007.12.06 09:57:54.500,1.01365,1.01385,0.60,4.90
2007.12.06 09:57:56.428,1.01365,1.01385,0.60,0.90
2007.12.06 09:57:56.632,1.01365,1.01385,0.60,0.20
2007.12.06 09:57:56.855,1.01365,1.01385,0.60,0.20
2007.12.06 09:57:57.160,1.0137,1.01385,0.60,0.01
2007.12.06 09:57:57.457,1.0137,1.01385,0.60,0.01
2007.12.06 09:57:57.762,1.0137,1.01385,0.60,0.01
2007.12.06 09:57:58.177,1.0137,1.01385,0.60,0.01
2007.12.06 09:57:58.355,1.0137,1.01385,0.60,0.01
2007.12.06 09:57:58.533,1.0137,1.01385,0.60,0.01
2007.12.06 09:57:58.711,1.0137,1.01385,0.60,0.01
2007.12.06 09:57:58.959,1.0137,1.01385,0.60,0.01
2007.12.06 09:57:59.836,1.0137,1.0139,0.60,0.20
2007.12.06 09:58:01.197,1.0137,1.0139,0.60,0.20
2007.12.06 09:58:01.350,1.0137,1.0139,0.60,0.20
2007.12.06 09:58:01.502,1.0137,1.0139,0.60,0.20
2007.12.06 09:58:09.989,1.0137,1.0139,0.60,0.20
2007.12.06 09:58:14.554,1.0137,1.0139,0.60,0.20
2007.12.06 09:58:21.016,1.0137,1.0139,0.60,0.20
2007.12.06 09:58:25.220,1.01365,1.0139,1.20,0.20
2007.12.06 09:58:27.664,1.0136,1.014,1.20,5.70
2007.12.06 09:58:32.022,1.0135,1.014,25.00,5.70
2007.12.06 09:58:33.627,1.01375,1.01395,0.60,0.20
2007.12.06 09:58:33.865,1.0137,1.01395,1.20,0.20
2007.12.06 09:58:34.134,1.0137,1.01395,1.20,0.20
2007.12.06 09:58:34.402,1.0137,1.01395,1.20,0.20
2007.12.06 09:58:34.881,1.01375,1.01395,0.60,0.20
2007.12.06 09:58:36.613,1.01375,1.014,1.20,0.20
2007.12.06 09:58:36.776,1.0138,1.014,0.60,0.20
2007.12.06 09:58:36.941,1.01375,1.014,2.60,0.20
2007.12.06 09:58:37.206,1.0138,1.014,0.60,0.20
2007.12.06 09:58:37.558,1.01375,1.014,3.40,0.20
2007.12.06 09:58:37.884,1.01375,1.014,3.40,0.20
2007.12.06 09:58:38.146,1.0137,1.0139,3.00,0.20
2007.12.06 09:58:38.314,1.01375,1.0139,0.60,0.20
2007.12.06 09:58:38.478,1.01365,1.0139,3.40,0.20
2007.12.06 09:58:38.659,1.01365,1.0139,1.20,0.20
2007.12.06 09:58:39.444,1.01365,1.0139,1.20,0.20
2007.12.06 09:58:39.782,1.0137,1.0139,0.60,0.20
2007.12.06 09:58:39.941,1.01365,1.0139,1.20,0.20
2007.12.06 09:58:43.052,1.01365,1.0139,1.20,0.20
2007.12.06 09:58:44.618,1.01375,1.01395,0.60,0.20
2007.12.06 09:58:44.796,1.01375,1.01395,0.60,0.20
2007.12.06 09:58:44.974,1.01375,1.01395,0.60,0.20
2007.12.06 09:58:45.170,1.01375,1.01395,0.60,0.20
2007.12.06 09:58:46.038,1.01375,1.01395,0.60,0.20
2007.12.06 09:58:49.886,1.01375,1.01405,0.60,11.40
2007.12.06 09:58:53.649,1.0137,1.0139,0.60,0.20
2007.12.06 09:58:53.958,1.0137,1.01405,0.60,11.40
2007.12.06 09:58:54.885,1.0137,1.0139,0.60,0.20
2007.12.06 09:58:55.198,1.0137,1.01405,0.60,11.40
2007.12.06 09:58:58.861,1.0137,1.01405,0.60,11.40
2007.12.06 09:59:00.460,1.0137,1.01405,0.60,9.00
2007.12.06 09:59:05.236,1.0137,1.0139,0.60,0.20
2007.12.06 09:59:11.233,1.0137,1.0139,0.60,0.20
2007.12.06 09:59:16.261,1.0137,1.0139,0.60,0.20
2007.12.06 09:59:22.154,1.0137,1.0139,0.60,0.20
2007.12.06 09:59:24.220,1.0136,1.014,5.70,3.20
2007.12.06 09:59:27.289,1.0136,1.014,5.70,3.20
2007.12.06 09:59:28.425,1.0136,1.014,5.70,3.20
2007.12.06 09:59:28.703,1.01355,1.014,13.70,0.20
2007.12.06 09:59:28.932,1.01355,1.01395,10.50,0.30
2007.12.06 09:59:29.160,1.01355,1.01395,2.50,0.30
2007.12.06 09:59:29.388,1.01355,1.01395,0.20,0.30
2007.12.06 09:59:30.213,1.01355,1.01395,0.20,0.30
2007.12.06 09:59:34.276,1.0135,1.01395,8.60,0.30
2007.12.06 09:59:36.706,1.01365,1.0139,1.20,0.20
2007.12.06 09:59:36.899,1.0137,1.0139,0.60,0.20
2007.12.06 09:59:37.077,1.0137,1.0139,0.60,0.20
2007.12.06 09:59:37.256,1.01365,1.0139,1.20,0.20
2007.12.06 09:59:37.433,1.01365,1.0139,1.20,0.20
2007.12.06 09:59:37.806,1.01365,1.0139,1.20,0.20
2007.12.06 09:59:37.889,1.01365,1.0139,1.20,0.20
2007.12.06 09:59:37.973,1.0137,1.0139,0.60,0.20
2007.12.06 09:59:38.319,1.0137,1.0139,0.60,0.20
2007.12.06 09:59:49.353,1.0137,1.0139,0.60,0.20
2007.12.06 09:59:49.891,1.01365,1.0139,1.20,0.20
2007.12.06 09:59:51.520,1.0137,1.0139,0.60,0.20
2007.12.06 09:59:56.919,1.01365,1.0139,1.20,0.20
