2017.05.29 11:00:02.029,1.34511,1.34518,1.00,1.00
2017.05.29 11:00:02.536,1.3451,1.34518,1.50,1.00
2017.05.29 11:00:05.695,1.3451,1.34519,1.50,1.10
2017.05.29 11:00:10.802,1.34509,1.34519,1.50,2.32
2017.05.29 11:00:18.694,1.3451,1.34519,1.00,2.32
2017.05.29 11:00:25.835,1.34509,1.34519,1.50,1.10
2017.05.29 11:00:29.115,1.34509,1.34519,1.00,1.57
2017.05.29 11:00:31.156,1.34509,1.34518,1.50,1.57
2017.05.29 11:00:31.806,1.3451,1.34518,1.00,1.95
2017.05.29 11:00:32.590,1.34509,1.34518,1.50,1.95
2017.05.29 11:00:34.692,1.3451,1.34518,1.00,1.95
2017.05.29 11:00:35.545,1.34509,1.34518,1.00,1.75
2017.05.29 11:00:36.053,1.34508,1.34516,3.37,1.00
2017.05.29 11:00:37.544,1.34508,1.34518,2.62,1.57
2017.05.29 11:00:40.157,1.34509,1.34519,1.00,3.45
2017.05.29 11:00:41.802,1.34509,1.34518,1.00,4.20
2017.05.29 11:00:42.331,1.34508,1.34517,1.50,1.20
2017.05.29 11:00:43.301,1.34507,1.34517,2.25,1.20
2017.05.29 11:00:44.139,1.34508,1.34517,1.00,1.85
2017.05.29 11:00:44.601,1.34508,1.34518,1.50,1.20
2017.05.29 11:00:45.190,1.34509,1.34518,1.00,1.20
2017.05.29 11:00:48.148,1.3451,1.34518,1.00,1.20
2017.05.29 11:00:50.337,1.34509,1.34518,1.00,1.45
2017.05.29 11:00:55.891,1.3451,1.34518,1.00,1.95
2017.05.29 11:01:07.649,1.34508,1.34517,1.50,1.20
2017.05.29 11:01:07.752,1.34508,1.34517,1.50,1.47
2017.05.29 11:01:09.653,1.34508,1.34517,1.00,4.20
2017.05.29 11:01:10.169,1.34508,1.34516,1.87,1.00
2017.05.29 11:01:10.661,1.34508,1.34517,1.00,3.45
2017.05.29 11:01:11.264,1.34507,1.34516,1.00,4.20
2017.05.29 11:01:28.201,1.34507,1.34515,1.00,1.20
2017.05.29 11:01:33.906,1.34507,1.34515,1.00,1.57
2017.05.29 11:01:35.920,1.34506,1.34515,2.25,1.57
2017.05.29 11:01:47.217,1.34508,1.34515,1.50,1.20
2017.05.29 11:01:47.523,1.3451,1.34517,1.00,1.12
2017.05.29 11:01:50.904,1.34509,1.34517,1.00,1.20
2017.05.29 11:01:51.011,1.34507,1.34517,2.25,1.20
2017.05.29 11:01:51.674,1.34507,1.34518,1.00,3.45
2017.05.29 11:01:56.066,1.34508,1.34517,1.00,1.50
2017.05.29 11:01:59.584,1.34506,1.34516,3.00,1.12
2017.05.29 11:02:00.044,1.34508,1.34516,1.00,1.12
2017.05.29 11:02:01.413,1.34509,1.34517,1.00,2.25
2017.05.29 11:02:01.922,1.34509,1.34517,1.00,1.50
2017.05.29 11:02:06.311,1.34509,1.34519,1.00,3.75
2017.05.29 11:02:08.260,1.34509,1.34518,1.00,1.37
2017.05.29 11:02:11.003,1.34508,1.34519,1.00,6.07
2017.05.29 11:02:19.374,1.34509,1.34519,1.00,7.57
2017.05.29 11:02:20.983,1.3451,1.34518,1.00,1.85
2017.05.29 11:02:21.523,1.3451,1.34518,1.00,1.12
2017.05.29 11:02:22.065,1.3451,1.34518,1.00,1.57
2017.05.29 11:02:26.023,1.34509,1.34519,1.50,1.95
2017.05.29 11:02:28.255,1.34509,1.34519,1.00,1.95
2017.05.29 11:02:30.131,1.3451,1.34519,1.00,1.95
2017.05.29 11:02:33.656,1.34511,1.34519,1.00,1.95
2017.05.29 11:02:36.016,1.3451,1.34519,1.00,1.95
2017.05.29 11:02:43.595,1.34511,1.34519,1.00,1.95
2017.05.29 11:02:44.212,1.3451,1.34519,1.00,1.95
2017.05.29 11:02:57.670,1.34516,1.3452,1.00,1.87
2017.05.29 11:02:57.874,1.34519,1.34527,1.00,1.57
2017.05.29 11:02:58.252,1.34519,1.34524,1.00,1.00
2017.05.29 11:02:58.689,1.34517,1.34525,1.87,1.10
2017.05.29 11:02:59.205,1.34516,1.34524,1.50,1.50
2017.05.29 11:03:02.443,1.34515,1.34524,1.87,1.10
2017.05.29 11:03:02.948,1.34514,1.34524,1.50,1.10
2017.05.29 11:03:05.337,1.34514,1.34524,1.50,1.47
2017.05.29 11:03:11.080,1.34515,1.34524,1.00,1.57
2017.05.29 11:03:20.596,1.34518,1.34524,1.00,1.50
2017.05.29 11:03:21.130,1.3452,1.34527,1.00,2.70
2017.05.29 11:03:21.642,1.3452,1.34527,1.00,2.32
2017.05.29 11:03:23.067,1.3452,1.34527,1.00,2.32
2017.05.29 11:03:25.309,1.34519,1.34527,1.50,1.10
2017.05.29 11:03:25.914,1.3452,1.34527,1.00,1.10
2017.05.29 11:03:26.591,1.34521,1.34527,1.00,1.10
2017.05.29 11:03:27.839,1.34521,1.34527,1.00,1.07
2017.05.29 11:03:28.573,1.34521,1.34528,1.00,1.07
2017.05.29 11:03:29.123,1.34521,1.34529,1.00,4.20
2017.05.29 11:03:29.952,1.34521,1.34528,1.00,1.07
2017.05.29 11:03:36.161,1.3452,1.34528,1.00,1.57
2017.05.29 11:03:39.341,1.34519,1.34528,1.50,1.07
2017.05.29 11:03:41.171,1.3452,1.34529,1.00,3.45
2017.05.29 11:03:41.487,1.34522,1.3453,1.00,3.45
2017.05.29 11:03:42.164,1.34521,1.3453,1.00,3.45
2017.05.29 11:03:42.459,1.34522,1.34531,1.87,1.50
2017.05.29 11:03:43.153,1.34521,1.34531,1.50,1.20
2017.05.29 11:03:43.720,1.34522,1.34531,1.00,1.20
2017.05.29 11:03:44.273,1.34521,1.34531,1.50,1.20
2017.05.29 11:03:48.960,1.34521,1.34528,1.00,1.00
2017.05.29 11:03:49.215,1.34518,1.34527,3.75,1.00
2017.05.29 11:03:49.799,1.34519,1.34527,1.00,1.12
2017.05.29 11:03:50.320,1.34518,1.34527,1.87,1.12
2017.05.29 11:03:51.191,1.3452,1.34528,1.00,3.07
2017.05.29 11:03:54.737,1.34521,1.34528,1.50,2.32
2017.05.29 11:03:55.247,1.34521,1.34528,1.50,1.57
2017.05.29 11:04:21.203,1.34519,1.34528,1.87,1.87
2017.05.29 11:04:32.644,1.3452,1.34528,1.00,1.50
2017.05.29 11:04:33.213,1.34521,1.34528,1.00,1.00
2017.05.29 11:04:37.274,1.34521,1.3453,1.00,2.70
2017.05.29 11:04:42.360,1.34521,1.3453,1.00,3.07
2017.05.29 11:04:46.459,1.34521,1.3453,1.50,1.57
2017.05.29 11:04:46.969,1.34522,1.3453,1.00,1.57
2017.05.29 11:05:00.725,1.34521,1.34531,1.00,4.20
2017.05.29 11:05:02.301,1.34522,1.34531,1.00,4.20
2017.05.29 11:05:03.105,1.34521,1.34531,1.50,4.20
2017.05.29 11:05:04.112,1.34521,1.34529,1.00,1.50
2017.05.29 11:05:04.618,1.34521,1.3453,1.50,1.57
2017.05.29 11:05:05.183,1.34522,1.3453,1.00,1.57
2017.05.29 11:05:05.557,1.3452,1.34529,1.50,1.57
2017.05.29 11:05:06.002,1.34519,1.34526,1.00,1.00
2017.05.29 11:05:06.105,1.34517,1.34526,1.00,1.57
2017.05.29 11:05:06.156,1.34515,1.34525,1.12,1.00
2017.05.29 11:05:06.702,1.34514,1.34524,3.37,1.00
2017.05.29 11:05:07.266,1.34513,1.34523,3.00,1.00
2017.05.29 11:05:08.315,1.34513,1.34521,2.25,1.00
2017.05.29 11:05:08.417,1.3451,1.34519,2.25,1.00
2017.05.29 11:05:08.922,1.3451,1.34519,1.50,1.87
2017.05.29 11:05:11.810,1.34509,1.34518,1.12,1.10
2017.05.29 11:05:13.608,1.34509,1.34518,1.00,3.07
2017.05.29 11:05:14.810,1.34509,1.34518,1.12,2.62
2017.05.29 11:05:15.336,1.34509,1.34518,1.12,3.82
2017.05.29 11:05:16.202,1.34507,1.34512,1.00,1.50
2017.05.29 11:05:16.254,1.34504,1.34512,1.50,1.50
2017.05.29 11:05:18.036,1.34505,1.34512,1.00,1.10
2017.05.29 11:05:18.645,1.34504,1.34512,1.50,1.10
2017.05.29 11:05:23.860,1.34504,1.34511,1.00,1.00
2017.05.29 11:05:24.038,1.34502,1.34511,1.00,1.00
2017.05.29 11:05:24.862,1.34502,1.3451,1.00,1.00
2017.05.29 11:05:36.401,1.34501,1.3451,1.00,1.87
2017.05.29 11:05:55.693,1.34502,1.3451,1.00,1.95
2017.05.29 11:05:59.379,1.34501,1.3451,1.00,1.95
2017.05.29 11:06:05.355,1.34503,1.3451,1.00,1.57
2017.05.29 11:06:06.087,1.34502,1.3451,1.00,1.10
2017.05.29 11:06:06.748,1.34503,1.3451,1.00,1.10
2017.05.29 11:06:08.126,1.34502,1.3451,1.50,1.10
2017.05.29 11:06:14.917,1.34501,1.3451,1.00,1.00
2017.05.29 11:06:43.047,1.345,1.34509,1.12,1.00
2017.05.29 11:06:43.463,1.34498,1.34507,1.00,1.00
2017.05.29 11:06:44.012,1.34497,1.34506,1.00,1.00
2017.05.29 11:06:44.912,1.34498,1.34506,1.00,1.00
2017.05.29 11:06:46.722,1.34496,1.34506,1.88,1.50
2017.05.29 11:06:53.531,1.34496,1.34506,1.88,1.50
2017.05.29 11:06:54.152,1.34496,1.34506,1.13,1.50
2017.05.29 11:06:58.309,1.34496,1.34506,1.13,2.25
2017.05.29 11:06:59.103,1.34496,1.34506,1.13,2.25
2017.05.29 11:07:00.281,1.34495,1.34506,2.63,3.07
2017.05.29 11:07:00.536,1.34495,1.34504,2.63,1.00
2017.05.29 11:07:01.931,1.34494,1.34504,5.70,1.00
2017.05.29 11:07:03.511,1.34495,1.34504,2.63,1.00
2017.05.29 11:07:04.114,1.34496,1.34505,1.13,1.00
2017.05.29 11:07:05.989,1.34497,1.34505,1.50,1.00
2017.05.29 11:07:07.643,1.345,1.34505,1.00,1.00
2017.05.29 11:07:07.796,1.345,1.34507,1.00,1.12
2017.05.29 11:07:07.899,1.34501,1.34509,1.00,1.87
2017.05.29 11:07:09.117,1.34503,1.3451,1.00,1.00
2017.05.29 11:07:09.754,1.34503,1.34511,1.00,1.10
2017.05.29 11:07:10.185,1.34501,1.34511,1.87,1.57
2017.05.29 11:07:11.593,1.34502,1.34511,1.00,2.70
2017.05.29 11:07:21.600,1.34503,1.34511,1.00,1.95
2017.05.29 11:07:22.134,1.34504,1.34511,1.00,1.95
2017.05.29 11:07:25.354,1.34503,1.34511,1.50,1.95
2017.05.29 11:07:28.429,1.34502,1.34511,1.50,1.20
2017.05.29 11:07:31.827,1.34503,1.34511,1.00,1.57
2017.05.29 11:07:34.028,1.345,1.3451,1.00,1.57
2017.05.29 11:07:36.629,1.34501,1.3451,1.00,2.32
2017.05.29 11:07:40.971,1.34501,1.34509,1.00,1.10
2017.05.29 11:07:41.402,1.34499,1.34508,1.00,1.12
2017.05.29 11:07:41.949,1.34498,1.34508,3.37,1.50
2017.05.29 11:07:45.350,1.34497,1.34504,1.87,1.00
2017.05.29 11:07:45.555,1.34494,1.34503,1.50,1.00
2017.05.29 11:07:45.657,1.34494,1.34503,1.12,1.00
2017.05.29 11:07:46.217,1.34493,1.34503,2.25,1.50
2017.05.29 11:07:46.764,1.34493,1.34502,1.00,1.00
2017.05.29 11:07:47.295,1.34492,1.34502,1.87,2.32
2017.05.29 11:07:47.901,1.34493,1.34502,1.50,2.32
2017.05.29 11:07:50.264,1.34493,1.34501,1.00,1.00
2017.05.29 11:07:53.053,1.34493,1.34501,1.00,1.20
2017.05.29 11:07:56.734,1.34492,1.34501,1.00,1.20
2017.05.29 11:07:59.159,1.34493,1.34501,1.00,1.20
2017.05.29 11:08:00.480,1.34494,1.34501,1.00,1.57
2017.05.29 11:08:06.751,1.34492,1.34501,1.00,1.07
2017.05.29 11:08:11.084,1.34494,1.34502,1.00,3.45
2017.05.29 11:08:11.600,1.34493,1.34501,1.00,1.57
2017.05.29 11:08:12.262,1.34492,1.34501,2.25,2.32
2017.05.29 11:08:12.569,1.34494,1.34501,1.00,2.32
2017.05.29 11:08:23.832,1.34494,1.34503,1.00,2.70
2017.05.29 11:08:24.379,1.34494,1.34502,1.00,1.10
2017.05.29 11:08:27.781,1.34494,1.34502,1.00,1.57
2017.05.29 11:08:28.372,1.34493,1.34502,1.50,1.20
2017.05.29 11:08:30.663,1.34493,1.34502,1.50,1.20
2017.05.29 11:08:33.217,1.34494,1.34503,1.00,3.07
2017.05.29 11:08:40.060,1.34494,1.34503,1.00,1.57
2017.05.29 11:08:43.021,1.34496,1.34503,1.00,2.32
2017.05.29 11:08:43.399,1.34494,1.34503,1.00,2.32
2017.05.29 11:08:47.627,1.34494,1.34502,1.00,1.95
2017.05.29 11:08:48.176,1.34494,1.34502,1.00,1.95
2017.05.29 11:08:50.025,1.34494,1.34502,1.00,1.57
2017.05.29 11:09:06.321,1.34496,1.34503,1.00,1.20
2017.05.29 11:09:06.867,1.34496,1.34504,1.00,1.95
2017.05.29 11:09:07.580,1.34497,1.34504,1.00,1.20
2017.05.29 11:09:07.683,1.34496,1.34505,1.50,1.45
2017.05.29 11:09:08.233,1.34496,1.34504,2.25,1.07
2017.05.29 11:09:11.255,1.34496,1.34504,1.50,1.10
2017.05.29 11:09:11.939,1.34497,1.34505,1.00,1.45
2017.05.29 11:09:12.464,1.34497,1.34505,1.00,1.57
2017.05.29 11:09:13.108,1.34498,1.34505,1.00,1.00
2017.05.29 11:09:13.718,1.34498,1.34505,1.00,1.20
2017.05.29 11:09:31.010,1.34498,1.34506,1.50,1.10
2017.05.29 11:09:31.163,1.345,1.34508,1.00,1.95
2017.05.29 11:09:31.837,1.345,1.34508,1.50,1.10
2017.05.29 11:09:32.347,1.34501,1.3451,1.00,3.45
2017.05.29 11:09:33.066,1.34501,1.3451,1.12,2.70
2017.05.29 11:09:33.425,1.34503,1.3451,1.00,2.70
2017.05.29 11:09:37.960,1.34501,1.3451,1.12,4.20
2017.05.29 11:09:38.999,1.34502,1.3451,1.00,3.82
2017.05.29 11:09:40.319,1.34501,1.3451,1.50,2.70
2017.05.29 11:09:42.016,1.34501,1.3451,1.50,1.95
2017.05.29 11:09:42.322,1.34503,1.34508,1.00,1.20
2017.05.29 11:09:42.424,1.34501,1.34508,1.00,1.10
2017.05.29 11:09:45.800,1.34502,1.34509,1.00,1.95
2017.05.29 11:09:48.075,1.34501,1.34509,1.00,1.20
2017.05.29 11:09:51.885,1.34502,1.34509,1.00,1.20
2017.05.29 11:09:53.468,1.34501,1.34508,1.50,1.10
2017.05.29 11:09:54.010,1.345,1.34508,1.00,1.20
2017.05.29 11:09:57.738,1.345,1.34509,1.00,1.95
2017.05.29 11:10:03.657,1.34501,1.34509,1.00,1.20
2017.05.29 11:10:03.963,1.34503,1.3451,1.00,1.57
2017.05.29 11:10:04.504,1.34503,1.34512,1.50,1.57
2017.05.29 11:10:13.104,1.34504,1.34512,1.00,1.07
2017.05.29 11:10:13.630,1.34505,1.34513,1.00,2.70
2017.05.29 11:10:14.171,1.34504,1.34513,1.00,2.32
2017.05.29 11:10:17.893,1.34504,1.34513,1.00,3.07
2017.05.29 11:10:18.453,1.34503,1.34512,1.00,1.07
2017.05.29 11:10:18.994,1.34503,1.3451,1.00,1.20
2017.05.29 11:10:26.211,1.34503,1.3451,1.00,3.07
2017.05.29 11:10:29.334,1.34502,1.3451,1.00,2.70
2017.05.29 11:10:29.766,1.345,1.34509,1.00,2.32
2017.05.29 11:10:32.410,1.345,1.34509,1.00,1.87
2017.05.29 11:10:33.079,1.345,1.34509,1.00,3.07
2017.05.29 11:10:34.134,1.345,1.34507,1.00,1.00
2017.05.29 11:10:34.185,1.345,1.34505,1.00,1.10
2017.05.29 11:10:34.237,1.34497,1.34505,1.12,1.10
2017.05.29 11:10:34.781,1.34496,1.34506,2.25,1.20
2017.05.29 11:10:35.590,1.34493,1.34502,3.37,1.00
2017.05.29 11:10:36.127,1.34493,1.34502,1.75,1.00
2017.05.29 11:10:39.307,1.34494,1.34502,1.12,1.00
2017.05.29 11:10:40.047,1.34494,1.34502,1.37,1.00
2017.05.29 11:10:48.352,1.34493,1.34502,2.25,1.10
2017.05.29 11:10:58.443,1.34493,1.34501,2.25,1.10
2017.05.29 11:10:59.932,1.34493,1.34501,2.25,1.00
2017.05.29 11:11:07.969,1.34493,1.34501,1.50,1.00
2017.05.29 11:11:09.069,1.34493,1.34502,1.50,1.57
2017.05.29 11:11:11.573,1.34494,1.34502,1.00,1.57
2017.05.29 11:11:12.075,1.34495,1.34502,1.00,1.10
2017.05.29 11:11:15.740,1.34494,1.34503,1.50,1.95
2017.05.29 11:11:17.449,1.34492,1.34502,2.25,1.10
2017.05.29 11:11:18.071,1.34492,1.34502,2.62,1.95
2017.05.29 11:11:18.173,1.34493,1.34502,1.50,1.57
2017.05.29 11:11:18.712,1.34493,1.34502,1.12,1.45
2017.05.29 11:11:20.533,1.34494,1.34502,1.00,1.45
2017.05.29 11:11:21.384,1.34492,1.34502,3.00,1.45
2017.05.29 11:11:26.118,1.34494,1.34501,1.00,1.20
2017.05.29 11:11:33.351,1.34494,1.34501,1.00,1.20
2017.05.29 11:11:33.890,1.34493,1.34501,1.00,1.95
2017.05.29 11:11:35.769,1.34493,1.34501,1.00,2.70
2017.05.29 11:11:36.373,1.34492,1.34501,1.00,2.70
2017.05.29 11:11:42.576,1.34493,1.34501,1.00,1.95
2017.05.29 11:11:51.190,1.34493,1.34499,1.12,1.00
2017.05.29 11:11:51.741,1.34492,1.34499,1.00,1.00
2017.05.29 11:11:51.894,1.34492,1.34501,1.50,1.10
2017.05.29 11:11:52.098,1.34494,1.34502,1.00,1.45
2017.05.29 11:11:53.715,1.34494,1.34502,1.00,1.20
2017.05.29 11:12:04.851,1.34494,1.34502,1.00,1.45
2017.05.29 11:12:09.111,1.34494,1.34502,1.00,1.20
2017.05.29 11:12:21.967,1.34497,1.34503,1.00,2.70
2017.05.29 11:12:22.252,1.34495,1.34502,1.87,1.00
2017.05.29 11:12:22.777,1.34494,1.34503,1.00,1.95
2017.05.29 11:12:24.928,1.34495,1.34503,1.00,1.95
2017.05.29 11:12:25.491,1.34496,1.34503,1.00,1.95
2017.05.29 11:12:26.080,1.34495,1.34503,1.87,1.95
2017.05.29 11:12:26.858,1.34496,1.34503,1.00,1.95
2017.05.29 11:12:30.505,1.34495,1.34503,1.12,1.20
2017.05.29 11:12:31.013,1.34493,1.34501,2.25,1.10
2017.05.29 11:12:31.167,1.34493,1.34501,1.12,1.10
2017.05.29 11:12:39.623,1.34493,1.34501,1.12,1.95
2017.05.29 11:12:42.468,1.34491,1.34501,1.50,1.20
2017.05.29 11:12:44.536,1.34491,1.345,1.50,1.20
2017.05.29 11:12:52.204,1.34492,1.345,1.50,1.10
2017.05.29 11:13:04.861,1.34492,1.34502,1.00,1.45
2017.05.29 11:13:05.320,1.34493,1.34503,2.25,1.20
2017.05.29 11:13:05.976,1.34495,1.34503,1.00,1.20
2017.05.29 11:13:14.066,1.34495,1.34503,1.00,1.20
2017.05.29 11:13:23.297,1.34495,1.34503,1.00,1.95
2017.05.29 11:13:25.569,1.34493,1.34503,1.50,1.95
2017.05.29 11:13:32.727,1.34492,1.34501,1.00,1.57
2017.05.29 11:13:42.018,1.34491,1.34501,1.12,3.45
2017.05.29 11:13:44.797,1.34491,1.34501,1.12,2.70
2017.05.29 11:13:45.955,1.34493,1.34501,1.00,2.32
2017.05.29 11:13:46.543,1.34493,1.34501,1.87,1.20
2017.05.29 11:13:48.148,1.34493,1.34502,1.12,1.20
2017.05.29 11:13:52.391,1.34494,1.34502,1.00,1.20
2017.05.29 11:13:57.296,1.34493,1.34502,1.87,1.20
2017.05.29 11:13:58.085,1.34492,1.34502,2.85,1.45
2017.05.29 11:13:58.612,1.34492,1.34502,2.85,1.10
2017.05.29 11:14:00.718,1.34492,1.34502,1.00,1.20
2017.05.29 11:14:00.862,1.34491,1.34496,3.00,1.00
2017.05.29 11:14:01.118,1.34485,1.34492,1.00,1.10
2017.05.29 11:14:01.638,1.34484,1.34493,1.00,2.32
2017.05.29 11:14:02.231,1.34483,1.34493,3.00,2.32
2017.05.29 11:14:07.535,1.34484,1.34493,1.00,2.32
2017.05.29 11:14:12.400,1.34483,1.34493,3.00,2.32
2017.05.29 11:14:12.909,1.34484,1.34493,1.00,2.32
2017.05.29 11:14:13.712,1.34483,1.34493,3.00,2.32
2017.05.29 11:14:14.241,1.34484,1.34493,1.00,2.32
2017.05.29 11:14:15.034,1.34485,1.34492,1.00,1.00
2017.05.29 11:14:15.579,1.34484,1.34493,1.50,1.95
2017.05.29 11:14:17.990,1.34485,1.34493,1.00,1.20
2017.05.29 11:14:18.254,1.34483,1.34493,3.00,1.20
2017.05.29 11:14:19.132,1.34484,1.34493,1.00,1.10
2017.05.29 11:14:19.786,1.34483,1.34493,3.37,1.57
2017.05.29 11:14:20.494,1.34484,1.34493,1.00,1.57
2017.05.29 11:14:20.850,1.34482,1.34492,1.50,2.32
2017.05.29 11:14:23.503,1.34483,1.34492,1.00,2.32
2017.05.29 11:14:24.011,1.34482,1.34492,1.87,1.10
2017.05.29 11:14:25.138,1.34483,1.34492,1.00,1.10
2017.05.29 11:14:25.673,1.34482,1.34492,1.12,1.00
2017.05.29 11:14:27.557,1.34482,1.34491,1.12,1.00
2017.05.29 11:14:28.581,1.34481,1.3449,2.25,1.00
2017.05.29 11:14:28.684,1.34482,1.34486,1.00,1.00
2017.05.29 11:14:29.193,1.34481,1.34487,1.00,2.25
2017.05.29 11:14:29.761,1.34481,1.34487,1.00,1.87
2017.05.29 11:14:29.812,1.34479,1.34487,1.50,1.95
2017.05.29 11:14:30.316,1.34479,1.34487,1.50,1.47
2017.05.29 11:14:31.524,1.34481,1.34489,1.50,3.37
2017.05.29 11:14:31.576,1.34482,1.3449,1.00,1.37
2017.05.29 11:14:32.197,1.34481,1.3449,2.62,1.00
2017.05.29 11:14:33.188,1.34482,1.3449,1.00,1.00
2017.05.29 11:14:33.413,1.34484,1.34491,1.00,1.12
2017.05.29 11:14:33.569,1.34484,1.34493,1.00,1.57
2017.05.29 11:14:33.621,1.34486,1.34493,1.00,1.57
2017.05.29 11:14:34.040,1.34484,1.34493,1.50,1.20
2017.05.29 11:14:38.315,1.34485,1.34493,1.00,1.20
2017.05.29 11:14:38.824,1.34486,1.34494,1.00,1.20
2017.05.29 11:14:39.350,1.34487,1.34494,1.00,1.20
2017.05.29 11:14:39.950,1.34486,1.34495,1.00,2.32
2017.05.29 11:14:43.411,1.34486,1.34495,1.00,1.57
2017.05.29 11:14:44.079,1.34486,1.34495,1.00,1.20
2017.05.29 11:14:46.778,1.34485,1.34495,1.87,1.20
2017.05.29 11:14:48.298,1.34485,1.34495,2.25,1.95
2017.05.29 11:14:51.162,1.34486,1.34496,1.00,2.70
2017.05.29 11:14:51.686,1.34485,1.34495,1.00,1.57
2017.05.29 11:14:52.244,1.34486,1.34496,1.00,3.45
2017.05.29 11:14:54.723,1.34489,1.34496,1.00,1.82
2017.05.29 11:14:54.927,1.34491,1.345,1.00,3.45
2017.05.29 11:14:55.026,1.34492,1.345,1.00,1.20
2017.05.29 11:15:07.511,1.3449,1.345,2.62,1.20
2017.05.29 11:15:07.987,1.34493,1.345,1.00,1.00
2017.05.29 11:15:10.756,1.34492,1.345,1.87,1.00
2017.05.29 11:15:11.265,1.34493,1.345,1.00,1.00
2017.05.29 11:15:16.551,1.34492,1.345,1.12,1.10
2017.05.29 11:15:19.094,1.34493,1.34501,1.00,1.20
2017.05.29 11:15:19.599,1.34494,1.34502,1.50,1.10
2017.05.29 11:15:21.816,1.34495,1.34502,1.00,1.10
2017.05.29 11:15:22.173,1.34493,1.34501,1.50,1.00
2017.05.29 11:15:22.686,1.34494,1.345,1.00,1.00
2017.05.29 11:15:24.089,1.34493,1.345,1.50,1.00
2017.05.29 11:15:24.569,1.34494,1.34502,1.50,1.20
2017.05.29 11:15:27.124,1.34493,1.34502,1.12,1.10
2017.05.29 11:15:28.601,1.34494,1.34502,1.00,1.20
2017.05.29 11:15:29.150,1.34493,1.34502,3.00,1.57
2017.05.29 11:15:30.334,1.34494,1.34502,1.00,1.57
2017.05.29 11:15:32.803,1.34493,1.34502,2.25,1.57
2017.05.29 11:15:33.478,1.34494,1.34502,1.00,1.57
2017.05.29 11:15:33.633,1.34496,1.34504,1.00,2.32
2017.05.29 11:15:33.685,1.34496,1.34504,1.00,1.12
2017.05.29 11:15:33.737,1.34498,1.34505,1.50,1.00
2017.05.29 11:15:34.437,1.34499,1.34508,1.87,1.95
2017.05.29 11:15:37.229,1.34499,1.34508,1.00,1.20
2017.05.29 11:15:37.768,1.34498,1.34508,3.75,1.20
2017.05.29 11:15:38.733,1.34499,1.34508,1.00,1.20
2017.05.29 11:15:39.248,1.34499,1.34508,1.75,1.20
2017.05.29 11:15:39.552,1.34495,1.34503,2.25,1.10
2017.05.29 11:15:39.603,1.34494,1.34503,2.25,1.10
2017.05.29 11:15:40.115,1.34494,1.34502,1.50,1.12
2017.05.29 11:15:40.674,1.34493,1.34501,1.50,1.00
2017.05.29 11:15:41.193,1.34492,1.34501,1.50,1.00
2017.05.29 11:15:42.047,1.34493,1.34501,1.00,1.00
2017.05.29 11:15:42.353,1.34493,1.34499,1.00,1.00
2017.05.29 11:15:44.641,1.34492,1.34502,1.00,3.07
2017.05.29 11:15:45.217,1.34492,1.345,1.50,1.00
2017.05.29 11:15:45.472,1.34494,1.345,1.00,1.00
2017.05.29 11:15:45.975,1.34494,1.34501,1.00,1.10
2017.05.29 11:15:46.485,1.34493,1.34501,2.25,1.10
2017.05.29 11:15:47.059,1.34493,1.345,2.62,1.00
2017.05.29 11:15:47.568,1.34492,1.34502,2.62,1.95
2017.05.29 11:15:48.084,1.34492,1.345,1.87,1.00
2017.05.29 11:15:49.839,1.34492,1.34498,1.37,1.00
2017.05.29 11:15:49.992,1.3449,1.34499,1.87,1.00
2017.05.29 11:15:50.360,1.3449,1.34497,1.00,1.00
2017.05.29 11:15:50.959,1.34489,1.34497,1.12,1.00
2017.05.29 11:15:51.874,1.34488,1.34497,1.50,1.50
2017.05.29 11:15:52.308,1.34488,1.34495,1.00,1.50
2017.05.29 11:15:53.048,1.34487,1.34495,1.12,1.50
2017.05.29 11:15:53.668,1.34488,1.34495,1.00,1.00
2017.05.29 11:15:54.783,1.34487,1.34495,1.00,1.00
2017.05.29 11:15:55.308,1.34486,1.34495,3.00,1.00
2017.05.29 11:15:55.613,1.34491,1.34497,1.00,1.12
2017.05.29 11:15:55.818,1.34491,1.34499,1.00,1.50
2017.05.29 11:15:55.920,1.3449,1.34497,1.00,1.00
2017.05.29 11:15:57.660,1.3449,1.34499,1.50,1.20
2017.05.29 11:15:58.092,1.34491,1.34497,1.00,1.00
2017.05.29 11:16:06.933,1.34492,1.34497,1.00,1.00
2017.05.29 11:16:07.437,1.34491,1.34497,1.50,1.00
2017.05.29 11:16:08.451,1.34492,1.34497,1.00,1.00
2017.05.29 11:16:09.200,1.34492,1.345,1.87,2.25
2017.05.29 11:16:09.302,1.34492,1.34498,1.50,1.00
2017.05.29 11:16:10.914,1.34492,1.345,1.00,1.00
2017.05.29 11:16:11.680,1.34493,1.34499,1.00,1.00
2017.05.29 11:16:12.339,1.34492,1.34499,1.00,1.00
2017.05.29 11:16:20.395,1.34493,1.34502,1.00,3.07
2017.05.29 11:16:20.843,1.34495,1.34502,1.00,2.32
2017.05.29 11:16:22.005,1.34495,1.34501,1.00,1.00
2017.05.29 11:16:22.539,1.34494,1.34501,1.00,1.00
2017.05.29 11:16:26.307,1.34493,1.34501,1.00,1.00
2017.05.29 11:16:26.858,1.34494,1.34501,1.00,1.00
2017.05.29 11:16:31.931,1.34494,1.34502,1.00,2.32
2017.05.29 11:16:33.799,1.34492,1.34502,2.25,1.10
2017.05.29 11:16:34.054,1.34493,1.34501,1.00,1.95
2017.05.29 11:16:35.592,1.34492,1.34501,2.25,1.95
2017.05.29 11:16:36.130,1.34493,1.34501,1.00,1.50
2017.05.29 11:16:37.698,1.34497,1.34501,1.00,1.50
2017.05.29 11:16:37.997,1.34503,1.3451,1.50,1.10
2017.05.29 11:16:38.303,1.34506,1.34511,1.00,1.00
2017.05.29 11:16:38.815,1.34506,1.34512,1.00,1.00
2017.05.29 11:16:39.355,1.34505,1.34512,1.00,1.00
2017.05.29 11:16:39.877,1.34506,1.34512,1.00,1.00
2017.05.29 11:16:40.563,1.34505,1.34512,1.00,1.00
2017.05.29 11:16:42.249,1.34504,1.34512,1.12,1.00
2017.05.29 11:16:42.782,1.34504,1.34513,1.87,1.00
2017.05.29 11:16:44.224,1.34504,1.34511,1.12,1.00
2017.05.29 11:16:44.734,1.34503,1.34511,1.50,1.00
2017.05.29 11:16:45.342,1.34503,1.3451,1.00,1.00
2017.05.29 11:16:45.497,1.34501,1.34509,1.12,1.50
2017.05.29 11:16:45.702,1.345,1.34507,1.00,1.00
2017.05.29 11:16:45.805,1.34501,1.34509,1.50,1.87
2017.05.29 11:16:51.334,1.34502,1.34509,3.00,1.00
2017.05.29 11:16:52.744,1.34503,1.34511,1.12,1.95
2017.05.29 11:16:53.488,1.34502,1.34511,1.50,1.95
2017.05.29 11:16:53.866,1.34502,1.34509,2.25,1.00
2017.05.29 11:16:54.542,1.34503,1.34509,1.00,1.00
2017.05.29 11:17:03.293,1.34502,1.34509,3.00,1.00
2017.05.29 11:17:08.907,1.34503,1.34509,1.00,1.00
2017.05.29 11:17:13.198,1.34502,1.34509,2.25,1.00
2017.05.29 11:17:21.594,1.34502,1.34511,1.12,1.57
2017.05.29 11:17:25.579,1.34502,1.3451,1.12,1.00
2017.05.29 11:17:37.356,1.34501,1.3451,1.00,1.00
2017.05.29 11:17:41.610,1.34502,1.3451,1.00,1.00
2017.05.29 11:17:42.288,1.34502,1.34511,1.00,2.32
2017.05.29 11:17:46.422,1.34501,1.34511,1.87,2.32
2017.05.29 11:17:46.946,1.34502,1.34511,1.00,2.32
2017.05.29 11:17:47.568,1.34501,1.34511,2.62,2.32
2017.05.29 11:18:02.276,1.34502,1.34511,1.00,1.57
2017.05.29 11:18:02.480,1.34502,1.34509,1.00,1.00
2017.05.29 11:18:08.045,1.34501,1.34511,1.50,1.50
2017.05.29 11:18:08.097,1.34501,1.34509,1.12,1.00
2017.05.29 11:18:22.765,1.34502,1.34509,1.00,1.50
2017.05.29 11:18:24.987,1.34503,1.34509,1.00,1.00
2017.05.29 11:18:25.508,1.34502,1.34511,2.62,1.00
2017.05.29 11:18:26.046,1.34503,1.34511,1.00,1.00
2017.05.29 11:18:30.460,1.34502,1.34511,1.25,1.10
2017.05.29 11:18:31.099,1.34502,1.34512,1.00,1.95
2017.05.29 11:18:33.307,1.34501,1.34512,2.25,1.95
2017.05.29 11:18:37.635,1.34501,1.34512,2.25,1.57
2017.05.29 11:18:40.885,1.34502,1.34512,1.00,1.57
2017.05.29 11:18:46.923,1.34502,1.34512,1.50,1.57
2017.05.29 11:18:50.711,1.34502,1.34511,1.12,1.00
2017.05.29 11:18:59.070,1.34503,1.34512,1.87,1.00
2017.05.29 11:18:59.586,1.34504,1.34513,1.50,1.10
2017.05.29 11:19:00.250,1.34507,1.34516,1.00,1.95
2017.05.29 11:19:00.556,1.3451,1.34518,1.00,1.95
2017.05.29 11:19:00.862,1.3451,1.34518,1.37,1.00
2017.05.29 11:19:01.117,1.3451,1.34518,1.12,1.10
2017.05.29 11:19:02.125,1.34511,1.34519,1.00,1.20
2017.05.29 11:19:06.426,1.34509,1.34519,1.25,1.20
2017.05.29 11:19:06.908,1.3451,1.3452,1.00,3.07
2017.05.29 11:19:06.959,1.3451,1.3452,1.00,3.45
2017.05.29 11:19:07.498,1.34509,1.3452,1.00,4.95
2017.05.29 11:19:11.633,1.34509,1.3452,2.44,3.82
2017.05.29 11:19:11.785,1.34509,1.3452,1.87,2.70
2017.05.29 11:19:14.796,1.34509,1.3452,2.25,2.70
2017.05.29 11:19:14.948,1.34509,1.34519,1.87,1.07
2017.05.29 11:19:16.670,1.3451,1.3452,1.00,3.45
2017.05.29 11:19:17.188,1.3451,1.3452,1.50,3.07
2017.05.29 11:19:17.778,1.34509,1.3452,1.50,2.70
2017.05.29 11:19:21.899,1.34509,1.34519,1.69,1.20
2017.05.29 11:19:22.510,1.34509,1.34519,1.69,1.95
2017.05.29 11:19:33.717,1.34508,1.34519,2.25,1.95
2017.05.29 11:19:35.525,1.34509,1.34519,1.50,2.70
2017.05.29 11:19:36.085,1.34508,1.34518,4.87,1.10
2017.05.29 11:19:39.063,1.34509,1.34518,1.75,1.20
2017.05.29 11:19:39.267,1.34508,1.34518,3.00,1.20
2017.05.29 11:19:39.319,1.34509,1.34518,1.37,1.20
2017.05.29 11:19:39.999,1.34509,1.34519,1.00,1.95
2017.05.29 11:20:02.598,1.34508,1.34519,4.12,1.20
2017.05.29 11:20:02.801,1.34509,1.34519,1.00,1.20
2017.05.29 11:20:05.274,1.34509,1.34517,1.00,1.00
2017.05.29 11:20:21.502,1.34509,1.34518,1.00,1.00
2017.05.29 11:20:28.339,1.34508,1.34518,2.25,1.00
2017.05.29 11:20:30.562,1.34512,1.34519,1.00,1.20
2017.05.29 11:20:31.080,1.34511,1.34519,1.50,1.00
2017.05.29 11:20:31.689,1.34511,1.3452,1.50,1.50
2017.05.29 11:20:34.389,1.34511,1.3452,1.69,1.95
2017.05.29 11:20:35.047,1.34511,1.3452,1.37,1.57
2017.05.29 11:21:03.829,1.3451,1.34518,2.25,1.00
2017.05.29 11:21:03.881,1.3451,1.34518,1.00,1.00
2017.05.29 11:21:04.087,1.34512,1.34518,1.00,1.00
2017.05.29 11:21:04.371,1.34509,1.34518,2.25,1.00
2017.05.29 11:21:08.283,1.34509,1.34518,1.50,1.10
2017.05.29 11:21:09.112,1.3451,1.34518,1.00,1.10
2017.05.29 11:21:09.720,1.3451,1.34517,1.00,1.00
2017.05.29 11:21:23.242,1.34509,1.34517,1.50,1.00
2017.05.29 11:21:28.317,1.34509,1.34517,1.37,1.00
2017.05.29 11:21:35.050,1.34509,1.34519,1.37,1.10
2017.05.29 11:21:35.622,1.3451,1.34519,1.50,1.50
2017.05.29 11:21:36.161,1.3451,1.34518,1.50,1.00
2017.05.29 11:21:36.693,1.34509,1.34518,1.75,1.00
2017.05.29 11:21:41.451,1.34508,1.34516,3.00,1.00
2017.05.29 11:21:41.554,1.34509,1.34516,1.00,1.00
2017.05.29 11:21:42.112,1.34506,1.34517,1.87,1.00
2017.05.29 11:21:42.783,1.34506,1.34516,2.05,1.00
2017.05.29 11:21:46.670,1.34509,1.34516,1.00,1.00
2017.05.29 11:21:48.032,1.34509,1.34517,1.00,1.00
2017.05.29 11:21:52.102,1.34509,1.34518,1.87,1.00
2017.05.29 11:21:52.154,1.34509,1.34518,2.25,1.00
2017.05.29 11:21:52.205,1.34511,1.3452,1.12,1.00
2017.05.29 11:21:52.722,1.34511,1.3452,1.50,1.00
2017.05.29 11:21:54.971,1.34511,1.3452,1.50,1.20
2017.05.29 11:21:55.291,1.34513,1.34522,1.00,2.32
2017.05.29 11:21:56.021,1.34514,1.34522,1.50,1.00
2017.05.29 11:22:04.162,1.34513,1.34522,1.50,1.00
2017.05.29 11:22:04.678,1.34513,1.34522,1.50,1.00
2017.05.29 11:22:05.218,1.34512,1.34521,3.37,1.00
2017.05.29 11:22:05.333,1.34512,1.34521,1.50,1.00
2017.05.29 11:22:05.858,1.34513,1.34521,1.00,1.00
2017.05.29 11:22:10.252,1.34513,1.34519,1.00,1.00
2017.05.29 11:22:10.804,1.34511,1.34519,3.37,1.00
2017.05.29 11:22:16.106,1.34512,1.34519,1.12,1.00
2017.05.29 11:22:19.550,1.34512,1.3452,1.12,1.00
2017.05.29 11:22:19.765,1.34512,1.3452,1.50,1.00
2017.05.29 11:22:30.180,1.34514,1.34522,1.00,1.57
2017.05.29 11:22:31.513,1.34511,1.3452,3.07,1.00
2017.05.29 11:22:31.615,1.3451,1.3452,1.57,1.00
2017.05.29 11:22:33.789,1.34511,1.3452,1.95,1.00
2017.05.29 11:22:33.841,1.34511,1.3452,3.82,1.00
2017.05.29 11:22:36.163,1.34511,1.34519,3.45,1.00
2017.05.29 11:22:36.859,1.34511,1.3452,3.45,1.00
2017.05.29 11:22:39.313,1.34512,1.34521,1.50,1.50
2017.05.29 11:22:39.415,1.34512,1.34522,1.87,1.00
2017.05.29 11:22:39.517,1.34513,1.34522,1.50,1.00
2017.05.29 11:22:42.148,1.34513,1.34522,1.75,1.00
2017.05.29 11:22:42.295,1.34513,1.34522,1.12,1.00
2017.05.29 11:22:46.103,1.34514,1.34522,1.00,1.00
2017.05.29 11:22:46.154,1.34517,1.34525,1.50,1.57
2017.05.29 11:22:46.359,1.3452,1.34529,1.00,1.00
2017.05.29 11:22:46.665,1.34522,1.34528,1.00,1.00
2017.05.29 11:22:47.167,1.34521,1.34528,1.00,1.00
2017.05.29 11:23:08.758,1.34519,1.34528,1.20,1.00
2017.05.29 11:23:10.524,1.3452,1.34527,1.45,1.00
2017.05.29 11:23:10.740,1.34522,1.3453,1.20,1.00
2017.05.29 11:23:10.843,1.34524,1.34532,1.95,1.87
2017.05.29 11:23:11.389,1.34524,1.34532,1.95,1.50
2017.05.29 11:23:12.765,1.34524,1.34532,1.95,1.50
2017.05.29 11:23:13.285,1.34526,1.34532,1.00,1.50
2017.05.29 11:23:13.983,1.34526,1.3453,1.50,1.50
2017.05.29 11:23:14.390,1.34522,1.34529,2.32,1.50
2017.05.29 11:23:15.792,1.34522,1.34529,1.20,1.50
2017.05.29 11:23:24.010,1.34521,1.34528,1.57,1.00
2017.05.29 11:23:28.127,1.34521,1.34527,1.10,1.00
2017.05.29 11:23:28.636,1.3452,1.34527,3.45,1.00
2017.05.29 11:23:34.823,1.3452,1.34527,2.70,1.00
2017.05.29 11:23:37.313,1.34522,1.34528,1.00,1.00
2017.05.29 11:23:37.822,1.34522,1.34528,2.70,1.00
2017.05.29 11:23:38.522,1.34522,1.34529,2.70,1.50
2017.05.29 11:23:58.630,1.34523,1.3453,1.00,1.50
2017.05.29 11:24:10.151,1.34524,1.3453,1.00,1.00
2017.05.29 11:24:10.710,1.34523,1.3453,1.95,1.00
2017.05.29 11:24:18.014,1.34523,1.3453,1.95,1.00
2017.05.29 11:24:18.543,1.34523,1.3453,1.20,1.50
2017.05.29 11:24:20.102,1.34523,1.3453,1.95,1.50
2017.05.29 11:24:28.297,1.34523,1.3453,1.10,1.50
2017.05.29 11:24:29.297,1.34524,1.34533,1.10,1.87
2017.05.29 11:24:29.400,1.34525,1.34533,1.95,1.50
2017.05.29 11:24:29.789,1.34529,1.34535,1.20,1.00
2017.05.29 11:24:30.300,1.34529,1.34535,1.20,1.00
2017.05.29 11:24:30.821,1.34529,1.34535,1.95,1.00
2017.05.29 11:24:31.330,1.3453,1.34536,1.57,1.50
2017.05.29 11:24:37.223,1.3453,1.34536,2.70,1.00
2017.05.29 11:24:41.290,1.3453,1.34536,1.10,1.00
2017.05.29 11:24:43.725,1.3453,1.34536,1.95,1.00
2017.05.29 11:24:44.237,1.34532,1.34537,1.10,1.00
2017.05.29 11:24:45.132,1.34532,1.34537,1.57,1.00
2017.05.29 11:24:45.794,1.34532,1.34538,1.20,1.00
2017.05.29 11:24:46.752,1.34532,1.34538,1.95,1.00
2017.05.29 11:24:48.132,1.34532,1.34538,1.10,1.00
2017.05.29 11:24:51.811,1.34531,1.34538,1.95,1.50
2017.05.29 11:24:51.862,1.34531,1.34538,1.20,1.50
2017.05.29 11:25:06.372,1.34535,1.34542,1.00,1.87
2017.05.29 11:25:06.631,1.34538,1.34545,1.57,1.00
2017.05.29 11:25:06.683,1.34539,1.34545,1.57,1.00
2017.05.29 11:25:07.068,1.34538,1.34545,2.70,1.00
2017.05.29 11:25:07.374,1.34544,1.34548,1.00,1.50
2017.05.29 11:25:07.476,1.34545,1.3455,1.95,1.00
2017.05.29 11:25:07.579,1.34546,1.34554,2.32,1.00
2017.05.29 11:25:08.114,1.34547,1.34556,1.50,1.13
2017.05.29 11:25:10.068,1.34547,1.34556,2.70,1.13
2017.05.29 11:25:12.219,1.34548,1.34557,1.87,3.00
2017.05.29 11:25:12.473,1.34548,1.34557,1.95,1.50
2017.05.29 11:25:12.577,1.34548,1.34558,1.50,1.12
2017.05.29 11:25:12.679,1.3455,1.3456,2.32,1.87
2017.05.29 11:25:12.885,1.34556,1.34565,1.95,1.00
2017.05.29 11:25:12.987,1.34558,1.34565,1.20,1.00
2017.05.29 11:25:13.093,1.34558,1.34568,1.95,1.98
2017.05.29 11:25:13.667,1.34559,1.34567,1.00,1.00
2017.05.29 11:25:14.177,1.34559,1.34568,1.00,1.00
2017.05.29 11:25:14.764,1.34564,1.3457,1.00,1.37
2017.05.29 11:25:14.969,1.34565,1.34574,1.50,1.00
2017.05.29 11:25:15.275,1.34562,1.34571,1.95,1.00
2017.05.29 11:25:15.429,1.34561,1.34571,1.57,1.50
2017.05.29 11:25:15.583,1.3456,1.34569,1.07,1.00
2017.05.29 11:25:15.744,1.34558,1.34569,1.45,1.00
2017.05.29 11:25:16.049,1.34557,1.34565,1.75,1.00
2017.05.29 11:25:16.202,1.34556,1.34564,2.25,1.00
2017.05.29 11:25:16.561,1.34556,1.34566,1.50,1.00
2017.05.29 11:25:16.663,1.34556,1.34561,1.50,2.25
2017.05.29 11:25:16.978,1.34551,1.34557,2.25,1.00
2017.05.29 11:25:17.030,1.34548,1.34557,1.95,1.00
2017.05.29 11:25:17.674,1.34548,1.34558,1.57,2.25
2017.05.29 11:25:18.527,1.34548,1.34557,1.57,1.00
2017.05.29 11:25:19.328,1.34548,1.34558,1.57,2.25
2017.05.29 11:25:20.626,1.34548,1.34557,1.57,1.00
2017.05.29 11:25:21.309,1.34549,1.34558,1.10,2.25
2017.05.29 11:25:22.073,1.34548,1.34559,1.50,2.36
2017.05.29 11:25:22.125,1.34548,1.34557,2.25,1.00
2017.05.29 11:25:22.657,1.34548,1.34558,1.50,1.00
2017.05.29 11:25:23.192,1.34548,1.34557,1.50,1.00
2017.05.29 11:25:25.394,1.34548,1.34558,2.25,1.69
2017.05.29 11:25:26.435,1.34548,1.34557,2.25,1.00
2017.05.29 11:25:26.994,1.34548,1.34558,2.25,1.69
2017.05.29 11:25:28.193,1.34548,1.34558,3.00,1.87
2017.05.29 11:25:28.779,1.34548,1.34557,3.00,1.00
2017.05.29 11:25:29.304,1.34549,1.34558,1.00,1.50
2017.05.29 11:25:29.826,1.34548,1.34557,2.25,1.00
2017.05.29 11:25:30.397,1.34548,1.34558,2.25,1.50
2017.05.29 11:25:30.939,1.34548,1.34557,2.25,1.00
2017.05.29 11:25:31.553,1.34548,1.34558,2.25,1.00
2017.05.29 11:25:32.823,1.34548,1.34557,3.07,1.00
2017.05.29 11:25:33.380,1.34548,1.34558,3.07,1.00
2017.05.29 11:25:33.710,1.34551,1.34559,1.50,1.00
2017.05.29 11:25:34.232,1.34551,1.3456,1.50,1.00
2017.05.29 11:25:34.758,1.34551,1.34561,1.50,1.57
2017.05.29 11:25:35.284,1.34552,1.34561,1.50,1.57
2017.05.29 11:25:35.926,1.34552,1.34561,1.50,1.10
2017.05.29 11:25:36.832,1.34553,1.34563,1.12,1.95
2017.05.29 11:25:37.168,1.34556,1.34566,1.50,1.10
2017.05.29 11:25:37.682,1.34556,1.34566,1.12,1.50
2017.05.29 11:25:38.753,1.34555,1.34565,1.50,1.00
2017.05.29 11:25:40.109,1.34555,1.34567,1.87,1.95
2017.05.29 11:25:40.777,1.34555,1.34567,2.25,1.20
2017.05.29 11:25:41.676,1.34555,1.34566,2.25,1.00
2017.05.29 11:25:43.389,1.34556,1.34567,1.37,1.20
2017.05.29 11:25:44.026,1.34554,1.34566,7.20,1.00
2017.05.29 11:25:44.231,1.34555,1.34566,1.12,1.50
2017.05.29 11:25:44.823,1.34556,1.34566,1.00,1.00
2017.05.29 11:25:45.552,1.34555,1.34566,1.12,1.00
2017.05.29 11:25:46.246,1.34555,1.34565,1.12,1.00
2017.05.29 11:25:48.231,1.34555,1.34565,2.62,1.00
2017.05.29 11:25:52.327,1.34554,1.34564,3.00,1.00
2017.05.29 11:25:52.480,1.34553,1.34561,3.37,1.00
2017.05.29 11:25:52.532,1.34554,1.34561,1.00,1.00
2017.05.29 11:25:52.736,1.34552,1.34561,1.12,1.00
2017.05.29 11:25:53.280,1.34551,1.34561,2.25,1.00
2017.05.29 11:25:54.654,1.34551,1.34561,2.62,1.00
2017.05.29 11:25:55.795,1.34551,1.3456,3.00,1.00
2017.05.29 11:25:56.888,1.34551,1.3456,1.50,1.00
2017.05.29 11:25:58.061,1.34552,1.3456,1.00,1.00
2017.05.29 11:25:58.263,1.34549,1.34557,1.50,1.00
2017.05.29 11:25:59.022,1.34549,1.34556,1.12,1.00
2017.05.29 11:25:59.531,1.34548,1.34556,1.12,1.00
2017.05.29 11:26:00.945,1.34548,1.34556,1.37,1.00
2017.05.29 11:26:02.321,1.34548,1.34557,1.37,2.25
2017.05.29 11:26:02.883,1.34548,1.34557,1.00,3.00
2017.05.29 11:26:03.898,1.34548,1.34556,1.00,1.00
2017.05.29 11:26:03.950,1.34546,1.34556,2.32,1.00
2017.05.29 11:26:04.999,1.34546,1.34557,1.57,3.00
2017.05.29 11:26:05.408,1.34546,1.34555,2.32,1.00
2017.05.29 11:26:09.025,1.34546,1.34554,1.12,1.00
2017.05.29 11:26:09.560,1.34546,1.34555,1.00,1.87
2017.05.29 11:26:10.623,1.34546,1.34554,1.00,1.00
2017.05.29 11:26:12.228,1.34545,1.34555,1.00,2.25
2017.05.29 11:26:12.785,1.34545,1.34555,1.47,1.50
2017.05.29 11:26:13.446,1.34545,1.34554,1.00,1.50
2017.05.29 11:26:16.012,1.34546,1.34554,1.00,1.00
2017.05.29 11:26:16.555,1.34546,1.34555,1.12,1.50
2017.05.29 11:26:17.231,1.34546,1.34554,1.12,1.00
2017.05.29 11:26:18.120,1.34546,1.34555,1.00,2.62
2017.05.29 11:26:19.795,1.34546,1.34554,1.00,1.00
2017.05.29 11:26:20.335,1.34546,1.34555,1.12,2.25
2017.05.29 11:26:20.875,1.34546,1.34554,1.12,1.00
2017.05.29 11:26:21.379,1.34546,1.34555,1.12,1.50
2017.05.29 11:26:23.263,1.34546,1.34554,1.87,1.00
2017.05.29 11:26:23.842,1.34547,1.34555,1.00,1.50
2017.05.29 11:26:25.329,1.34547,1.34554,1.00,1.00
2017.05.29 11:26:28.151,1.34547,1.34555,1.00,1.50
2017.05.29 11:26:28.802,1.34547,1.34554,1.00,1.00
2017.05.29 11:26:29.345,1.34546,1.34554,1.50,1.00
2017.05.29 11:26:30.027,1.34546,1.34555,1.50,1.50
2017.05.29 11:26:30.537,1.34546,1.34554,1.50,1.00
2017.05.29 11:26:31.308,1.34546,1.34555,1.50,1.50
2017.05.29 11:26:32.518,1.34546,1.34554,1.50,1.00
2017.05.29 11:26:33.453,1.34546,1.34555,1.50,1.50
2017.05.29 11:26:34.819,1.34546,1.34554,1.50,1.00
2017.05.29 11:26:35.501,1.34546,1.34555,1.50,1.50
2017.05.29 11:26:36.355,1.34546,1.34554,1.50,1.00
2017.05.29 11:26:37.548,1.34546,1.34555,1.50,1.50
2017.05.29 11:26:38.846,1.34546,1.34554,1.00,1.00
2017.05.29 11:26:39.364,1.34546,1.34555,1.00,1.50
2017.05.29 11:26:39.919,1.34546,1.34554,1.00,1.00
2017.05.29 11:26:40.593,1.34546,1.34555,1.00,1.50
2017.05.29 11:26:43.944,1.34546,1.34554,1.00,1.00
2017.05.29 11:26:44.933,1.34546,1.34555,1.00,1.50
2017.05.29 11:26:45.543,1.34546,1.34554,1.00,1.00
2017.05.29 11:26:46.280,1.34546,1.34555,1.00,1.50
2017.05.29 11:26:48.011,1.34546,1.34554,1.50,1.00
2017.05.29 11:26:48.553,1.34546,1.34555,1.50,1.50
2017.05.29 11:26:49.334,1.34546,1.34554,1.50,1.00
2017.05.29 11:26:50.115,1.34546,1.34555,1.50,1.50
2017.05.29 11:26:51.219,1.34546,1.34554,1.00,1.00
2017.05.29 11:26:52.369,1.34546,1.34555,1.00,1.50
2017.05.29 11:26:52.970,1.34546,1.34554,1.00,1.00
2017.05.29 11:26:55.695,1.34546,1.34555,1.00,1.50
2017.05.29 11:26:56.347,1.34546,1.34554,1.00,1.00
2017.05.29 11:26:56.888,1.34546,1.34555,1.00,1.50
2017.05.29 11:26:57.977,1.34546,1.34554,1.00,1.00
2017.05.29 11:27:00.347,1.34546,1.34555,1.00,1.50
2017.05.29 11:27:01.348,1.34546,1.34554,1.00,1.00
2017.05.29 11:27:01.976,1.34546,1.34555,1.00,1.50
2017.05.29 11:27:02.619,1.34546,1.34554,1.00,1.00
2017.05.29 11:27:03.348,1.34546,1.34555,1.00,1.50
2017.05.29 11:27:05.349,1.34546,1.34554,1.00,1.00
2017.05.29 11:27:05.922,1.34546,1.34555,1.00,1.50
2017.05.29 11:27:06.916,1.34546,1.34554,1.12,1.00
2017.05.29 11:27:07.579,1.34546,1.34555,1.00,1.12
2017.05.29 11:27:08.159,1.34546,1.34555,1.00,1.50
2017.05.29 11:27:22.673,1.34546,1.34556,1.50,2.25
2017.05.29 11:27:23.258,1.34547,1.34556,1.00,1.00
2017.05.29 11:27:40.340,1.34547,1.34555,1.00,1.00
2017.05.29 11:27:49.131,1.34545,1.34549,1.12,1.00
2017.05.29 11:27:49.336,1.34538,1.34548,1.57,1.00
2017.05.29 11:27:49.591,1.3454,1.34548,1.00,1.00
2017.05.29 11:27:50.051,1.34544,1.34549,1.00,1.00
2017.05.29 11:27:50.102,1.34545,1.34551,1.00,1.87
2017.05.29 11:27:50.154,1.34543,1.34551,1.00,1.12
2017.05.29 11:27:50.466,1.34543,1.34553,1.50,1.00
2017.05.29 11:27:50.519,1.34543,1.34551,1.50,1.00
2017.05.29 11:27:50.828,1.34546,1.34554,1.00,1.00
2017.05.29 11:27:51.340,1.34546,1.34553,1.00,1.00
2017.05.29 11:27:51.921,1.34544,1.34553,1.95,1.00
2017.05.29 11:27:54.114,1.34544,1.34553,1.10,1.00
2017.05.29 11:27:54.861,1.34544,1.34554,1.10,1.50
2017.05.29 11:27:54.913,1.34544,1.34552,1.00,1.00
2017.05.29 11:27:56.614,1.34545,1.34554,1.00,1.12
2017.05.29 11:27:57.192,1.34545,1.34552,1.00,1.00
2017.05.29 11:27:57.346,1.34543,1.34551,1.00,1.00
2017.05.29 11:27:57.874,1.34542,1.34551,3.37,1.00
2017.05.29 11:28:02.667,1.34543,1.34551,1.50,1.00
2017.05.29 11:28:02.960,1.34545,1.34554,1.00,1.07
2017.05.29 11:28:03.524,1.34546,1.34554,1.00,1.50
2017.05.29 11:28:06.013,1.34546,1.34553,1.00,1.00
2017.05.29 11:28:06.116,1.34544,1.34553,1.00,1.00
2017.05.29 11:28:06.423,1.34544,1.34555,2.70,1.87
2017.05.29 11:28:06.475,1.34547,1.34555,1.00,2.62
2017.05.29 11:28:06.629,1.34548,1.34558,1.00,2.70
2017.05.29 11:28:06.681,1.3455,1.34559,1.00,2.70
2017.05.29 11:28:06.987,1.34548,1.34555,1.00,1.50
2017.05.29 11:28:07.509,1.34547,1.34555,1.00,1.87
2017.05.29 11:28:08.040,1.34546,1.34555,1.00,2.25
2017.05.29 11:28:08.549,1.34545,1.34554,1.00,1.12
2017.05.29 11:28:09.099,1.34544,1.34554,1.20,1.12
2017.05.29 11:28:09.795,1.34545,1.34554,1.00,1.12
2017.05.29 11:28:28.294,1.34545,1.34554,1.37,1.00
2017.05.29 11:28:30.939,1.34546,1.34555,1.12,1.00
2017.05.29 11:28:31.449,1.34547,1.34556,1.50,1.37
2017.05.29 11:28:37.214,1.34546,1.34553,1.10,1.00
2017.05.29 11:28:39.365,1.34544,1.34554,1.20,1.87
2017.05.29 11:28:39.620,1.34544,1.34552,1.07,1.00
2017.05.29 11:28:39.722,1.34544,1.34554,1.00,1.50
2017.05.29 11:28:39.875,1.34546,1.34554,1.00,1.00
2017.05.29 11:28:40.411,1.34546,1.34556,1.50,1.87
2017.05.29 11:28:40.935,1.34547,1.34556,1.00,1.87
2017.05.29 11:28:41.710,1.34546,1.34556,1.50,1.87
2017.05.29 11:28:42.383,1.34546,1.34556,2.25,1.50
2017.05.29 11:28:42.886,1.34547,1.34556,1.00,1.50
2017.05.29 11:28:43.335,1.34546,1.34553,1.00,1.00
2017.05.29 11:28:43.748,1.34543,1.34553,4.95,1.50
2017.05.29 11:28:44.280,1.34545,1.34553,1.50,1.50
2017.05.29 11:28:44.798,1.34546,1.34553,1.00,1.00
2017.05.29 11:28:45.750,1.34547,1.34553,1.00,1.00
2017.05.29 11:28:46.519,1.34546,1.34554,1.00,1.00
2017.05.29 11:28:47.178,1.34547,1.34554,1.00,1.00
2017.05.29 11:28:47.850,1.34545,1.34554,1.57,1.00
2017.05.29 11:28:48.498,1.34545,1.34554,2.32,1.00
2017.05.29 11:28:55.114,1.34546,1.34555,1.00,1.00
2017.05.29 11:28:55.914,1.34545,1.34554,1.57,1.50
2017.05.29 11:28:59.201,1.34546,1.34554,1.00,1.00
2017.05.29 11:28:59.643,1.34544,1.34552,2.25,1.00
2017.05.29 11:29:00.168,1.34544,1.34553,2.25,1.00
2017.05.29 11:29:00.684,1.34545,1.34554,1.50,1.10
2017.05.29 11:29:01.212,1.34546,1.34553,1.12,1.00
2017.05.29 11:29:02.584,1.34547,1.34555,1.00,1.00
2017.05.29 11:29:03.145,1.34547,1.34554,1.00,1.00
2017.05.29 11:29:03.868,1.34548,1.34554,1.00,1.00
2017.05.29 11:29:04.375,1.34547,1.34554,1.50,1.00
2017.05.29 11:29:04.878,1.34547,1.34555,1.00,1.12
2017.05.29 11:29:05.858,1.34547,1.34554,1.50,1.00
2017.05.29 11:29:06.537,1.34547,1.34553,1.00,1.00
2017.05.29 11:29:07.308,1.34547,1.34554,1.00,1.00
2017.05.29 11:29:09.119,1.34547,1.34553,1.00,1.00
2017.05.29 11:29:09.654,1.34547,1.34554,1.00,1.00
2017.05.29 11:29:09.988,1.34546,1.34551,1.00,1.00
2017.05.29 11:29:10.275,1.34539,1.34549,3.07,1.50
2017.05.29 11:29:10.328,1.3454,1.34547,1.37,1.00
2017.05.29 11:29:10.484,1.34538,1.34546,2.62,1.00
2017.05.29 11:29:11.023,1.34538,1.34546,1.00,1.00
2017.05.29 11:29:11.858,1.34537,1.34544,1.10,1.00
2017.05.29 11:29:13.188,1.34537,1.34545,1.00,1.12
2017.05.29 11:29:13.757,1.34537,1.34544,1.00,1.00
2017.05.29 11:29:14.262,1.34536,1.34544,1.00,1.00
2017.05.29 11:29:14.795,1.34537,1.34545,1.00,1.87
2017.05.29 11:29:15.304,1.34536,1.34544,1.50,1.00
2017.05.29 11:29:15.610,1.3453,1.34536,1.75,1.00
2017.05.29 11:29:15.866,1.3453,1.34537,1.00,2.25
2017.05.29 11:29:16.380,1.34531,1.34538,1.00,1.50
2017.05.29 11:29:16.769,1.34528,1.34538,3.82,1.00
2017.05.29 11:29:16.871,1.3453,1.34538,1.00,1.00
2017.05.29 11:29:17.401,1.34531,1.34538,1.00,1.50
2017.05.29 11:29:17.593,1.34529,1.34538,1.10,1.87
2017.05.29 11:29:22.766,1.3453,1.34537,1.00,1.00
2017.05.29 11:29:22.868,1.34528,1.34536,1.12,1.00
2017.05.29 11:29:23.390,1.34529,1.34537,1.00,1.50
2017.05.29 11:29:29.708,1.34528,1.34537,2.25,1.50
2017.05.29 11:29:29.760,1.34528,1.34534,1.50,1.00
2017.05.29 11:29:30.066,1.34527,1.34532,1.12,1.00
2017.05.29 11:29:30.817,1.34527,1.34533,1.00,1.00
2017.05.29 11:29:30.970,1.34525,1.34533,1.10,1.00
2017.05.29 11:29:31.225,1.34527,1.34534,1.50,1.00
2017.05.29 11:29:31.531,1.3453,1.34535,1.00,1.00
2017.05.29 11:29:32.160,1.34529,1.34535,1.00,1.00
2017.05.29 11:29:39.139,1.34529,1.34534,1.00,1.00
2017.05.29 11:29:39.668,1.34528,1.34534,1.50,1.00
2017.05.29 11:29:40.189,1.34528,1.34535,1.50,1.50
2017.05.29 11:29:41.226,1.3453,1.34535,1.00,1.00
2017.05.29 11:29:41.849,1.3453,1.34536,1.00,1.00
2017.05.29 11:29:42.358,1.34531,1.34536,1.00,1.00
2017.05.29 11:29:42.860,1.3453,1.34536,1.00,1.00
2017.05.29 11:29:44.848,1.34529,1.34536,1.50,1.00
2017.05.29 11:29:46.732,1.34528,1.34536,3.00,1.00
2017.05.29 11:29:47.038,1.34527,1.34534,1.95,1.00
2017.05.29 11:29:47.089,1.34527,1.34536,1.87,1.00
2017.05.29 11:29:54.713,1.34529,1.34536,1.00,1.00
2017.05.29 11:29:55.320,1.34528,1.34536,1.50,1.00
2017.05.29 11:29:55.842,1.34528,1.34535,1.50,1.00
2017.05.29 11:29:56.365,1.34529,1.34536,1.00,1.00
2017.05.29 11:29:56.893,1.34528,1.34535,1.87,1.00
2017.05.29 11:29:57.294,1.3453,1.34537,1.00,1.00
2017.05.29 11:29:57.837,1.3453,1.34536,1.00,1.00
2017.05.29 11:29:58.659,1.34529,1.34536,1.50,1.00
2017.05.29 11:29:59.354,1.3453,1.34536,1.00,1.00
2017.05.29 11:30:00.645,1.3453,1.34537,1.00,1.00
2017.05.29 11:30:00.903,1.34531,1.34539,1.50,1.50
2017.05.29 11:30:01.262,1.34535,1.34541,1.00,1.00
2017.05.29 11:30:01.573,1.34531,1.34539,1.50,1.50
2017.05.29 11:30:02.092,1.3453,1.34539,1.10,1.00
2017.05.29 11:30:02.407,1.3453,1.34539,1.87,1.00
2017.05.29 11:30:02.713,1.34536,1.34542,1.00,1.12
2017.05.29 11:30:02.816,1.34536,1.34544,1.50,1.50
2017.05.29 11:30:03.327,1.34536,1.34545,2.62,1.00
2017.05.29 11:30:03.429,1.34536,1.34547,2.62,1.50
2017.05.29 11:30:04.103,1.34538,1.34547,1.50,1.10
2017.05.29 11:30:04.613,1.34538,1.34546,1.12,1.00
2017.05.29 11:30:05.518,1.34538,1.34545,1.00,1.00
2017.05.29 11:30:06.292,1.34535,1.3454,1.95,1.00
2017.05.29 11:30:06.395,1.34533,1.34539,1.37,1.00
2017.05.29 11:30:06.498,1.3453,1.34538,2.32,1.00
2017.05.29 11:30:07.001,1.3453,1.34538,1.50,1.87
2017.05.29 11:30:07.535,1.34528,1.34537,2.32,1.00
2017.05.29 11:30:07.637,1.34525,1.34534,3.75,1.00
2017.05.29 11:30:07.689,1.34525,1.34533,1.37,1.00
2017.05.29 11:30:07.894,1.34524,1.34532,2.62,1.00
2017.05.29 11:30:10.918,1.34522,1.3453,3.37,1.00
2017.05.29 11:30:11.224,1.3452,1.34528,1.87,1.00
2017.05.29 11:30:12.277,1.3452,1.34527,1.00,1.00
2017.05.29 11:30:12.814,1.3452,1.34526,1.00,1.00
2017.05.29 11:30:12.968,1.34517,1.34524,2.70,1.00
2017.05.29 11:30:13.218,1.34517,1.34524,1.10,1.00
2017.05.29 11:30:13.372,1.34516,1.34521,1.00,1.00
2017.05.29 11:30:13.475,1.34514,1.34521,1.00,1.00
2017.05.29 11:30:13.526,1.34512,1.34522,1.50,1.00
2017.05.29 11:30:13.883,1.34514,1.34522,1.00,1.00
2017.05.29 11:30:14.417,1.34514,1.34521,1.50,1.00
2017.05.29 11:30:14.927,1.34515,1.34522,1.00,1.00
2017.05.29 11:30:15.618,1.34516,1.34522,1.00,1.00
2017.05.29 11:30:15.822,1.34518,1.34526,1.50,1.00
2017.05.29 11:30:16.342,1.34517,1.34526,1.50,1.00
2017.05.29 11:30:16.445,1.34517,1.34527,2.25,1.00
2017.05.29 11:30:17.176,1.34521,1.34528,1.00,1.00
2017.05.29 11:30:17.725,1.3452,1.34528,1.50,1.00
2017.05.29 11:30:18.257,1.34519,1.34527,1.50,1.00
2017.05.29 11:30:20.464,1.3452,1.34527,1.00,1.00
2017.05.29 11:30:29.708,1.34521,1.34527,1.20,1.00
2017.05.29 11:30:29.811,1.34522,1.34529,1.10,1.00
2017.05.29 11:30:30.086,1.34525,1.34533,1.00,1.75
2017.05.29 11:30:30.139,1.34527,1.34534,1.00,1.00
2017.05.29 11:30:30.597,1.34525,1.34534,2.70,1.00
2017.05.29 11:30:31.348,1.34525,1.34534,2.32,1.00
2017.05.29 11:30:31.528,1.34528,1.34537,1.00,1.00
2017.05.29 11:30:32.038,1.34527,1.34536,2.70,1.00
2017.05.29 11:30:32.602,1.34527,1.34535,1.45,1.00
2017.05.29 11:30:32.705,1.34526,1.34535,1.95,1.00
2017.05.29 11:30:32.910,1.34528,1.34536,1.45,1.00
2017.05.29 11:30:35.072,1.34528,1.34536,1.00,1.00
2017.05.29 11:30:37.848,1.34527,1.34536,1.12,1.00
2017.05.29 11:30:38.002,1.34525,1.34534,1.50,1.00
2017.05.29 11:30:40.359,1.34524,1.34535,1.57,1.50
2017.05.29 11:30:41.400,1.34524,1.34531,1.00,1.00
2017.05.29 11:30:41.554,1.3452,1.34528,2.62,1.50
2017.05.29 11:30:42.088,1.34519,1.34527,1.12,1.00
2017.05.29 11:30:42.594,1.3452,1.34527,1.00,1.00
2017.05.29 11:30:43.204,1.3452,1.34528,1.00,1.00
2017.05.29 11:30:43.737,1.34519,1.34529,1.50,1.00
2017.05.29 11:30:43.891,1.34521,1.34529,1.00,1.00
2017.05.29 11:30:44.044,1.34522,1.34532,1.12,1.12
2017.05.29 11:30:44.941,1.34522,1.34532,1.37,1.00
2017.05.29 11:30:45.492,1.34523,1.34533,1.50,1.50
2017.05.29 11:30:45.595,1.34525,1.34532,1.00,1.00
2017.05.29 11:30:45.698,1.34528,1.34536,1.00,2.32
2017.05.29 11:30:46.382,1.34528,1.34537,1.00,1.12
2017.05.29 11:30:49.869,1.34527,1.34535,1.10,1.00
2017.05.29 11:30:50.379,1.34527,1.34536,1.87,1.00
2017.05.29 11:30:50.892,1.34527,1.34537,1.87,1.12
2017.05.29 11:30:52.258,1.34528,1.34537,1.00,1.12
2017.05.29 11:30:57.545,1.34528,1.34536,1.00,1.50
2017.05.29 11:30:57.699,1.34525,1.34534,1.10,1.00
2017.05.29 11:30:58.265,1.34524,1.34534,2.32,1.00
2017.05.29 11:30:59.008,1.34525,1.34533,1.00,1.00
2017.05.29 11:30:59.519,1.34524,1.34533,1.57,1.00
2017.05.29 11:30:59.828,1.34524,1.34531,1.12,1.00
2017.05.29 11:31:00.377,1.34523,1.34531,1.50,1.00
2017.05.29 11:31:02.191,1.34523,1.34531,2.25,1.00
2017.05.29 11:31:03.397,1.34523,1.34531,2.25,1.00
2017.05.29 11:31:03.684,1.34523,1.34533,2.62,1.50
2017.05.29 11:31:11.017,1.34524,1.34534,1.12,2.62
2017.05.29 11:31:11.937,1.34525,1.34534,1.00,1.95
2017.05.29 11:31:11.988,1.34527,1.34534,1.00,1.95
2017.05.29 11:31:12.447,1.34527,1.34537,1.50,3.37
2017.05.29 11:31:12.996,1.34528,1.34537,1.12,1.50
2017.05.29 11:31:13.572,1.34527,1.34536,1.57,1.00
2017.05.29 11:31:14.089,1.34528,1.34536,1.00,1.00
2017.05.29 11:31:14.601,1.34529,1.34537,1.00,1.00
2017.05.29 11:31:15.418,1.34528,1.34537,1.87,1.00
2017.05.29 11:31:21.825,1.34527,1.34536,2.62,1.50
2017.05.29 11:31:24.920,1.34527,1.34536,1.00,2.62
2017.05.29 11:31:29.227,1.34525,1.34534,1.87,1.00
2017.05.29 11:31:29.330,1.34525,1.34532,1.00,1.10
2017.05.29 11:31:29.534,1.3452,1.34529,2.62,1.50
2017.05.29 11:31:29.739,1.3452,1.34527,1.00,1.00
2017.05.29 11:31:29.842,1.34517,1.34525,1.12,1.50
2017.05.29 11:31:30.046,1.34516,1.34523,1.00,1.00
2017.05.29 11:31:30.577,1.34515,1.34524,1.12,1.50
2017.05.29 11:31:31.086,1.34517,1.34525,1.50,1.12
2017.05.29 11:31:31.392,1.34519,1.34528,1.00,1.50
2017.05.29 11:31:32.947,1.34521,1.34528,1.00,1.00
2017.05.29 11:31:34.003,1.3452,1.34528,1.00,1.00
2017.05.29 11:31:34.818,1.34522,1.34529,1.00,1.12
2017.05.29 11:31:34.870,1.3452,1.3453,1.00,3.00
2017.05.29 11:31:36.367,1.34521,1.3453,1.00,3.00
2017.05.29 11:31:48.254,1.34521,1.3453,1.00,3.00
2017.05.29 11:31:50.173,1.34521,1.34529,1.00,1.00
2017.05.29 11:31:56.610,1.34519,1.34528,1.57,1.00
2017.05.29 11:31:56.661,1.34519,1.34526,1.50,1.00
2017.05.29 11:31:56.712,1.34519,1.34526,1.12,1.00
2017.05.29 11:31:56.865,1.34517,1.34524,1.50,1.00
2017.05.29 11:31:56.967,1.34515,1.34524,2.32,1.00
2017.05.29 11:31:57.680,1.34515,1.34523,1.20,1.00
2017.05.29 11:31:58.201,1.34515,1.34524,1.20,1.00
2017.05.29 11:31:58.906,1.34515,1.34523,1.20,1.00
2017.05.29 11:31:59.517,1.34515,1.34524,1.20,1.00
2017.05.29 11:32:00.025,1.34515,1.34523,1.50,1.00
2017.05.29 11:32:00.593,1.34515,1.34524,1.50,1.00
2017.05.29 11:32:01.096,1.34516,1.34524,1.50,1.00
2017.05.29 11:32:01.647,1.34516,1.34523,1.50,1.00
2017.05.29 11:32:02.868,1.34516,1.34524,1.50,1.00
2017.05.29 11:32:03.637,1.34516,1.34523,2.25,1.00
2017.05.29 11:32:04.238,1.34516,1.34524,2.25,1.00
2017.05.29 11:32:04.906,1.34516,1.34523,2.25,1.00
2017.05.29 11:32:05.441,1.34517,1.34526,1.50,1.95
2017.05.29 11:32:05.492,1.34519,1.34526,1.00,1.57
2017.05.29 11:32:05.646,1.3452,1.34529,1.50,3.07
2017.05.29 11:32:06.156,1.34518,1.34528,1.12,3.45
2017.05.29 11:32:06.326,1.34516,1.34525,1.87,1.50
2017.05.29 11:32:06.632,1.34518,1.34527,2.25,1.12
2017.05.29 11:32:06.838,1.34519,1.34529,1.50,2.32
2017.05.29 11:32:09.929,1.3452,1.34529,1.00,1.50
2017.05.29 11:32:10.133,1.34523,1.3453,1.00,1.10
2017.05.29 11:32:10.659,1.34523,1.34533,1.50,1.45
2017.05.29 11:32:11.236,1.34524,1.34533,1.00,1.45
2017.05.29 11:32:13.074,1.34524,1.34534,1.00,2.70
2017.05.29 11:32:13.594,1.34523,1.34534,1.12,2.70
2017.05.29 11:32:14.329,1.34524,1.34534,1.00,2.70
2017.05.29 11:32:14.636,1.34528,1.34537,1.50,1.57
2017.05.29 11:32:29.642,1.34529,1.34537,1.00,1.10
2017.05.29 11:32:34.086,1.34528,1.34537,1.12,1.50
2017.05.29 11:32:34.392,1.3452,1.34529,2.62,1.00
2017.05.29 11:32:35.356,1.34519,1.34529,3.37,1.10
2017.05.29 11:32:39.536,1.34522,1.34531,1.00,3.07
2017.05.29 11:32:40.049,1.34522,1.34531,1.12,1.00
2017.05.29 11:32:40.649,1.34523,1.34531,1.00,1.00
2017.05.29 11:32:44.659,1.34522,1.34531,1.12,1.00
2017.05.29 11:32:45.619,1.34522,1.34532,1.12,1.57
2017.05.29 11:32:46.216,1.34522,1.34531,2.62,1.00
2017.05.29 11:32:46.972,1.34527,1.34532,1.00,1.12
2017.05.29 11:32:47.075,1.34527,1.34535,1.00,1.87
2017.05.29 11:32:47.178,1.34527,1.34536,1.87,1.10
2017.05.29 11:32:49.200,1.34527,1.34537,1.87,1.10
2017.05.29 11:32:53.682,1.34527,1.34537,1.00,1.95
2017.05.29 11:32:54.680,1.34526,1.34536,2.62,1.12
2017.05.29 11:32:57.945,1.34527,1.34537,1.00,2.32
2017.05.29 11:32:59.679,1.34526,1.34536,2.70,1.87
2017.05.29 11:33:00.160,1.34526,1.34534,2.62,1.00
2017.05.29 11:33:00.749,1.34526,1.34535,2.62,1.50
2017.05.29 11:33:01.375,1.34526,1.34534,2.62,1.00
2017.05.29 11:33:02.749,1.34526,1.34535,1.87,2.25
2017.05.29 11:33:03.358,1.34526,1.34534,1.12,1.00
2017.05.29 11:33:03.887,1.34526,1.34535,1.00,1.50
2017.05.29 11:33:04.676,1.34526,1.34534,1.12,1.00
2017.05.29 11:33:07.189,1.34526,1.34535,1.12,1.50
2017.05.29 11:33:08.710,1.34524,1.34532,1.87,1.50
2017.05.29 11:33:08.966,1.34519,1.34529,3.00,1.00
2017.05.29 11:33:09.478,1.34519,1.34528,1.87,1.50
2017.05.29 11:33:13.168,1.34518,1.34525,1.50,1.00
2017.05.29 11:33:13.372,1.34515,1.34524,3.00,1.00
2017.05.29 11:33:13.423,1.34515,1.34522,3.75,1.00
2017.05.29 11:33:14.233,1.34515,1.34523,1.00,1.00
2017.05.29 11:33:14.774,1.34514,1.34522,2.70,1.00
2017.05.29 11:33:15.373,1.34514,1.34523,2.70,1.00
2017.05.29 11:33:16.217,1.34514,1.34522,1.95,1.00
2017.05.29 11:33:16.798,1.34514,1.34523,1.95,1.00
2017.05.29 11:33:17.556,1.34514,1.34522,1.95,1.00
2017.05.29 11:33:18.203,1.34514,1.34523,1.87,1.00
2017.05.29 11:33:18.813,1.34514,1.34522,2.70,1.00
2017.05.29 11:33:19.528,1.34514,1.34523,2.70,1.00
2017.05.29 11:33:20.987,1.34514,1.34522,2.32,1.00
2017.05.29 11:33:21.784,1.34514,1.34523,2.32,1.00
2017.05.29 11:33:24.299,1.34514,1.34522,2.32,1.00
2017.05.29 11:33:24.804,1.34515,1.34522,1.12,1.00
2017.05.29 11:33:25.316,1.34515,1.34523,1.12,1.00
2017.05.29 11:33:26.522,1.34514,1.34524,1.50,1.50
2017.05.29 11:33:27.071,1.34514,1.34523,1.87,1.00
2017.05.29 11:33:28.184,1.34514,1.34521,1.00,1.00
2017.05.29 11:33:28.236,1.34512,1.34522,1.57,3.75
2017.05.29 11:33:28.338,1.34512,1.3452,1.00,1.00
2017.05.29 11:33:35.169,1.3451,1.3452,1.50,2.25
2017.05.29 11:33:37.145,1.3451,1.34519,1.50,1.00
2017.05.29 11:33:41.164,1.3451,1.34518,1.50,1.00
2017.05.29 11:33:41.216,1.34508,1.34513,1.50,1.50
2017.05.29 11:33:41.320,1.34506,1.34513,1.12,1.00
2017.05.29 11:33:41.371,1.34503,1.34511,2.62,1.00
2017.05.29 11:33:41.423,1.34502,1.34511,2.25,1.00
2017.05.29 11:33:41.525,1.34502,1.34511,1.87,1.10
2017.05.29 11:33:42.536,1.34502,1.34511,1.87,1.95
2017.05.29 11:33:46.231,1.34501,1.34511,3.00,1.57
2017.05.29 11:33:46.500,1.34503,1.3451,1.00,1.00
2017.05.29 11:33:47.075,1.34503,1.34511,1.00,1.95
2017.05.29 11:33:48.043,1.34502,1.34511,1.00,3.82
2017.05.29 11:33:48.703,1.34502,1.3451,1.00,1.00
2017.05.29 11:33:49.455,1.34501,1.3451,1.00,2.32
2017.05.29 11:33:49.971,1.34502,1.3451,1.00,1.50
2017.05.29 11:33:50.492,1.34503,1.34511,1.00,1.20
2017.05.29 11:33:51.001,1.34502,1.34511,1.50,1.20
2017.05.29 11:33:51.506,1.34502,1.34511,1.50,1.00
2017.05.29 11:33:54.297,1.34502,1.34511,1.50,1.20
2017.05.29 11:34:00.284,1.34501,1.34511,1.50,2.70
2017.05.29 11:34:06.019,1.34508,1.34512,1.00,1.95
2017.05.29 11:34:06.275,1.34508,1.34513,1.00,1.00
2017.05.29 11:34:07.938,1.34508,1.34516,1.00,2.32
2017.05.29 11:34:08.041,1.3451,1.34517,1.00,1.12
2017.05.29 11:34:08.501,1.34507,1.34517,1.50,1.10
2017.05.29 11:34:08.603,1.34509,1.34517,1.00,1.00
2017.05.29 11:34:09.779,1.34509,1.34517,1.00,1.57
2017.05.29 11:34:10.089,1.34511,1.34519,1.00,1.20
2017.05.29 11:34:11.008,1.34511,1.34519,1.50,1.10
2017.05.29 11:34:23.922,1.3451,1.34519,1.00,1.10
2017.05.29 11:34:24.227,1.3451,1.34516,1.00,1.00
2017.05.29 11:34:24.381,1.34506,1.34514,1.00,1.00
2017.05.29 11:34:25.027,1.34505,1.34515,1.07,1.00
2017.05.29 11:34:25.549,1.34504,1.34515,2.70,1.95
2017.05.29 11:34:26.316,1.34504,1.34514,2.70,1.00
2017.05.29 11:34:27.326,1.34504,1.34515,2.70,1.95
2017.05.29 11:34:28.355,1.34504,1.34514,2.70,1.00
2017.05.29 11:34:29.968,1.34504,1.34515,3.45,1.95
2017.05.29 11:34:31.975,1.34504,1.34514,3.07,1.00
2017.05.29 11:34:32.826,1.34504,1.34515,3.07,2.32
2017.05.29 11:34:33.414,1.34504,1.34514,3.07,1.00
2017.05.29 11:34:34.398,1.34504,1.34515,3.07,2.32
2017.05.29 11:34:40.987,1.34506,1.34515,1.00,1.87
2017.05.29 11:34:43.385,1.34505,1.34515,1.50,1.00
2017.05.29 11:34:47.778,1.34508,1.34516,1.50,1.50
2017.05.29 11:34:48.357,1.34508,1.34515,1.00,1.00
2017.05.29 11:34:48.879,1.34508,1.34516,1.00,2.25
2017.05.29 11:34:49.619,1.34508,1.34515,1.00,1.00
2017.05.29 11:34:51.457,1.34508,1.34516,1.00,2.25
2017.05.29 11:34:52.357,1.34508,1.34515,1.00,1.00
2017.05.29 11:34:53.874,1.34508,1.34514,1.00,1.00
2017.05.29 11:34:54.533,1.34508,1.34515,1.00,1.00
2017.05.29 11:34:54.811,1.34506,1.34515,2.32,1.50
2017.05.29 11:34:54.862,1.34506,1.34512,2.32,1.00
2017.05.29 11:34:54.964,1.34505,1.34515,1.50,2.25
2017.05.29 11:34:55.066,1.34505,1.34515,1.50,2.25
2017.05.29 11:34:55.374,1.34509,1.34515,1.00,1.00
2017.05.29 11:34:56.085,1.34509,1.34516,1.00,1.00
2017.05.29 11:34:56.716,1.34509,1.34515,1.00,1.00
2017.05.29 11:34:57.541,1.34509,1.34516,1.00,1.12
2017.05.29 11:34:59.929,1.34508,1.34516,1.00,1.12
2017.05.29 11:35:01.153,1.34508,1.34515,1.00,1.00
2017.05.29 11:35:03.075,1.34506,1.34515,1.95,1.00
2017.05.29 11:35:03.381,1.34506,1.34513,1.00,1.00
2017.05.29 11:35:03.892,1.34503,1.34514,1.50,1.95
2017.05.29 11:35:03.943,1.34507,1.34515,1.50,1.45
2017.05.29 11:35:04.116,1.34507,1.34516,1.10,1.87
2017.05.29 11:35:04.167,1.34506,1.34514,2.32,1.00
2017.05.29 11:35:04.321,1.34503,1.34513,2.25,3.07
2017.05.29 11:35:04.373,1.34503,1.34511,1.50,1.00
2017.05.29 11:35:04.885,1.34503,1.34511,1.00,1.87
2017.05.29 11:35:05.386,1.34502,1.34511,1.50,1.87
2017.05.29 11:35:05.963,1.34501,1.34511,2.70,1.57
2017.05.29 11:35:06.521,1.34501,1.3451,1.10,1.50
2017.05.29 11:35:07.109,1.34501,1.34511,1.10,2.70
2017.05.29 11:35:07.660,1.34501,1.3451,1.10,1.00
2017.05.29 11:35:08.180,1.34501,1.34509,1.00,1.12
2017.05.29 11:35:09.261,1.345,1.3451,1.00,1.87
2017.05.29 11:35:13.418,1.345,1.3451,1.50,1.00
2017.05.29 11:35:13.764,1.345,1.3451,1.00,1.50
2017.05.29 11:35:18.292,1.345,1.3451,1.00,1.50
2017.05.29 11:35:41.642,1.345,1.34509,1.00,1.00
2017.05.29 11:36:00.634,1.345,1.34509,2.32,1.00
2017.05.29 11:36:01.144,1.345,1.34509,1.12,1.00
2017.05.29 11:36:05.452,1.345,1.3451,1.12,1.00
2017.05.29 11:36:06.245,1.345,1.34509,1.12,1.00
2017.05.29 11:36:08.110,1.345,1.3451,1.57,1.00
2017.05.29 11:36:08.682,1.345,1.3451,1.50,1.12
2017.05.29 11:36:08.733,1.34499,1.34508,1.37,1.50
2017.05.29 11:36:08.835,1.34498,1.34507,1.12,1.00
2017.05.29 11:36:08.989,1.34501,1.34507,1.00,1.87
2017.05.29 11:36:09.142,1.34501,1.34509,1.00,1.00
2017.05.29 11:36:09.647,1.34501,1.3451,1.57,1.00
2017.05.29 11:36:14.031,1.34502,1.3451,1.00,1.00
2017.05.29 11:36:14.237,1.34503,1.34512,1.50,2.62
2017.05.29 11:36:20.393,1.34503,1.34511,1.00,1.00
2017.05.29 11:36:20.445,1.345,1.34509,1.95,1.00
2017.05.29 11:36:20.981,1.345,1.34509,1.20,1.00
2017.05.29 11:36:21.487,1.345,1.34508,1.20,1.00
2017.05.29 11:36:22.501,1.345,1.34509,1.20,1.00
2017.05.29 11:36:23.280,1.345,1.3451,1.95,1.87
2017.05.29 11:36:28.147,1.34501,1.3451,1.00,1.87
2017.05.29 11:36:37.709,1.345,1.3451,1.87,2.70
2017.05.29 11:36:38.289,1.345,1.3451,1.12,2.32
2017.05.29 11:36:40.018,1.345,1.3451,1.12,1.87
2017.05.29 11:36:41.731,1.34501,1.3451,1.00,1.12
2017.05.29 11:36:42.364,1.34502,1.3451,1.87,1.00
2017.05.29 11:36:45.888,1.34507,1.34512,1.00,1.12
2017.05.29 11:36:46.094,1.34509,1.34518,1.00,2.32
2017.05.29 11:36:46.613,1.3451,1.34518,1.00,1.20
2017.05.29 11:36:47.142,1.3451,1.34519,1.00,1.95
2017.05.29 11:36:50.020,1.3451,1.34519,1.50,1.95
2017.05.29 11:36:55.105,1.34509,1.34519,1.00,1.45
2017.05.29 11:37:02.636,1.3451,1.34519,1.50,1.45
2017.05.29 11:37:03.197,1.3451,1.34519,1.00,3.37
2017.05.29 11:37:06.938,1.34512,1.3452,1.00,1.50
2017.05.29 11:37:07.245,1.34512,1.34522,2.25,1.50
2017.05.29 11:37:08.248,1.34512,1.34522,3.00,1.50
2017.05.29 11:37:15.719,1.34513,1.34522,1.10,1.50
2017.05.29 11:37:15.822,1.34515,1.34524,1.50,1.57
2017.05.29 11:37:16.368,1.34514,1.34525,1.57,1.10
2017.05.29 11:37:18.639,1.34518,1.34526,1.00,2.25
2017.05.29 11:37:19.239,1.34519,1.34526,1.00,1.00
2017.05.29 11:37:34.763,1.34518,1.34526,1.50,1.00
2017.05.29 11:37:45.257,1.34519,1.34527,1.00,1.97
2017.05.29 11:37:53.590,1.34519,1.34527,1.00,1.50
2017.05.29 11:37:56.964,1.34517,1.34524,1.10,1.00
2017.05.29 11:37:57.467,1.34516,1.34524,1.00,1.00
2017.05.29 11:37:57.970,1.34515,1.34523,1.00,1.00
2017.05.29 11:37:59.708,1.34515,1.34524,1.00,1.12
2017.05.29 11:38:01.218,1.34515,1.34524,1.00,3.07
2017.05.29 11:38:03.076,1.34515,1.34524,1.00,2.32
2017.05.29 11:38:08.787,1.34515,1.34524,1.00,1.57
2017.05.29 11:38:11.524,1.34515,1.3452,1.12,1.00
2017.05.29 11:38:11.628,1.34511,1.3452,2.25,1.00
2017.05.29 11:38:13.761,1.34512,1.34521,1.50,2.32
2017.05.29 11:38:17.555,1.34516,1.34521,1.00,1.00
2017.05.29 11:38:17.708,1.34518,1.34525,1.12,1.00
2017.05.29 11:38:18.219,1.34518,1.34527,1.12,1.95
2017.05.29 11:38:28.120,1.34518,1.34527,1.87,1.00
2017.05.29 11:38:28.896,1.34518,1.34527,1.37,1.00
2017.05.29 11:38:32.788,1.34518,1.34527,1.87,1.20
2017.05.29 11:38:48.250,1.34518,1.34527,2.25,1.20
2017.05.29 11:38:54.614,1.34518,1.34527,2.25,1.10
2017.05.29 11:38:54.766,1.34518,1.34527,1.75,1.00
2017.05.29 11:38:56.151,1.34517,1.34525,1.50,1.00
2017.05.29 11:38:56.253,1.34516,1.34523,1.00,1.50
2017.05.29 11:38:56.355,1.34513,1.34522,1.50,1.10
2017.05.29 11:38:56.458,1.34511,1.3452,1.87,1.00
2017.05.29 11:38:56.793,1.34511,1.34518,1.00,1.00
2017.05.29 11:38:57.184,1.34511,1.3452,1.00,2.62
2017.05.29 11:38:57.832,1.3451,1.3452,1.95,2.62
2017.05.29 11:38:58.689,1.34509,1.34519,2.32,1.00
2017.05.29 11:38:59.229,1.34509,1.3452,1.57,3.37
2017.05.29 11:38:59.739,1.3451,1.34519,1.07,1.00
2017.05.29 11:39:00.290,1.34509,1.34519,2.25,1.00
2017.05.29 11:39:04.279,1.34509,1.34519,1.50,1.45
2017.05.29 11:39:04.786,1.34509,1.34518,1.00,1.20
2017.05.29 11:39:06.944,1.34509,1.34519,1.57,1.57
2017.05.29 11:39:10.417,1.3451,1.34519,1.00,1.10
2017.05.29 11:39:40.453,1.34509,1.3452,1.00,3.82
2017.05.29 11:39:44.652,1.34509,1.3452,1.00,3.82
2017.05.29 11:39:44.754,1.34512,1.3452,1.00,1.50
2017.05.29 11:39:59.663,1.34511,1.34521,2.32,1.00
2017.05.29 11:40:09.166,1.34518,1.34522,1.00,1.87
2017.05.29 11:40:09.320,1.34518,1.34525,1.12,1.00
2017.05.29 11:40:09.870,1.34518,1.34527,1.20,1.00
2017.05.29 11:40:10.491,1.34519,1.34527,1.00,1.00
2017.05.29 11:40:15.532,1.34518,1.34527,1.20,1.00
2017.05.29 11:40:48.875,1.34518,1.34524,1.00,1.00
2017.05.29 11:41:01.913,1.34517,1.34524,1.50,1.00
2017.05.29 11:41:03.527,1.34517,1.34522,1.00,1.00
2017.05.29 11:41:03.732,1.34512,1.3452,1.12,1.00
2017.05.29 11:41:04.290,1.34511,1.3452,1.50,2.25
2017.05.29 11:41:07.260,1.34509,1.34518,1.20,1.00
2017.05.29 11:41:07.363,1.34506,1.34518,3.07,2.25
2017.05.29 11:41:07.881,1.34507,1.34517,1.50,1.00
2017.05.29 11:41:08.424,1.34507,1.34516,1.00,1.57
2017.05.29 11:41:08.956,1.34507,1.34516,2.62,1.00
2017.05.29 11:41:09.481,1.34507,1.34517,1.87,1.50
2017.05.29 11:41:10.031,1.34509,1.34518,1.00,1.00
2017.05.29 11:41:10.571,1.34509,1.34519,1.00,1.00
2017.05.29 11:41:14.513,1.3451,1.34519,1.00,1.00
2017.05.29 11:41:15.438,1.34511,1.3452,1.00,3.07
2017.05.29 11:41:16.459,1.34512,1.34522,1.00,1.37
2017.05.29 11:41:16.510,1.34512,1.34522,1.95,1.12
2017.05.29 11:41:16.816,1.34515,1.34522,1.50,1.00
2017.05.29 11:41:16.867,1.34515,1.34524,2.25,1.00
2017.05.29 11:41:17.528,1.34516,1.34524,1.10,1.00
2017.05.29 11:41:20.209,1.34519,1.34524,1.00,1.00
2017.05.29 11:41:28.372,1.34516,1.3452,1.47,1.00
2017.05.29 11:41:28.499,1.34514,1.34521,1.00,1.00
2017.05.29 11:41:28.806,1.34512,1.3452,1.00,1.87
2017.05.29 11:41:30.009,1.34512,1.34519,1.00,1.00
2017.05.29 11:41:31.924,1.34511,1.34519,1.00,1.00
2017.05.29 11:41:33.261,1.34508,1.34519,2.70,1.50
2017.05.29 11:41:33.809,1.34509,1.34519,1.10,2.32
2017.05.29 11:41:34.712,1.34509,1.34518,1.10,1.00
2017.05.29 11:41:35.230,1.34509,1.34514,1.00,1.00
2017.05.29 11:41:35.333,1.34506,1.34516,1.57,1.57
2017.05.29 11:41:35.482,1.3451,1.34517,1.00,1.20
2017.05.29 11:41:35.992,1.34509,1.34518,1.00,2.32
2017.05.29 11:41:39.755,1.34509,1.34518,1.00,1.12
2017.05.29 11:41:40.408,1.3451,1.34519,1.12,1.00
2017.05.29 11:41:40.923,1.3451,1.34517,1.12,1.00
2017.05.29 11:41:45.742,1.34511,1.34517,1.00,1.00
2017.05.29 11:41:52.979,1.34509,1.34517,1.95,1.00
2017.05.29 11:41:55.912,1.34509,1.34516,1.20,1.00
2017.05.29 11:41:59.429,1.34509,1.34517,1.20,1.00
2017.05.29 11:42:04.963,1.34509,1.34517,1.57,1.00
2017.05.29 11:42:05.578,1.34509,1.34517,1.12,1.00
2017.05.29 11:42:05.630,1.34507,1.34511,1.12,1.00
2017.05.29 11:42:05.783,1.34502,1.34511,3.75,1.12
2017.05.29 11:42:05.835,1.34502,1.34511,1.50,1.12
2017.05.29 11:42:06.141,1.34502,1.34509,1.50,1.00
2017.05.29 11:42:07.056,1.34502,1.34509,1.12,1.00
2017.05.29 11:42:07.415,1.345,1.34508,1.50,1.50
2017.05.29 11:42:07.467,1.345,1.34506,1.50,1.00
2017.05.29 11:42:08.051,1.34496,1.34505,2.32,1.00
2017.05.29 11:42:08.618,1.34496,1.34506,1.50,1.10
2017.05.29 11:42:09.234,1.34496,1.34505,1.75,1.12
2017.05.29 11:42:13.763,1.34501,1.34507,1.50,1.50
2017.05.29 11:42:13.814,1.34501,1.34507,1.50,1.12
2017.05.29 11:42:14.325,1.345,1.34509,1.00,1.95
2017.05.29 11:42:14.866,1.34501,1.34509,1.00,1.47
2017.05.29 11:42:15.381,1.345,1.34509,1.50,1.47
2017.05.29 11:42:15.928,1.34502,1.3451,1.00,1.57
2017.05.29 11:42:16.186,1.34509,1.34516,1.00,1.00
2017.05.29 11:42:16.740,1.34509,1.34517,1.87,1.50
2017.05.29 11:42:18.024,1.34509,1.34519,2.25,1.95
2017.05.29 11:42:18.431,1.3451,1.3452,1.00,2.32
2017.05.29 11:42:22.433,1.34511,1.3452,1.00,2.25
2017.05.29 11:42:41.729,1.34513,1.34521,1.00,1.87
2017.05.29 11:42:42.038,1.3452,1.34529,2.70,1.00
2017.05.29 11:42:43.374,1.3452,1.34531,2.70,1.50
2017.05.29 11:42:43.887,1.3452,1.3453,3.07,1.50
2017.05.29 11:42:44.547,1.3452,1.3453,2.70,1.57
2017.05.29 11:42:50.185,1.3452,1.34529,1.50,1.10
2017.05.29 11:42:50.655,1.3452,1.34528,1.00,1.37
2017.05.29 11:42:51.209,1.34521,1.34527,1.00,1.00
2017.05.29 11:42:53.287,1.3452,1.34527,1.00,1.00
2017.05.29 11:42:53.543,1.34514,1.34523,1.12,1.20
2017.05.29 11:42:54.736,1.34514,1.34524,1.87,2.25
2017.05.29 11:42:55.268,1.34514,1.34524,3.00,1.50
2017.05.29 11:42:55.375,1.34516,1.34524,1.12,1.50
2017.05.29 11:42:55.428,1.34518,1.34526,1.20,1.12
2017.05.29 11:42:55.581,1.34518,1.34528,1.87,1.00
2017.05.29 11:42:58.243,1.3452,1.34528,1.00,1.00
2017.05.29 11:42:58.881,1.34521,1.34528,1.00,1.00
2017.05.29 11:42:59.404,1.3452,1.34528,1.00,1.57
2017.05.29 11:43:01.864,1.34521,1.34528,1.00,1.00
2017.05.29 11:43:01.916,1.34519,1.34528,1.10,1.00
2017.05.29 11:43:02.453,1.34518,1.34528,1.12,2.25
2017.05.29 11:43:02.505,1.34518,1.34526,1.00,1.00
2017.05.29 11:43:02.607,1.34516,1.34526,1.12,1.37
2017.05.29 11:43:03.113,1.34515,1.34526,3.07,1.37
2017.05.29 11:43:03.741,1.34516,1.34526,1.00,1.37
2017.05.29 11:43:05.163,1.34515,1.34526,1.57,1.37
2017.05.29 11:43:05.423,1.34518,1.34528,1.00,5.70
2017.05.29 11:43:05.678,1.34519,1.34528,1.00,1.50
2017.05.29 11:43:20.137,1.34517,1.34528,1.50,3.07
2017.05.29 11:43:20.336,1.34515,1.34525,2.25,2.62
2017.05.29 11:43:25.920,1.34514,1.34525,1.20,3.00
2017.05.29 11:43:30.944,1.34515,1.34525,1.00,1.12
2017.05.29 11:43:32.241,1.34518,1.34526,1.00,1.50
2017.05.29 11:43:32.605,1.34521,1.34528,1.00,1.12
2017.05.29 11:43:33.306,1.34518,1.34528,1.95,1.12
2017.05.29 11:43:45.758,1.34518,1.34528,1.57,1.37
2017.05.29 11:43:45.860,1.34518,1.34528,1.57,1.50
2017.05.29 11:43:55.919,1.34518,1.34527,1.00,1.00
2017.05.29 11:43:56.021,1.34517,1.34525,1.00,1.00
2017.05.29 11:43:56.327,1.3452,1.34526,1.00,1.20
2017.05.29 11:43:58.837,1.34521,1.34526,1.00,1.20
2017.05.29 11:44:00.924,1.34515,1.34526,1.00,1.95
2017.05.29 11:44:01.706,1.34514,1.34526,2.70,1.95
2017.05.29 11:44:08.137,1.34513,1.34525,1.95,1.00
2017.05.29 11:44:08.664,1.34513,1.34525,1.95,1.50
2017.05.29 11:44:10.128,1.34514,1.34525,1.07,1.50
2017.05.29 11:44:15.763,1.34519,1.34527,1.00,3.37
2017.05.29 11:44:15.918,1.3452,1.3453,1.57,3.37
2017.05.29 11:44:16.131,1.34521,1.34531,1.07,1.12
2017.05.29 11:44:16.645,1.3452,1.34531,1.95,1.12
2017.05.29 11:44:20.020,1.3452,1.34531,1.00,1.12
2017.05.29 11:44:23.456,1.3452,1.3453,1.00,1.50
2017.05.29 11:44:24.084,1.3452,1.34529,1.00,1.00
2017.05.29 11:44:26.051,1.34518,1.34529,1.10,1.12
2017.05.29 11:44:26.934,1.34516,1.34527,1.45,1.00
2017.05.29 11:44:27.445,1.34521,1.34528,1.00,1.50
2017.05.29 11:44:28.028,1.3452,1.34528,1.00,1.50
2017.05.29 11:44:28.079,1.34518,1.34528,1.10,1.50
2017.05.29 11:44:37.007,1.3452,1.34528,1.00,1.00
2017.05.29 11:44:41.034,1.34518,1.34528,2.70,1.00
2017.05.29 11:44:43.143,1.34518,1.34528,1.50,1.37
2017.05.29 11:44:43.780,1.34518,1.34528,1.20,1.37
2017.05.29 11:44:48.291,1.34518,1.34528,1.57,1.12
2017.05.29 11:44:50.645,1.34518,1.34527,1.95,1.00
2017.05.29 11:44:50.961,1.34521,1.3453,1.00,3.07
2017.05.29 11:44:52.086,1.3452,1.3453,1.00,1.12
2017.05.29 11:44:52.682,1.3452,1.3453,1.10,1.47
2017.05.29 11:44:57.367,1.34518,1.34529,1.47,1.12
2017.05.29 11:44:58.323,1.34521,1.34529,1.00,1.12
2017.05.29 11:45:01.162,1.34519,1.34529,1.00,1.00
2017.05.29 11:45:01.702,1.34518,1.34529,1.57,1.87
2017.05.29 11:45:02.230,1.34518,1.34528,1.10,1.00
2017.05.29 11:45:02.721,1.34517,1.34526,1.95,1.00
2017.05.29 11:45:02.926,1.34515,1.34524,1.00,1.12
2017.05.29 11:45:03.586,1.34515,1.34525,1.00,1.12
2017.05.29 11:45:11.579,1.34514,1.34526,1.57,1.57
2017.05.29 11:45:17.434,1.34519,1.34527,1.50,1.85
2017.05.29 11:45:17.681,1.3452,1.34528,1.00,1.00
2017.05.29 11:45:18.341,1.3452,1.34529,1.00,1.87
2017.05.29 11:45:19.627,1.34519,1.34529,1.00,1.87
2017.05.29 11:45:22.305,1.34519,1.34529,1.00,1.87
2017.05.29 11:45:22.813,1.34518,1.34527,1.10,1.37
2017.05.29 11:45:26.169,1.34519,1.34527,1.00,1.37
2017.05.29 11:45:28.196,1.34519,1.34527,1.00,1.00
2017.05.29 11:45:34.725,1.34517,1.34526,2.25,1.00
2017.05.29 11:45:35.245,1.34515,1.34526,2.32,1.37
2017.05.29 11:45:36.297,1.34516,1.34526,1.00,2.70
2017.05.29 11:45:39.931,1.34514,1.34522,1.00,1.00
2017.05.29 11:45:40.136,1.34511,1.34522,3.07,1.95
2017.05.29 11:45:40.897,1.34511,1.34522,2.32,1.95
2017.05.29 11:45:42.358,1.34511,1.3452,1.57,1.00
2017.05.29 11:45:47.602,1.34512,1.34521,1.50,1.57
2017.05.29 11:45:48.182,1.34512,1.34521,1.87,1.10
2017.05.29 11:45:51.138,1.34513,1.34521,1.00,1.10
2017.05.29 11:46:12.715,1.34512,1.34521,1.12,1.10
2017.05.29 11:46:12.817,1.3451,1.3452,1.12,1.12
2017.05.29 11:46:13.470,1.34509,1.3452,1.57,1.00
2017.05.29 11:46:14.792,1.3451,1.3452,1.10,1.00
2017.05.29 11:46:15.291,1.34512,1.34521,1.00,1.00
2017.05.29 11:46:22.037,1.34511,1.34521,1.57,1.10
2017.05.29 11:46:28.195,1.34511,1.34521,1.47,1.57
2017.05.29 11:46:39.449,1.34513,1.34521,1.00,1.00
2017.05.29 11:46:40.185,1.34514,1.34521,1.00,1.00
2017.05.29 11:46:40.382,1.34519,1.34528,1.00,1.10
2017.05.29 11:46:41.939,1.3452,1.34529,1.00,3.07
2017.05.29 11:46:47.716,1.34519,1.34527,1.50,1.37
2017.05.29 11:46:49.806,1.34516,1.34524,1.57,1.00
2017.05.29 11:46:49.960,1.34513,1.34521,1.10,1.00
2017.05.29 11:46:50.569,1.34512,1.34521,1.00,1.12
2017.05.29 11:46:51.907,1.34512,1.34521,1.20,1.87
2017.05.29 11:46:52.422,1.3451,1.34521,2.70,1.57
2017.05.29 11:46:52.986,1.3451,1.3452,1.57,1.12
2017.05.29 11:46:53.508,1.3451,1.3452,1.20,1.12
2017.05.29 11:46:54.319,1.34509,1.34519,2.70,1.00
2017.05.29 11:46:54.576,1.34508,1.34518,1.00,2.62
2017.05.29 11:46:54.697,1.34506,1.34516,1.57,1.50
2017.05.29 11:46:55.239,1.34505,1.34516,1.07,3.07
2017.05.29 11:46:56.034,1.34507,1.34516,1.00,1.50
2017.05.29 11:46:56.231,1.34509,1.34519,1.10,1.50
2017.05.29 11:46:56.840,1.3451,1.34519,1.00,1.00
2017.05.29 11:46:57.559,1.34511,1.34519,1.00,1.00
2017.05.29 11:46:58.076,1.3451,1.34519,1.00,1.00
2017.05.29 11:46:58.637,1.34511,1.34521,2.70,1.12
2017.05.29 11:46:58.739,1.34513,1.34521,1.50,1.00
2017.05.29 11:46:58.790,1.34514,1.34524,1.00,3.07
2017.05.29 11:46:58.995,1.34519,1.34524,1.00,1.12
2017.05.29 11:46:59.046,1.34519,1.34526,1.00,1.00
2017.05.29 11:46:59.202,1.34521,1.34528,1.00,1.00
2017.05.29 11:46:59.665,1.34519,1.34529,1.87,1.12
2017.05.29 11:47:08.171,1.34519,1.34527,1.00,1.00
2017.05.29 11:47:08.984,1.34519,1.34528,1.00,1.12
2017.05.29 11:47:12.372,1.34519,1.34529,2.62,1.12
2017.05.29 11:47:17.320,1.34521,1.34529,1.00,1.50
2017.05.29 11:47:17.475,1.34519,1.3453,1.57,2.25
2017.05.29 11:47:17.985,1.34519,1.3453,1.57,1.87
2017.05.29 11:47:28.272,1.34519,1.3453,1.57,1.87
2017.05.29 11:47:38.507,1.34519,1.3453,1.20,1.95
2017.05.29 11:47:40.009,1.34519,1.34528,1.10,1.00
2017.05.29 11:47:42.143,1.3452,1.34528,1.00,1.00
2017.05.29 11:47:47.398,1.3452,1.3453,1.00,4.20
2017.05.29 11:47:52.850,1.3452,1.3453,1.50,4.20
2017.05.29 11:47:53.478,1.34519,1.34527,1.10,1.00
2017.05.29 11:47:54.305,1.34519,1.34529,1.20,1.95
2017.05.29 11:47:55.810,1.34519,1.34529,1.00,2.70
2017.05.29 11:47:58.025,1.34519,1.34529,1.10,2.32
2017.05.29 11:48:03.007,1.34519,1.34527,1.00,1.00
2017.05.29 11:48:03.058,1.34517,1.34526,1.50,1.00
2017.05.29 11:48:03.262,1.34515,1.34525,1.95,1.12
2017.05.29 11:48:07.490,1.34516,1.34525,1.10,1.50
2017.05.29 11:48:07.541,1.34518,1.34525,1.50,1.00
2017.05.29 11:48:07.745,1.34519,1.34528,1.00,1.95
2017.05.29 11:48:11.661,1.34519,1.34527,1.00,1.00
2017.05.29 11:48:12.171,1.34519,1.34529,1.57,1.10
2017.05.29 11:48:15.441,1.34517,1.34528,1.95,1.20
2017.05.29 11:48:15.998,1.34517,1.34528,2.32,1.20
2017.05.29 11:48:16.303,1.3452,1.34528,1.00,1.20
2017.05.29 11:48:16.355,1.3452,1.34529,1.00,1.57
2017.05.29 11:48:20.064,1.3452,1.34527,1.00,1.00
2017.05.29 11:48:24.314,1.34517,1.34527,1.50,1.50
2017.05.29 11:48:25.327,1.34517,1.34527,1.00,1.95
2017.05.29 11:48:26.481,1.34516,1.34527,1.57,1.95
2017.05.29 11:48:27.308,1.34516,1.34525,1.57,1.00
2017.05.29 11:48:29.142,1.34515,1.34525,1.10,1.10
2017.05.29 11:48:32.130,1.34514,1.34524,1.00,1.00
2017.05.29 11:48:32.283,1.34511,1.34519,1.00,1.00
2017.05.29 11:48:32.959,1.3451,1.34519,1.50,1.00
2017.05.29 11:48:33.680,1.3451,1.34522,1.50,2.70
2017.05.29 11:48:33.731,1.3451,1.34519,1.50,1.00
2017.05.29 11:48:46.660,1.3451,1.3452,1.12,1.87
2017.05.29 11:48:58.419,1.3451,1.3452,1.50,1.20
2017.05.29 11:48:58.675,1.34507,1.34517,1.57,1.57
2017.05.29 11:48:59.366,1.34508,1.34517,1.00,1.12
2017.05.29 11:49:01.308,1.34506,1.34516,3.07,1.50
2017.05.29 11:49:01.360,1.34506,1.34513,1.12,1.20
2017.05.29 11:49:01.463,1.34504,1.34511,1.00,1.00
2017.05.29 11:49:01.565,1.34502,1.34511,1.10,1.50
2017.05.29 11:49:03.198,1.34502,1.3451,1.00,1.00
2017.05.29 11:49:04.030,1.34499,1.34508,1.57,1.00
2017.05.29 11:49:04.133,1.34497,1.34508,1.95,1.95
2017.05.29 11:49:04.235,1.34496,1.34506,3.45,1.00
2017.05.29 11:49:04.389,1.34498,1.34507,2.32,1.87
2017.05.29 11:49:04.780,1.345,1.34508,1.50,1.10
2017.05.29 11:49:05.621,1.34502,1.34509,1.00,1.10
2017.05.29 11:49:06.421,1.34501,1.3451,1.00,1.12
2017.05.29 11:49:07.719,1.34499,1.34508,1.00,1.00
2017.05.29 11:49:07.873,1.34497,1.34507,1.00,1.10
2017.05.29 11:49:08.382,1.34496,1.34507,2.25,1.57
2017.05.29 11:49:08.991,1.34496,1.34507,2.70,1.57
2017.05.29 11:49:09.595,1.34496,1.34507,2.25,1.57
2017.05.29 11:49:10.247,1.34497,1.34507,1.00,1.57
2017.05.29 11:49:11.570,1.34497,1.34506,1.50,1.00
2017.05.29 11:49:17.643,1.34498,1.34507,1.00,1.50
2017.05.29 11:49:25.547,1.345,1.34509,1.50,1.87
2017.05.29 11:49:25.853,1.34501,1.34509,1.50,2.32
2017.05.29 11:49:26.056,1.345,1.34508,1.00,2.32
2017.05.29 11:49:26.209,1.34501,1.34507,1.00,1.57
2017.05.29 11:49:26.260,1.34495,1.34507,1.57,2.32
2017.05.29 11:49:26.311,1.34498,1.34506,1.00,1.00
2017.05.29 11:49:26.515,1.34499,1.34508,1.00,2.70
2017.05.29 11:49:26.872,1.34497,1.34506,2.32,1.00
2017.05.29 11:49:27.127,1.34499,1.34508,1.00,1.12
2017.05.29 11:49:27.769,1.345,1.34508,1.00,1.10
2017.05.29 11:49:28.573,1.34499,1.34508,1.50,1.10
2017.05.29 11:49:29.753,1.34499,1.34509,2.25,1.00
2017.05.29 11:49:29.905,1.34503,1.3451,1.00,1.00
2017.05.29 11:49:30.290,1.34502,1.34513,1.50,3.07
2017.05.29 11:49:30.342,1.34504,1.34512,1.50,1.12
2017.05.29 11:49:30.496,1.34501,1.34512,1.95,1.87
2017.05.29 11:49:31.028,1.34501,1.34512,1.95,1.87
2017.05.29 11:49:31.689,1.34501,1.34511,1.20,1.00
2017.05.29 11:49:38.246,1.34501,1.3451,1.12,1.00
2017.05.29 11:49:39.106,1.34501,1.34509,1.00,1.00
2017.05.29 11:49:43.696,1.34501,1.34511,1.12,2.62
2017.05.29 11:49:46.339,1.34503,1.34511,1.00,1.20
2017.05.29 11:49:47.044,1.34502,1.34512,1.12,1.95
2017.05.29 11:50:08.249,1.34502,1.34512,1.00,2.32
2017.05.29 11:50:11.741,1.34503,1.34512,1.00,1.95
2017.05.29 11:50:18.287,1.34503,1.34512,1.00,1.57
2017.05.29 11:50:26.722,1.34503,1.34511,1.00,1.00
2017.05.29 11:50:51.289,1.34501,1.34511,1.00,2.70
2017.05.29 11:50:51.857,1.34499,1.34509,1.57,1.00
2017.05.29 11:50:53.933,1.345,1.3451,1.10,1.10
2017.05.29 11:50:54.434,1.34499,1.34509,1.20,1.00
2017.05.29 11:50:56.309,1.34499,1.34508,1.20,1.00
2017.05.29 11:51:00.176,1.345,1.34509,1.10,1.50
2017.05.29 11:51:04.597,1.34501,1.3451,1.50,1.10
2017.05.29 11:51:04.802,1.34505,1.34511,1.00,1.50
2017.05.29 11:51:04.955,1.34504,1.34513,1.00,3.82
2017.05.29 11:51:06.721,1.34503,1.34513,1.50,3.82
2017.05.29 11:51:08.149,1.34504,1.34513,1.00,4.20
2017.05.29 11:51:08.661,1.34504,1.34513,1.00,4.20
2017.05.29 11:51:09.400,1.34503,1.34513,1.50,3.75
2017.05.29 11:51:09.451,1.34503,1.34513,1.50,3.75
2017.05.29 11:51:12.473,1.34503,1.34512,1.00,1.00
2017.05.29 11:51:17.199,1.34503,1.34513,1.00,2.70
2017.05.29 11:51:17.301,1.34506,1.34513,1.00,1.12
2017.05.29 11:51:17.770,1.34508,1.34513,1.00,1.00
2017.05.29 11:51:18.320,1.34507,1.34513,1.00,1.00
2017.05.29 11:51:25.368,1.34506,1.34513,2.25,1.00
2017.05.29 11:51:26.135,1.34505,1.34513,1.12,1.00
2017.05.29 11:51:26.644,1.34503,1.34513,2.70,1.57
2017.05.29 11:51:27.259,1.34504,1.34513,1.00,1.57
2017.05.29 11:51:32.311,1.34503,1.34513,2.32,1.50
2017.05.29 11:51:32.414,1.34505,1.34513,1.87,1.50
2017.05.29 11:51:35.068,1.34506,1.34513,1.00,1.00
2017.05.29 11:51:36.139,1.34505,1.34513,2.62,1.00
2017.05.29 11:51:44.327,1.34505,1.34514,3.00,1.00
2017.05.29 11:51:44.429,1.34507,1.34517,1.50,2.70
2017.05.29 11:51:44.481,1.34509,1.34517,1.00,1.00
2017.05.29 11:51:44.583,1.34507,1.34518,3.00,2.70
2017.05.29 11:51:47.139,1.34508,1.34518,1.00,2.32
2017.05.29 11:51:47.840,1.34509,1.34518,2.25,1.00
2017.05.29 11:51:48.351,1.34509,1.34519,1.10,1.20
2017.05.29 11:51:48.402,1.34511,1.34519,1.00,1.20
2017.05.29 11:51:49.016,1.34509,1.34519,1.57,1.20
2017.05.29 11:51:54.510,1.34509,1.34518,1.10,1.00
2017.05.29 11:51:55.094,1.34509,1.34517,1.00,1.12
2017.05.29 11:51:55.603,1.34507,1.34517,2.32,1.12
2017.05.29 11:51:56.169,1.34507,1.34516,2.32,1.00
2017.05.29 11:51:57.821,1.34507,1.34516,1.95,1.00
2017.05.29 11:51:58.371,1.34507,1.34515,1.20,1.00
2017.05.29 11:52:01.543,1.34507,1.34516,1.57,1.00
2017.05.29 11:52:02.092,1.34507,1.34517,1.10,2.70
2017.05.29 11:52:05.006,1.34508,1.34517,1.00,1.95
2017.05.29 11:52:05.515,1.34507,1.34517,1.57,1.87
2017.05.29 11:52:07.701,1.34508,1.34519,1.00,3.45
2017.05.29 11:52:08.244,1.34507,1.34517,1.57,1.12
2017.05.29 11:52:09.250,1.34507,1.34516,1.00,1.00
2017.05.29 11:52:09.454,1.34505,1.34516,2.70,1.57
2017.05.29 11:52:18.570,1.34508,1.34515,2.25,1.12
2017.05.29 11:52:18.673,1.34509,1.34518,1.57,1.00
2017.05.29 11:52:19.275,1.34509,1.34519,2.32,1.57
2017.05.29 11:52:20.042,1.3451,1.34519,1.00,1.57
2017.05.29 11:52:20.560,1.34511,1.34519,1.00,1.00
2017.05.29 11:52:26.032,1.34509,1.34519,1.12,1.00
2017.05.29 11:52:27.207,1.34508,1.34518,1.47,1.10
2017.05.29 11:52:27.310,1.34508,1.34516,1.00,1.00
2017.05.29 11:52:27.362,1.34506,1.34516,1.87,1.50
2017.05.29 11:52:27.668,1.34509,1.34516,1.00,1.00
2017.05.29 11:52:27.923,1.34509,1.3452,1.20,1.57
2017.05.29 11:52:28.494,1.34509,1.3452,1.10,1.95
2017.05.29 11:52:29.515,1.34509,1.3452,1.20,1.57
2017.05.29 11:52:37.610,1.34509,1.3452,2.32,1.95
2017.05.29 11:52:38.220,1.3451,1.3452,1.57,1.57
2017.05.29 11:52:41.835,1.34511,1.34521,1.00,6.07
2017.05.29 11:52:47.122,1.34511,1.34521,1.00,3.45
2017.05.29 11:52:48.405,1.3451,1.3452,1.00,2.32
2017.05.29 11:52:48.457,1.34511,1.34519,1.00,1.37
2017.05.29 11:52:48.764,1.3451,1.34519,1.50,3.45
2017.05.29 11:52:48.917,1.34511,1.34519,1.00,1.12
2017.05.29 11:52:49.646,1.34511,1.3452,1.00,1.00
2017.05.29 11:52:51.808,1.34511,1.34521,1.00,3.45
2017.05.29 11:52:52.513,1.3451,1.34521,1.50,4.20
2017.05.29 11:52:53.817,1.3451,1.3452,1.50,1.00
2017.05.29 11:52:54.348,1.3451,1.34521,1.50,4.20
2017.05.29 11:52:56.094,1.3451,1.3452,1.50,1.00
2017.05.29 11:52:58.838,1.3451,1.34521,1.00,4.20
2017.05.29 11:53:00.180,1.3451,1.3452,1.00,1.00
2017.05.29 11:53:00.837,1.3451,1.34521,1.00,4.20
2017.05.29 11:53:01.481,1.3451,1.34521,1.00,4.57
2017.05.29 11:53:03.307,1.34509,1.34521,1.57,4.57
2017.05.29 11:53:04.245,1.3451,1.34521,1.00,3.82
2017.05.29 11:53:04.452,1.34513,1.34521,1.87,1.50
2017.05.29 11:53:04.761,1.34521,1.34529,1.00,1.50
2017.05.29 11:53:05.409,1.34522,1.34529,1.00,1.00
2017.05.29 11:53:05.461,1.34522,1.34531,1.00,1.12
2017.05.29 11:53:07.591,1.34522,1.3453,1.12,1.00
2017.05.29 11:53:08.126,1.34521,1.3453,1.12,1.00
2017.05.29 11:53:12.516,1.34521,1.3453,1.00,1.20
2017.05.29 11:53:12.670,1.34519,1.3453,1.57,2.62
2017.05.29 11:53:13.347,1.3452,1.3453,1.12,2.62
2017.05.29 11:53:16.599,1.3452,1.34529,1.12,1.00
2017.05.29 11:53:24.023,1.34521,1.34529,1.00,1.50
2017.05.29 11:53:27.131,1.34521,1.3453,1.00,1.12
2017.05.29 11:53:32.170,1.34522,1.3453,1.00,1.12
2017.05.29 11:53:34.216,1.34521,1.3453,1.95,1.00
2017.05.29 11:53:40.270,1.3452,1.3453,1.10,1.57
2017.05.29 11:53:41.131,1.34519,1.3453,1.12,1.57
2017.05.29 11:53:41.912,1.3452,1.3453,1.00,1.95
2017.05.29 11:53:48.246,1.34519,1.3453,2.32,3.07
2017.05.29 11:53:57.304,1.34518,1.34529,2.70,1.00
2017.05.29 11:53:57.821,1.34517,1.34528,2.32,1.12
2017.05.29 11:53:58.338,1.34517,1.34528,1.95,1.12
2017.05.29 11:54:00.292,1.34519,1.34528,1.00,1.12
2017.05.29 11:54:01.099,1.34519,1.34529,1.50,1.50
2017.05.29 11:54:05.164,1.3452,1.34529,1.50,1.00
2017.05.29 11:54:05.721,1.3452,1.34529,1.00,1.00
2017.05.29 11:54:12.219,1.34519,1.3453,1.10,1.87
2017.05.29 11:54:13.439,1.3452,1.3453,1.00,1.12
2017.05.29 11:54:15.412,1.3452,1.34531,1.00,1.20
2017.05.29 11:54:15.914,1.3452,1.3453,1.00,1.00
2017.05.29 11:54:17.234,1.34521,1.3453,1.00,1.50
2017.05.29 11:54:25.373,1.34521,1.34529,1.00,1.00
2017.05.29 11:54:27.250,1.3452,1.34529,1.00,1.00
2017.05.29 11:54:29.546,1.3452,1.3453,1.00,1.50
2017.05.29 11:54:30.099,1.34519,1.3453,1.10,2.32
2017.05.29 11:54:30.875,1.34519,1.34528,1.20,1.00
2017.05.29 11:54:34.423,1.34519,1.34528,1.00,1.37
2017.05.29 11:54:35.147,1.34519,1.34526,1.00,1.00
2017.05.29 11:54:35.671,1.34517,1.34522,1.00,1.00
2017.05.29 11:54:35.722,1.34515,1.34521,1.20,1.00
2017.05.29 11:54:35.825,1.34511,1.3452,1.95,1.00
2017.05.29 11:54:36.487,1.34511,1.34519,1.00,1.00
2017.05.29 11:54:39.871,1.34511,1.34517,1.00,1.00
2017.05.29 11:54:42.233,1.3451,1.34517,1.00,1.00
2017.05.29 11:54:54.720,1.34511,1.34517,1.00,1.00
2017.05.29 11:54:55.025,1.3451,1.34515,1.00,1.00
2017.05.29 11:54:55.567,1.3451,1.34517,1.00,1.00
2017.05.29 11:54:56.229,1.34511,1.34517,1.00,1.00
2017.05.29 11:54:57.297,1.3451,1.34517,1.00,1.00
2017.05.29 11:54:58.035,1.3451,1.34518,1.50,1.00
2017.05.29 11:54:59.589,1.34509,1.34518,1.20,1.00
2017.05.29 11:55:00.410,1.34509,1.34518,1.57,1.00
2017.05.29 11:55:01.309,1.34512,1.34518,1.00,1.00
2017.05.29 11:55:01.360,1.34512,1.3452,1.00,1.50
2017.05.29 11:55:01.884,1.34512,1.34518,1.00,1.00
2017.05.29 11:55:02.423,1.34511,1.34518,1.00,1.00
2017.05.29 11:55:05.268,1.34509,1.34518,2.32,1.00
2017.05.29 11:55:05.889,1.34511,1.34518,1.00,1.00
2017.05.29 11:55:07.011,1.34511,1.34519,1.50,1.00
2017.05.29 11:55:15.120,1.34508,1.34516,1.47,1.50
2017.05.29 11:55:15.274,1.34502,1.34512,4.95,1.00
2017.05.29 11:55:15.848,1.34503,1.34512,1.20,1.00
2017.05.29 11:55:19.327,1.34502,1.3451,1.57,1.00
2017.05.29 11:55:19.424,1.34502,1.34513,1.57,1.50
2017.05.29 11:55:20.143,1.34502,1.34513,1.20,1.50
2017.05.29 11:55:22.285,1.34501,1.34513,4.95,3.00
2017.05.29 11:55:22.388,1.34501,1.34513,2.70,3.75
2017.05.29 11:55:22.540,1.34501,1.34511,2.70,1.00
2017.05.29 11:55:23.471,1.34501,1.34511,1.57,1.00
2017.05.29 11:55:29.022,1.34504,1.34511,1.00,1.12
2017.05.29 11:55:29.175,1.34504,1.34513,1.00,1.95
2017.05.29 11:55:29.921,1.34503,1.34513,1.10,1.57
2017.05.29 11:55:31.243,1.34504,1.34513,1.00,1.10
2017.05.29 11:55:32.416,1.34505,1.34514,1.00,1.95
2017.05.29 11:55:34.156,1.34505,1.34514,1.00,1.57
2017.05.29 11:55:34.258,1.34507,1.34514,1.00,1.50
2017.05.29 11:55:34.840,1.34507,1.34515,1.00,2.25
2017.05.29 11:55:35.382,1.34506,1.34515,1.00,2.25
2017.05.29 11:55:36.422,1.34508,1.34515,1.00,2.25
2017.05.29 11:55:37.120,1.34508,1.34517,1.10,1.00
2017.05.29 11:55:37.273,1.34508,1.34519,1.57,2.25
2017.05.29 11:55:37.909,1.34509,1.34519,1.50,1.00
2017.05.29 11:55:38.776,1.34509,1.3452,1.00,3.82
2017.05.29 11:55:39.438,1.34509,1.34519,1.00,1.00
2017.05.29 11:55:41.351,1.34509,1.3452,1.00,3.82
2017.05.29 11:55:41.942,1.3451,1.3452,1.00,2.32
2017.05.29 11:55:56.472,1.3451,1.3452,1.00,1.95
2017.05.29 11:56:08.196,1.34511,1.3452,1.00,1.47
2017.05.29 11:56:08.718,1.34512,1.3452,2.25,1.00
2017.05.29 11:56:12.905,1.34514,1.3452,1.00,1.00
2017.05.29 11:56:13.466,1.34513,1.34521,1.00,1.00
2017.05.29 11:56:17.472,1.34513,1.34522,1.00,1.50
2017.05.29 11:56:27.028,1.34512,1.34522,1.00,2.32
2017.05.29 11:56:33.174,1.3451,1.34522,2.70,2.70
2017.05.29 11:56:37.099,1.34513,1.34521,1.00,1.12
2017.05.29 11:56:37.405,1.34516,1.34521,1.00,1.00
2017.05.29 11:56:37.929,1.34515,1.34521,1.50,1.00
2017.05.29 11:56:38.595,1.34519,1.34526,1.12,3.75
2017.05.29 11:56:38.917,1.34522,1.34532,2.25,3.07
2017.05.29 11:56:38.970,1.34527,1.34533,1.00,1.12
2017.05.29 11:56:39.023,1.34527,1.34536,1.00,4.95
2017.05.29 11:56:39.803,1.34528,1.34535,1.00,1.00
2017.05.29 11:56:42.140,1.34528,1.34537,1.00,1.00
2017.05.29 11:56:42.242,1.3453,1.34538,1.00,1.00
2017.05.29 11:56:42.751,1.3453,1.34538,1.47,1.00
2017.05.29 11:56:47.570,1.3453,1.34539,1.47,1.00
2017.05.29 11:56:48.253,1.3453,1.34538,1.37,1.00
2017.05.29 11:56:51.641,1.34529,1.34538,1.00,1.12
2017.05.29 11:56:55.258,1.34528,1.34538,2.32,1.00
2017.05.29 11:56:55.900,1.34529,1.34538,1.00,1.00
2017.05.29 11:56:57.154,1.34531,1.34538,1.50,1.00
2017.05.29 11:56:57.358,1.34531,1.34541,1.57,2.25
2017.05.29 11:56:57.562,1.34536,1.34541,1.00,1.87
2017.05.29 11:56:58.909,1.34535,1.34541,1.00,1.12
2017.05.29 11:57:02.303,1.34536,1.34546,1.00,3.07
2017.05.29 11:57:02.825,1.34536,1.34546,1.50,1.50
2017.05.29 11:57:04.049,1.34536,1.34545,1.87,1.00
2017.05.29 11:57:04.835,1.34536,1.34546,1.87,1.87
2017.05.29 11:57:06.400,1.34535,1.34542,1.87,1.00
2017.05.29 11:57:06.604,1.34532,1.3454,1.20,1.00
2017.05.29 11:57:07.176,1.34532,1.3454,1.10,1.00
2017.05.29 11:57:07.718,1.34531,1.34539,1.95,1.00
2017.05.29 11:57:11.049,1.34531,1.34539,1.95,1.00
2017.05.29 11:57:11.151,1.34531,1.34539,1.00,1.00
2017.05.29 11:57:11.660,1.3453,1.34538,1.00,1.12
2017.05.29 11:57:12.068,1.34528,1.34537,1.10,1.12
2017.05.29 11:57:12.119,1.34528,1.34532,1.10,1.00
2017.05.29 11:57:12.171,1.34525,1.34531,1.00,1.00
2017.05.29 11:57:12.300,1.34523,1.34531,1.20,1.00
2017.05.29 11:57:12.453,1.34521,1.3453,1.57,1.12
2017.05.29 11:57:13.659,1.34521,1.34529,1.12,1.00
2017.05.29 11:57:13.813,1.34519,1.34529,1.10,1.10
2017.05.29 11:57:14.009,1.34521,1.3453,1.50,1.95
2017.05.29 11:57:15.071,1.3452,1.3453,1.12,1.50
2017.05.29 11:57:16.460,1.34519,1.34527,1.50,1.00
2017.05.29 11:57:16.868,1.34518,1.34525,1.00,1.50
2017.05.29 11:57:17.125,1.34516,1.34524,1.50,1.00
2017.05.29 11:57:17.176,1.34518,1.34524,1.00,1.00
2017.05.29 11:57:17.381,1.34522,1.3453,1.00,1.57
2017.05.29 11:57:17.887,1.34521,1.34531,1.12,2.32
2017.05.29 11:57:22.033,1.3452,1.34529,1.37,1.10
2017.05.29 11:57:23.403,1.3452,1.34528,1.50,1.00
2017.05.29 11:57:27.610,1.34519,1.34528,1.10,1.00
2017.05.29 11:57:29.408,1.34519,1.34529,1.10,1.10
2017.05.29 11:57:30.118,1.34519,1.34528,1.10,1.00
2017.05.29 11:57:32.170,1.34521,1.34528,1.00,1.00
2017.05.29 11:57:32.323,1.34521,1.3453,1.00,1.87
2017.05.29 11:57:34.632,1.34521,1.34528,1.00,1.00
2017.05.29 11:57:37.223,1.34522,1.34531,1.00,1.87
2017.05.29 11:57:37.529,1.34526,1.34532,1.00,1.12
2017.05.29 11:57:37.838,1.34528,1.34535,1.00,2.25
2017.05.29 11:57:37.889,1.34527,1.34537,2.70,1.12
2017.05.29 11:57:37.941,1.34529,1.34537,1.10,1.00
2017.05.29 11:57:38.483,1.3453,1.34538,1.00,1.87
2017.05.29 11:57:40.051,1.3453,1.34538,1.50,1.47
2017.05.29 11:57:40.557,1.34531,1.34538,1.00,1.37
2017.05.29 11:57:41.481,1.3453,1.34538,1.50,1.37
2017.05.29 11:57:42.010,1.3453,1.34538,2.25,1.00
2017.05.29 11:57:42.545,1.3453,1.34539,1.50,1.50
2017.05.29 11:57:43.235,1.34531,1.34539,1.12,1.00
2017.05.29 11:57:47.245,1.34536,1.34543,1.50,2.25
2017.05.29 11:57:47.348,1.34536,1.34543,2.25,1.00
2017.05.29 11:57:47.501,1.34536,1.34545,2.62,1.50
2017.05.29 11:57:48.123,1.34537,1.34545,1.00,1.50
2017.05.29 11:57:48.254,1.34537,1.34543,1.00,1.50
2017.05.29 11:57:48.408,1.34535,1.34542,1.00,1.00
2017.05.29 11:57:48.959,1.34536,1.34544,1.50,2.70
2017.05.29 11:57:50.557,1.34536,1.34546,3.07,2.25
2017.05.29 11:57:50.660,1.34537,1.34546,1.00,1.12
2017.05.29 11:57:50.711,1.34539,1.34546,1.00,1.00
2017.05.29 11:57:55.201,1.34539,1.34547,1.00,1.50
2017.05.29 11:57:55.724,1.34538,1.34546,1.50,1.00
2017.05.29 11:57:58.225,1.34538,1.34547,1.00,1.87
2017.05.29 11:57:58.737,1.3454,1.34548,1.00,1.10
2017.05.29 11:57:59.149,1.34541,1.3455,1.50,1.50
2017.05.29 11:57:59.842,1.34542,1.3455,1.00,1.50
2017.05.29 11:58:00.393,1.34541,1.3455,1.87,1.00
2017.05.29 11:58:00.827,1.34541,1.34548,1.00,1.00
2017.05.29 11:58:01.364,1.3454,1.34548,1.12,1.00
2017.05.29 11:58:06.563,1.3454,1.34549,1.00,1.50
2017.05.29 11:58:06.929,1.34541,1.34547,1.00,1.00
2017.05.29 11:58:07.737,1.34541,1.34549,1.00,1.87
2017.05.29 11:58:08.423,1.34541,1.34548,1.00,1.00
2017.05.29 11:58:08.946,1.34539,1.34547,1.00,1.00
2017.05.29 11:58:11.489,1.34539,1.34546,1.00,1.00
2017.05.29 11:58:11.541,1.34536,1.34545,2.32,1.50
2017.05.29 11:58:11.593,1.34536,1.34542,1.50,1.50
2017.05.29 11:58:11.847,1.34533,1.34539,1.00,1.00
2017.05.29 11:58:12.051,1.34536,1.3454,1.00,1.00
2017.05.29 11:58:12.153,1.34533,1.34539,1.00,1.00
2017.05.29 11:58:12.381,1.34531,1.34539,1.22,1.00
2017.05.29 11:58:14.176,1.34531,1.3454,1.50,1.50
2017.05.29 11:58:14.571,1.34531,1.34538,1.00,1.00
2017.05.29 11:58:16.959,1.3453,1.34539,1.50,1.37
2017.05.29 11:58:17.266,1.34535,1.34539,1.00,1.00
2017.05.29 11:58:17.470,1.34537,1.34545,1.00,1.00
2017.05.29 11:58:19.525,1.34537,1.34543,1.00,1.50
2017.05.29 11:58:19.678,1.34534,1.34541,1.00,1.00
2017.05.29 11:58:20.079,1.34532,1.34539,1.50,1.00
2017.05.29 11:58:20.624,1.34531,1.34539,1.00,1.50
2017.05.29 11:58:23.984,1.34531,1.34538,1.00,1.00
2017.05.29 11:58:26.536,1.34531,1.3454,1.00,1.00
2017.05.29 11:58:27.046,1.34532,1.3454,1.00,1.00
2017.05.29 11:58:27.221,1.34535,1.34543,1.00,1.57
2017.05.29 11:58:27.512,1.34537,1.34545,1.00,1.00
2017.05.29 11:58:29.189,1.34537,1.34546,1.00,1.00
2017.05.29 11:58:30.163,1.34538,1.34546,1.00,1.00
2017.05.29 11:58:30.792,1.3454,1.34546,1.00,1.00
2017.05.29 11:58:32.231,1.3454,1.34548,2.25,2.70
2017.05.29 11:58:32.355,1.34539,1.34547,1.85,1.87
2017.05.29 11:58:32.457,1.34541,1.34549,1.12,1.50
2017.05.29 11:58:33.046,1.34541,1.34548,1.12,1.00
2017.05.29 11:58:35.601,1.3454,1.34548,1.00,1.50
2017.05.29 11:58:36.805,1.3454,1.34549,1.00,1.50
2017.05.29 11:58:37.002,1.3454,1.34549,1.00,2.62
2017.05.29 11:58:37.109,1.3454,1.34549,1.00,2.25
2017.05.29 11:58:37.314,1.3454,1.34547,1.00,1.00
2017.05.29 11:58:37.861,1.34539,1.34547,1.00,1.00
2017.05.29 11:58:40.846,1.34542,1.34547,1.00,1.00
2017.05.29 11:58:41.000,1.3455,1.34557,1.00,1.00
2017.05.29 11:58:41.052,1.34548,1.34552,1.00,2.62
2017.05.29 11:58:41.104,1.3455,1.34556,1.00,1.12
2017.05.29 11:58:53.722,1.34551,1.34557,1.00,1.00
2017.05.29 11:58:53.926,1.34552,1.34559,1.00,1.00
2017.05.29 11:58:54.130,1.3455,1.34557,1.12,1.00
2017.05.29 11:58:54.670,1.34549,1.34557,1.00,1.00
2017.05.29 11:58:56.026,1.34549,1.34557,1.00,1.87
2017.05.29 11:58:57.261,1.3455,1.34559,1.20,3.37
2017.05.29 11:58:57.313,1.34549,1.34558,1.95,1.50
2017.05.29 11:58:58.071,1.34549,1.34558,1.10,1.50
2017.05.29 11:59:00.116,1.34549,1.34557,1.00,1.50
2017.05.29 11:59:00.626,1.34548,1.34557,1.00,1.87
2017.05.29 11:59:02.860,1.34547,1.34556,1.12,1.00
2017.05.29 11:59:03.064,1.34547,1.34554,1.10,1.00
2017.05.29 11:59:05.911,1.34547,1.34553,1.00,1.00
2017.05.29 11:59:06.441,1.34546,1.34553,1.50,1.00
2017.05.29 11:59:07.212,1.34545,1.34553,1.12,1.00
2017.05.29 11:59:07.467,1.34548,1.34558,1.00,1.87
2017.05.29 11:59:07.992,1.34548,1.34557,1.00,1.12
2017.05.29 11:59:08.923,1.34548,1.34556,1.00,1.00
2017.05.29 11:59:11.019,1.34548,1.34554,1.00,1.00
2017.05.29 11:59:11.070,1.34546,1.34554,1.50,1.00
2017.05.29 11:59:11.820,1.34546,1.34553,1.00,1.00
2017.05.29 11:59:12.075,1.34548,1.34552,1.00,1.00
2017.05.29 11:59:12.229,1.34548,1.34554,1.00,1.12
2017.05.29 11:59:12.382,1.34546,1.34554,1.57,1.00
2017.05.29 11:59:12.891,1.34547,1.34553,1.00,1.00
2017.05.29 11:59:15.185,1.34547,1.34555,1.00,1.37
2017.05.29 11:59:15.695,1.34547,1.34555,1.00,1.85
2017.05.29 11:59:17.171,1.34547,1.34555,1.00,1.12
2017.05.29 11:59:22.589,1.34546,1.34555,1.00,1.10
2017.05.29 11:59:23.099,1.34545,1.34555,1.50,1.10
2017.05.29 11:59:33.443,1.34545,1.34554,1.00,1.00
2017.05.29 11:59:33.900,1.34544,1.34552,1.00,1.00
2017.05.29 11:59:36.568,1.34544,1.34554,3.00,1.50
2017.05.29 11:59:36.923,1.34549,1.34553,1.00,1.00
2017.05.29 11:59:37.230,1.34548,1.34553,1.00,1.00
2017.05.29 11:59:37.333,1.34551,1.34555,1.00,1.00
2017.05.29 11:59:37.385,1.34551,1.34558,1.00,3.37
2017.05.29 11:59:37.487,1.3455,1.34557,1.00,1.00
2017.05.29 11:59:38.010,1.3455,1.34557,1.00,1.50
2017.05.29 11:59:38.520,1.34551,1.34557,1.00,1.50
2017.05.29 11:59:42.233,1.34551,1.34558,1.50,2.25
2017.05.29 11:59:42.436,1.34553,1.34558,1.00,1.00
2017.05.29 11:59:42.488,1.34553,1.34562,1.00,1.87
2017.05.29 11:59:43.217,1.34554,1.34562,1.00,1.50
2017.05.29 11:59:43.763,1.34555,1.34562,1.00,1.50
2017.05.29 11:59:45.343,1.34556,1.34562,1.00,1.00
2017.05.29 11:59:50.248,1.34556,1.34563,1.00,1.12
2017.05.29 11:59:51.346,1.34556,1.34562,1.00,1.00
2017.05.29 11:59:52.241,1.34556,1.34563,1.00,1.87
2017.05.29 11:59:53.497,1.34556,1.34562,1.00,1.00
2017.05.29 11:59:55.489,1.34556,1.3456,1.00,1.00
2017.05.29 11:59:55.591,1.34554,1.34561,1.00,1.50
2017.05.29 11:59:55.795,1.34554,1.34559,1.00,1.00
2017.05.29 11:59:56.481,1.34553,1.34559,1.00,1.00
