2015.03.02 02:00:01.681,1.25085,1.25095,1.00,1.07
2015.03.02 02:00:02.208,1.25084,1.25095,1.00,1.32
2015.03.02 02:00:04.763,1.25082,1.25093,1.50,1.30
2015.03.02 02:00:04.814,1.25082,1.25093,1.50,1.27
2015.03.02 02:00:05.640,1.2508,1.25091,2.25,1.10
2015.03.02 02:00:06.154,1.2508,1.2509,1.00,1.10
2015.03.02 02:00:06.709,1.25078,1.25091,1.57,1.17
2015.03.02 02:00:07.217,1.25079,1.25091,1.00,1.17
2015.03.02 02:00:07.819,1.25079,1.25091,1.07,1.10
2015.03.02 02:00:08.320,1.2508,1.25092,1.15,1.07
2015.03.02 02:00:09.855,1.25081,1.25092,1.20,1.10
2015.03.02 02:00:17.247,1.2508,1.25092,1.00,1.01
2015.03.02 02:00:17.349,1.2508,1.25092,1.00,1.17
2015.03.02 02:00:17.400,1.25078,1.2509,1.20,1.10
2015.03.02 02:00:17.704,1.25076,1.25089,1.10,1.10
2015.03.02 02:00:17.755,1.25075,1.25088,1.57,1.07
2015.03.02 02:00:18.058,1.25072,1.25085,3.07,1.57
2015.03.02 02:00:18.362,1.25072,1.25085,1.87,1.65
2015.03.02 02:00:18.545,1.25072,1.25085,1.87,1.65
2015.03.02 02:00:27.326,1.25072,1.25082,1.37,1.00
2015.03.02 02:00:27.478,1.25072,1.25082,1.07,1.17
2015.03.02 02:00:35.425,1.25072,1.25082,1.00,1.17
2015.03.02 02:00:44.482,1.25072,1.25082,1.12,1.57
2015.03.02 02:00:48.274,1.25068,1.25083,1.46,1.15
2015.03.02 02:00:48.426,1.25068,1.25084,1.79,1.10
2015.03.02 02:00:49.234,1.25068,1.25084,1.71,1.17
2015.03.02 02:00:50.488,1.25068,1.25084,1.71,1.17
2015.03.02 02:00:51.306,1.25068,1.25084,1.74,1.15
2015.03.02 02:01:00.684,1.25068,1.25084,1.66,1.22
2015.03.02 02:01:10.127,1.25067,1.25083,1.79,1.00
2015.03.02 02:01:10.655,1.2507,1.25084,1.39,1.20
2015.03.02 02:01:11.114,1.2507,1.25084,1.10,1.20
2015.03.02 02:01:14.953,1.2507,1.25084,1.47,1.20
2015.03.02 02:01:18.672,1.25075,1.25089,1.12,3.64
2015.03.02 02:01:18.875,1.25077,1.25091,1.57,1.47
2015.03.02 02:01:18.976,1.25078,1.2509,1.65,1.10
2015.03.02 02:01:37.570,1.25078,1.25094,1.77,1.39
2015.03.02 02:01:43.139,1.25078,1.25092,1.39,1.47
2015.03.02 02:01:43.675,1.25078,1.25092,1.20,1.47
2015.03.02 02:01:43.827,1.25078,1.25092,1.20,1.20
2015.03.02 02:01:45.759,1.25078,1.25092,1.47,1.20
2015.03.02 02:01:46.579,1.25078,1.25092,1.47,1.17
2015.03.02 02:01:47.045,1.25078,1.25092,1.47,1.47
2015.03.02 02:02:09.267,1.25077,1.25092,1.54,1.07
2015.03.02 02:02:23.808,1.25077,1.25092,1.27,1.27
2015.03.02 02:02:32.462,1.25077,1.25092,1.46,1.27
2015.03.02 02:02:33.116,1.25079,1.25092,1.00,1.27
2015.03.02 02:02:34.745,1.25076,1.25092,1.71,1.16
2015.03.02 02:02:35.269,1.25076,1.25092,1.71,1.46
2015.03.02 02:02:37.410,1.25078,1.25094,1.57,1.77
2015.03.02 02:02:45.434,1.25077,1.25093,1.45,1.77
2015.03.02 02:02:45.990,1.25077,1.25093,1.45,1.77
2015.03.02 02:02:52.464,1.25077,1.25093,1.45,1.52
2015.03.02 02:02:59.065,1.25076,1.25092,1.55,1.55
2015.03.02 02:03:20.041,1.25075,1.25091,1.39,1.46
2015.03.02 02:03:24.728,1.25075,1.25091,1.52,1.64
2015.03.02 02:03:25.459,1.25076,1.25092,1.27,1.74
2015.03.02 02:03:26.678,1.25075,1.25091,1.32,1.69
2015.03.02 02:03:26.729,1.25071,1.25085,2.70,1.00
2015.03.02 02:03:26.881,1.25069,1.25084,1.25,1.39
2015.03.02 02:03:27.083,1.25067,1.25082,1.10,1.15
2015.03.02 02:03:27.602,1.25066,1.2508,1.07,1.07
2015.03.02 02:03:37.210,1.25066,1.2508,1.45,1.07
2015.03.02 02:03:45.054,1.25066,1.2508,1.45,1.07
2015.03.02 02:03:45.978,1.25066,1.2508,1.20,1.07
2015.03.02 02:03:47.365,1.25066,1.25082,1.55,1.39
2015.03.02 02:04:04.101,1.25066,1.25082,1.64,1.64
2015.03.02 02:04:06.070,1.25066,1.25082,1.64,1.39
2015.03.02 02:04:12.461,1.25066,1.25082,1.64,1.39
2015.03.02 02:04:16.448,1.25067,1.25081,1.39,1.17
2015.03.02 02:04:16.820,1.25067,1.25081,1.39,1.47
2015.03.02 02:04:27.537,1.25067,1.25081,1.31,1.62
2015.03.02 02:04:28.568,1.25067,1.25081,1.31,1.37
2015.03.02 02:04:37.600,1.25065,1.25081,1.71,1.71
2015.03.02 02:04:40.279,1.25065,1.25081,1.71,1.46
2015.03.02 02:04:41.872,1.25065,1.25081,1.66,1.46
2015.03.02 02:04:44.333,1.25064,1.2508,1.09,1.41
2015.03.02 02:04:59.168,1.25065,1.25079,1.47,1.72
2015.03.02 02:04:59.480,1.25065,1.25077,1.37,1.25
2015.03.02 02:05:00.142,1.25065,1.25079,1.47,2.02
2015.03.02 02:05:00.657,1.25065,1.25079,1.10,1.27
2015.03.02 02:05:01.174,1.25065,1.25079,1.10,1.22
2015.03.02 02:05:07.669,1.25062,1.25075,1.27,1.00
2015.03.02 02:05:07.972,1.25062,1.25075,1.12,1.72
2015.03.02 02:05:08.276,1.25062,1.25075,1.12,2.02
2015.03.02 02:05:15.810,1.2506,1.25075,1.47,1.72
2015.03.02 02:05:18.574,1.25061,1.25075,1.56,1.25
2015.03.02 02:05:19.174,1.25061,1.25075,1.37,1.27
2015.03.02 02:05:23.071,1.25061,1.25075,1.62,1.25
2015.03.02 02:05:29.576,1.25061,1.25075,1.86,1.27
2015.03.02 02:05:31.397,1.25061,1.25075,1.30,1.27
2015.03.02 02:05:38.531,1.25056,1.25071,5.14,1.00
2015.03.02 02:05:38.734,1.25055,1.2507,1.00,1.22
2015.03.02 02:05:38.836,1.25055,1.25071,1.37,3.45
2015.03.02 02:05:38.937,1.25054,1.25068,1.47,1.17
2015.03.02 02:05:51.774,1.25052,1.25068,1.92,1.17
2015.03.02 02:05:57.712,1.25052,1.25068,1.54,1.17
2015.03.02 02:05:58.705,1.25052,1.25068,1.54,1.15
2015.03.02 02:06:00.466,1.25052,1.25064,1.09,1.00
2015.03.02 02:06:01.544,1.25051,1.25064,1.09,1.00
2015.03.02 02:06:05.503,1.2505,1.25064,1.46,1.00
2015.03.02 02:06:06.467,1.25051,1.25067,1.41,1.40
2015.03.02 02:06:43.595,1.25051,1.25065,1.76,1.10
2015.03.02 02:06:43.797,1.25054,1.25065,1.07,1.10
2015.03.02 02:06:44.303,1.25051,1.25067,1.39,1.15
2015.03.02 02:06:48.932,1.25051,1.25064,1.20,1.00
2015.03.02 02:06:49.086,1.25051,1.25064,1.17,1.00
2015.03.02 02:06:49.609,1.25051,1.25064,1.10,1.00
2015.03.02 02:06:50.575,1.25051,1.25064,1.00,1.17
2015.03.02 02:07:00.652,1.25051,1.25064,1.19,1.17
2015.03.02 02:07:01.218,1.25051,1.25064,1.26,1.10
2015.03.02 02:07:42.572,1.25051,1.25064,1.00,1.17
2015.03.02 02:07:46.838,1.25051,1.25064,1.19,1.17
2015.03.02 02:07:47.839,1.25051,1.25064,1.25,1.17
2015.03.02 02:07:56.969,1.25051,1.25067,1.19,3.34
2015.03.02 02:07:59.008,1.2505,1.25066,1.39,1.41
2015.03.02 02:07:59.653,1.2505,1.25066,1.46,1.44
2015.03.02 02:08:03.025,1.2505,1.25066,1.44,1.09
2015.03.02 02:08:03.738,1.2505,1.25066,1.44,1.16
2015.03.02 02:08:06.987,1.2505,1.25066,1.44,1.16
2015.03.02 02:08:08.990,1.2505,1.25066,1.44,1.44
2015.03.02 02:08:10.025,1.25052,1.25066,1.00,1.25
2015.03.02 02:08:13.841,1.25052,1.25061,1.00,1.00
2015.03.02 02:08:14.145,1.2505,1.25059,1.25,1.00
2015.03.02 02:08:26.009,1.25051,1.25059,1.00,1.00
2015.03.02 02:08:34.060,1.25048,1.25059,1.84,1.00
2015.03.02 02:08:36.092,1.25048,1.25059,1.84,1.00
2015.03.02 02:08:39.087,1.25048,1.25059,2.59,1.00
2015.03.02 02:08:40.108,1.25048,1.25059,2.59,1.00
2015.03.02 02:08:41.126,1.25048,1.25059,2.59,1.00
2015.03.02 02:08:42.419,1.25054,1.25064,1.37,1.17
2015.03.02 02:08:42.911,1.25057,1.25073,1.27,1.72
2015.03.02 02:08:43.267,1.2506,1.25074,1.17,1.72
2015.03.02 02:08:54.125,1.25059,1.25073,1.17,1.17
2015.03.02 02:08:54.632,1.25058,1.25073,1.54,1.22
2015.03.02 02:09:01.416,1.25058,1.25073,1.57,1.22
2015.03.02 02:09:01.719,1.25055,1.25067,3.19,1.07
2015.03.02 02:09:01.871,1.25055,1.25068,1.00,1.22
2015.03.02 02:09:02.030,1.25054,1.25068,1.00,1.22
2015.03.02 02:09:02.181,1.25051,1.25067,1.32,1.22
2015.03.02 02:09:06.152,1.25051,1.25067,1.10,1.47
2015.03.02 02:09:06.667,1.25052,1.25062,1.00,1.00
2015.03.02 02:09:07.183,1.25052,1.25062,1.00,1.07
2015.03.02 02:09:08.096,1.2505,1.25065,1.00,1.52
2015.03.02 02:09:08.248,1.2505,1.25065,1.00,1.22
2015.03.02 02:09:21.334,1.2505,1.25064,1.32,1.36
2015.03.02 02:09:26.716,1.2505,1.25064,1.32,1.34
2015.03.02 02:09:33.930,1.25051,1.25067,1.29,5.32
2015.03.02 02:09:34.448,1.25053,1.25063,1.19,1.10
2015.03.02 02:09:35.696,1.25051,1.25067,1.36,1.25
2015.03.02 02:09:36.344,1.25051,1.25067,1.44,1.25
2015.03.02 02:09:36.767,1.25051,1.25067,1.44,1.25
2015.03.02 02:09:40.742,1.25054,1.25068,1.19,1.22
2015.03.02 02:09:43.880,1.25054,1.25068,1.25,1.22
2015.03.02 02:09:44.748,1.25054,1.25068,1.19,1.22
2015.03.02 02:09:45.255,1.25054,1.25066,1.69,1.17
2015.03.02 02:09:45.774,1.25054,1.25066,1.69,1.10
2015.03.02 02:09:46.746,1.25054,1.25066,1.69,1.20
2015.03.02 02:09:47.746,1.25054,1.25066,1.69,1.20
2015.03.02 02:09:48.598,1.25054,1.25066,1.69,1.17
2015.03.02 02:09:49.134,1.25054,1.25066,1.69,1.17
2015.03.02 02:09:49.674,1.25054,1.25066,1.69,1.17
2015.03.02 02:09:51.812,1.25054,1.25066,1.69,1.20
2015.03.02 02:09:53.571,1.25054,1.25066,1.69,1.10
2015.03.02 02:09:54.603,1.25054,1.25066,1.69,1.10
2015.03.02 02:09:55.591,1.25054,1.25066,1.69,1.10
2015.03.02 02:09:55.894,1.25054,1.25066,1.69,1.15
2015.03.02 02:09:56.583,1.25054,1.25066,1.69,1.15
2015.03.02 02:09:57.167,1.25054,1.25066,1.69,1.00
2015.03.02 02:09:59.224,1.25054,1.25066,2.14,1.00
2015.03.02 02:09:59.275,1.25054,1.25066,2.59,1.00
2015.03.02 02:09:59.477,1.2506,1.25076,1.19,2.77
2015.03.02 02:09:59.579,1.2506,1.25076,1.34,1.65
2015.03.02 02:10:01.246,1.2506,1.25076,1.34,1.52
2015.03.02 02:10:03.440,1.2506,1.25076,1.29,1.22
2015.03.02 02:10:03.945,1.25062,1.25078,1.00,1.27
2015.03.02 02:10:06.402,1.25062,1.25078,1.19,1.52
2015.03.02 02:10:08.431,1.25062,1.25078,1.19,1.52
2015.03.02 02:10:12.352,1.25062,1.25076,1.19,2.40
2015.03.02 02:10:12.910,1.25062,1.25076,1.19,3.15
2015.03.02 02:10:14.555,1.25062,1.25076,1.19,3.15
2015.03.02 02:10:15.523,1.25062,1.25076,1.19,3.15
2015.03.02 02:10:19.558,1.25062,1.25076,1.19,3.15
2015.03.02 02:10:20.830,1.25062,1.2507,1.19,1.00
2015.03.02 02:10:21.146,1.25053,1.25063,1.19,2.32
2015.03.02 02:10:21.299,1.25053,1.25067,1.19,1.25
2015.03.02 02:10:21.805,1.25055,1.25067,1.26,1.15
2015.03.02 02:10:21.906,1.25055,1.25068,2.14,1.15
2015.03.02 02:10:23.579,1.25055,1.25069,1.64,1.25
2015.03.02 02:10:30.133,1.25056,1.2507,1.29,1.22
2015.03.02 02:10:30.993,1.25054,1.2507,1.29,1.22
2015.03.02 02:10:32.960,1.25054,1.2507,1.26,1.25
2015.03.02 02:10:35.966,1.25054,1.2507,1.26,1.25
2015.03.02 02:10:36.968,1.25054,1.2507,1.26,1.25
2015.03.02 02:10:38.011,1.25054,1.2507,1.26,1.25
2015.03.02 02:10:39.973,1.25056,1.2507,1.29,1.25
2015.03.02 02:10:40.975,1.25056,1.2507,1.29,1.25
2015.03.02 02:10:41.977,1.25056,1.2507,1.29,1.25
2015.03.02 02:10:43.981,1.25056,1.25072,1.26,3.15
2015.03.02 02:10:45.021,1.25056,1.25072,1.19,3.15
2015.03.02 02:10:46.004,1.25056,1.25072,1.26,3.15
2015.03.02 02:10:48.650,1.25056,1.25071,1.19,2.40
2015.03.02 02:10:49.186,1.25054,1.2507,1.64,1.22
2015.03.02 02:10:50.024,1.25054,1.2507,1.64,1.22
2015.03.02 02:10:51.015,1.25054,1.2507,1.64,1.22
2015.03.02 02:10:52.100,1.25054,1.2507,1.64,1.22
2015.03.02 02:10:53.101,1.25054,1.2507,1.64,1.22
2015.03.02 02:10:54.103,1.25054,1.2507,1.64,1.22
2015.03.02 02:11:00.749,1.25053,1.25069,1.12,1.22
2015.03.02 02:11:03.824,1.25053,1.25069,1.31,1.41
2015.03.02 02:11:07.933,1.25053,1.25069,1.31,1.47
2015.03.02 02:11:08.853,1.25053,1.25069,1.31,3.34
2015.03.02 02:11:09.575,1.25053,1.25069,1.26,3.26
2015.03.02 02:11:10.087,1.25052,1.25067,1.39,1.15
2015.03.02 02:11:10.340,1.25052,1.25067,1.09,1.25
2015.03.02 02:11:11.217,1.25052,1.25067,1.17,1.15
2015.03.02 02:11:12.883,1.25052,1.25068,1.17,1.15
2015.03.02 02:11:22.415,1.25052,1.25068,1.55,1.25
2015.03.02 02:11:22.976,1.25052,1.25068,1.74,1.44
2015.03.02 02:11:24.685,1.25052,1.25068,1.36,1.16
2015.03.02 02:11:29.493,1.25052,1.25068,1.07,3.15
2015.03.02 02:11:29.595,1.25052,1.25065,1.12,1.15
2015.03.02 02:11:29.797,1.25052,1.25065,1.10,1.15
2015.03.02 02:11:31.867,1.25052,1.25065,1.12,1.15
2015.03.02 02:11:32.120,1.25052,1.25065,1.00,1.15
2015.03.02 02:11:33.881,1.25052,1.25066,1.07,1.15
2015.03.02 02:11:34.664,1.25052,1.25065,1.07,1.15
2015.03.02 02:11:36.048,1.25052,1.25066,1.10,1.15
2015.03.02 02:11:41.344,1.25052,1.25066,1.12,1.27
2015.03.02 02:11:44.862,1.25052,1.25066,1.07,1.15
2015.03.02 02:11:45.115,1.25052,1.25066,1.12,1.15
2015.03.02 02:11:47.850,1.25057,1.25068,1.00,2.32
2015.03.02 02:11:47.952,1.2506,1.25074,1.00,1.72
2015.03.02 02:11:48.053,1.2506,1.25074,1.25,1.34
2015.03.02 02:11:48.255,1.25061,1.25075,1.10,1.15
2015.03.02 02:11:48.357,1.25061,1.25075,1.20,1.10
2015.03.02 02:11:48.407,1.25061,1.25075,1.20,1.10
2015.03.02 02:11:50.895,1.25061,1.25074,1.20,1.00
2015.03.02 02:11:51.199,1.25059,1.25072,1.07,1.15
2015.03.02 02:11:51.250,1.25057,1.2507,1.70,1.10
2015.03.02 02:11:56.149,1.2506,1.25075,1.00,3.52
2015.03.02 02:11:56.301,1.2506,1.25074,1.17,1.10
2015.03.02 02:11:59.542,1.25065,1.25074,1.00,1.10
2015.03.02 02:12:02.648,1.25062,1.25074,1.10,1.10
2015.03.02 02:12:03.156,1.25062,1.25074,1.00,1.17
2015.03.02 02:12:09.799,1.25062,1.25068,1.00,1.00
2015.03.02 02:12:10.052,1.25062,1.25071,2.32,1.00
2015.03.02 02:12:10.103,1.25064,1.25071,1.00,1.00
2015.03.02 02:12:10.255,1.25064,1.25073,1.50,1.00
2015.03.02 02:12:11.581,1.25064,1.2507,1.00,1.00
2015.03.02 02:12:11.682,1.25062,1.2507,1.50,1.00
2015.03.02 02:12:15.366,1.25063,1.2507,1.00,1.00
2015.03.02 02:12:15.420,1.25063,1.2507,1.87,1.00
2015.03.02 02:12:41.877,1.25064,1.2507,1.00,1.00
2015.03.02 02:12:48.338,1.25065,1.2507,1.00,1.00
2015.03.02 02:13:06.243,1.25065,1.2507,1.37,1.00
2015.03.02 02:13:08.070,1.25065,1.2507,1.00,1.00
2015.03.02 02:13:08.171,1.25063,1.2507,1.00,1.00
2015.03.02 02:13:09.900,1.25062,1.2507,1.00,1.00
2015.03.02 02:13:11.550,1.25061,1.2507,1.37,1.00
2015.03.02 02:13:11.701,1.25072,1.25077,1.19,1.00
2015.03.02 02:13:11.853,1.25069,1.25074,1.00,1.00
2015.03.02 02:13:11.905,1.25069,1.25073,1.00,1.00
2015.03.02 02:13:11.956,1.25062,1.25071,1.50,1.00
2015.03.02 02:13:12.006,1.25062,1.25071,1.07,1.00
2015.03.02 02:13:12.057,1.2506,1.25068,1.57,1.00
2015.03.02 02:13:17.533,1.25061,1.25068,1.50,1.00
2015.03.02 02:13:21.335,1.25062,1.25071,1.00,1.00
2015.03.02 02:13:21.386,1.25062,1.25071,1.37,1.00
2015.03.02 02:13:34.801,1.25061,1.25071,2.06,1.00
2015.03.02 02:13:38.539,1.25061,1.25071,2.06,1.00
2015.03.02 02:13:38.792,1.25064,1.25073,1.37,1.00
2015.03.02 02:13:41.283,1.25064,1.25073,1.00,1.00
2015.03.02 02:13:41.788,1.25063,1.25073,1.00,1.00
2015.03.02 02:13:41.991,1.25063,1.25071,1.00,1.00
2015.03.02 02:13:42.563,1.25063,1.25073,1.00,1.20
2015.03.02 02:13:42.615,1.25068,1.25073,1.37,1.10
2015.03.02 02:13:42.766,1.25068,1.25077,1.87,1.00
2015.03.02 02:13:42.918,1.25067,1.25077,1.00,1.00
2015.03.02 02:13:43.019,1.25065,1.25077,1.57,1.00
2015.03.02 02:13:43.323,1.25063,1.25075,2.40,1.00
2015.03.02 02:13:43.872,1.25062,1.25072,1.65,1.00
2015.03.02 02:13:44.400,1.25062,1.25072,1.50,1.00
2015.03.02 02:13:51.132,1.25062,1.25071,1.00,1.00
2015.03.02 02:13:51.691,1.25061,1.25071,1.00,1.00
2015.03.02 02:13:52.586,1.2506,1.25069,1.00,1.00
2015.03.02 02:13:54.395,1.25061,1.25069,1.37,1.00
2015.03.02 02:13:55.070,1.25061,1.25069,1.37,1.00
2015.03.02 02:14:12.572,1.25061,1.25069,1.25,1.00
2015.03.02 02:14:18.918,1.2506,1.25069,1.00,1.00
2015.03.02 02:14:24.715,1.25063,1.25069,1.00,1.00
2015.03.02 02:14:26.099,1.25063,1.25071,1.00,1.10
2015.03.02 02:14:44.562,1.25063,1.25076,1.00,2.40
2015.03.02 02:14:45.835,1.25063,1.25076,1.00,1.77
2015.03.02 02:14:50.860,1.25066,1.25075,1.00,1.52
2015.03.02 02:14:51.012,1.25066,1.25075,1.00,1.00
2015.03.02 02:14:51.164,1.25063,1.25073,1.00,1.00
2015.03.02 02:14:51.265,1.25063,1.25073,1.00,1.25
2015.03.02 02:14:51.790,1.25062,1.25076,1.00,3.07
2015.03.02 02:14:54.083,1.25062,1.25072,1.50,1.10
2015.03.02 02:15:00.420,1.25063,1.25072,1.12,1.10
2015.03.02 02:15:03.732,1.25063,1.25075,2.06,1.17
2015.03.02 02:15:03.783,1.25063,1.25075,2.14,1.20
2015.03.02 02:15:05.447,1.25063,1.25075,2.14,1.20
2015.03.02 02:15:06.492,1.25063,1.25075,2.14,1.20
2015.03.02 02:15:10.465,1.25063,1.25075,2.14,1.20
2015.03.02 02:15:11.460,1.25063,1.25075,2.14,1.20
2015.03.02 02:15:13.294,1.25063,1.25075,2.14,1.20
2015.03.02 02:15:15.840,1.25065,1.25074,1.00,1.25
2015.03.02 02:15:20.584,1.25065,1.25074,1.00,1.27
2015.03.02 02:15:21.166,1.25065,1.25074,1.00,1.25
2015.03.02 02:15:21.749,1.25065,1.25072,1.00,1.17
2015.03.02 02:15:33.439,1.25065,1.25074,1.00,1.07
2015.03.02 02:15:34.054,1.25064,1.25074,1.00,1.07
2015.03.02 02:15:35.431,1.25064,1.25074,1.00,1.10
2015.03.02 02:15:45.631,1.25064,1.25074,1.25,1.07
2015.03.02 02:15:47.548,1.25066,1.25074,1.00,1.07
2015.03.02 02:15:49.387,1.25066,1.25074,1.00,1.00
2015.03.02 02:15:51.002,1.25066,1.25075,1.00,1.20
2015.03.02 02:15:51.355,1.25069,1.25078,1.37,1.27
2015.03.02 02:15:51.507,1.25069,1.25079,1.37,1.27
2015.03.02 02:15:51.608,1.2507,1.2508,1.87,1.17
2015.03.02 02:15:51.710,1.25073,1.25085,1.12,1.46
2015.03.02 02:15:51.811,1.25073,1.25083,1.37,1.10
2015.03.02 02:15:52.064,1.25078,1.25088,1.00,1.00
2015.03.02 02:15:52.570,1.25079,1.25089,1.50,1.10
2015.03.02 02:15:52.722,1.25078,1.25088,1.00,1.07
2015.03.02 02:15:52.773,1.25076,1.25086,2.25,1.10
2015.03.02 02:15:53.231,1.25073,1.25084,1.27,1.10
2015.03.02 02:15:53.434,1.2507,1.25086,1.25,1.22
2015.03.02 02:15:53.535,1.25068,1.25084,1.20,1.22
2015.03.02 02:15:53.586,1.25068,1.25084,1.20,1.52
2015.03.02 02:15:54.109,1.25068,1.25084,1.12,2.02
2015.03.02 02:15:54.571,1.25068,1.25084,1.31,2.02
2015.03.02 02:15:54.875,1.25079,1.25093,1.00,1.84
2015.03.02 02:15:54.926,1.25076,1.2509,1.09,1.27
2015.03.02 02:15:55.027,1.25074,1.2509,1.10,1.25
2015.03.02 02:15:55.230,1.25074,1.2509,1.00,1.52
2015.03.02 02:15:56.448,1.25074,1.2509,1.00,1.27
2015.03.02 02:15:57.479,1.25074,1.2509,1.00,1.84
2015.03.02 02:15:57.530,1.25072,1.25088,1.10,1.22
2015.03.02 02:15:59.382,1.25072,1.25087,1.10,2.40
2015.03.02 02:15:59.484,1.2507,1.25086,1.01,1.25
2015.03.02 02:16:00.035,1.2507,1.25086,1.19,1.46
2015.03.02 02:16:00.772,1.2507,1.25086,1.19,3.64
2015.03.02 02:16:01.322,1.2507,1.25086,1.25,3.64
2015.03.02 02:16:01.474,1.2507,1.25086,1.32,1.46
2015.03.02 02:16:01.777,1.2507,1.25086,2.21,1.39
2015.03.02 02:16:01.929,1.25076,1.25087,1.00,1.57
2015.03.02 02:16:02.030,1.25078,1.25091,1.50,1.09
2015.03.02 02:16:02.542,1.25078,1.25091,1.57,1.09
2015.03.02 02:16:03.049,1.25078,1.25091,1.57,1.09
2015.03.02 02:16:03.559,1.25078,1.25091,1.50,1.22
2015.03.02 02:16:04.073,1.25077,1.25093,1.12,1.84
2015.03.02 02:16:06.185,1.25077,1.25093,1.20,1.84
2015.03.02 02:16:06.350,1.25077,1.25093,1.27,2.15
2015.03.02 02:16:13.051,1.25077,1.25093,1.27,1.27
2015.03.02 02:16:13.996,1.25081,1.25094,1.00,1.09
2015.03.02 02:16:15.924,1.25081,1.25094,1.00,1.09
2015.03.02 02:16:16.911,1.25079,1.25095,1.00,2.02
2015.03.02 02:16:17.552,1.2508,1.25094,1.00,1.65
2015.03.02 02:16:21.735,1.2508,1.25094,1.00,1.76
2015.03.02 02:16:21.938,1.25082,1.25094,1.00,1.01
2015.03.02 02:16:22.443,1.25082,1.25096,1.17,1.84
2015.03.02 02:16:23.807,1.25082,1.25095,1.00,1.09
2015.03.02 02:16:25.468,1.25082,1.25095,1.00,1.09
2015.03.02 02:16:26.464,1.25082,1.25096,1.00,2.21
2015.03.02 02:16:30.457,1.25083,1.25096,1.00,1.46
2015.03.02 02:16:30.512,1.25083,1.25094,1.00,1.17
2015.03.02 02:16:39.464,1.2509,1.25099,1.19,4.72
2015.03.02 02:16:39.565,1.25097,1.25102,1.00,1.10
2015.03.02 02:16:39.617,1.25097,1.25104,1.00,1.00
2015.03.02 02:16:39.718,1.25097,1.25111,1.00,4.09
2015.03.02 02:16:39.769,1.25097,1.25111,1.00,1.54
2015.03.02 02:16:39.870,1.25099,1.25112,1.00,1.27
2015.03.02 02:16:40.325,1.251,1.25113,1.00,1.35
2015.03.02 02:16:40.833,1.25097,1.25112,1.46,1.32
2015.03.02 02:16:41.137,1.25099,1.25113,1.91,1.10
2015.03.02 02:16:42.617,1.25102,1.25116,1.10,1.72
2015.03.02 02:16:44.208,1.25103,1.25116,1.00,1.25
2015.03.02 02:16:50.765,1.25102,1.25116,1.27,1.12
2015.03.02 02:16:52.042,1.25103,1.25116,1.15,1.12
2015.03.02 02:16:58.844,1.25104,1.25117,1.15,1.07
2015.03.02 02:17:02.669,1.25105,1.25119,1.00,3.82
2015.03.02 02:17:03.391,1.25103,1.25118,1.37,1.27
2015.03.02 02:17:04.123,1.25103,1.25118,1.12,1.22
2015.03.02 02:17:06.100,1.25104,1.25118,1.00,1.22
2015.03.02 02:17:09.252,1.25104,1.25118,1.10,1.47
2015.03.02 02:17:10.797,1.25104,1.25118,1.17,1.30
2015.03.02 02:17:12.096,1.25105,1.25118,1.00,1.07
2015.03.02 02:17:12.612,1.25105,1.25118,1.07,1.17
2015.03.02 02:17:13.429,1.25105,1.2512,1.00,1.25
2015.03.02 02:17:15.181,1.25105,1.25119,1.19,1.15
2015.03.02 02:17:16.182,1.25105,1.25119,1.00,1.15
2015.03.02 02:17:27.007,1.25106,1.2512,1.00,1.41
2015.03.02 02:17:41.566,1.25104,1.2512,1.39,1.09
2015.03.02 02:17:42.529,1.25102,1.25118,1.84,1.25
2015.03.02 02:17:42.882,1.251,1.25113,1.00,1.20
2015.03.02 02:17:42.984,1.25102,1.25114,1.00,1.15
2015.03.02 02:17:43.287,1.25104,1.25117,1.00,1.41
2015.03.02 02:17:43.820,1.25103,1.25117,1.00,2.66
2015.03.02 02:17:45.779,1.25102,1.25115,1.20,1.27
2015.03.02 02:17:52.766,1.25102,1.25114,1.10,1.07
2015.03.02 02:18:30.478,1.25101,1.25114,1.26,1.17
2015.03.02 02:18:31.498,1.25101,1.25114,1.26,1.17
2015.03.02 02:18:33.204,1.25101,1.25112,1.10,1.00
2015.03.02 02:18:41.101,1.25102,1.25113,1.00,1.65
2015.03.02 02:18:53.825,1.25102,1.25113,1.10,1.17
2015.03.02 02:19:09.677,1.25102,1.25113,1.10,1.10
2015.03.02 02:19:23.704,1.25102,1.25113,1.00,1.27
2015.03.02 02:19:23.754,1.25099,1.25112,1.84,1.07
2015.03.02 02:19:25.607,1.25099,1.25112,2.02,1.07
2015.03.02 02:19:27.050,1.25101,1.25112,1.00,1.07
2015.03.02 02:19:29.162,1.25102,1.25114,1.00,1.40
2015.03.02 02:19:29.213,1.25102,1.25114,1.00,1.09
2015.03.02 02:19:32.613,1.25102,1.25114,1.00,1.15
2015.03.02 02:19:37.624,1.25102,1.25114,1.25,1.39
2015.03.02 02:19:42.474,1.25102,1.25114,1.00,1.27
2015.03.02 02:19:47.202,1.25102,1.25113,1.00,1.10
2015.03.02 02:19:48.598,1.25102,1.25113,1.00,1.17
2015.03.02 02:19:50.073,1.25102,1.25112,1.00,1.47
2015.03.02 02:19:50.174,1.25099,1.2511,1.10,1.47
2015.03.02 02:19:50.326,1.25097,1.25108,1.57,1.95
2015.03.02 02:19:50.478,1.25097,1.25106,1.10,1.20
2015.03.02 02:19:51.083,1.25097,1.25106,1.00,1.57
2015.03.02 02:19:57.311,1.25097,1.25106,1.00,1.25
2015.03.02 02:19:57.817,1.25097,1.25105,1.00,1.00
2015.03.02 02:20:12.911,1.25092,1.25101,1.84,1.50
2015.03.02 02:20:13.013,1.25092,1.25101,2.51,1.00
2015.03.02 02:20:13.064,1.25094,1.25103,1.00,1.00
2015.03.02 02:20:13.367,1.25092,1.25105,1.50,1.65
2015.03.02 02:20:13.468,1.25089,1.25105,1.46,1.65
2015.03.02 02:20:13.519,1.25089,1.25105,1.77,1.75
2015.03.02 02:20:17.269,1.25089,1.25105,1.81,1.47
2015.03.02 02:20:18.566,1.25089,1.25105,1.62,1.20
2015.03.02 02:20:18.667,1.25095,1.25104,1.00,1.00
2015.03.02 02:20:35.053,1.25095,1.25107,1.00,1.87
2015.03.02 02:20:37.274,1.25095,1.25107,1.00,2.02
2015.03.02 02:20:40.427,1.25095,1.25107,1.00,2.21
2015.03.02 02:20:53.887,1.25095,1.25107,1.10,1.39
2015.03.02 02:20:54.190,1.25095,1.25107,1.10,1.47
2015.03.02 02:20:57.847,1.25095,1.25107,1.10,1.66
2015.03.02 02:20:58.150,1.25091,1.25103,1.25,2.14
2015.03.02 02:20:58.656,1.25092,1.25102,1.00,1.07
2015.03.02 02:21:01.878,1.25092,1.25104,1.50,1.85
2015.03.02 02:21:02.467,1.25089,1.25101,1.00,1.60
2015.03.02 02:21:02.972,1.25088,1.25098,1.00,1.47
2015.03.02 02:21:03.124,1.25088,1.25098,1.00,1.39
2015.03.02 02:21:04.667,1.25088,1.25096,1.00,1.10
2015.03.02 02:21:04.768,1.25088,1.25092,1.00,1.00
2015.03.02 02:21:04.870,1.25083,1.25092,1.00,1.15
2015.03.02 02:21:04.971,1.25083,1.25092,1.00,1.20
2015.03.02 02:21:05.224,1.25081,1.25092,1.50,1.10
2015.03.02 02:21:05.426,1.25079,1.2509,1.00,1.00
2015.03.02 02:21:05.932,1.25079,1.25091,1.00,1.50
2015.03.02 02:21:07.099,1.25079,1.25091,1.57,1.50
2015.03.02 02:21:07.453,1.25081,1.25091,1.07,1.00
2015.03.02 02:21:07.828,1.25084,1.25091,1.00,1.00
2015.03.02 02:21:08.490,1.25084,1.25092,1.10,1.00
2015.03.02 02:21:08.771,1.25084,1.25095,1.25,1.00
2015.03.02 02:21:09.176,1.25082,1.25097,2.89,1.00
2015.03.02 02:21:09.988,1.25081,1.25097,3.34,1.00
2015.03.02 02:21:10.970,1.25084,1.25099,1.27,1.07
2015.03.02 02:21:11.022,1.25085,1.25099,3.07,1.07
2015.03.02 02:21:11.073,1.25086,1.25102,1.46,1.45
2015.03.02 02:21:11.275,1.25089,1.25103,1.15,1.62
2015.03.02 02:21:17.839,1.25093,1.25103,1.00,1.37
2015.03.02 02:21:17.941,1.2509,1.251,1.10,1.37
2015.03.02 02:21:18.092,1.2509,1.251,1.00,1.00
2015.03.02 02:21:18.194,1.25086,1.25103,1.35,1.55
2015.03.02 02:21:20.567,1.25089,1.25101,1.57,1.00
2015.03.02 02:21:20.618,1.25089,1.25101,1.57,1.37
2015.03.02 02:21:23.581,1.25089,1.251,1.00,1.00
2015.03.02 02:21:24.086,1.2509,1.25103,1.00,1.60
2015.03.02 02:21:29.083,1.2509,1.25104,1.00,1.60
2015.03.02 02:21:29.134,1.25087,1.25101,1.20,1.47
2015.03.02 02:21:29.185,1.2509,1.251,1.00,1.37
2015.03.02 02:21:30.505,1.25087,1.25099,1.57,1.12
2015.03.02 02:21:30.556,1.25087,1.25099,1.57,1.20
2015.03.02 02:21:30.871,1.25085,1.25095,2.25,3.00
2015.03.02 02:21:30.922,1.25081,1.25091,1.07,1.15
2015.03.02 02:21:31.074,1.25081,1.25091,1.00,1.15
2015.03.02 02:21:31.609,1.25079,1.2509,1.19,1.17
2015.03.02 02:21:31.912,1.25076,1.25092,1.20,5.25
2015.03.02 02:21:32.064,1.25076,1.25092,1.50,5.25
2015.03.02 02:21:32.166,1.25077,1.25087,1.00,1.20
2015.03.02 02:21:32.672,1.25076,1.25092,1.00,6.37
2015.03.02 02:21:43.455,1.25076,1.25092,1.10,1.41
2015.03.02 02:21:44.175,1.25077,1.25089,1.00,1.10
2015.03.02 02:21:45.669,1.25077,1.25089,1.69,1.10
2015.03.02 02:21:47.177,1.25079,1.25095,1.00,1.22
2015.03.02 02:21:47.278,1.25079,1.25095,1.12,1.15
2015.03.02 02:21:47.379,1.25079,1.25095,1.20,1.15
2015.03.02 02:21:47.481,1.25079,1.25095,1.50,1.15
2015.03.02 02:21:52.347,1.25084,1.25091,1.00,1.00
2015.03.02 02:21:53.134,1.25079,1.25095,2.14,1.65
2015.03.02 02:21:53.952,1.2508,1.25096,1.07,3.07
2015.03.02 02:21:54.461,1.25078,1.25094,1.69,1.15
2015.03.02 02:21:54.981,1.25078,1.25094,1.39,1.15
2015.03.02 02:21:55.397,1.25078,1.25094,1.12,1.25
2015.03.02 02:21:55.652,1.25078,1.25089,1.00,2.25
2015.03.02 02:21:55.855,1.25072,1.25084,1.00,1.15
2015.03.02 02:21:55.906,1.25068,1.25084,2.14,3.07
2015.03.02 02:21:56.108,1.25069,1.25084,1.10,3.15
2015.03.02 02:22:02.356,1.25074,1.25081,1.00,1.17
2015.03.02 02:22:02.408,1.25074,1.25085,1.00,1.72
2015.03.02 02:22:02.459,1.25074,1.25085,1.00,1.65
2015.03.02 02:22:02.813,1.25074,1.25082,1.00,1.07
2015.03.02 02:22:04.435,1.25074,1.25084,1.00,1.17
2015.03.02 02:22:04.486,1.25074,1.25084,1.00,1.10
2015.03.02 02:22:04.587,1.25071,1.25084,1.10,1.10
2015.03.02 02:22:04.841,1.2507,1.25084,1.20,1.10
2015.03.02 02:22:12.256,1.2507,1.25084,1.12,1.07
2015.03.02 02:22:12.358,1.2507,1.25084,1.07,1.15
2015.03.02 02:22:16.212,1.25068,1.25082,1.64,1.17
2015.03.02 02:22:16.431,1.25066,1.25079,2.83,1.15
2015.03.02 02:22:16.484,1.25065,1.25077,1.64,1.20
2015.03.02 02:22:16.636,1.25064,1.25077,2.44,1.65
2015.03.02 02:22:17.193,1.25062,1.25075,3.64,3.07
2015.03.02 02:22:17.598,1.25062,1.25071,2.25,1.15
2015.03.02 02:22:17.648,1.25062,1.25071,1.50,1.15
2015.03.02 02:22:17.699,1.25058,1.25067,1.45,1.00
2015.03.02 02:22:17.801,1.25057,1.25064,1.07,1.00
2015.03.02 02:22:17.853,1.25057,1.25064,1.00,1.00
2015.03.02 02:22:17.904,1.25051,1.25066,1.27,1.17
2015.03.02 02:22:17.955,1.2505,1.25066,3.45,3.26
2015.03.02 02:22:18.056,1.2505,1.25066,3.00,3.64
2015.03.02 02:22:18.563,1.2505,1.25065,1.57,1.22
2015.03.02 02:22:19.236,1.25047,1.25063,3.56,1.15
2015.03.02 02:22:19.555,1.25047,1.25061,2.32,1.15
2015.03.02 02:22:22.835,1.25047,1.25061,1.50,1.15
2015.03.02 02:22:23.842,1.25051,1.25061,1.00,1.65
2015.03.02 02:22:24.348,1.25052,1.25063,1.00,1.15
2015.03.02 02:22:25.616,1.25052,1.25063,1.37,1.15
2015.03.02 02:22:27.605,1.25052,1.25063,1.12,1.15
2015.03.02 02:22:27.909,1.25048,1.2506,1.87,1.17
2015.03.02 02:22:29.916,1.25046,1.2506,1.20,1.17
2015.03.02 02:22:32.102,1.25046,1.2506,1.10,1.17
2015.03.02 02:22:32.254,1.25042,1.25056,1.10,1.17
2015.03.02 02:22:32.406,1.2504,1.25054,1.20,1.07
2015.03.02 02:22:32.609,1.25038,1.25052,1.20,1.15
2015.03.02 02:22:32.811,1.25035,1.25051,1.69,1.15
2015.03.02 02:22:33.317,1.25039,1.25052,1.00,2.32
2015.03.02 02:22:40.009,1.25039,1.25052,1.57,1.65
2015.03.02 02:22:40.425,1.25041,1.25052,1.00,1.65
2015.03.02 02:22:40.889,1.25044,1.25052,1.00,1.65
2015.03.02 02:22:40.940,1.25044,1.25052,1.20,1.00
2015.03.02 02:22:40.991,1.25048,1.25058,1.00,1.17
2015.03.02 02:22:41.295,1.25051,1.25063,1.00,1.55
2015.03.02 02:22:41.571,1.25056,1.25067,1.00,1.47
2015.03.02 02:22:41.621,1.25056,1.25067,1.00,1.17
2015.03.02 02:22:41.874,1.25055,1.25068,1.00,1.27
2015.03.02 02:22:42.640,1.25057,1.25071,1.00,1.35
2015.03.02 02:22:45.045,1.25055,1.25071,1.07,1.35
2015.03.02 02:22:45.797,1.25053,1.25069,1.20,1.15
2015.03.02 02:22:48.595,1.25054,1.25069,1.00,1.27
2015.03.02 02:22:49.111,1.25053,1.25068,1.10,1.25
2015.03.02 02:22:49.898,1.25053,1.25068,1.20,1.27
2015.03.02 02:22:57.790,1.25051,1.25067,2.21,1.10
2015.03.02 02:22:57.840,1.25057,1.25067,1.00,1.10
2015.03.02 02:23:01.784,1.25054,1.25068,1.55,1.17
2015.03.02 02:23:03.734,1.25055,1.25071,1.17,1.15
2015.03.02 02:23:06.465,1.25055,1.25071,1.15,1.15
2015.03.02 02:23:06.971,1.25055,1.25071,1.25,1.17
2015.03.02 02:23:07.911,1.25056,1.25072,1.22,1.09
2015.03.02 02:23:08.012,1.25056,1.25072,1.27,1.62
2015.03.02 02:23:08.215,1.25058,1.25072,1.17,1.10
2015.03.02 02:23:08.741,1.25058,1.25074,1.72,2.10
2015.03.02 02:23:09.305,1.25058,1.25074,2.47,1.95
2015.03.02 02:23:09.822,1.25062,1.25076,1.00,1.91
2015.03.02 02:23:10.133,1.25064,1.25078,1.17,1.09
2015.03.02 02:23:10.929,1.25066,1.2508,1.10,2.59
2015.03.02 02:23:11.566,1.25066,1.2508,1.17,1.31
2015.03.02 02:23:11.976,1.25066,1.2508,1.17,1.07
2015.03.02 02:23:12.658,1.25066,1.2508,1.17,1.10
2015.03.02 02:23:13.726,1.25066,1.2508,1.17,1.12
2015.03.02 02:23:13.853,1.25066,1.2508,1.17,1.07
2015.03.02 02:23:16.155,1.25066,1.2508,1.17,1.00
2015.03.02 02:23:17.173,1.25066,1.2508,1.17,1.07
2015.03.02 02:23:17.580,1.25066,1.2508,1.17,1.10
2015.03.02 02:23:19.135,1.25066,1.2508,1.10,1.25
2015.03.02 02:23:21.626,1.25066,1.2508,1.39,1.16
2015.03.02 02:23:22.421,1.25066,1.2508,1.72,1.55
2015.03.02 02:23:22.928,1.25066,1.2508,2.40,1.50
2015.03.02 02:23:25.560,1.25066,1.2508,2.40,1.69
2015.03.02 02:23:29.074,1.25066,1.2508,2.40,1.45
2015.03.02 02:23:30.398,1.25066,1.2508,2.40,1.70
2015.03.02 02:23:31.693,1.25066,1.2508,2.40,1.26
2015.03.02 02:23:32.557,1.25066,1.2508,2.40,1.32
2015.03.02 02:23:35.308,1.25066,1.2508,2.40,1.37
2015.03.02 02:23:36.599,1.25066,1.2508,1.00,1.77
2015.03.02 02:23:36.700,1.25064,1.2508,1.20,1.77
2015.03.02 02:23:37.232,1.25065,1.25079,1.00,1.22
2015.03.02 02:23:40.605,1.25065,1.25079,1.00,1.46
2015.03.02 02:23:41.996,1.25065,1.25079,1.15,1.09
2015.03.02 02:23:43.287,1.25065,1.25079,1.15,1.47
2015.03.02 02:23:45.428,1.25065,1.25079,1.15,1.84
2015.03.02 02:23:50.496,1.25066,1.25078,1.17,1.07
2015.03.02 02:23:52.255,1.25066,1.25078,1.65,1.10
2015.03.02 02:23:52.467,1.25066,1.25078,1.65,1.07
2015.03.02 02:23:56.737,1.25066,1.25078,1.50,1.25
2015.03.02 02:24:02.154,1.25066,1.25078,1.76,1.10
2015.03.02 02:24:03.331,1.25066,1.25078,1.50,1.27
2015.03.02 02:24:03.836,1.25066,1.25078,1.87,1.09
2015.03.02 02:24:04.245,1.25068,1.25079,1.00,1.00
2015.03.02 02:24:04.447,1.25071,1.25082,1.00,1.91
2015.03.02 02:24:04.902,1.25068,1.25082,1.20,1.84
2015.03.02 02:24:05.206,1.2507,1.25082,1.00,1.84
2015.03.02 02:24:05.737,1.2507,1.25082,1.07,1.69
2015.03.02 02:24:06.142,1.2507,1.25082,1.52,1.50
2015.03.02 02:24:06.446,1.25075,1.25085,1.55,1.00
2015.03.02 02:24:06.749,1.2508,1.25093,1.45,2.14
2015.03.02 02:24:06.800,1.25083,1.25093,1.00,1.39
2015.03.02 02:24:06.902,1.25083,1.25095,1.20,1.07
2015.03.02 02:24:07.357,1.25084,1.25097,1.47,1.07
2015.03.02 02:24:08.022,1.25082,1.25098,1.40,1.20
2015.03.02 02:24:09.544,1.25082,1.25098,1.52,1.20
2015.03.02 02:24:09.746,1.25084,1.25098,2.02,1.57
2015.03.02 02:24:10.316,1.25084,1.25098,2.02,1.57
2015.03.02 02:24:11.816,1.25085,1.25098,1.27,1.10
2015.03.02 02:24:13.157,1.25087,1.25103,3.26,2.40
2015.03.02 02:24:13.359,1.25097,1.25108,1.25,1.10
2015.03.02 02:24:13.460,1.25097,1.2511,1.16,1.25
2015.03.02 02:24:13.966,1.25095,1.2511,1.79,1.00
2015.03.02 02:24:14.492,1.25095,1.2511,1.79,1.00
2015.03.02 02:24:15.017,1.25097,1.25112,2.29,1.49
2015.03.02 02:24:15.076,1.25097,1.25112,2.29,1.29
2015.03.02 02:24:15.431,1.25099,1.25115,1.54,2.29
2015.03.02 02:24:17.051,1.25099,1.25115,1.54,2.29
2015.03.02 02:24:18.562,1.25106,1.25116,1.00,4.01
2015.03.02 02:24:18.663,1.25106,1.25118,1.10,1.85
2015.03.02 02:24:18.764,1.25106,1.25118,1.10,1.76
2015.03.02 02:24:19.068,1.25106,1.25122,1.15,3.41
2015.03.02 02:24:19.119,1.25106,1.25122,1.52,1.16
2015.03.02 02:24:19.905,1.25106,1.25122,2.02,1.17
2015.03.02 02:24:20.057,1.25108,1.25124,1.35,1.17
2015.03.02 02:24:20.309,1.25108,1.25124,1.65,1.17
2015.03.02 02:24:20.618,1.25108,1.25124,1.95,1.15
2015.03.02 02:24:20.978,1.25109,1.25124,1.65,1.15
2015.03.02 02:24:21.352,1.25114,1.25125,1.37,1.00
2015.03.02 02:24:21.504,1.25114,1.25125,1.37,1.00
2015.03.02 02:24:21.860,1.25114,1.25125,1.45,1.00
2015.03.02 02:24:22.063,1.25114,1.25128,1.37,1.26
2015.03.02 02:24:22.114,1.25116,1.25128,1.37,1.07
2015.03.02 02:24:22.518,1.25117,1.25131,1.87,1.32
2015.03.02 02:24:22.671,1.25117,1.25131,1.12,1.39
2015.03.02 02:24:22.823,1.25114,1.2513,1.37,1.50
2015.03.02 02:24:23.148,1.25113,1.25127,1.37,1.10
2015.03.02 02:24:23.254,1.25113,1.25127,1.37,1.07
2015.03.02 02:24:28.123,1.25113,1.25127,2.25,1.07
2015.03.02 02:24:28.325,1.25113,1.25127,3.07,1.00
2015.03.02 02:24:28.376,1.25113,1.25127,3.82,1.00
2015.03.02 02:24:28.890,1.25117,1.25129,1.37,1.07
2015.03.02 02:24:31.024,1.25116,1.25129,1.12,1.07
2015.03.02 02:24:31.682,1.25113,1.25127,2.25,1.00
2015.03.02 02:24:32.558,1.25113,1.25127,2.25,1.00
2015.03.02 02:24:33.063,1.2511,1.25126,1.45,1.10
2015.03.02 02:24:33.682,1.2511,1.25126,1.47,1.10
2015.03.02 02:24:34.098,1.25109,1.25123,1.47,1.00
2015.03.02 02:24:34.150,1.25109,1.25123,1.10,1.00
2015.03.02 02:24:34.201,1.25106,1.25117,1.31,1.10
2015.03.02 02:24:34.505,1.25102,1.25114,2.06,1.07
2015.03.02 02:24:34.657,1.25102,1.25114,1.87,1.15
2015.03.02 02:24:35.163,1.25101,1.25116,1.07,1.25
2015.03.02 02:24:36.533,1.251,1.25114,1.26,1.15
2015.03.02 02:24:36.837,1.25116,1.25125,1.00,1.34
2015.03.02 02:24:36.888,1.25109,1.25122,1.00,1.65
2015.03.02 02:24:36.938,1.25109,1.25122,1.00,1.84
2015.03.02 02:24:36.989,1.25104,1.25118,1.72,1.00
2015.03.02 02:24:37.040,1.25104,1.25118,1.10,1.17
2015.03.02 02:24:37.141,1.25104,1.25118,1.00,2.02
2015.03.02 02:24:37.344,1.25104,1.25118,1.00,1.25
2015.03.02 02:24:37.647,1.25102,1.25116,1.00,1.16
2015.03.02 02:24:37.900,1.251,1.25114,1.46,1.07
2015.03.02 02:24:38.204,1.25097,1.25113,2.21,1.22
2015.03.02 02:24:40.320,1.25098,1.25113,1.07,1.25
2015.03.02 02:24:41.852,1.25097,1.25113,2.21,1.47
2015.03.02 02:24:44.214,1.25097,1.2511,1.09,1.00
2015.03.02 02:24:44.517,1.25096,1.2511,1.36,1.17
2015.03.02 02:24:44.619,1.25096,1.2511,1.20,1.17
2015.03.02 02:24:44.720,1.25096,1.2511,1.17,1.17
2015.03.02 02:24:44.821,1.25096,1.2511,1.10,1.17
2015.03.02 02:24:44.923,1.25096,1.2511,1.17,1.17
2015.03.02 02:24:45.703,1.25095,1.25109,1.76,1.07
2015.03.02 02:24:48.561,1.25095,1.25109,1.76,1.15
2015.03.02 02:24:50.604,1.25095,1.25109,1.39,1.25
2015.03.02 02:24:51.511,1.25095,1.25109,1.76,1.15
2015.03.02 02:24:52.363,1.25095,1.25109,1.84,1.07
2015.03.02 02:24:59.200,1.25094,1.25107,1.71,1.00
2015.03.02 02:24:59.507,1.25094,1.25107,1.12,1.34
2015.03.02 02:24:59.559,1.25093,1.25103,1.37,1.00
2015.03.02 02:24:59.611,1.2509,1.25103,1.46,1.00
2015.03.02 02:24:59.712,1.2509,1.25103,1.10,1.17
2015.03.02 02:24:59.864,1.25087,1.25101,1.12,1.17
2015.03.02 02:24:59.915,1.25087,1.25101,1.07,1.17
2015.03.02 02:24:59.966,1.25083,1.25097,2.96,1.00
2015.03.02 02:25:00.017,1.25083,1.25097,2.21,1.00
2015.03.02 02:25:00.169,1.25082,1.25095,1.39,1.17
2015.03.02 02:25:00.321,1.25082,1.25095,1.01,1.17
2015.03.02 02:25:00.473,1.25079,1.25094,1.01,1.17
2015.03.02 02:25:00.979,1.25076,1.25092,3.71,1.15
2015.03.02 02:25:01.485,1.25076,1.25092,2.29,1.15
2015.03.02 02:25:05.893,1.25076,1.25092,2.14,1.00
2015.03.02 02:25:06.424,1.25076,1.25092,2.14,1.00
2015.03.02 02:25:11.380,1.25076,1.25092,1.76,1.00
2015.03.02 02:25:11.431,1.25076,1.25091,1.25,1.07
2015.03.02 02:25:11.735,1.25075,1.25091,1.10,1.12
2015.03.02 02:25:12.051,1.25075,1.25091,1.00,1.37
2015.03.02 02:25:12.564,1.25075,1.25091,1.00,2.00
2015.03.02 02:25:12.615,1.25071,1.25085,1.87,1.10
2015.03.02 02:25:12.666,1.25071,1.25085,1.87,1.07
2015.03.02 02:25:12.969,1.25071,1.25085,1.37,1.10
2015.03.02 02:25:13.690,1.25071,1.25085,1.00,1.10
2015.03.02 02:25:13.741,1.25069,1.25083,1.20,1.00
2015.03.02 02:25:14.045,1.25067,1.25081,1.20,1.00
2015.03.02 02:25:14.096,1.25067,1.25081,1.20,1.07
2015.03.02 02:25:15.434,1.25064,1.2508,1.64,1.10
2015.03.02 02:25:15.535,1.25064,1.2508,1.39,1.07
2015.03.02 02:25:16.970,1.25064,1.2508,1.39,1.10
2015.03.02 02:25:18.590,1.25068,1.2508,4.69,1.10
2015.03.02 02:25:18.893,1.25081,1.25092,1.00,1.47
2015.03.02 02:25:18.944,1.25076,1.25092,1.27,1.47
2015.03.02 02:25:18.995,1.25076,1.25092,1.10,1.65
2015.03.02 02:25:19.198,1.25072,1.25086,1.10,1.27
2015.03.02 02:25:19.705,1.25071,1.25083,1.07,1.20
2015.03.02 02:25:19.807,1.25069,1.25083,1.91,1.20
2015.03.02 02:25:20.112,1.25069,1.25081,1.16,1.00
2015.03.02 02:25:21.542,1.25069,1.25081,1.16,1.00
2015.03.02 02:25:24.629,1.25069,1.25083,2.10,1.20
2015.03.02 02:25:24.933,1.25071,1.25086,1.15,1.07
2015.03.02 02:25:26.980,1.25071,1.25086,1.16,1.00
2015.03.02 02:25:32.139,1.2507,1.25086,2.47,1.07
2015.03.02 02:25:36.304,1.2507,1.25086,2.66,1.07
2015.03.02 02:25:39.012,1.2507,1.25086,4.84,1.07
2015.03.02 02:25:44.325,1.25072,1.25086,1.15,1.07
2015.03.02 02:25:44.427,1.25071,1.25086,1.15,1.20
2015.03.02 02:25:44.580,1.2507,1.25085,1.52,1.07
2015.03.02 02:25:44.835,1.2507,1.25085,1.20,1.22
2015.03.02 02:25:45.472,1.25068,1.25083,1.71,1.07
2015.03.02 02:25:47.884,1.25068,1.2508,1.54,1.00
2015.03.02 02:25:48.414,1.25066,1.2508,3.04,1.00
2015.03.02 02:25:52.109,1.25069,1.25085,1.10,2.21
2015.03.02 02:25:57.370,1.25069,1.25085,1.07,2.02
2015.03.02 02:25:57.521,1.25069,1.25085,1.25,1.17
2015.03.02 02:25:57.782,1.25069,1.25085,1.17,1.65
2015.03.02 02:25:59.386,1.25069,1.25083,1.07,1.17
2015.03.02 02:26:01.902,1.25069,1.25083,1.22,1.00
2015.03.02 02:26:03.031,1.25068,1.25086,1.84,1.34
2015.03.02 02:26:06.369,1.25071,1.25085,1.00,1.15
2015.03.02 02:26:06.875,1.25068,1.25082,1.84,1.07
2015.03.02 02:26:07.422,1.25068,1.25082,1.84,1.07
2015.03.02 02:26:07.929,1.25068,1.2508,1.34,1.00
2015.03.02 02:26:11.043,1.25066,1.2508,1.15,1.07
2015.03.02 02:26:14.234,1.25066,1.2508,1.15,1.12
2015.03.02 02:26:25.429,1.25064,1.25079,1.71,1.17
2015.03.02 02:26:25.783,1.25063,1.25077,1.52,1.10
2015.03.02 02:26:38.763,1.25063,1.25077,1.54,1.00
2015.03.02 02:26:41.582,1.25063,1.25077,1.46,1.10
2015.03.02 02:26:42.132,1.25062,1.25076,1.71,1.00
2015.03.02 02:26:42.961,1.25062,1.25076,1.71,1.00
2015.03.02 02:26:45.969,1.25062,1.25076,1.71,1.00
2015.03.02 02:26:49.778,1.25062,1.25078,1.15,1.37
2015.03.02 02:26:58.606,1.25062,1.25076,1.15,1.12
2015.03.02 02:26:58.869,1.25062,1.25076,1.10,1.20
2015.03.02 02:26:59.161,1.25062,1.25076,1.15,1.12
2015.03.02 02:27:00.572,1.2506,1.25075,3.45,1.37
2015.03.02 02:27:19.728,1.25062,1.25078,1.40,1.71
2015.03.02 02:27:22.955,1.25062,1.25078,1.15,1.76
2015.03.02 02:27:23.174,1.25062,1.25078,1.15,2.15
2015.03.02 02:27:26.662,1.25061,1.25075,2.32,1.45
2015.03.02 02:27:27.205,1.25061,1.25075,2.40,1.37
2015.03.02 02:27:28.190,1.25061,1.25075,2.59,1.37
2015.03.02 02:27:31.114,1.25059,1.25075,1.27,1.37
2015.03.02 02:27:31.165,1.25058,1.25071,3.82,1.00
2015.03.02 02:27:31.671,1.25058,1.25071,2.02,1.00
2015.03.02 02:27:34.099,1.25058,1.25071,1.27,1.00
2015.03.02 02:27:43.547,1.25056,1.25072,1.79,1.15
2015.03.02 02:27:45.222,1.25056,1.25072,1.79,1.25
2015.03.02 02:27:46.475,1.25058,1.25074,1.35,1.35
2015.03.02 02:27:47.499,1.25057,1.25071,1.77,1.00
2015.03.02 02:27:48.012,1.25057,1.25071,1.32,1.07
2015.03.02 02:27:51.725,1.25053,1.25068,4.01,1.00
2015.03.02 02:27:52.372,1.25056,1.25068,1.10,1.50
2015.03.02 02:27:52.423,1.25056,1.25065,1.10,1.00
2015.03.02 02:27:52.969,1.25051,1.25065,2.21,1.65
2015.03.02 02:27:53.020,1.25051,1.25065,1.91,1.65
2015.03.02 02:27:53.526,1.25051,1.25063,1.16,1.00
2015.03.02 02:27:54.040,1.25051,1.25063,1.25,1.00
2015.03.02 02:27:55.780,1.25051,1.25063,1.27,1.00
2015.03.02 02:27:58.831,1.25051,1.25065,1.16,1.65
2015.03.02 02:28:04.949,1.25051,1.25062,1.17,1.00
2015.03.02 02:28:08.745,1.25052,1.25062,1.09,1.00
2015.03.02 02:28:10.060,1.25052,1.25065,1.17,1.20
2015.03.02 02:28:15.467,1.25052,1.25064,1.36,1.00
2015.03.02 02:28:24.122,1.25052,1.25065,1.36,1.20
2015.03.02 02:28:25.141,1.25052,1.25065,1.09,1.27
2015.03.02 02:28:28.127,1.25052,1.25063,1.01,1.00
2015.03.02 02:28:37.628,1.25051,1.25062,1.07,1.00
2015.03.02 02:28:40.819,1.25051,1.25062,1.09,1.00
2015.03.02 02:28:41.468,1.2505,1.25062,1.00,1.50
2015.03.02 02:28:52.937,1.2505,1.25062,1.27,1.50
2015.03.02 02:28:58.919,1.25051,1.25065,1.10,1.27
2015.03.02 02:29:00.241,1.25052,1.25064,1.00,1.10
2015.03.02 02:29:01.553,1.2505,1.25059,1.20,1.00
2015.03.02 02:29:01.654,1.25047,1.25059,1.10,1.07
2015.03.02 02:29:01.756,1.25049,1.25059,1.00,1.07
2015.03.02 02:29:01.857,1.25046,1.25062,1.65,1.55
2015.03.02 02:29:02.009,1.25045,1.25059,1.10,1.25
2015.03.02 02:29:02.212,1.25042,1.25058,1.10,1.65
2015.03.02 02:29:02.313,1.25042,1.25053,1.00,1.00
2015.03.02 02:29:02.616,1.25045,1.25057,1.50,1.45
2015.03.02 02:29:17.405,1.25045,1.25057,1.50,1.45
2015.03.02 02:29:19.810,1.25045,1.25057,1.07,1.62
2015.03.02 02:29:20.381,1.25045,1.25057,1.07,1.37
2015.03.02 02:29:21.688,1.25045,1.25057,1.00,1.37
2015.03.02 02:29:28.237,1.25045,1.25057,1.00,1.37
2015.03.02 02:29:32.255,1.25042,1.25053,1.34,1.00
2015.03.02 02:29:32.356,1.25042,1.25053,1.00,1.10
2015.03.02 02:29:32.872,1.2504,1.25053,1.36,1.00
2015.03.02 02:29:34.475,1.2504,1.25052,1.17,1.00
2015.03.02 02:29:40.179,1.2504,1.25052,1.41,1.00
2015.03.02 02:29:40.281,1.25043,1.25054,1.10,1.00
2015.03.02 02:29:43.308,1.25043,1.25054,1.17,1.00
2015.03.02 02:29:43.810,1.25047,1.25056,1.00,1.87
2015.03.02 02:29:47.342,1.25047,1.25056,1.00,1.57
2015.03.02 02:29:50.079,1.25048,1.25057,1.00,1.00
2015.03.02 02:29:50.585,1.25046,1.25057,1.10,1.00
2015.03.02 02:29:50.737,1.25048,1.25057,1.00,1.00
2015.03.02 02:29:51.242,1.25048,1.25057,1.47,1.10
2015.03.02 02:29:56.027,1.25048,1.25057,1.10,1.10
2015.03.02 02:29:56.533,1.25046,1.25055,1.07,1.00
2015.03.02 02:29:57.045,1.25046,1.25055,1.00,1.00
2015.03.02 02:30:02.174,1.25043,1.25054,1.10,1.57
2015.03.02 02:30:02.428,1.25043,1.25054,1.10,1.84
2015.03.02 02:30:02.934,1.25042,1.25051,1.10,1.10
2015.03.02 02:30:03.485,1.25042,1.2505,1.00,1.00
2015.03.02 02:30:03.991,1.25042,1.25051,1.12,1.00
2015.03.02 02:30:04.041,1.25043,1.25053,1.10,1.00
2015.03.02 02:30:04.566,1.25043,1.25054,1.10,1.50
2015.03.02 02:30:07.102,1.25043,1.25054,1.17,1.50
2015.03.02 02:30:07.254,1.25043,1.25054,1.20,1.50
2015.03.02 02:30:09.738,1.25043,1.25054,1.17,1.50
2015.03.02 02:30:12.839,1.25042,1.25053,1.40,1.00
2015.03.02 02:30:13.363,1.25042,1.25053,1.07,1.07
2015.03.02 02:30:18.362,1.25042,1.25053,1.07,1.25
2015.03.02 02:30:19.123,1.25042,1.25053,1.07,1.00
2015.03.02 02:30:20.775,1.25042,1.25053,1.07,1.00
2015.03.02 02:30:22.188,1.25046,1.25055,1.00,1.57
2015.03.02 02:30:22.738,1.25042,1.25053,1.16,1.00
2015.03.02 02:30:22.840,1.25042,1.25049,1.10,1.00
2015.03.02 02:30:22.942,1.25042,1.25051,1.00,1.10
2015.03.02 02:30:23.702,1.25044,1.25052,1.00,1.00
2015.03.02 02:30:24.156,1.25044,1.25055,1.00,1.50
2015.03.02 02:30:24.351,1.25042,1.25053,1.54,1.00
2015.03.02 02:30:28.114,1.2504,1.25051,1.00,1.00
2015.03.02 02:30:28.630,1.25041,1.25051,1.12,1.00
2015.03.02 02:30:29.142,1.25041,1.25051,1.20,1.00
2015.03.02 02:30:31.836,1.25043,1.25052,1.00,1.50
2015.03.02 02:30:37.202,1.25043,1.25052,1.00,1.57
2015.03.02 02:30:37.253,1.2504,1.25051,1.00,1.57
2015.03.02 02:30:40.752,1.2504,1.25049,1.00,1.00
2015.03.02 02:30:41.260,1.25039,1.25049,1.10,1.10
2015.03.02 02:30:49.100,1.25039,1.25047,1.10,1.00
2015.03.02 02:30:51.315,1.25039,1.25049,1.00,1.10
2015.03.02 02:30:51.832,1.25039,1.2505,1.57,1.50
2015.03.02 02:30:53.314,1.25039,1.2505,1.57,1.50
2015.03.02 02:30:53.365,1.25042,1.2505,1.00,1.50
2015.03.02 02:30:53.625,1.25043,1.25052,1.10,1.00
2015.03.02 02:31:00.830,1.25043,1.25051,1.00,1.00
2015.03.02 02:31:02.452,1.25041,1.25051,1.10,1.10
2015.03.02 02:31:05.051,1.2504,1.2505,1.07,1.00
2015.03.02 02:31:10.699,1.2504,1.2505,1.00,1.00
2015.03.02 02:31:12.677,1.25039,1.2505,1.00,1.20
2015.03.02 02:31:13.282,1.25038,1.2505,1.10,1.20
2015.03.02 02:31:14.427,1.25038,1.25049,1.00,1.00
2015.03.02 02:31:19.175,1.25038,1.25049,1.00,1.07
2015.03.02 02:31:19.677,1.25037,1.25047,1.00,1.10
2015.03.02 02:31:20.457,1.25035,1.25045,1.17,1.00
2015.03.02 02:31:21.031,1.25035,1.25045,1.00,1.10
2015.03.02 02:31:22.735,1.25035,1.25045,1.69,1.10
2015.03.02 02:31:23.240,1.25035,1.25045,1.00,1.10
2015.03.02 02:31:23.856,1.25035,1.25045,1.07,1.10
2015.03.02 02:31:25.561,1.25035,1.25045,1.50,1.10
2015.03.02 02:31:27.149,1.25036,1.25045,1.00,1.10
2015.03.02 02:31:28.145,1.25035,1.25045,1.25,1.10
2015.03.02 02:31:30.134,1.25036,1.25046,1.50,1.00
2015.03.02 02:31:34.387,1.25036,1.25047,1.00,1.00
2015.03.02 02:31:49.641,1.25036,1.25046,1.10,1.00
2015.03.02 02:31:50.826,1.25035,1.25045,1.00,1.00
2015.03.02 02:32:01.057,1.25035,1.25045,1.32,1.00
2015.03.02 02:32:03.826,1.25035,1.25045,1.10,1.00
2015.03.02 02:32:38.799,1.25035,1.25045,1.19,1.00
2015.03.02 02:32:39.691,1.25035,1.25045,1.00,1.50
2015.03.02 02:32:44.739,1.25035,1.25045,1.69,1.00
2015.03.02 02:32:46.719,1.25035,1.25045,1.69,1.00
2015.03.02 02:32:50.836,1.25035,1.25049,1.00,1.01
2015.03.02 02:32:52.775,1.25035,1.25049,1.00,1.16
2015.03.02 02:32:54.489,1.25032,1.25046,1.16,1.00
2015.03.02 02:32:55.038,1.25032,1.25046,1.91,1.00
2015.03.02 02:32:57.850,1.25032,1.25046,1.91,1.20
2015.03.02 02:33:00.830,1.25033,1.25046,1.64,1.20
2015.03.02 02:33:03.866,1.25031,1.25046,1.79,1.20
2015.03.02 02:33:04.997,1.25031,1.25045,1.79,1.00
2015.03.02 02:33:05.551,1.25032,1.25045,1.16,1.00
2015.03.02 02:33:24.227,1.25032,1.25046,1.16,1.20
2015.03.02 02:33:25.896,1.25031,1.25046,1.79,1.20
2015.03.02 02:33:26.787,1.25031,1.25046,1.46,1.20
2015.03.02 02:33:27.091,1.25037,1.25046,1.00,1.00
2015.03.02 02:33:27.597,1.25036,1.25046,1.00,1.65
2015.03.02 02:33:47.438,1.25033,1.25046,1.76,1.65
2015.03.02 02:33:48.031,1.25036,1.25046,1.25,1.65
2015.03.02 02:34:34.463,1.25036,1.25045,1.00,1.00
2015.03.02 02:34:38.375,1.25031,1.25045,1.79,1.00
2015.03.02 02:34:45.833,1.25031,1.25038,1.31,1.00
2015.03.02 02:34:45.986,1.25026,1.25034,1.00,1.25
2015.03.02 02:34:46.137,1.25022,1.25035,1.37,2.36
2015.03.02 02:34:46.188,1.25022,1.25031,1.45,1.00
2015.03.02 02:34:46.492,1.25018,1.25029,1.65,1.00
2015.03.02 02:34:46.543,1.25018,1.25029,1.65,1.00
2015.03.02 02:34:46.652,1.2502,1.25029,1.10,1.00
2015.03.02 02:34:47.798,1.2502,1.25032,1.10,1.00
2015.03.02 02:34:47.950,1.25017,1.25032,2.21,1.00
2015.03.02 02:34:48.758,1.25018,1.25032,1.52,1.00
2015.03.02 02:34:51.105,1.25018,1.25031,1.09,1.00
2015.03.02 02:34:51.257,1.25017,1.25031,1.84,1.00
2015.03.02 02:34:51.765,1.25017,1.2503,1.84,1.00
2015.03.02 02:34:52.873,1.25018,1.25032,1.37,1.10
2015.03.02 02:35:00.829,1.25018,1.25033,1.46,1.00
2015.03.02 02:35:01.365,1.25018,1.25033,1.71,1.00
2015.03.02 02:35:04.901,1.25019,1.25033,1.09,1.00
2015.03.02 02:35:05.364,1.25024,1.25036,1.10,1.50
2015.03.02 02:35:05.881,1.25026,1.25036,1.37,1.00
2015.03.02 02:35:06.083,1.25029,1.25039,1.10,1.00
2015.03.02 02:35:07.936,1.25029,1.25037,1.10,1.00
2015.03.02 02:35:09.071,1.25027,1.25034,1.10,1.00
2015.03.02 02:35:09.374,1.25022,1.25033,1.00,1.15
2015.03.02 02:35:09.678,1.25026,1.25031,1.00,1.00
2015.03.02 02:35:09.830,1.25027,1.25035,1.00,1.17
2015.03.02 02:35:09.931,1.25024,1.25035,1.10,1.15
2015.03.02 02:35:10.032,1.25024,1.25033,1.10,1.15
2015.03.02 02:35:10.336,1.25028,1.25033,1.00,1.00
2015.03.02 02:35:10.387,1.25028,1.25037,1.00,1.17
2015.03.02 02:35:10.438,1.25028,1.25037,1.00,5.25
2015.03.02 02:35:10.489,1.25023,1.25035,1.10,1.15
2015.03.02 02:35:10.590,1.25023,1.25032,1.47,1.20
2015.03.02 02:35:10.894,1.25028,1.25036,1.00,1.15
2015.03.02 02:35:11.046,1.25023,1.25034,1.00,1.15
2015.03.02 02:35:11.148,1.25026,1.25031,1.12,1.00
2015.03.02 02:35:11.250,1.25027,1.25034,1.00,1.00
2015.03.02 02:35:11.351,1.25027,1.25038,1.00,1.27
2015.03.02 02:35:11.452,1.25027,1.25033,1.00,1.10
2015.03.02 02:35:11.503,1.25025,1.25033,1.10,1.10
2015.03.02 02:35:12.027,1.25025,1.25032,1.00,1.10
2015.03.02 02:35:12.666,1.25023,1.25035,1.00,1.15
2015.03.02 02:35:13.292,1.25023,1.25035,1.07,1.15
2015.03.02 02:35:17.359,1.25023,1.25037,1.07,1.15
2015.03.02 02:35:17.968,1.25023,1.25037,1.12,1.15
2015.03.02 02:35:20.835,1.25023,1.25037,1.57,1.15
2015.03.02 02:35:21.753,1.25023,1.25037,1.87,1.15
2015.03.02 02:35:23.310,1.25024,1.25037,1.07,1.65
2015.03.02 02:35:23.565,1.25024,1.25034,1.00,1.15
2015.03.02 02:35:24.169,1.25024,1.25037,1.00,1.15
2015.03.02 02:35:25.477,1.25024,1.25037,1.10,1.15
2015.03.02 02:35:26.206,1.2503,1.25044,1.00,2.02
2015.03.02 02:35:26.360,1.2503,1.25046,1.00,2.59
2015.03.02 02:35:26.411,1.25035,1.25048,1.00,1.09
2015.03.02 02:35:26.463,1.25035,1.25048,1.00,1.09
2015.03.02 02:35:26.987,1.25035,1.25049,1.00,1.84
2015.03.02 02:35:29.837,1.25033,1.25047,1.00,1.41
2015.03.02 02:35:30.366,1.25033,1.25047,1.00,1.46
2015.03.02 02:35:32.604,1.25035,1.25045,1.00,1.32
2015.03.02 02:35:32.758,1.25035,1.25047,1.50,1.32
2015.03.02 02:35:32.808,1.25036,1.25047,1.65,1.32
2015.03.02 02:35:33.314,1.25036,1.25047,1.00,1.25
2015.03.02 02:35:34.537,1.25036,1.25047,1.37,1.25
2015.03.02 02:35:34.639,1.25038,1.25049,1.00,1.10
2015.03.02 02:35:35.144,1.25039,1.25049,1.00,1.00
2015.03.02 02:35:35.245,1.25039,1.25051,1.00,1.25
2015.03.02 02:35:35.764,1.25039,1.25051,1.07,1.25
2015.03.02 02:35:38.447,1.25039,1.25051,1.10,1.25
2015.03.02 02:35:47.321,1.25039,1.25051,1.39,1.25
2015.03.02 02:35:47.833,1.25039,1.25051,2.00,1.25
2015.03.02 02:35:54.635,1.25039,1.25051,1.12,1.00
2015.03.02 02:35:55.224,1.25039,1.25051,1.07,1.00
2015.03.02 02:35:56.412,1.25039,1.25051,1.22,1.50
2015.03.02 02:36:00.488,1.25043,1.25051,1.00,1.00
2015.03.02 02:36:00.961,1.25048,1.25061,1.57,1.00
2015.03.02 02:36:01.012,1.25048,1.25063,1.57,1.20
2015.03.02 02:36:01.113,1.25048,1.25064,4.20,1.00
2015.03.02 02:36:01.417,1.2505,1.25064,1.90,1.00
2015.03.02 02:36:02.807,1.2505,1.25064,1.90,1.00
2015.03.02 02:36:11.749,1.25052,1.25066,1.07,1.54
2015.03.02 02:36:12.507,1.25052,1.25066,1.00,1.54
2015.03.02 02:36:13.454,1.25052,1.25066,1.07,1.46
2015.03.02 02:36:18.348,1.25052,1.25066,1.45,1.46
2015.03.02 02:36:27.473,1.25052,1.25066,1.50,1.46
2015.03.02 02:36:31.971,1.25052,1.25066,1.07,1.46
2015.03.02 02:36:32.340,1.25052,1.25062,1.07,1.10
2015.03.02 02:36:32.594,1.2505,1.25062,1.07,1.57
2015.03.02 02:36:32.645,1.2505,1.25062,1.07,1.65
2015.03.02 02:36:33.178,1.2505,1.2506,1.10,1.07
2015.03.02 02:36:34.930,1.2505,1.2506,1.47,1.07
2015.03.02 02:36:43.566,1.25048,1.25059,1.37,1.17
2015.03.02 02:36:52.488,1.25046,1.25059,1.95,1.40
2015.03.02 02:36:53.385,1.25046,1.25059,1.45,1.17
2015.03.02 02:36:58.242,1.25049,1.25058,1.37,1.10
2015.03.02 02:36:59.914,1.25048,1.2506,1.47,1.65
2015.03.02 02:37:00.420,1.25048,1.2506,1.45,1.10
2015.03.02 02:37:00.875,1.25051,1.25064,1.95,1.00
2015.03.02 02:37:01.077,1.25052,1.25064,1.95,1.00
2015.03.02 02:37:01.591,1.25052,1.25064,2.25,1.00
2015.03.02 02:37:01.932,1.25052,1.25064,2.44,1.00
2015.03.02 02:37:02.337,1.25054,1.25067,1.55,1.84
2015.03.02 02:37:02.861,1.25054,1.25067,1.76,1.65
2015.03.02 02:37:03.367,1.25054,1.25067,1.75,1.65
2015.03.02 02:37:09.411,1.25052,1.25065,2.44,1.20
2015.03.02 02:37:09.944,1.25052,1.25065,2.59,1.00
2015.03.02 02:37:11.018,1.25054,1.25066,1.45,1.00
2015.03.02 02:37:13.587,1.25054,1.25066,1.07,1.00
2015.03.02 02:37:14.042,1.25051,1.25066,1.91,1.32
2015.03.02 02:37:14.093,1.25051,1.25066,1.84,1.09
2015.03.02 02:37:14.798,1.25051,1.25065,1.09,1.10
2015.03.02 02:37:14.849,1.25051,1.25065,1.20,1.10
2015.03.02 02:37:15.366,1.25051,1.25064,1.20,1.00
2015.03.02 02:37:22.351,1.2505,1.25065,1.25,1.10
2015.03.02 02:37:26.792,1.2505,1.25065,1.65,1.10
2015.03.02 02:37:28.013,1.2505,1.25065,1.16,1.10
2015.03.02 02:37:28.356,1.2505,1.25064,1.16,1.07
2015.03.02 02:37:34.362,1.25049,1.2506,1.46,1.00
2015.03.02 02:37:34.622,1.25047,1.2506,1.46,1.10
2015.03.02 02:37:42.432,1.25046,1.2506,1.46,1.57
2015.03.02 02:37:44.291,1.25046,1.2506,2.21,1.01
2015.03.02 02:37:45.286,1.25046,1.2506,1.52,1.10
2015.03.02 02:37:49.027,1.25046,1.2506,1.84,1.10
2015.03.02 02:37:49.747,1.25046,1.2506,1.84,1.29
2015.03.02 02:37:54.478,1.25045,1.2506,2.40,1.01
2015.03.02 02:37:54.985,1.25045,1.2506,2.40,1.32
2015.03.02 02:37:58.682,1.25045,1.25058,1.84,1.00
2015.03.02 02:37:59.341,1.25043,1.25057,1.84,1.50
2015.03.02 02:37:59.645,1.25045,1.25059,3.15,1.25
2015.03.02 02:38:00.150,1.2505,1.25059,1.10,1.00
2015.03.02 02:38:00.655,1.2505,1.25059,1.07,1.00
2015.03.02 02:38:01.162,1.2505,1.25059,1.10,1.00
2015.03.02 02:38:05.839,1.2505,1.25061,1.20,1.10
2015.03.02 02:38:05.991,1.2505,1.25061,1.50,1.10
2015.03.02 02:38:11.771,1.2505,1.25061,1.45,1.10
2015.03.02 02:38:12.302,1.2505,1.25061,1.07,1.10
2015.03.02 02:38:12.806,1.2505,1.25061,1.00,1.10
2015.03.02 02:38:15.760,1.2505,1.25061,1.20,1.10
2015.03.02 02:38:16.064,1.25055,1.25066,1.95,1.00
2015.03.02 02:38:16.166,1.25055,1.25066,1.45,1.00
2015.03.02 02:38:16.368,1.25053,1.25067,1.57,1.01
2015.03.02 02:38:18.335,1.25053,1.25067,1.17,1.10
2015.03.02 02:38:18.964,1.25053,1.25067,1.17,1.10
2015.03.02 02:38:20.151,1.25053,1.25067,1.22,1.00
2015.03.02 02:38:23.850,1.25056,1.25067,1.00,1.00
2015.03.02 02:38:24.052,1.25054,1.25065,1.10,1.00
2015.03.02 02:38:27.162,1.25052,1.25064,2.10,1.00
2015.03.02 02:38:27.667,1.25052,1.25064,1.87,1.00
2015.03.02 02:38:28.089,1.25052,1.25064,1.57,1.00
2015.03.02 02:38:28.809,1.25051,1.25061,1.09,1.00
2015.03.02 02:38:28.860,1.25051,1.25061,1.10,1.00
2015.03.02 02:38:29.349,1.2505,1.25064,1.39,1.34
2015.03.02 02:38:32.522,1.2505,1.25064,1.47,1.15
2015.03.02 02:38:32.829,1.2505,1.25062,1.95,1.10
2015.03.02 02:38:36.141,1.2505,1.25062,2.32,1.10
2015.03.02 02:38:36.394,1.2505,1.25062,2.32,1.10
2015.03.02 02:38:39.148,1.2505,1.25056,1.50,1.00
2015.03.02 02:38:39.300,1.25046,1.25056,1.45,1.50
2015.03.02 02:38:39.351,1.25044,1.25056,1.76,1.65
2015.03.02 02:38:39.771,1.25045,1.25054,1.50,1.65
2015.03.02 02:38:40.024,1.25043,1.25052,1.75,1.00
2015.03.02 02:38:43.340,1.25042,1.25052,3.00,1.00
2015.03.02 02:38:43.873,1.25042,1.25052,1.45,1.00
2015.03.02 02:38:45.380,1.25042,1.25052,1.95,1.00
2015.03.02 02:38:48.031,1.25042,1.25054,2.70,1.20
2015.03.02 02:38:48.083,1.25045,1.25054,1.37,1.20
2015.03.02 02:38:48.234,1.25045,1.25057,2.70,1.10
2015.03.02 02:38:48.537,1.25046,1.25058,1.17,1.69
2015.03.02 02:38:48.588,1.25045,1.25055,1.07,1.00
2015.03.02 02:38:48.892,1.25044,1.25055,1.57,1.07
2015.03.02 02:38:48.994,1.25046,1.25058,2.10,1.00
2015.03.02 02:38:49.297,1.25046,1.25058,2.32,1.34
2015.03.02 02:38:49.698,1.25043,1.25055,1.12,1.07
2015.03.02 02:38:50.306,1.25043,1.25055,1.07,1.07
2015.03.02 02:38:51.487,1.25043,1.25055,1.12,1.32
2015.03.02 02:38:52.331,1.25041,1.25053,1.57,1.00
2015.03.02 02:38:52.482,1.25041,1.25053,1.20,2.32
2015.03.02 02:38:53.016,1.25041,1.25053,1.12,2.51
2015.03.02 02:38:54.340,1.2504,1.25052,1.47,1.00
2015.03.02 02:39:00.804,1.25042,1.25054,1.00,1.36
2015.03.02 02:39:01.278,1.25043,1.25055,1.00,1.76
2015.03.02 02:39:02.540,1.25043,1.25055,1.37,1.76
2015.03.02 02:39:05.330,1.25048,1.25058,1.00,1.40
2015.03.02 02:39:05.482,1.25048,1.2506,1.30,1.00
2015.03.02 02:39:06.016,1.25048,1.2506,1.27,1.00
2015.03.02 02:39:07.407,1.25051,1.25061,1.10,1.69
2015.03.02 02:39:07.711,1.25054,1.25065,1.00,1.25
2015.03.02 02:39:08.381,1.25054,1.25066,1.12,1.00
2015.03.02 02:39:08.432,1.25059,1.25068,1.00,1.01
2015.03.02 02:39:08.533,1.25059,1.2507,1.00,1.00
2015.03.02 02:39:09.039,1.25059,1.25071,1.07,1.25
2015.03.02 02:39:13.686,1.25059,1.25071,1.17,1.19
2015.03.02 02:39:15.080,1.25059,1.25071,1.36,1.00
2015.03.02 02:39:25.514,1.25059,1.25071,1.32,1.57
2015.03.02 02:39:25.616,1.25059,1.25071,1.07,1.57
2015.03.02 02:39:25.767,1.25057,1.25069,1.39,1.00
2015.03.02 02:39:26.273,1.25057,1.25069,1.00,1.72
2015.03.02 02:39:35.128,1.25056,1.25068,1.00,1.00
2015.03.02 02:39:38.155,1.25056,1.25068,1.19,1.00
2015.03.02 02:39:38.726,1.25056,1.25068,1.00,1.50
2015.03.02 02:39:45.322,1.25056,1.25068,1.19,1.50
2015.03.02 02:39:46.044,1.25056,1.25068,1.19,1.57
2015.03.02 02:39:47.353,1.25056,1.25068,1.09,1.07
2015.03.02 02:39:51.365,1.25056,1.25068,1.39,1.07
2015.03.02 02:39:52.357,1.25056,1.25068,1.09,1.57
2015.03.02 02:40:04.360,1.25056,1.25068,1.39,1.57
2015.03.02 02:40:06.093,1.25056,1.25068,1.39,1.07
2015.03.02 02:40:06.830,1.25056,1.25068,1.09,1.07
2015.03.02 02:40:07.365,1.25056,1.25068,1.39,1.07
2015.03.02 02:40:09.392,1.25056,1.25068,1.25,1.07
2015.03.02 02:40:09.906,1.25056,1.25068,1.25,1.07
2015.03.02 02:40:12.360,1.25056,1.25068,1.00,1.50
2015.03.02 02:40:16.528,1.25056,1.25068,1.00,1.57
2015.03.02 02:40:17.035,1.25056,1.25068,1.00,2.32
2015.03.02 02:40:25.774,1.25056,1.25068,1.00,1.57
2015.03.02 02:40:27.967,1.25056,1.25068,1.29,1.10
2015.03.02 02:40:28.498,1.25056,1.25068,1.25,1.10
2015.03.02 02:40:29.135,1.25056,1.25068,1.25,1.17
2015.03.02 02:40:35.135,1.25053,1.25069,1.09,2.10
2015.03.02 02:40:37.779,1.25053,1.25069,1.36,2.40
2015.03.02 02:40:40.231,1.25054,1.25069,1.30,1.46
2015.03.02 02:40:40.383,1.25054,1.25069,1.30,1.46
2015.03.02 02:40:41.255,1.25053,1.25068,1.36,1.45
2015.03.02 02:40:41.306,1.25053,1.25068,1.36,1.15
2015.03.02 02:40:41.856,1.25056,1.25065,1.00,1.00
2015.03.02 02:41:19.286,1.25053,1.25065,1.09,1.00
2015.03.02 02:41:19.836,1.25053,1.25064,1.09,1.00
2015.03.02 02:41:20.831,1.25053,1.25064,1.39,1.00
2015.03.02 02:41:22.837,1.25053,1.25064,1.20,1.00
2015.03.02 02:41:29.108,1.25053,1.25064,1.17,1.00
2015.03.02 02:41:29.672,1.25053,1.25064,1.17,1.00
2015.03.02 02:41:34.991,1.25053,1.25064,1.36,1.00
2015.03.02 02:41:37.316,1.25053,1.25064,1.09,1.00
2015.03.02 02:41:37.822,1.25051,1.25064,1.29,1.00
2015.03.02 02:41:38.245,1.25051,1.25062,1.29,1.00
2015.03.02 02:41:38.374,1.25051,1.25062,1.01,1.00
2015.03.02 02:41:39.376,1.25051,1.25062,1.39,1.00
2015.03.02 02:41:46.419,1.25051,1.25062,1.09,1.00
2015.03.02 02:41:47.648,1.25051,1.25062,1.46,1.00
2015.03.02 02:41:49.398,1.25051,1.25062,2.21,1.00
2015.03.02 02:41:50.479,1.25051,1.25062,2.51,1.00
2015.03.02 02:41:59.495,1.25051,1.25062,2.29,1.00
2015.03.02 02:42:00.939,1.25053,1.25062,1.31,1.00
2015.03.02 02:42:02.769,1.25054,1.25064,1.27,1.00
2015.03.02 02:42:03.431,1.25054,1.25067,1.91,1.00
2015.03.02 02:42:04.980,1.25054,1.25067,2.21,1.00
2015.03.02 02:42:07.387,1.25056,1.25067,1.09,1.00
2015.03.02 02:42:07.741,1.25055,1.25067,1.46,1.00
2015.03.02 02:42:09.219,1.25055,1.25067,1.01,1.50
2015.03.02 02:42:09.270,1.25055,1.25065,1.01,1.00
2015.03.02 02:42:10.249,1.25055,1.25065,1.07,1.00
2015.03.02 02:42:10.821,1.25055,1.25065,1.10,1.00
2015.03.02 02:42:11.436,1.25055,1.25063,1.10,1.00
2015.03.02 02:42:12.635,1.25054,1.25064,1.07,1.00
2015.03.02 02:42:12.945,1.25054,1.25062,1.07,1.00
2015.03.02 02:42:15.088,1.25052,1.25062,1.47,1.00
2015.03.02 02:42:18.523,1.2505,1.25062,1.41,1.00
2015.03.02 02:42:18.624,1.25048,1.25064,3.52,1.10
2015.03.02 02:42:19.173,1.25049,1.25064,2.77,1.10
2015.03.02 02:42:21.770,1.25048,1.25064,1.79,1.10
2015.03.02 02:42:23.902,1.25051,1.25061,1.10,1.00
2015.03.02 02:42:24.413,1.25051,1.25061,1.17,1.00
2015.03.02 02:42:28.800,1.25051,1.25061,1.25,1.00
2015.03.02 02:42:36.527,1.25051,1.25062,1.91,1.00
2015.03.02 02:42:37.401,1.25052,1.25062,1.91,1.00
2015.03.02 02:42:42.243,1.25052,1.25062,1.91,1.00
2015.03.02 02:42:42.445,1.25055,1.25066,1.44,1.00
2015.03.02 02:42:43.545,1.25056,1.25066,1.09,1.00
2015.03.02 02:42:46.539,1.25055,1.25066,1.34,1.50
2015.03.02 02:42:46.782,1.25054,1.25066,1.44,1.50
2015.03.02 02:42:47.293,1.25053,1.25065,1.22,1.00
2015.03.02 02:43:13.931,1.25055,1.25066,1.39,1.00
2015.03.02 02:43:14.134,1.25059,1.25069,1.20,1.00
2015.03.02 02:43:14.817,1.25059,1.25068,1.20,1.00
2015.03.02 02:43:17.020,1.25057,1.25068,1.20,1.00
2015.03.02 02:43:30.052,1.25057,1.25068,1.65,1.00
2015.03.02 02:43:31.657,1.25057,1.25068,1.57,1.00
2015.03.02 02:43:31.759,1.25057,1.25068,1.65,1.00
2015.03.02 02:43:49.511,1.25057,1.25068,1.65,1.00
2015.03.02 02:43:53.622,1.25055,1.25065,1.01,1.00
2015.03.02 02:44:00.810,1.25055,1.25065,1.76,1.00
2015.03.02 02:44:00.911,1.25055,1.25068,1.91,1.00
2015.03.02 02:44:16.205,1.25058,1.2507,1.00,1.17
2015.03.02 02:44:16.509,1.25056,1.25069,1.30,1.00
2015.03.02 02:44:17.115,1.25058,1.25069,1.00,1.00
2015.03.02 02:44:17.317,1.25056,1.25069,1.65,1.00
2015.03.02 02:44:17.822,1.25056,1.25069,1.84,1.00
2015.03.02 02:44:18.876,1.25057,1.25069,1.09,1.00
2015.03.02 02:44:18.927,1.25059,1.25073,1.10,1.17
2015.03.02 02:44:19.179,1.25059,1.25073,1.27,1.00
2015.03.02 02:44:21.836,1.25059,1.25073,1.17,1.07
2015.03.02 02:44:22.343,1.25059,1.25073,1.10,1.15
2015.03.02 02:44:23.826,1.25057,1.25071,1.60,1.00
2015.03.02 02:44:23.877,1.25057,1.25071,1.57,1.15
2015.03.02 02:44:24.185,1.25053,1.25067,1.45,1.15
2015.03.02 02:44:38.365,1.25052,1.25066,1.27,1.20
2015.03.02 02:44:39.209,1.25052,1.25066,1.20,1.17
2015.03.02 02:44:41.613,1.25052,1.25066,1.07,1.15
2015.03.02 02:44:55.574,1.25051,1.25062,1.12,1.00
2015.03.02 02:44:55.777,1.2505,1.25061,1.07,1.00
2015.03.02 02:44:56.286,1.25049,1.25061,1.07,1.00
2015.03.02 02:44:57.334,1.2505,1.25065,1.10,1.40
2015.03.02 02:44:57.536,1.25049,1.25065,1.37,1.40
2015.03.02 02:45:00.314,1.25049,1.2506,1.37,1.00
2015.03.02 02:45:00.516,1.2505,1.2506,1.07,1.00
2015.03.02 02:45:01.817,1.2505,1.25065,1.07,1.40
2015.03.02 02:45:19.075,1.25049,1.25065,1.76,1.34
2015.03.02 02:45:24.278,1.25048,1.25064,2.21,1.09
2015.03.02 02:45:28.222,1.25049,1.25064,1.64,1.09
2015.03.02 02:45:29.625,1.25048,1.25064,2.40,1.17
2015.03.02 02:45:32.941,1.2505,1.25065,1.01,1.15
2015.03.02 02:45:36.763,1.25051,1.25067,1.69,1.84
2015.03.02 02:45:39.544,1.25051,1.25066,1.71,1.09
2015.03.02 02:45:40.112,1.25051,1.25066,1.81,1.10
2015.03.02 02:45:43.078,1.25051,1.25066,1.57,1.07
2015.03.02 02:45:56.364,1.25053,1.25066,1.64,1.15
2015.03.02 02:45:56.516,1.25059,1.25075,1.26,2.21
2015.03.02 02:45:56.617,1.25059,1.25074,1.79,1.19
2015.03.02 02:45:56.820,1.25062,1.25074,1.57,1.19
2015.03.02 02:45:57.325,1.25062,1.25074,1.57,1.00
2015.03.02 02:46:01.546,1.25062,1.25074,1.95,1.00
2015.03.02 02:46:14.426,1.25062,1.25074,2.14,1.00
2015.03.02 02:46:17.164,1.25062,1.25074,1.57,1.00
2015.03.02 02:46:23.906,1.25061,1.25074,1.62,1.50
2015.03.02 02:46:24.878,1.25061,1.25074,1.92,1.50
2015.03.02 02:46:34.565,1.25061,1.25074,1.35,1.50
2015.03.02 02:46:36.161,1.25061,1.25074,1.35,1.50
2015.03.02 02:46:36.949,1.25061,1.25074,1.54,1.00
2015.03.02 02:46:37.557,1.25061,1.25074,1.54,1.00
2015.03.02 02:46:46.304,1.25061,1.25074,1.46,1.07
2015.03.02 02:46:47.546,1.25061,1.25074,1.54,1.00
2015.03.02 02:46:48.445,1.25063,1.25075,1.00,1.10
2015.03.02 02:46:48.496,1.25063,1.25075,1.17,1.10
2015.03.02 02:46:56.121,1.25063,1.25076,1.17,1.10
2015.03.02 02:47:07.534,1.25063,1.25076,1.36,1.07
2015.03.02 02:47:14.004,1.25062,1.25076,1.49,1.72
2015.03.02 02:47:14.055,1.25062,1.25073,1.39,1.00
2015.03.02 02:47:14.587,1.2506,1.25073,1.46,1.00
2015.03.02 02:47:14.991,1.25059,1.25072,1.72,1.37
2015.03.02 02:47:15.143,1.25054,1.25064,1.29,1.00
2015.03.02 02:47:16.050,1.2505,1.25064,1.46,1.00
2015.03.02 02:47:24.802,1.2505,1.25064,1.71,1.00
2015.03.02 02:47:28.615,1.25049,1.25065,2.21,1.00
2015.03.02 02:47:28.767,1.25049,1.25065,2.21,1.00
2015.03.02 02:47:29.348,1.25049,1.25064,2.21,1.00
2015.03.02 02:47:34.817,1.25049,1.25065,1.84,1.00
2015.03.02 02:47:36.810,1.25049,1.25065,1.84,1.00
2015.03.02 02:47:37.817,1.25049,1.25065,1.84,1.00
2015.03.02 02:47:38.250,1.25049,1.25065,1.84,1.00
2015.03.02 02:47:40.422,1.25049,1.25065,1.09,1.00
2015.03.02 02:47:40.972,1.25049,1.25064,1.09,1.00
2015.03.02 02:47:45.593,1.25049,1.25064,1.37,1.00
2015.03.02 02:47:50.228,1.25049,1.25063,1.37,1.00
2015.03.02 02:47:57.166,1.25049,1.25065,1.37,1.10
2015.03.02 02:47:57.832,1.2505,1.25064,1.44,1.00
2015.03.02 02:48:03.369,1.25049,1.25062,1.09,1.00
2015.03.02 02:48:06.084,1.2505,1.25066,1.16,1.36
2015.03.02 02:48:12.561,1.2505,1.25066,1.81,1.36
2015.03.02 02:48:12.815,1.25057,1.25068,1.00,1.00
2015.03.02 02:48:12.865,1.25058,1.25068,1.37,1.00
2015.03.02 02:48:13.320,1.25058,1.25068,2.51,1.00
2015.03.02 02:48:13.422,1.2506,1.25068,1.00,1.00
2015.03.02 02:48:13.725,1.25062,1.25075,1.15,1.07
2015.03.02 02:48:13.776,1.25063,1.25076,3.07,1.31
2015.03.02 02:48:13.978,1.25069,1.25079,1.17,1.07
2015.03.02 02:48:14.130,1.25069,1.25079,1.17,1.37
2015.03.02 02:48:14.535,1.25072,1.2508,1.00,1.12
2015.03.02 02:48:14.637,1.25072,1.2508,1.10,1.10
2015.03.02 02:48:20.715,1.25072,1.2508,1.07,1.00
2015.03.02 02:48:23.211,1.25072,1.2508,1.07,1.07
2015.03.02 02:48:26.408,1.25072,1.2508,1.07,1.25
2015.03.02 02:48:36.767,1.25072,1.25081,1.07,1.01
2015.03.02 02:48:40.748,1.25072,1.25081,1.10,1.10
2015.03.02 02:48:46.271,1.25072,1.25081,1.10,1.29
2015.03.02 02:48:47.279,1.25072,1.25081,1.10,1.10
2015.03.02 02:48:48.512,1.25072,1.25081,1.10,1.07
2015.03.02 02:49:02.161,1.25067,1.25082,1.52,2.51
2015.03.02 02:49:02.491,1.25072,1.25081,1.00,1.07
2015.03.02 02:49:03.032,1.25072,1.25081,1.00,1.10
2015.03.02 02:49:11.481,1.25072,1.25081,1.00,1.29
2015.03.02 02:49:12.433,1.25072,1.25081,1.00,1.10
2015.03.02 02:49:19.319,1.25072,1.2508,1.00,1.00
2015.03.02 02:49:21.454,1.25072,1.2508,1.00,1.19
2015.03.02 02:49:22.456,1.25072,1.2508,1.00,1.00
2015.03.02 02:49:26.072,1.25072,1.25081,1.00,1.69
2015.03.02 02:49:28.495,1.25072,1.25081,1.00,1.69
2015.03.02 02:49:30.575,1.25072,1.25081,1.00,1.76
2015.03.02 02:49:36.588,1.25072,1.25081,1.00,1.76
2015.03.02 02:49:38.591,1.25072,1.25081,1.00,1.76
2015.03.02 02:49:48.504,1.25072,1.2508,1.00,1.00
2015.03.02 02:49:52.018,1.25072,1.25079,1.00,1.00
2015.03.02 02:49:52.760,1.25067,1.25079,1.52,1.25
2015.03.02 02:50:01.891,1.25066,1.25079,1.25,1.10
2015.03.02 02:50:03.818,1.25067,1.25079,2.32,1.00
2015.03.02 02:50:26.819,1.25068,1.25079,2.96,1.00
2015.03.02 02:50:35.669,1.25069,1.25079,1.40,1.00
2015.03.02 02:50:37.493,1.25069,1.25083,1.15,1.76
2015.03.02 02:50:42.532,1.25069,1.2508,1.15,1.00
2015.03.02 02:50:45.462,1.2507,1.2508,1.15,1.00
2015.03.02 02:50:45.816,1.2507,1.2508,1.17,1.00
2015.03.02 02:50:47.584,1.2507,1.2508,1.52,1.00
2015.03.02 02:50:47.794,1.2507,1.25081,1.90,1.00
2015.03.02 02:50:47.945,1.25073,1.25087,2.10,1.00
2015.03.02 02:50:47.996,1.25076,1.25087,2.62,1.00
2015.03.02 02:50:48.047,1.25078,1.2509,2.32,1.00
2015.03.02 02:50:48.467,1.2508,1.25094,1.65,1.69
2015.03.02 02:50:48.669,1.25086,1.25094,1.07,1.00
2015.03.02 02:50:48.987,1.25086,1.25096,1.15,1.00
2015.03.02 02:50:49.506,1.25087,1.25097,1.15,1.00
2015.03.02 02:50:50.801,1.25088,1.25097,1.15,1.00
2015.03.02 02:50:51.348,1.25087,1.25097,1.15,1.00
2015.03.02 02:50:55.701,1.25086,1.25096,3.90,1.00
2015.03.02 02:50:57.474,1.25089,1.25099,1.52,1.00
2015.03.02 02:50:58.564,1.25086,1.25099,1.54,1.00
2015.03.02 02:50:58.665,1.25086,1.25099,1.54,1.00
2015.03.02 02:51:08.214,1.2509,1.25101,1.36,1.00
2015.03.02 02:51:08.315,1.25091,1.25105,1.40,1.17
2015.03.02 02:51:08.417,1.25093,1.25107,1.84,1.07
2015.03.02 02:51:08.468,1.25096,1.25107,1.15,1.00
2015.03.02 02:51:08.771,1.25099,1.25108,1.07,1.00
2015.03.02 02:51:09.287,1.25099,1.25108,1.25,1.00
2015.03.02 02:51:09.717,1.25101,1.2511,1.27,1.00
2015.03.02 02:51:19.410,1.25099,1.25109,1.91,1.00
2015.03.02 02:51:30.132,1.25099,1.25115,2.66,1.00
2015.03.02 02:51:30.393,1.25101,1.25115,1.17,1.19
2015.03.02 02:51:31.159,1.251,1.25115,1.84,1.00
2015.03.02 02:51:31.698,1.25101,1.25115,1.40,1.00
2015.03.02 02:51:32.650,1.25101,1.25115,1.34,1.91
2015.03.02 02:51:33.157,1.251,1.25115,1.84,1.91
2015.03.02 02:51:34.339,1.251,1.25111,1.84,1.00
2015.03.02 02:51:34.559,1.251,1.25114,1.84,1.12
2015.03.02 02:51:39.771,1.251,1.25114,1.54,1.31
2015.03.02 02:51:40.873,1.25101,1.25114,1.27,1.31
2015.03.02 02:51:43.863,1.25101,1.25109,1.27,1.00
2015.03.02 02:51:44.065,1.25101,1.25113,1.17,1.19
2015.03.02 02:51:44.690,1.251,1.25113,1.54,1.00
2015.03.02 02:51:45.343,1.25101,1.25113,1.15,1.00
2015.03.02 02:51:46.831,1.251,1.25113,1.81,1.00
2015.03.02 02:51:52.979,1.251,1.25112,1.22,1.00
2015.03.02 02:51:53.527,1.25099,1.25112,1.62,1.00
2015.03.02 02:51:54.041,1.25101,1.25112,1.17,1.00
2015.03.02 02:51:54.598,1.25098,1.25112,1.91,1.00
2015.03.02 02:51:55.592,1.25098,1.2511,1.47,1.00
2015.03.02 02:51:56.502,1.25101,1.2511,1.27,1.00
2015.03.02 02:52:12.080,1.25106,1.2511,1.10,1.00
2015.03.02 02:52:12.131,1.25106,1.25116,1.47,1.00
2015.03.02 02:52:12.232,1.25106,1.2512,2.40,1.17
2015.03.02 02:52:12.283,1.25111,1.2512,1.15,1.10
2015.03.02 02:52:12.586,1.25114,1.25123,1.44,1.00
2015.03.02 02:52:12.788,1.25115,1.25125,1.41,1.50
2015.03.02 02:52:13.310,1.25116,1.25126,1.54,1.00
2015.03.02 02:52:13.569,1.25116,1.25126,1.91,1.00
2015.03.02 02:52:13.821,1.25119,1.25134,1.09,1.46
2015.03.02 02:52:13.872,1.25119,1.25134,1.09,1.39
2015.03.02 02:52:14.287,1.25117,1.25133,1.84,1.00
2015.03.02 02:52:16.671,1.25115,1.25132,2.96,1.00
2015.03.02 02:52:16.974,1.25114,1.25132,1.22,1.54
2015.03.02 02:52:22.987,1.25114,1.2513,1.44,1.29
2015.03.02 02:52:24.019,1.25114,1.2513,1.25,1.10
2015.03.02 02:52:27.281,1.25114,1.25128,1.25,1.00
2015.03.02 02:52:27.383,1.25114,1.25128,1.17,1.07
2015.03.02 02:52:32.114,1.25114,1.25128,1.00,1.27
2015.03.02 02:52:32.316,1.25114,1.25128,1.57,1.27
2015.03.02 02:52:32.417,1.25114,1.25128,1.57,1.27
2015.03.02 02:52:33.838,1.25114,1.25128,1.10,1.17
2015.03.02 02:52:34.397,1.25114,1.25128,1.10,1.20
2015.03.02 02:52:39.121,1.25114,1.25128,1.27,1.01
2015.03.02 02:52:39.660,1.25114,1.25128,1.25,1.25
2015.03.02 02:52:41.988,1.25114,1.25128,1.09,1.10
2015.03.02 02:52:51.487,1.25114,1.25128,1.57,1.10
2015.03.02 02:52:58.963,1.25114,1.2513,1.76,1.54
2015.03.02 02:52:59.475,1.25117,1.25131,1.10,1.25
2015.03.02 02:52:59.576,1.25115,1.2513,1.62,1.00
2015.03.02 02:52:59.678,1.25114,1.25128,1.52,1.10
2015.03.02 02:52:59.983,1.25115,1.25131,2.77,1.27
2015.03.02 02:53:00.084,1.25115,1.25131,3.15,1.27
2015.03.02 02:53:00.135,1.25115,1.25131,1.52,1.30
2015.03.02 02:53:00.338,1.25115,1.25131,2.02,1.27
2015.03.02 02:53:00.642,1.25115,1.25131,1.52,1.84
2015.03.02 02:53:01.350,1.25113,1.25129,1.81,1.27
2015.03.02 02:53:01.903,1.25113,1.25129,1.62,1.27
2015.03.02 02:53:06.468,1.25113,1.25129,1.60,1.20
2015.03.02 02:53:12.137,1.25113,1.25129,1.47,1.44
2015.03.02 02:53:17.322,1.25112,1.25126,1.84,1.00
2015.03.02 02:53:20.240,1.25112,1.25126,1.65,1.00
2015.03.02 02:53:22.537,1.25112,1.25126,1.27,1.00
2015.03.02 02:53:32.736,1.25112,1.25126,1.55,1.00
2015.03.02 02:53:34.606,1.25112,1.25126,1.17,1.00
2015.03.02 02:53:36.523,1.25112,1.25127,1.17,1.10
2015.03.02 02:53:39.587,1.25112,1.25127,1.17,1.17
2015.03.02 02:53:43.332,1.25112,1.25126,1.55,1.10
2015.03.02 02:53:46.745,1.25111,1.25127,1.79,1.17
2015.03.02 02:53:56.440,1.25111,1.25129,1.77,1.15
2015.03.02 02:54:01.260,1.25113,1.25129,1.76,1.25
2015.03.02 02:54:02.412,1.25113,1.25129,1.76,1.09
2015.03.02 02:54:03.190,1.25116,1.25129,1.05,1.01
2015.03.02 02:54:04.184,1.25115,1.25129,1.70,1.27
2015.03.02 02:54:06.124,1.25115,1.25129,1.45,1.17
2015.03.02 02:54:06.646,1.25115,1.25129,1.60,1.10
2015.03.02 02:54:16.914,1.25116,1.2513,1.09,1.16
2015.03.02 02:54:17.416,1.25116,1.2513,1.25,1.47
2015.03.02 02:54:25.679,1.25113,1.25129,1.22,1.22
2015.03.02 02:54:57.726,1.25115,1.25129,1.10,1.91
2015.03.02 02:55:00.548,1.25109,1.25121,3.26,2.85
2015.03.02 02:55:00.649,1.25106,1.25115,1.12,1.00
2015.03.02 02:55:00.751,1.25104,1.25112,1.47,1.00
2015.03.02 02:55:00.852,1.25099,1.25112,2.40,1.50
2015.03.02 02:55:00.903,1.25098,1.25112,1.27,1.00
2015.03.02 02:55:01.207,1.25095,1.25109,2.02,1.00
2015.03.02 02:55:01.525,1.25093,1.25107,1.35,1.00
2015.03.02 02:55:01.882,1.25091,1.25106,1.72,1.00
2015.03.02 02:55:01.983,1.25091,1.25106,2.02,1.00
2015.03.02 02:55:11.564,1.25093,1.25107,1.17,1.20
2015.03.02 02:55:19.467,1.25092,1.25105,2.02,1.00
2015.03.02 02:55:22.007,1.25092,1.25105,2.21,1.00
2015.03.02 02:55:22.536,1.25092,1.25105,1.46,1.00
2015.03.02 02:55:23.344,1.25091,1.25104,1.71,1.00
2015.03.02 02:55:23.648,1.25092,1.25106,1.27,1.00
2015.03.02 02:55:24.466,1.25093,1.25109,1.22,1.20
2015.03.02 02:55:27.027,1.25093,1.25109,1.65,1.07
2015.03.02 02:55:28.834,1.25093,1.25109,1.65,1.07
2015.03.02 02:55:29.138,1.25094,1.25109,1.62,1.07
2015.03.02 02:55:37.631,1.25093,1.25109,1.84,1.07
2015.03.02 02:55:38.371,1.25097,1.25109,1.00,1.07
2015.03.02 02:55:38.574,1.25099,1.25111,1.00,1.07
2015.03.02 02:55:38.675,1.251,1.25114,1.45,1.27
2015.03.02 02:55:38.827,1.25101,1.25115,1.65,1.20
2015.03.02 02:55:47.697,1.25109,1.25123,1.00,2.02
2015.03.02 02:55:47.748,1.25109,1.25123,1.10,1.15
2015.03.02 02:55:47.799,1.25106,1.25122,3.52,1.10
2015.03.02 02:55:48.103,1.25108,1.2512,1.55,1.00
2015.03.02 02:55:49.390,1.25109,1.2512,1.45,1.00
2015.03.02 02:55:50.000,1.25109,1.2512,1.45,1.00
2015.03.02 02:55:57.097,1.25109,1.2512,1.07,1.00
2015.03.02 02:55:58.577,1.25109,1.25122,1.07,1.57
2015.03.02 02:55:59.085,1.25108,1.25124,1.22,1.72
2015.03.02 02:55:59.597,1.25108,1.25122,1.72,1.00
2015.03.02 02:56:01.346,1.25109,1.25122,1.62,1.00
2015.03.02 02:56:18.929,1.2511,1.25125,2.29,1.32
2015.03.02 02:56:19.391,1.25114,1.25127,2.62,1.84
2015.03.02 02:56:19.543,1.25118,1.2513,1.65,1.07
2015.03.02 02:56:19.645,1.25117,1.25133,1.62,1.72
2015.03.02 02:56:19.847,1.25118,1.25132,1.65,1.00
2015.03.02 02:56:20.353,1.25115,1.25131,1.84,1.00
2015.03.02 02:56:20.404,1.25115,1.25131,1.84,1.10
2015.03.02 02:56:20.941,1.25115,1.25131,1.84,1.17
2015.03.02 02:56:22.810,1.25115,1.25131,3.52,1.00
2015.03.02 02:56:24.808,1.25118,1.25131,1.52,1.01
2015.03.02 02:56:25.111,1.25119,1.25132,2.70,1.07
2015.03.02 02:56:25.263,1.25119,1.25134,3.52,1.10
2015.03.02 02:56:25.618,1.25121,1.25136,5.62,1.07
2015.03.02 02:56:26.120,1.25121,1.25136,1.52,1.07
2015.03.02 02:56:26.792,1.25123,1.25138,1.52,1.92
2015.03.02 02:56:27.526,1.25123,1.25138,1.52,2.25
2015.03.02 02:56:28.059,1.25123,1.25138,1.52,2.25
2015.03.02 02:56:28.579,1.25123,1.25138,1.52,2.06
2015.03.02 02:56:28.883,1.25125,1.25139,1.17,1.01
2015.03.02 02:56:29.677,1.25125,1.2514,1.17,2.51
2015.03.02 02:56:29.880,1.25127,1.2514,1.10,1.39
2015.03.02 02:56:30.739,1.25127,1.25142,1.17,1.44
2015.03.02 02:56:31.093,1.25127,1.25143,1.57,2.66
2015.03.02 02:56:31.144,1.25127,1.25143,2.02,2.66
2015.03.02 02:56:31.649,1.25129,1.25144,1.25,1.20
2015.03.02 02:56:31.700,1.25129,1.25144,1.15,1.27
2015.03.02 02:56:32.260,1.25129,1.25143,1.12,1.16
2015.03.02 02:56:32.564,1.25129,1.25143,1.37,1.16
2015.03.02 02:56:32.826,1.25129,1.25143,1.00,1.16
2015.03.02 02:56:33.936,1.25127,1.25143,1.20,1.46
2015.03.02 02:56:33.987,1.25127,1.25142,1.12,2.40
2015.03.02 02:56:38.096,1.25126,1.25138,1.37,1.07
2015.03.02 02:56:41.644,1.25128,1.25138,1.37,1.07
2015.03.02 02:56:44.468,1.25128,1.25138,1.37,1.00
2015.03.02 02:56:55.600,1.25129,1.25138,1.12,1.00
2015.03.02 02:56:55.904,1.25128,1.25141,1.00,1.27
2015.03.02 02:56:56.957,1.25128,1.25141,1.00,1.65
2015.03.02 02:56:57.551,1.25128,1.25137,1.00,1.17
2015.03.02 02:56:57.602,1.25124,1.25137,1.47,1.17
2015.03.02 02:56:57.653,1.25124,1.25137,1.37,1.15
2015.03.02 02:56:58.737,1.25121,1.25136,1.39,2.32
2015.03.02 02:57:09.412,1.25119,1.25134,1.76,3.34
2015.03.02 02:57:09.989,1.25119,1.25133,1.25,1.15
2015.03.02 02:57:10.902,1.25119,1.25133,1.10,1.15
2015.03.02 02:57:11.104,1.25117,1.25133,1.27,1.22
2015.03.02 02:57:11.307,1.25119,1.25134,1.00,2.70
2015.03.02 02:57:11.853,1.25118,1.25127,1.00,1.00
2015.03.02 02:57:12.180,1.25112,1.25123,2.00,1.00
2015.03.02 02:57:12.333,1.2511,1.25121,1.12,1.07
2015.03.02 02:57:12.854,1.25108,1.25121,1.74,1.07
2015.03.02 02:57:15.149,1.2511,1.25121,1.39,1.00
2015.03.02 02:57:17.107,1.2511,1.25123,1.56,1.10
2015.03.02 02:57:18.814,1.2511,1.25123,1.12,1.10
2015.03.02 02:57:19.371,1.25108,1.25122,1.54,1.10
2015.03.02 02:57:19.902,1.25108,1.25122,1.54,1.10
2015.03.02 02:57:20.407,1.25108,1.25122,1.46,1.07
2015.03.02 02:57:20.943,1.25108,1.25122,1.54,1.10
2015.03.02 02:57:22.505,1.25108,1.25122,1.91,1.10
2015.03.02 02:57:23.094,1.25112,1.25123,1.25,1.10
2015.03.02 02:57:23.634,1.25112,1.25123,1.19,1.10
2015.03.02 02:57:25.466,1.25109,1.25123,1.29,1.65
2015.03.02 02:57:26.494,1.25109,1.25123,1.29,1.65
2015.03.02 02:57:27.791,1.25109,1.25123,1.29,1.76
2015.03.02 02:57:28.159,1.25109,1.25123,2.51,1.01
2015.03.02 02:57:31.904,1.25109,1.25123,2.06,3.07
2015.03.02 02:57:33.044,1.25109,1.25123,2.06,1.65
2015.03.02 02:57:34.624,1.25109,1.25123,2.06,1.84
2015.03.02 02:57:36.213,1.25108,1.25123,1.62,1.91
2015.03.02 02:57:36.734,1.25106,1.25119,1.37,1.16
2015.03.02 02:57:37.038,1.25103,1.25119,2.89,4.09
2015.03.02 02:57:37.391,1.25101,1.25117,4.27,1.72
2015.03.02 02:57:47.324,1.25101,1.25116,1.46,1.16
2015.03.02 02:57:48.327,1.25101,1.25116,1.35,1.15
2015.03.02 02:57:56.858,1.25102,1.25115,1.00,1.25
2015.03.02 02:57:57.450,1.251,1.25115,1.76,1.25
2015.03.02 02:58:02.213,1.25102,1.25116,1.00,1.72
2015.03.02 02:58:07.661,1.251,1.25116,1.84,1.22
2015.03.02 02:58:08.548,1.25101,1.25115,1.47,1.27
2015.03.02 02:58:10.733,1.25101,1.25115,1.20,1.27
2015.03.02 02:58:21.253,1.25098,1.2511,1.72,1.00
2015.03.02 02:58:25.796,1.25097,1.25107,1.15,1.07
2015.03.02 02:58:25.847,1.25096,1.25107,1.07,1.15
2015.03.02 02:58:25.898,1.25092,1.25103,2.89,1.00
2015.03.02 02:58:26.201,1.25097,1.25106,1.87,1.17
2015.03.02 02:58:26.353,1.25097,1.25108,1.95,1.00
2015.03.02 02:58:27.727,1.25095,1.25108,1.20,1.00
2015.03.02 02:58:36.957,1.25093,1.25108,1.35,1.15
2015.03.02 02:58:37.160,1.25091,1.25106,1.60,1.00
2015.03.02 02:58:37.762,1.25091,1.25106,1.22,1.07
2015.03.02 02:58:38.361,1.25091,1.25106,1.22,1.00
2015.03.02 02:58:48.449,1.25093,1.25109,1.30,1.72
2015.03.02 02:58:57.122,1.25093,1.25109,1.67,1.72
2015.03.02 02:58:57.640,1.25093,1.25109,1.60,1.65
2015.03.02 02:59:06.839,1.25092,1.25108,1.62,1.27
2015.03.02 02:59:07.143,1.25092,1.25107,1.52,1.17
2015.03.02 02:59:07.792,1.25092,1.25107,1.15,1.17
2015.03.02 02:59:19.753,1.25093,1.25107,1.15,1.10
2015.03.02 02:59:24.701,1.25094,1.25107,1.20,1.19
2015.03.02 02:59:34.741,1.25094,1.25107,1.47,1.17
2015.03.02 02:59:35.088,1.25094,1.25107,2.66,1.00
2015.03.02 02:59:35.391,1.25099,1.25107,1.37,1.00
2015.03.02 02:59:40.579,1.25099,1.25112,2.14,1.76
2015.03.02 02:59:41.563,1.251,1.25112,1.87,1.10
2015.03.02 02:59:41.816,1.25103,1.25116,2.10,1.50
2015.03.02 02:59:42.574,1.25106,1.25116,1.95,1.00
2015.03.02 02:59:43.195,1.25106,1.25117,2.02,1.00
2015.03.02 02:59:46.627,1.25106,1.25117,1.20,1.00
2015.03.02 02:59:53.721,1.25106,1.25117,1.17,1.00
2015.03.02 02:59:54.322,1.25106,1.25118,1.17,1.00
2015.03.02 02:59:56.520,1.25108,1.25121,1.00,3.71
2015.03.02 02:59:56.571,1.25108,1.25121,1.15,3.26
2015.03.02 02:59:56.874,1.25108,1.25119,1.07,1.07
2015.03.02 02:59:57.127,1.25108,1.25119,1.07,1.00
2015.03.02 02:59:58.955,1.25106,1.25119,1.00,2.77
2015.03.02 02:59:59.157,1.25107,1.2512,1.17,1.76
2015.03.02 02:59:59.511,1.25107,1.2512,1.00,2.14
2015.03.02 02:59:59.663,1.25105,1.25119,1.12,1.25
