2016.09.07 05:00:00.430,1.28461,1.28471,1.00,1.95
2016.09.07 05:00:00.481,1.28461,1.2847,1.00,1.00
2016.09.07 05:00:00.709,1.28458,1.2847,3.75,1.00
2016.09.07 05:00:00.812,1.2846,1.2847,1.00,1.00
2016.09.07 05:00:00.914,1.28459,1.2847,1.12,1.00
2016.09.07 05:00:01.016,1.2846,1.2847,1.00,1.00
2016.09.07 05:00:01.528,1.28461,1.2847,1.00,1.00
2016.09.07 05:00:01.808,1.28461,1.28471,1.00,2.62
2016.09.07 05:00:01.875,1.28458,1.28471,1.00,2.25
2016.09.07 05:00:01.926,1.28459,1.28471,1.00,1.87
2016.09.07 05:00:02.282,1.28459,1.28471,1.00,2.62
2016.09.07 05:00:02.334,1.28459,1.28469,1.00,1.00
2016.09.07 05:00:02.385,1.28456,1.28468,4.57,1.00
2016.09.07 05:00:02.436,1.28456,1.28468,4.20,1.00
2016.09.07 05:00:02.487,1.28458,1.28468,1.00,1.00
2016.09.07 05:00:02.608,1.28458,1.28469,1.00,1.50
2016.09.07 05:00:02.763,1.28458,1.28469,1.00,1.87
2016.09.07 05:00:03.336,1.28458,1.28469,1.00,1.12
2016.09.07 05:00:03.612,1.28459,1.28468,1.00,1.00
2016.09.07 05:00:04.090,1.28457,1.28468,1.12,1.00
2016.09.07 05:00:04.141,1.28457,1.28468,3.37,1.00
2016.09.07 05:00:04.192,1.28459,1.2847,1.00,2.25
2016.09.07 05:00:04.244,1.28459,1.28471,1.50,4.20
2016.09.07 05:00:04.295,1.28462,1.28471,1.00,2.70
2016.09.07 05:00:04.346,1.28462,1.28472,1.00,1.20
2016.09.07 05:00:04.471,1.28462,1.28472,1.00,1.10
2016.09.07 05:00:04.584,1.28461,1.28472,1.12,1.10
2016.09.07 05:00:05.096,1.28461,1.2847,1.12,1.50
2016.09.07 05:00:05.149,1.28461,1.2847,1.00,1.00
2016.09.07 05:00:05.200,1.28458,1.28471,3.37,2.62
2016.09.07 05:00:05.252,1.28459,1.28471,1.12,2.62
2016.09.07 05:00:05.376,1.28459,1.28471,1.12,1.87
2016.09.07 05:00:05.478,1.2846,1.28471,1.00,1.87
2016.09.07 05:00:05.580,1.28458,1.28471,3.37,1.87
2016.09.07 05:00:05.682,1.28458,1.28469,3.37,1.00
2016.09.07 05:00:05.734,1.28458,1.28469,1.00,1.00
2016.09.07 05:00:05.785,1.28458,1.28469,1.00,1.00
2016.09.07 05:00:05.837,1.28458,1.28469,1.00,3.37
2016.09.07 05:00:05.888,1.28456,1.28468,1.12,1.12
2016.09.07 05:00:05.991,1.28458,1.28468,1.00,1.12
2016.09.07 05:00:06.538,1.28457,1.28468,1.00,1.12
2016.09.07 05:00:06.589,1.28456,1.28468,1.12,1.12
2016.09.07 05:00:06.743,1.28456,1.28468,1.12,1.12
2016.09.07 05:00:06.812,1.28457,1.28468,1.00,1.12
2016.09.07 05:00:07.364,1.28458,1.28468,1.00,1.12
2016.09.07 05:00:07.591,1.28456,1.28468,1.12,1.12
2016.09.07 05:00:07.693,1.28457,1.28468,1.00,1.12
2016.09.07 05:00:08.096,1.28456,1.28468,1.12,1.12
2016.09.07 05:00:08.351,1.28456,1.28468,1.00,3.00
2016.09.07 05:00:08.894,1.28457,1.28468,1.00,3.00
2016.09.07 05:00:09.047,1.28458,1.28468,1.00,1.00
2016.09.07 05:00:09.149,1.28457,1.28468,1.00,1.12
2016.09.07 05:00:09.931,1.28458,1.28468,1.00,1.12
2016.09.07 05:00:09.982,1.28456,1.28468,1.00,3.37
2016.09.07 05:00:10.249,1.28456,1.28468,1.00,1.00
2016.09.07 05:00:10.402,1.28458,1.28468,1.00,1.00
2016.09.07 05:00:10.504,1.28456,1.28468,1.00,1.00
2016.09.07 05:00:10.708,1.28456,1.28466,1.00,1.50
2016.09.07 05:00:10.760,1.28455,1.28466,1.87,2.25
2016.09.07 05:00:10.863,1.28454,1.28466,1.50,2.62
2016.09.07 05:00:10.914,1.28454,1.28466,1.12,2.62
2016.09.07 05:00:10.966,1.28454,1.28466,1.12,1.87
2016.09.07 05:00:11.206,1.28455,1.28466,1.00,1.87
2016.09.07 05:00:13.209,1.28454,1.28466,1.12,1.87
2016.09.07 05:00:13.413,1.28455,1.28466,1.00,1.87
2016.09.07 05:00:14.810,1.28454,1.28466,1.12,1.87
2016.09.07 05:00:16.464,1.28454,1.28466,1.12,2.62
2016.09.07 05:00:16.674,1.28455,1.28466,1.00,2.62
2016.09.07 05:00:17.772,1.28454,1.28466,1.12,2.62
2016.09.07 05:00:19.007,1.28454,1.28465,1.12,1.00
2016.09.07 05:00:19.753,1.28454,1.28465,1.12,1.00
2016.09.07 05:00:22.788,1.28454,1.28465,3.00,1.00
2016.09.07 05:00:23.635,1.28454,1.28463,3.00,1.00
2016.09.07 05:00:23.686,1.28452,1.28462,1.37,1.00
2016.09.07 05:00:23.737,1.28452,1.28461,1.00,1.00
2016.09.07 05:00:23.788,1.2845,1.28461,1.95,1.00
2016.09.07 05:00:23.895,1.28449,1.28461,4.12,1.00
2016.09.07 05:00:23.946,1.28449,1.28461,4.72,1.00
2016.09.07 05:00:24.048,1.28449,1.28461,4.87,1.00
2016.09.07 05:00:24.099,1.28451,1.28463,1.00,4.87
2016.09.07 05:00:24.182,1.2845,1.28463,1.12,4.12
2016.09.07 05:00:24.234,1.2845,1.28463,1.20,4.12
2016.09.07 05:00:26.816,1.28451,1.28463,1.00,4.12
2016.09.07 05:00:27.698,1.2845,1.28463,1.20,4.12
2016.09.07 05:00:27.901,1.28451,1.28463,1.00,4.12
2016.09.07 05:00:28.718,1.28452,1.28463,1.00,4.12
2016.09.07 05:00:28.820,1.28451,1.28463,1.00,4.12
2016.09.07 05:00:28.995,1.2845,1.28463,1.20,4.12
2016.09.07 05:00:29.098,1.28451,1.28463,1.00,4.12
2016.09.07 05:00:29.200,1.2845,1.28463,1.20,4.12
2016.09.07 05:00:29.319,1.28451,1.28463,1.00,4.12
2016.09.07 05:00:29.513,1.2845,1.28463,1.20,4.12
2016.09.07 05:00:29.565,1.28451,1.28463,1.00,3.00
2016.09.07 05:00:29.616,1.28453,1.28463,1.00,1.00
2016.09.07 05:00:29.667,1.28453,1.28463,1.12,1.00
2016.09.07 05:00:29.718,1.28455,1.28463,1.00,1.00
2016.09.07 05:00:30.686,1.28455,1.28464,1.00,1.00
2016.09.07 05:00:34.112,1.28453,1.28464,2.25,1.00
2016.09.07 05:00:34.764,1.28453,1.28464,1.50,1.00
2016.09.07 05:00:35.015,1.28454,1.28464,1.00,1.00
2016.09.07 05:00:35.624,1.28455,1.28464,1.00,1.00
2016.09.07 05:00:36.125,1.28454,1.28464,2.25,1.00
2016.09.07 05:00:36.211,1.28454,1.28464,3.00,1.00
2016.09.07 05:00:36.418,1.28453,1.28464,1.00,1.00
2016.09.07 05:00:37.705,1.28453,1.28464,1.50,1.00
2016.09.07 05:00:37.922,1.28453,1.28464,1.00,1.00
2016.09.07 05:00:38.228,1.28453,1.28464,1.50,1.00
2016.09.07 05:00:38.784,1.28453,1.28464,1.12,1.00
2016.09.07 05:00:38.886,1.28453,1.28464,1.00,1.00
2016.09.07 05:00:39.039,1.28455,1.28464,1.00,1.00
2016.09.07 05:00:39.612,1.28455,1.28464,1.87,1.00
2016.09.07 05:00:39.876,1.28455,1.28464,1.87,1.50
2016.09.07 05:00:39.927,1.28455,1.28462,1.12,1.50
2016.09.07 05:00:39.979,1.28452,1.28462,2.25,1.50
2016.09.07 05:00:40.030,1.28451,1.28462,1.50,1.50
2016.09.07 05:00:40.081,1.28451,1.28461,1.12,1.00
2016.09.07 05:00:40.132,1.28449,1.28461,1.87,1.50
2016.09.07 05:00:40.184,1.28449,1.28461,1.87,2.25
2016.09.07 05:00:40.297,1.28449,1.28461,1.00,2.25
2016.09.07 05:00:40.349,1.28448,1.28461,1.87,1.87
2016.09.07 05:00:40.931,1.28449,1.28461,1.00,2.62
2016.09.07 05:00:41.033,1.28449,1.2846,1.00,1.00
2016.09.07 05:00:41.085,1.28449,1.2846,1.00,1.12
2016.09.07 05:00:41.137,1.28449,1.28459,1.00,1.12
2016.09.07 05:00:41.334,1.28449,1.28459,1.00,1.00
2016.09.07 05:00:41.743,1.28448,1.2846,2.25,1.12
2016.09.07 05:00:44.761,1.28449,1.2846,1.00,1.12
2016.09.07 05:00:45.034,1.28448,1.2846,2.25,1.12
2016.09.07 05:00:45.136,1.28449,1.2846,1.00,1.12
2016.09.07 05:00:45.692,1.28449,1.2846,1.00,1.50
2016.09.07 05:00:46.216,1.28449,1.2846,1.50,1.50
2016.09.07 05:00:46.267,1.28449,1.2846,1.00,1.50
2016.09.07 05:00:46.318,1.28448,1.2846,1.87,1.50
2016.09.07 05:00:48.019,1.28449,1.2846,1.00,2.25
2016.09.07 05:00:48.093,1.28448,1.2846,1.87,1.12
2016.09.07 05:00:48.144,1.28449,1.2846,1.00,1.12
2016.09.07 05:00:48.195,1.28449,1.2846,1.00,1.50
2016.09.07 05:00:49.058,1.28448,1.2846,1.87,1.50
2016.09.07 05:00:49.139,1.28449,1.2846,1.00,1.50
2016.09.07 05:00:49.861,1.28448,1.2846,1.87,2.25
2016.09.07 05:00:50.662,1.2845,1.2846,1.00,1.50
2016.09.07 05:00:50.967,1.28448,1.2846,1.87,2.25
2016.09.07 05:00:51.331,1.28448,1.2846,1.87,1.50
2016.09.07 05:00:53.752,1.28449,1.2846,1.00,1.50
2016.09.07 05:00:54.162,1.28448,1.2846,1.87,1.50
2016.09.07 05:00:54.264,1.28449,1.2846,1.00,1.50
2016.09.07 05:00:54.468,1.28449,1.2846,1.50,1.50
2016.09.07 05:00:55.228,1.28449,1.2846,1.00,2.25
2016.09.07 05:00:56.782,1.28449,1.2846,1.00,3.00
2016.09.07 05:00:56.945,1.28448,1.28459,1.87,1.00
2016.09.07 05:00:56.996,1.28449,1.28459,1.00,1.00
2016.09.07 05:00:59.580,1.28448,1.28459,1.87,1.00
2016.09.07 05:00:59.885,1.28448,1.2846,1.87,3.00
2016.09.07 05:01:00.162,1.28448,1.2846,1.12,3.00
2016.09.07 05:01:00.365,1.28448,1.2846,1.12,2.62
2016.09.07 05:01:00.416,1.28448,1.2846,1.12,2.25
2016.09.07 05:01:00.467,1.28448,1.2846,1.12,2.62
2016.09.07 05:01:00.518,1.28448,1.2846,1.12,3.00
2016.09.07 05:01:00.569,1.28449,1.2846,1.00,3.00
2016.09.07 05:01:00.727,1.28449,1.2846,1.00,2.25
2016.09.07 05:01:00.778,1.28448,1.2846,1.12,2.25
2016.09.07 05:01:00.982,1.28448,1.28458,1.12,1.00
2016.09.07 05:01:01.084,1.28445,1.28456,5.25,1.00
2016.09.07 05:01:01.136,1.28446,1.28456,1.00,1.00
2016.09.07 05:01:01.187,1.28449,1.28457,1.12,1.00
2016.09.07 05:01:01.290,1.28449,1.28459,1.12,1.00
2016.09.07 05:01:01.392,1.28448,1.28459,2.25,1.00
2016.09.07 05:01:02.080,1.28449,1.28459,1.12,1.00
2016.09.07 05:01:02.486,1.28448,1.28459,2.25,1.00
2016.09.07 05:01:07.288,1.28449,1.28459,1.12,1.00
2016.09.07 05:01:07.390,1.28448,1.28459,2.25,1.00
2016.09.07 05:01:08.191,1.28449,1.28459,1.12,1.00
2016.09.07 05:01:10.113,1.28449,1.28459,1.12,1.50
2016.09.07 05:01:10.165,1.28447,1.28456,1.12,1.00
2016.09.07 05:01:10.383,1.28445,1.28456,2.62,1.00
2016.09.07 05:01:10.434,1.28445,1.28455,2.25,1.00
2016.09.07 05:01:10.588,1.28446,1.28455,1.00,1.00
2016.09.07 05:01:10.690,1.28446,1.28455,1.12,1.00
2016.09.07 05:01:10.894,1.28445,1.28455,3.37,1.00
2016.09.07 05:01:11.719,1.28445,1.28454,3.37,1.00
2016.09.07 05:01:11.771,1.28446,1.28454,1.00,1.50
2016.09.07 05:01:11.873,1.28444,1.28454,1.00,1.50
2016.09.07 05:01:15.722,1.28444,1.28453,1.00,1.00
2016.09.07 05:01:16.027,1.28444,1.28454,1.00,1.87
2016.09.07 05:01:16.079,1.28444,1.28454,1.00,1.00
2016.09.07 05:01:16.130,1.28444,1.28454,1.00,1.00
2016.09.07 05:01:16.182,1.28446,1.28455,1.00,1.87
2016.09.07 05:01:16.234,1.28446,1.28456,1.00,3.45
2016.09.07 05:01:16.357,1.28449,1.28458,1.00,3.00
2016.09.07 05:01:16.409,1.28449,1.28459,1.00,1.50
2016.09.07 05:01:16.614,1.28449,1.28459,1.00,1.00
2016.09.07 05:01:16.665,1.28448,1.28459,1.87,1.00
2016.09.07 05:01:16.971,1.28449,1.28459,1.00,1.00
2016.09.07 05:01:17.338,1.28449,1.28459,1.50,1.00
2016.09.07 05:01:19.118,1.28449,1.2846,1.50,1.50
2016.09.07 05:01:19.169,1.28449,1.2846,1.00,1.50
2016.09.07 05:01:20.923,1.28449,1.2846,1.00,2.25
2016.09.07 05:01:21.025,1.28449,1.2846,1.00,2.62
2016.09.07 05:01:22.707,1.28449,1.2846,1.00,2.25
2016.09.07 05:01:22.759,1.28449,1.2846,1.00,1.87
2016.09.07 05:01:28.190,1.28447,1.2846,3.37,1.87
2016.09.07 05:01:28.241,1.28447,1.2846,3.37,3.00
2016.09.07 05:01:28.343,1.28447,1.2846,3.37,2.25
2016.09.07 05:01:28.445,1.28447,1.28459,1.12,1.00
2016.09.07 05:01:29.101,1.28448,1.28459,1.00,1.00
2016.09.07 05:01:30.044,1.28447,1.28459,1.12,1.00
2016.09.07 05:01:35.599,1.28447,1.28459,1.12,1.12
2016.09.07 05:01:35.701,1.28447,1.28459,1.12,1.00
2016.09.07 05:01:38.356,1.28447,1.2846,1.12,1.87
2016.09.07 05:01:38.407,1.28447,1.2846,1.12,1.50
2016.09.07 05:01:38.459,1.28454,1.2846,1.00,1.50
2016.09.07 05:01:38.510,1.28457,1.28461,1.00,3.00
2016.09.07 05:01:38.562,1.28458,1.28462,2.47,2.25
2016.09.07 05:01:38.613,1.2846,1.28465,1.60,2.25
2016.09.07 05:01:38.664,1.2846,1.28467,1.35,1.00
2016.09.07 05:01:38.716,1.28463,1.28467,1.00,1.00
2016.09.07 05:01:38.824,1.28461,1.28469,2.25,1.00
2016.09.07 05:01:38.875,1.28461,1.28472,2.85,1.50
2016.09.07 05:01:38.943,1.28463,1.28472,1.00,1.50
2016.09.07 05:01:39.147,1.28462,1.28472,1.50,1.50
2016.09.07 05:01:39.250,1.28462,1.28472,1.00,1.50
2016.09.07 05:01:39.353,1.28462,1.28472,1.12,1.50
2016.09.07 05:01:39.404,1.28462,1.28472,1.12,1.87
2016.09.07 05:01:39.713,1.28462,1.28471,1.12,1.00
2016.09.07 05:01:40.076,1.28461,1.28471,1.50,1.00
2016.09.07 05:01:40.280,1.28462,1.28471,1.12,1.00
2016.09.07 05:01:40.331,1.28462,1.28471,1.00,1.00
2016.09.07 05:01:40.585,1.28462,1.28471,1.00,1.12
2016.09.07 05:01:41.077,1.28462,1.28471,1.00,1.00
2016.09.07 05:01:41.992,1.28462,1.28471,1.50,1.00
2016.09.07 05:01:42.194,1.28462,1.28472,1.00,1.00
2016.09.07 05:01:49.237,1.28461,1.28472,1.12,1.00
2016.09.07 05:01:49.390,1.28464,1.28473,1.00,1.12
2016.09.07 05:01:49.594,1.28462,1.28473,1.12,1.00
2016.09.07 05:01:50.487,1.28463,1.28473,1.00,1.00
2016.09.07 05:01:51.096,1.28462,1.28473,2.25,1.00
2016.09.07 05:01:51.364,1.28463,1.28473,1.00,1.00
2016.09.07 05:01:52.675,1.28462,1.28473,2.25,1.00
2016.09.07 05:01:53.237,1.28462,1.28474,2.25,1.95
2016.09.07 05:01:53.390,1.28462,1.28474,2.25,1.20
2016.09.07 05:01:54.441,1.28463,1.28474,1.00,1.20
2016.09.07 05:01:54.797,1.28463,1.28474,1.00,1.20
2016.09.07 05:01:54.848,1.28463,1.28475,1.00,4.50
2016.09.07 05:01:54.899,1.28463,1.28475,1.50,4.39
2016.09.07 05:01:54.951,1.28463,1.28475,1.87,4.01
2016.09.07 05:01:55.002,1.28465,1.28475,1.00,1.10
2016.09.07 05:01:55.053,1.28465,1.28476,1.00,2.25
2016.09.07 05:01:55.104,1.28467,1.28476,1.00,1.50
2016.09.07 05:01:55.342,1.28467,1.28476,1.00,1.00
2016.09.07 05:01:56.186,1.28467,1.28478,1.00,1.87
2016.09.07 05:01:56.237,1.28467,1.28477,1.00,1.10
2016.09.07 05:01:59.279,1.28467,1.28477,1.00,1.10
2016.09.07 05:02:00.192,1.28467,1.28477,1.00,1.57
2016.09.07 05:02:01.612,1.28467,1.28477,1.00,1.57
2016.09.07 05:02:02.160,1.28466,1.28477,1.00,1.57
2016.09.07 05:02:02.682,1.28465,1.28477,1.87,1.57
2016.09.07 05:02:02.784,1.28465,1.28477,1.50,1.10
2016.09.07 05:02:07.159,1.28465,1.28477,1.00,1.10
2016.09.07 05:02:08.127,1.28465,1.28477,1.50,1.10
2016.09.07 05:02:08.229,1.28465,1.28477,1.50,1.10
2016.09.07 05:02:08.534,1.28465,1.28475,1.50,1.00
2016.09.07 05:02:16.896,1.28465,1.28475,2.25,1.00
2016.09.07 05:02:20.148,1.28467,1.28475,1.00,1.00
2016.09.07 05:02:25.231,1.28467,1.28477,1.00,1.95
2016.09.07 05:02:27.781,1.28467,1.28477,1.00,2.70
2016.09.07 05:02:27.832,1.28467,1.28476,1.00,1.00
2016.09.07 05:02:28.188,1.28465,1.28476,1.87,1.00
2016.09.07 05:02:28.239,1.28465,1.28476,1.12,1.50
2016.09.07 05:02:28.359,1.28465,1.28476,2.25,1.87
2016.09.07 05:02:28.461,1.28464,1.28476,4.12,1.87
2016.09.07 05:02:28.512,1.28464,1.28476,3.75,1.87
2016.09.07 05:02:28.563,1.28464,1.28476,1.50,1.87
2016.09.07 05:02:28.767,1.28466,1.28476,1.00,1.87
2016.09.07 05:02:29.271,1.28466,1.28476,1.00,1.50
2016.09.07 05:02:30.635,1.28466,1.28476,1.00,1.00
2016.09.07 05:02:41.171,1.28466,1.28472,1.00,1.00
2016.09.07 05:02:41.222,1.28464,1.28472,2.25,1.50
2016.09.07 05:02:41.274,1.28463,1.28472,1.12,1.50
2016.09.07 05:02:41.377,1.28463,1.28472,1.00,1.50
2016.09.07 05:02:41.480,1.28462,1.28472,1.87,1.50
2016.09.07 05:02:41.583,1.28463,1.28472,1.00,1.50
2016.09.07 05:02:42.474,1.28462,1.28472,1.87,1.50
2016.09.07 05:02:42.525,1.28463,1.28472,1.00,1.50
2016.09.07 05:02:42.780,1.28463,1.28472,1.50,1.50
2016.09.07 05:02:43.086,1.28463,1.28472,1.00,1.50
2016.09.07 05:02:46.934,1.28463,1.28474,1.00,3.07
2016.09.07 05:02:46.985,1.28463,1.28474,1.00,2.32
2016.09.07 05:02:47.036,1.28463,1.28474,1.00,2.25
2016.09.07 05:02:47.200,1.28463,1.28474,1.00,1.50
2016.09.07 05:02:47.251,1.28463,1.28474,1.00,1.00
2016.09.07 05:02:47.455,1.28463,1.28474,1.12,1.00
2016.09.07 05:02:47.678,1.28463,1.28474,1.87,1.00
2016.09.07 05:02:48.059,1.28463,1.28474,1.12,1.00
2016.09.07 05:02:49.345,1.28463,1.28475,1.12,2.32
2016.09.07 05:02:51.292,1.28464,1.28475,1.00,1.10
2016.09.07 05:02:55.105,1.28464,1.28475,1.50,1.10
2016.09.07 05:02:55.207,1.28464,1.28475,1.50,1.01
2016.09.07 05:02:56.785,1.28464,1.28475,1.00,1.57
2016.09.07 05:02:56.836,1.28463,1.28475,1.12,1.57
2016.09.07 05:02:56.887,1.28463,1.28475,1.12,2.32
2016.09.07 05:02:56.938,1.28464,1.28475,1.00,2.32
2016.09.07 05:02:57.086,1.28463,1.28475,1.12,2.32
2016.09.07 05:02:57.199,1.28463,1.28475,1.87,2.51
2016.09.07 05:02:57.250,1.28464,1.28475,1.00,2.51
2016.09.07 05:03:00.116,1.28464,1.28475,1.00,2.32
2016.09.07 05:03:01.672,1.28464,1.28475,1.00,2.51
2016.09.07 05:03:02.669,1.28464,1.28475,1.12,2.51
2016.09.07 05:03:05.276,1.28464,1.28475,1.12,2.32
2016.09.07 05:03:07.085,1.28464,1.28474,1.12,1.00
2016.09.07 05:03:07.165,1.28463,1.28474,3.75,1.00
2016.09.07 05:03:08.558,1.28464,1.28474,1.12,1.00
2016.09.07 05:03:08.829,1.28464,1.28475,1.12,2.32
2016.09.07 05:03:09.485,1.28464,1.28475,1.12,2.70
2016.09.07 05:03:09.536,1.28464,1.28475,1.12,2.70
2016.09.07 05:03:09.587,1.28464,1.28473,1.12,1.00
2016.09.07 05:03:09.639,1.28463,1.28473,3.75,1.00
2016.09.07 05:03:09.690,1.28463,1.28473,3.00,1.00
2016.09.07 05:03:09.792,1.28463,1.28473,3.75,1.00
2016.09.07 05:03:09.843,1.28464,1.28473,1.12,1.00
2016.09.07 05:03:09.894,1.28464,1.28473,1.00,1.00
2016.09.07 05:03:10.398,1.28465,1.28473,1.00,1.00
2016.09.07 05:03:10.652,1.28462,1.28473,4.12,1.00
2016.09.07 05:03:10.754,1.28463,1.28473,1.12,1.00
2016.09.07 05:03:13.097,1.28463,1.28472,1.12,1.00
2016.09.07 05:03:13.148,1.28462,1.28472,4.12,1.00
2016.09.07 05:03:14.108,1.28463,1.28472,1.12,1.00
2016.09.07 05:03:14.693,1.28462,1.28472,4.12,1.00
2016.09.07 05:03:16.791,1.28462,1.28474,4.12,1.00
2016.09.07 05:03:17.051,1.28463,1.28474,1.12,1.00
2016.09.07 05:03:17.658,1.28463,1.28474,1.87,1.00
2016.09.07 05:03:17.810,1.28463,1.28474,1.12,1.00
2016.09.07 05:03:17.861,1.28462,1.28474,4.12,1.00
2016.09.07 05:03:18.125,1.28463,1.28474,1.12,1.00
2016.09.07 05:03:22.710,1.28463,1.28474,1.00,1.00
2016.09.07 05:03:23.712,1.28463,1.28474,1.50,1.00
2016.09.07 05:03:23.966,1.28463,1.28474,1.50,1.12
2016.09.07 05:03:24.017,1.28463,1.28474,1.00,1.12
2016.09.07 05:03:30.873,1.28463,1.28474,1.00,1.00
2016.09.07 05:03:31.229,1.28463,1.28474,1.50,1.00
2016.09.07 05:03:31.745,1.28464,1.28474,1.00,1.00
2016.09.07 05:03:32.382,1.28465,1.28474,1.00,1.00
2016.09.07 05:03:33.168,1.28464,1.28474,1.00,1.00
2016.09.07 05:03:34.588,1.28463,1.28474,1.00,1.00
2016.09.07 05:03:35.158,1.28464,1.28474,1.00,1.00
2016.09.07 05:03:35.259,1.28464,1.28474,1.12,1.00
2016.09.07 05:03:35.592,1.28463,1.28474,3.00,1.00
2016.09.07 05:03:36.444,1.28463,1.28474,3.75,1.00
2016.09.07 05:03:37.195,1.28464,1.28474,1.12,1.00
2016.09.07 05:03:40.902,1.28464,1.28473,1.12,1.00
2016.09.07 05:03:40.953,1.28463,1.28473,3.00,1.00
2016.09.07 05:03:41.055,1.28463,1.28473,2.25,1.00
2016.09.07 05:03:42.755,1.28462,1.28473,2.62,1.00
2016.09.07 05:03:42.806,1.28462,1.28473,2.25,1.00
2016.09.07 05:03:43.874,1.28462,1.28474,2.25,1.00
2016.09.07 05:03:47.714,1.28462,1.28474,1.87,1.00
2016.09.07 05:03:47.765,1.28463,1.28471,1.00,1.00
2016.09.07 05:03:47.817,1.28463,1.28467,1.00,1.00
2016.09.07 05:03:47.869,1.2846,1.28466,3.75,1.00
2016.09.07 05:03:47.921,1.28459,1.28464,2.25,1.00
2016.09.07 05:03:47.972,1.28457,1.28462,2.25,1.00
2016.09.07 05:03:48.024,1.28454,1.28464,2.25,1.12
2016.09.07 05:03:48.075,1.28453,1.28464,2.25,1.12
2016.09.07 05:03:48.166,1.28453,1.28461,1.00,1.00
2016.09.07 05:03:48.319,1.28453,1.28463,1.50,1.00
2016.09.07 05:03:48.421,1.28453,1.28461,1.00,1.00
2016.09.07 05:03:48.472,1.28454,1.28461,1.00,1.00
2016.09.07 05:03:48.524,1.28454,1.28463,1.00,1.00
2016.09.07 05:03:48.575,1.28454,1.28463,3.00,1.00
2016.09.07 05:03:49.216,1.28454,1.28465,3.37,1.00
2016.09.07 05:03:49.267,1.28456,1.28465,1.00,1.00
2016.09.07 05:03:49.776,1.28456,1.28466,1.00,1.00
2016.09.07 05:03:50.713,1.28456,1.28464,1.00,1.00
2016.09.07 05:03:50.866,1.28455,1.28464,1.87,1.00
2016.09.07 05:03:51.674,1.28456,1.28464,1.00,1.00
2016.09.07 05:03:52.083,1.28456,1.28463,1.50,1.00
2016.09.07 05:03:52.185,1.28456,1.28462,1.87,1.00
2016.09.07 05:03:52.287,1.28456,1.28462,1.50,1.00
2016.09.07 05:03:52.432,1.28456,1.28462,1.87,1.00
2016.09.07 05:03:53.182,1.28456,1.28462,1.50,1.00
2016.09.07 05:03:55.558,1.28456,1.28462,1.00,1.00
2016.09.07 05:03:55.609,1.28454,1.28462,1.00,1.00
2016.09.07 05:03:55.711,1.28455,1.28465,1.00,1.50
2016.09.07 05:03:55.762,1.28455,1.28465,1.00,2.25
2016.09.07 05:03:55.813,1.28453,1.28465,4.12,2.25
2016.09.07 05:03:55.865,1.28453,1.28465,2.25,1.50
2016.09.07 05:03:55.916,1.28453,1.28465,1.87,1.50
2016.09.07 05:03:56.170,1.28454,1.28465,1.00,1.50
2016.09.07 05:03:56.221,1.28454,1.28465,1.00,1.00
2016.09.07 05:03:56.374,1.28456,1.28467,1.00,2.25
2016.09.07 05:03:56.425,1.28456,1.28467,1.00,1.50
2016.09.07 05:03:56.476,1.28455,1.28467,1.12,1.50
2016.09.07 05:03:56.565,1.28455,1.28467,1.12,1.12
2016.09.07 05:03:56.616,1.28455,1.28464,1.12,1.00
2016.09.07 05:03:56.718,1.28456,1.28464,1.00,1.00
2016.09.07 05:03:57.292,1.28456,1.28465,1.00,1.00
2016.09.07 05:03:58.999,1.28456,1.28464,1.00,1.00
2016.09.07 05:03:59.543,1.28456,1.28465,1.00,1.00
2016.09.07 05:04:00.241,1.28456,1.28464,1.00,1.00
2016.09.07 05:04:01.098,1.28455,1.28464,1.00,1.00
2016.09.07 05:04:01.200,1.28455,1.28464,1.12,1.00
2016.09.07 05:04:02.706,1.28455,1.28464,1.00,1.00
2016.09.07 05:04:09.425,1.28455,1.28464,1.12,1.00
2016.09.07 05:04:11.831,1.28455,1.28466,1.12,1.50
2016.09.07 05:04:13.836,1.28455,1.28465,1.12,1.00
2016.09.07 05:04:15.419,1.28455,1.28465,1.00,1.00
2016.09.07 05:04:15.522,1.28454,1.28466,1.50,1.00
2016.09.07 05:04:15.624,1.28454,1.28466,3.00,1.00
2016.09.07 05:04:15.675,1.28455,1.28466,1.00,1.00
2016.09.07 05:04:15.726,1.28454,1.28466,4.12,1.00
2016.09.07 05:04:15.777,1.28454,1.28466,2.25,1.00
2016.09.07 05:04:16.654,1.28454,1.28466,2.25,1.00
2016.09.07 05:04:17.354,1.28454,1.28466,2.25,1.50
2016.09.07 05:04:17.405,1.28454,1.28464,1.00,1.00
2016.09.07 05:04:17.761,1.28454,1.28464,1.00,1.00
2016.09.07 05:04:18.509,1.28454,1.28464,1.00,1.00
2016.09.07 05:04:19.744,1.28454,1.28464,1.00,1.50
2016.09.07 05:04:19.846,1.28454,1.28464,1.50,1.50
2016.09.07 05:04:19.947,1.28454,1.28464,1.00,1.50
2016.09.07 05:04:19.998,1.28454,1.28463,1.00,1.00
2016.09.07 05:04:20.303,1.28453,1.28463,2.25,1.00
2016.09.07 05:04:20.471,1.28452,1.28463,1.87,1.00
2016.09.07 05:04:22.700,1.28452,1.28463,1.50,1.00
2016.09.07 05:04:23.339,1.28452,1.28462,1.87,1.00
2016.09.07 05:04:23.751,1.28452,1.28462,1.12,1.00
2016.09.07 05:04:25.658,1.28451,1.28462,4.12,1.00
2016.09.07 05:04:25.709,1.28452,1.28462,1.12,1.00
2016.09.07 05:04:25.760,1.28452,1.28462,1.87,1.00
2016.09.07 05:04:26.762,1.28452,1.28463,1.87,1.00
2016.09.07 05:04:27.363,1.28452,1.28456,1.00,1.00
2016.09.07 05:04:27.414,1.2845,1.28456,2.62,1.00
2016.09.07 05:04:27.466,1.2845,1.28457,2.62,1.00
2016.09.07 05:04:27.517,1.28449,1.28457,2.25,1.00
2016.09.07 05:04:27.568,1.28446,1.28454,1.87,1.00
2016.09.07 05:04:27.619,1.28447,1.28454,3.00,1.00
2016.09.07 05:04:27.721,1.28447,1.28454,1.00,1.00
2016.09.07 05:04:27.946,1.28445,1.28454,2.25,1.00
2016.09.07 05:04:28.048,1.28447,1.28454,1.00,1.00
2016.09.07 05:04:28.557,1.28445,1.28453,1.87,1.00
2016.09.07 05:04:28.628,1.28445,1.28453,1.50,1.00
2016.09.07 05:04:28.730,1.28446,1.28453,1.12,1.00
2016.09.07 05:04:29.035,1.28447,1.28453,1.00,1.00
2016.09.07 05:04:31.628,1.28445,1.28453,3.75,1.00
2016.09.07 05:04:32.637,1.28447,1.28453,1.00,1.00
2016.09.07 05:04:34.266,1.28446,1.28453,1.12,1.00
2016.09.07 05:04:34.369,1.28445,1.28452,3.75,1.00
2016.09.07 05:04:34.420,1.28445,1.28452,1.87,1.00
2016.09.07 05:04:34.624,1.28445,1.28452,1.12,1.00
2016.09.07 05:04:34.829,1.28445,1.28452,1.87,1.00
2016.09.07 05:04:34.931,1.28445,1.28452,3.75,1.00
2016.09.07 05:04:34.981,1.28445,1.28452,4.12,1.00
2016.09.07 05:04:35.032,1.28445,1.28452,3.37,1.00
2016.09.07 05:04:35.156,1.28445,1.28452,1.12,1.00
2016.09.07 05:04:35.207,1.28445,1.28452,1.00,1.00
2016.09.07 05:04:35.259,1.28444,1.28452,3.00,1.00
2016.09.07 05:04:35.310,1.28444,1.28452,3.37,1.00
2016.09.07 05:04:39.250,1.28444,1.28449,2.62,1.00
2016.09.07 05:04:39.301,1.28444,1.28449,2.25,1.00
2016.09.07 05:04:39.352,1.28442,1.28451,2.62,1.00
2016.09.07 05:04:39.505,1.28443,1.28451,1.12,1.00
2016.09.07 05:04:39.658,1.28443,1.28451,1.00,1.00
2016.09.07 05:04:40.176,1.28442,1.28451,1.00,1.00
2016.09.07 05:04:40.728,1.28442,1.28451,1.12,1.00
2016.09.07 05:04:42.477,1.28442,1.28451,3.37,1.00
2016.09.07 05:04:43.875,1.28442,1.28452,3.37,1.00
2016.09.07 05:04:43.977,1.28442,1.28452,2.62,1.00
2016.09.07 05:04:45.768,1.28442,1.2845,2.62,1.00
2016.09.07 05:04:46.046,1.28442,1.2845,2.62,1.00
2016.09.07 05:04:47.464,1.28442,1.28448,2.62,1.00
2016.09.07 05:04:47.987,1.28442,1.28449,2.62,1.00
2016.09.07 05:04:49.166,1.28442,1.28449,2.62,1.00
2016.09.07 05:04:50.666,1.28442,1.2845,2.62,1.00
2016.09.07 05:04:50.717,1.28442,1.2845,3.00,1.00
2016.09.07 05:04:50.769,1.28442,1.28454,4.50,1.50
2016.09.07 05:04:50.820,1.28443,1.28454,1.30,1.50
2016.09.07 05:04:50.872,1.28445,1.28454,1.00,1.00
2016.09.07 05:04:50.974,1.28445,1.28454,1.72,1.00
2016.09.07 05:04:51.052,1.28445,1.28454,1.87,1.00
2016.09.07 05:04:51.163,1.28444,1.28451,3.30,1.00
2016.09.07 05:04:51.216,1.28444,1.28451,2.25,1.00
2016.09.07 05:04:51.268,1.28442,1.28451,1.12,1.00
2016.09.07 05:04:51.319,1.28443,1.28451,1.00,1.00
2016.09.07 05:04:51.675,1.28443,1.28451,1.12,1.00
2016.09.07 05:04:51.726,1.28442,1.28451,4.12,1.00
2016.09.07 05:04:51.777,1.28442,1.28451,1.87,1.00
2016.09.07 05:04:51.829,1.28443,1.28451,1.00,1.00
2016.09.07 05:04:51.981,1.28442,1.28451,1.12,1.00
2016.09.07 05:04:52.207,1.28441,1.28452,3.75,1.00
2016.09.07 05:04:52.260,1.28442,1.28452,1.12,1.00
2016.09.07 05:04:52.313,1.28442,1.28452,1.87,1.00
2016.09.07 05:04:52.470,1.28442,1.28452,1.12,1.00
2016.09.07 05:04:52.776,1.28442,1.28452,1.87,1.00
2016.09.07 05:04:53.444,1.28442,1.28452,1.12,1.00
2016.09.07 05:04:53.546,1.28443,1.28452,1.00,1.00
2016.09.07 05:04:53.749,1.28442,1.28452,1.87,1.00
2016.09.07 05:04:53.801,1.28442,1.28452,1.12,1.00
2016.09.07 05:04:54.007,1.28441,1.28452,3.75,1.00
2016.09.07 05:04:54.225,1.28442,1.28452,1.12,1.00
2016.09.07 05:04:54.682,1.28442,1.28452,1.87,1.00
2016.09.07 05:04:54.958,1.28442,1.28452,1.12,1.00
2016.09.07 05:04:55.009,1.28441,1.28452,4.50,1.00
2016.09.07 05:04:55.060,1.28442,1.28452,1.12,1.00
2016.09.07 05:04:55.162,1.28443,1.28454,1.00,1.00
2016.09.07 05:04:55.748,1.28444,1.28454,1.00,1.00
2016.09.07 05:04:56.181,1.28442,1.28454,1.12,1.00
2016.09.07 05:04:56.373,1.28444,1.28454,1.00,1.00
2016.09.07 05:04:56.782,1.28442,1.28454,1.87,1.00
2016.09.07 05:04:56.985,1.28443,1.28454,1.50,1.00
2016.09.07 05:04:57.087,1.28443,1.28454,1.00,1.00
2016.09.07 05:04:57.192,1.28444,1.28454,1.00,1.00
2016.09.07 05:04:57.294,1.28443,1.28454,1.00,1.50
2016.09.07 05:04:57.379,1.28444,1.28454,1.50,1.00
2016.09.07 05:04:57.484,1.28444,1.28454,1.87,1.00
2016.09.07 05:04:57.618,1.28444,1.28456,1.12,1.12
2016.09.07 05:04:57.772,1.28444,1.28456,1.87,1.12
2016.09.07 05:04:57.875,1.28444,1.28456,2.47,1.12
2016.09.07 05:04:58.080,1.28444,1.28456,1.87,1.12
2016.09.07 05:04:59.892,1.28444,1.28456,2.47,1.12
2016.09.07 05:04:59.943,1.28444,1.28456,2.47,1.12
2016.09.07 05:05:00.047,1.28444,1.28456,1.87,1.12
2016.09.07 05:05:00.720,1.28444,1.28456,2.47,1.12
2016.09.07 05:05:00.822,1.28444,1.28456,1.87,1.12
2016.09.07 05:05:00.873,1.28445,1.28456,1.00,1.12
2016.09.07 05:05:00.924,1.28445,1.28457,1.00,3.00
2016.09.07 05:05:00.975,1.28445,1.28458,2.25,2.51
2016.09.07 05:05:01.127,1.28445,1.28458,2.25,2.70
2016.09.07 05:05:01.179,1.28445,1.28456,1.50,1.50
2016.09.07 05:05:02.096,1.28445,1.28456,1.50,1.00
2016.09.07 05:05:02.761,1.28445,1.28456,1.12,1.00
2016.09.07 05:05:02.812,1.28445,1.28456,1.00,1.00
2016.09.07 05:05:06.770,1.28445,1.28455,1.00,1.00
2016.09.07 05:05:07.397,1.28445,1.28455,1.50,1.00
2016.09.07 05:05:09.008,1.28445,1.28456,1.00,1.50
2016.09.07 05:05:14.533,1.28445,1.28456,1.00,1.00
2016.09.07 05:05:14.584,1.28445,1.28456,1.87,1.00
2016.09.07 05:05:14.635,1.28445,1.28456,2.25,1.00
2016.09.07 05:05:14.686,1.28445,1.28457,2.25,2.25
2016.09.07 05:05:14.737,1.28445,1.28457,2.85,1.50
2016.09.07 05:05:14.917,1.28446,1.28457,1.00,1.00
2016.09.07 05:05:15.228,1.28446,1.28458,1.00,2.32
2016.09.07 05:05:15.385,1.28446,1.28458,1.35,2.32
2016.09.07 05:05:15.488,1.28446,1.28458,1.00,2.32
2016.09.07 05:05:15.539,1.28445,1.28458,1.87,2.32
2016.09.07 05:05:15.591,1.28446,1.28456,1.00,1.00
2016.09.07 05:05:16.206,1.28449,1.28456,1.00,1.00
2016.09.07 05:05:16.257,1.28451,1.28456,1.60,1.00
2016.09.07 05:05:16.308,1.28452,1.28459,1.35,1.12
2016.09.07 05:05:16.360,1.28452,1.2846,1.35,2.25
2016.09.07 05:05:16.411,1.28453,1.28464,1.00,5.62
2016.09.07 05:05:16.462,1.28453,1.28464,1.00,3.75
2016.09.07 05:05:16.513,1.28453,1.28464,1.00,3.75
2016.09.07 05:05:16.615,1.28452,1.28464,4.35,1.50
2016.09.07 05:05:16.717,1.28452,1.28464,3.60,1.50
2016.09.07 05:05:16.768,1.28452,1.28464,4.35,1.50
2016.09.07 05:05:17.206,1.28452,1.28464,3.75,1.50
2016.09.07 05:05:17.258,1.28452,1.28464,3.00,1.50
2016.09.07 05:05:17.310,1.28452,1.28462,2.62,1.00
2016.09.07 05:05:17.502,1.28452,1.28462,2.25,1.00
2016.09.07 05:05:17.604,1.28451,1.28462,2.25,1.00
2016.09.07 05:05:17.706,1.28451,1.28462,2.25,1.50
2016.09.07 05:05:17.808,1.2845,1.28462,1.95,1.50
2016.09.07 05:05:18.637,1.2845,1.28462,1.87,1.50
2016.09.07 05:05:19.353,1.2845,1.28462,1.12,1.50
2016.09.07 05:05:19.507,1.2845,1.28461,1.12,1.00
2016.09.07 05:05:19.717,1.2845,1.28461,1.87,1.00
2016.09.07 05:05:20.402,1.2845,1.2846,1.12,1.00
2016.09.07 05:05:20.454,1.28449,1.2846,1.37,1.00
2016.09.07 05:05:20.505,1.28448,1.28459,3.82,1.00
2016.09.07 05:05:20.557,1.28448,1.28459,2.32,1.00
2016.09.07 05:05:20.608,1.28447,1.28459,4.50,1.00
2016.09.07 05:05:20.761,1.28447,1.28459,4.50,1.00
2016.09.07 05:05:21.089,1.28447,1.2846,4.50,1.12
2016.09.07 05:05:21.443,1.28448,1.2846,1.20,1.12
2016.09.07 05:05:21.916,1.28448,1.28458,1.20,1.00
2016.09.07 05:05:21.967,1.28447,1.28458,3.75,1.00
2016.09.07 05:05:22.081,1.28447,1.28458,2.32,1.50
2016.09.07 05:05:22.133,1.28446,1.28457,1.12,1.00
2016.09.07 05:05:22.235,1.28446,1.28457,1.87,1.00
2016.09.07 05:05:22.540,1.28446,1.28458,1.87,2.25
2016.09.07 05:05:22.591,1.28446,1.28456,1.50,1.00
2016.09.07 05:05:22.643,1.28446,1.28456,1.12,1.00
2016.09.07 05:05:22.795,1.28446,1.28458,1.12,2.62
2016.09.07 05:05:22.846,1.28446,1.28458,1.12,2.25
2016.09.07 05:05:22.897,1.28446,1.28457,1.12,1.00
2016.09.07 05:05:23.213,1.28446,1.28458,1.12,1.50
2016.09.07 05:05:23.315,1.28446,1.28457,1.12,1.00
2016.09.07 05:05:23.570,1.28446,1.28457,1.50,1.00
2016.09.07 05:05:23.621,1.28446,1.28456,3.75,1.00
2016.09.07 05:05:23.774,1.28446,1.28456,3.37,1.00
2016.09.07 05:05:23.825,1.28446,1.28456,1.50,1.00
2016.09.07 05:05:23.943,1.28445,1.28456,6.00,1.00
2016.09.07 05:05:24.632,1.28445,1.28457,6.00,1.00
2016.09.07 05:05:24.938,1.28445,1.28458,6.00,1.87
2016.09.07 05:05:25.141,1.28445,1.28457,6.00,1.00
2016.09.07 05:05:25.243,1.28446,1.28458,1.50,1.12
2016.09.07 05:05:25.294,1.28446,1.28459,1.50,4.87
2016.09.07 05:05:25.345,1.28446,1.28459,2.25,4.12
2016.09.07 05:05:25.396,1.28446,1.28459,2.62,3.75
2016.09.07 05:05:25.447,1.28446,1.28459,4.87,1.50
2016.09.07 05:05:25.499,1.28446,1.28459,4.87,1.00
2016.09.07 05:05:25.550,1.28446,1.28459,4.50,1.00
2016.09.07 05:05:25.602,1.28446,1.28459,4.12,1.50
2016.09.07 05:05:25.654,1.28446,1.28459,2.25,3.75
2016.09.07 05:05:25.706,1.28446,1.28458,2.25,1.12
2016.09.07 05:05:25.941,1.28446,1.28458,3.00,1.12
2016.09.07 05:05:27.012,1.28446,1.28459,3.00,3.75
2016.09.07 05:05:27.216,1.28446,1.28459,5.62,1.00
2016.09.07 05:05:27.267,1.28446,1.28459,5.25,1.12
2016.09.07 05:05:27.318,1.28446,1.28457,3.37,1.00
2016.09.07 05:05:27.447,1.28446,1.28457,2.62,1.00
2016.09.07 05:05:29.766,1.28446,1.28457,1.87,1.00
2016.09.07 05:05:29.868,1.28446,1.28454,1.12,1.00
2016.09.07 05:05:29.919,1.28444,1.28453,3.00,1.00
2016.09.07 05:05:29.971,1.28444,1.28453,1.87,1.00
2016.09.07 05:05:30.023,1.28445,1.28452,2.25,1.00
2016.09.07 05:05:30.125,1.28444,1.28453,1.12,1.00
2016.09.07 05:05:30.237,1.28444,1.28453,1.00,1.00
2016.09.07 05:05:30.749,1.28444,1.28452,1.00,1.00
2016.09.07 05:05:31.000,1.28444,1.28452,1.12,1.00
2016.09.07 05:05:31.153,1.28444,1.28452,1.00,1.00
2016.09.07 05:05:31.255,1.28444,1.28452,1.12,1.00
2016.09.07 05:05:31.662,1.28444,1.28452,1.00,1.00
2016.09.07 05:05:31.763,1.28444,1.28452,1.12,1.00
2016.09.07 05:05:31.865,1.28444,1.28452,1.00,1.00
2016.09.07 05:05:33.023,1.28444,1.28454,1.00,1.00
2016.09.07 05:05:33.974,1.28443,1.28454,1.00,1.00
2016.09.07 05:05:37.574,1.28443,1.28454,1.50,1.00
2016.09.07 05:05:37.626,1.28443,1.28453,1.87,1.00
2016.09.07 05:05:37.678,1.28444,1.28453,2.25,1.00
2016.09.07 05:05:37.780,1.28443,1.28452,1.50,1.00
2016.09.07 05:05:37.882,1.28443,1.28452,1.00,1.00
2016.09.07 05:05:37.933,1.28443,1.28452,1.00,1.50
2016.09.07 05:05:37.984,1.28442,1.28452,3.07,1.50
2016.09.07 05:05:38.076,1.28442,1.28452,5.32,1.50
2016.09.07 05:05:38.127,1.28443,1.28452,1.00,1.00
2016.09.07 05:05:40.153,1.28443,1.28452,1.50,1.00
2016.09.07 05:05:40.205,1.28443,1.28452,1.87,1.00
2016.09.07 05:05:40.256,1.28444,1.28452,1.00,1.00
2016.09.07 05:05:40.308,1.28444,1.28454,1.12,1.00
2016.09.07 05:05:40.360,1.28444,1.28454,3.97,1.00
2016.09.07 05:05:40.513,1.28445,1.28454,1.30,1.00
2016.09.07 05:05:40.856,1.28444,1.28454,3.97,1.00
2016.09.07 05:05:41.286,1.28445,1.28454,1.30,1.00
2016.09.07 05:05:41.646,1.28444,1.28454,4.72,1.00
2016.09.07 05:05:43.686,1.28445,1.28454,1.30,1.00
2016.09.07 05:05:44.064,1.28444,1.28454,3.75,1.00
2016.09.07 05:05:44.217,1.28444,1.28454,4.35,1.00
2016.09.07 05:05:44.268,1.28444,1.28454,3.60,1.00
2016.09.07 05:05:44.472,1.28445,1.28454,1.30,1.00
2016.09.07 05:05:44.828,1.28444,1.28454,3.60,1.00
2016.09.07 05:05:45.285,1.28444,1.28454,4.35,1.00
2016.09.07 05:05:47.039,1.28444,1.28454,4.72,1.00
2016.09.07 05:05:47.803,1.28444,1.28454,4.72,1.00
2016.09.07 05:05:47.854,1.28444,1.28452,3.00,1.00
2016.09.07 05:05:48.282,1.28444,1.28452,2.25,1.00
2016.09.07 05:05:49.469,1.28444,1.28452,2.85,1.00
2016.09.07 05:05:49.520,1.28445,1.28452,1.30,1.00
2016.09.07 05:05:49.622,1.28444,1.28455,3.22,1.00
2016.09.07 05:05:49.724,1.28445,1.28455,1.30,1.00
2016.09.07 05:05:50.102,1.28444,1.28455,3.22,1.00
2016.09.07 05:05:50.153,1.28444,1.28455,2.85,1.00
2016.09.07 05:05:50.256,1.28444,1.28455,2.25,1.00
2016.09.07 05:05:50.308,1.28444,1.28455,2.85,1.00
2016.09.07 05:05:50.412,1.28445,1.28455,1.30,1.00
2016.09.07 05:05:51.130,1.28444,1.28452,2.25,1.00
2016.09.07 05:05:51.190,1.28444,1.28452,2.25,1.00
2016.09.07 05:05:51.241,1.28444,1.28452,2.25,1.00
2016.09.07 05:05:51.293,1.28443,1.28452,1.12,1.00
2016.09.07 05:05:51.344,1.28443,1.28452,1.00,1.00
2016.09.07 05:05:51.395,1.28442,1.28452,1.87,1.00
2016.09.07 05:05:51.498,1.28442,1.28452,1.87,1.00
2016.09.07 05:05:51.702,1.28443,1.28451,1.12,1.00
2016.09.07 05:05:51.876,1.28443,1.28451,1.00,1.00
2016.09.07 05:05:51.978,1.28442,1.28451,1.50,1.00
2016.09.07 05:05:52.182,1.28442,1.28451,2.25,1.00
2016.09.07 05:05:52.233,1.28442,1.28453,1.87,1.00
2016.09.07 05:05:52.285,1.28442,1.28453,1.12,1.00
2016.09.07 05:05:53.276,1.28442,1.28453,1.12,1.00
2016.09.07 05:05:55.166,1.28442,1.28454,1.12,1.50
2016.09.07 05:05:55.217,1.28442,1.28454,1.12,1.00
2016.09.07 05:05:55.370,1.28442,1.28452,1.12,1.00
2016.09.07 05:05:55.747,1.28442,1.28454,1.12,1.00
2016.09.07 05:05:55.954,1.28442,1.28452,1.12,1.00
2016.09.07 05:05:56.005,1.28442,1.28452,2.47,1.00
2016.09.07 05:05:56.259,1.28442,1.28454,2.47,1.00
2016.09.07 05:05:56.747,1.28442,1.28454,1.87,1.00
2016.09.07 05:05:56.850,1.28442,1.28452,1.87,1.00
2016.09.07 05:05:56.952,1.28442,1.28454,1.12,1.00
2016.09.07 05:05:57.054,1.28442,1.28452,1.12,1.00
2016.09.07 05:05:57.207,1.28442,1.28453,1.72,1.00
2016.09.07 05:05:57.258,1.28442,1.28454,2.47,1.00
2016.09.07 05:05:57.361,1.28442,1.28452,2.47,1.00
2016.09.07 05:05:57.715,1.28442,1.28452,1.72,1.00
2016.09.07 05:05:57.805,1.28442,1.28454,1.72,1.00
2016.09.07 05:05:57.958,1.28442,1.28453,1.72,1.00
2016.09.07 05:05:58.666,1.28442,1.28454,2.85,1.00
2016.09.07 05:05:58.717,1.28444,1.28454,1.00,1.00
2016.09.07 05:05:58.768,1.28444,1.28455,1.00,1.12
2016.09.07 05:05:58.820,1.28444,1.28455,1.12,1.00
2016.09.07 05:05:58.899,1.28444,1.28455,1.00,1.00
2016.09.07 05:06:00.733,1.28443,1.28455,1.72,1.00
2016.09.07 05:06:00.784,1.28443,1.28453,1.72,1.00
2016.09.07 05:06:00.835,1.28444,1.28453,1.35,1.00
2016.09.07 05:06:00.886,1.28444,1.28455,1.00,1.00
2016.09.07 05:06:01.065,1.28443,1.28455,2.10,1.00
2016.09.07 05:06:01.845,1.28444,1.28453,1.12,1.00
2016.09.07 05:06:01.896,1.28444,1.28453,1.00,1.00
2016.09.07 05:06:02.743,1.28443,1.28453,1.50,1.00
2016.09.07 05:06:02.794,1.28443,1.28453,1.87,1.00
2016.09.07 05:06:03.470,1.28444,1.28453,1.00,1.00
2016.09.07 05:06:03.932,1.28443,1.28453,1.87,1.00
2016.09.07 05:06:04.251,1.28444,1.28453,1.00,1.00
2016.09.07 05:06:04.455,1.28443,1.28453,1.87,1.00
2016.09.07 05:06:04.659,1.28444,1.28453,1.00,1.00
2016.09.07 05:06:05.227,1.28443,1.28453,1.87,1.00
2016.09.07 05:06:05.430,1.28444,1.28453,1.00,1.00
2016.09.07 05:06:05.633,1.28443,1.28453,1.87,1.00
2016.09.07 05:06:06.555,1.28443,1.28453,2.47,1.00
2016.09.07 05:06:06.657,1.28443,1.28452,2.10,1.50
2016.09.07 05:06:06.778,1.28443,1.28452,1.12,1.00
2016.09.07 05:06:06.881,1.28443,1.28452,1.12,1.50
2016.09.07 05:06:06.983,1.28443,1.28452,1.50,1.00
2016.09.07 05:06:07.084,1.28443,1.28452,1.12,1.50
2016.09.07 05:06:07.237,1.28443,1.28452,1.72,1.50
2016.09.07 05:06:07.759,1.28444,1.28452,1.00,1.50
2016.09.07 05:06:08.760,1.28444,1.28452,1.00,1.00
2016.09.07 05:06:09.465,1.28443,1.28452,1.72,1.00
2016.09.07 05:06:09.586,1.28443,1.28452,1.12,1.00
2016.09.07 05:06:09.789,1.28443,1.28452,1.12,1.50
2016.09.07 05:06:09.993,1.28443,1.28452,1.12,1.00
2016.09.07 05:06:10.044,1.28443,1.28452,1.72,1.00
2016.09.07 05:06:10.095,1.28443,1.28452,1.72,1.50
2016.09.07 05:06:10.148,1.28443,1.2845,1.72,1.00
2016.09.07 05:06:10.199,1.28443,1.2845,1.12,1.00
2016.09.07 05:06:10.250,1.28443,1.2845,1.72,1.00
2016.09.07 05:06:10.352,1.28444,1.2845,1.00,1.00
2016.09.07 05:06:10.809,1.28444,1.2845,1.12,1.00
2016.09.07 05:06:10.860,1.28443,1.2845,3.75,1.00
2016.09.07 05:06:11.147,1.28444,1.2845,1.12,1.00
2016.09.07 05:06:11.535,1.28443,1.2845,3.75,1.00
2016.09.07 05:06:11.586,1.28443,1.2845,3.37,1.00
2016.09.07 05:06:11.638,1.28444,1.28452,1.00,1.00
2016.09.07 05:06:11.689,1.28444,1.28452,1.00,1.50
2016.09.07 05:06:11.740,1.28443,1.28452,1.12,1.50
2016.09.07 05:06:11.842,1.28443,1.28452,1.72,1.50
2016.09.07 05:06:12.073,1.28443,1.28452,1.12,1.50
2016.09.07 05:06:12.175,1.28444,1.28452,1.00,1.50
2016.09.07 05:06:12.277,1.28444,1.28451,1.00,1.00
2016.09.07 05:06:12.379,1.28443,1.28451,1.12,1.00
2016.09.07 05:06:12.500,1.28443,1.28451,1.50,1.00
2016.09.07 05:06:12.568,1.28443,1.28453,2.10,1.00
2016.09.07 05:06:12.619,1.28444,1.28453,1.30,1.00
2016.09.07 05:06:12.670,1.28443,1.28454,2.47,1.00
2016.09.07 05:06:12.721,1.28444,1.28454,1.12,1.00
2016.09.07 05:06:12.823,1.28444,1.28454,1.72,1.00
2016.09.07 05:06:13.027,1.28444,1.28454,1.12,1.00
2016.09.07 05:06:13.078,1.28444,1.28456,1.87,3.37
2016.09.07 05:06:13.129,1.28444,1.28456,4.35,3.00
2016.09.07 05:06:13.180,1.28444,1.28456,3.60,3.00
2016.09.07 05:06:13.374,1.28444,1.28456,4.35,2.25
2016.09.07 05:06:13.425,1.28445,1.28456,1.30,1.50
2016.09.07 05:06:13.527,1.28447,1.28456,1.00,1.00
2016.09.07 05:06:13.579,1.28448,1.28457,1.00,1.20
2016.09.07 05:06:13.630,1.28448,1.28459,1.00,1.00
2016.09.07 05:06:13.681,1.28448,1.2846,1.00,2.62
2016.09.07 05:06:13.733,1.28448,1.2846,1.12,2.25
2016.09.07 05:06:13.810,1.28447,1.28458,1.12,1.00
2016.09.07 05:06:13.876,1.28448,1.28458,1.00,1.00
2016.09.07 05:06:13.927,1.28448,1.28458,1.00,1.00
2016.09.07 05:06:13.979,1.28448,1.2846,1.20,2.25
2016.09.07 05:06:14.031,1.28449,1.2846,1.00,1.50
2016.09.07 05:06:14.257,1.28449,1.2846,1.00,1.12
2016.09.07 05:06:14.309,1.28448,1.2846,2.62,1.50
2016.09.07 05:06:14.360,1.28448,1.2846,2.25,1.50
2016.09.07 05:06:14.411,1.28447,1.2846,1.95,3.75
2016.09.07 05:06:14.462,1.28447,1.2846,2.32,3.75
2016.09.07 05:06:14.513,1.28447,1.2846,2.32,1.50
2016.09.07 05:06:14.564,1.28448,1.2846,1.00,1.50
2016.09.07 05:06:15.073,1.28447,1.28458,2.32,1.00
2016.09.07 05:06:15.498,1.28448,1.2846,1.00,1.00
2016.09.07 05:06:15.549,1.28448,1.2846,1.00,3.00
2016.09.07 05:06:15.701,1.28448,1.2846,1.00,2.25
2016.09.07 05:06:15.753,1.28448,1.2846,1.65,2.25
2016.09.07 05:06:15.804,1.28448,1.28461,2.02,2.25
2016.09.07 05:06:16.743,1.28448,1.28461,1.87,1.50
2016.09.07 05:06:16.898,1.28448,1.2846,1.87,1.00
2016.09.07 05:06:18.399,1.28448,1.2846,2.25,1.00
2016.09.07 05:06:18.552,1.28448,1.2846,2.62,1.00
2016.09.07 05:06:18.654,1.28448,1.2846,2.25,1.00
2016.09.07 05:06:18.890,1.28448,1.2846,1.87,1.00
2016.09.07 05:06:19.856,1.28448,1.2846,2.40,1.50
2016.09.07 05:06:19.907,1.28448,1.28459,2.40,1.00
2016.09.07 05:06:20.030,1.28448,1.28458,1.87,1.00
2016.09.07 05:06:20.100,1.28448,1.28459,1.12,1.00
2016.09.07 05:06:20.203,1.28448,1.28459,1.12,1.00
2016.09.07 05:06:20.560,1.28448,1.28459,1.12,1.00
2016.09.07 05:06:21.191,1.28448,1.28459,1.12,1.00
2016.09.07 05:06:21.296,1.28448,1.2846,1.12,2.62
2016.09.07 05:06:22.285,1.28448,1.28459,1.12,1.00
2016.09.07 05:06:23.357,1.28448,1.28459,1.87,1.00
2016.09.07 05:06:23.695,1.28448,1.28459,1.12,1.00
2016.09.07 05:06:23.949,1.28448,1.28459,1.87,1.00
2016.09.07 05:06:24.508,1.28448,1.28459,1.87,1.00
2016.09.07 05:06:25.876,1.28448,1.28459,1.87,1.00
2016.09.07 05:06:26.761,1.28448,1.28459,1.12,1.00
2016.09.07 05:06:26.813,1.28448,1.28459,1.50,1.00
2016.09.07 05:06:26.865,1.28448,1.28459,1.50,1.00
2016.09.07 05:06:27.255,1.28448,1.28459,1.12,1.00
2016.09.07 05:06:27.306,1.28448,1.28457,1.12,1.00
2016.09.07 05:06:27.459,1.28448,1.28457,1.00,1.00
2016.09.07 05:06:27.560,1.28447,1.28458,1.12,1.87
2016.09.07 05:06:28.353,1.28447,1.28458,1.12,1.12
2016.09.07 05:06:29.358,1.28448,1.28458,1.00,1.12
2016.09.07 05:06:29.951,1.28447,1.28458,1.12,1.12
2016.09.07 05:06:31.635,1.28448,1.28458,1.00,1.12
2016.09.07 05:06:31.789,1.28447,1.28458,1.12,1.12
2016.09.07 05:06:32.473,1.28446,1.28458,1.95,1.12
2016.09.07 05:06:32.625,1.28446,1.28457,1.95,1.00
2016.09.07 05:06:32.676,1.28446,1.28457,1.87,1.00
2016.09.07 05:06:32.846,1.28446,1.28457,1.50,1.00
2016.09.07 05:06:32.949,1.28446,1.28456,1.00,1.00
2016.09.07 05:06:33.000,1.28445,1.28456,1.12,1.50
2016.09.07 05:06:33.051,1.28445,1.28456,1.00,1.50
2016.09.07 05:06:33.103,1.28445,1.28457,1.00,2.25
2016.09.07 05:06:33.154,1.28445,1.28457,1.50,3.00
2016.09.07 05:06:33.205,1.28445,1.28456,1.87,1.00
2016.09.07 05:06:33.256,1.28445,1.28456,1.00,1.12
2016.09.07 05:06:33.308,1.28445,1.28456,1.12,1.12
2016.09.07 05:06:33.359,1.28445,1.28456,3.37,1.00
2016.09.07 05:06:33.410,1.28445,1.28456,3.00,1.00
2016.09.07 05:06:33.462,1.28445,1.28456,1.12,1.00
2016.09.07 05:06:34.372,1.28445,1.28456,1.87,1.00
2016.09.07 05:06:35.203,1.28445,1.28456,1.87,1.00
2016.09.07 05:06:35.762,1.28445,1.28456,1.87,1.00
2016.09.07 05:06:37.630,1.28445,1.28456,2.25,1.00
2016.09.07 05:06:37.681,1.28445,1.28456,1.87,1.00
2016.09.07 05:06:40.862,1.28445,1.28456,2.62,1.00
2016.09.07 05:06:40.964,1.28445,1.28456,2.25,1.00
2016.09.07 05:06:41.015,1.28445,1.28456,1.87,1.00
2016.09.07 05:06:41.478,1.28445,1.28456,1.12,1.00
2016.09.07 05:06:43.670,1.28445,1.28453,1.50,1.00
2016.09.07 05:06:43.772,1.28445,1.28453,1.00,1.00
2016.09.07 05:06:44.029,1.28445,1.28453,1.35,1.00
2016.09.07 05:06:44.131,1.28445,1.28453,1.00,1.00
2016.09.07 05:06:44.784,1.28444,1.28453,2.62,1.00
2016.09.07 05:06:44.987,1.28444,1.28453,3.22,1.00
2016.09.07 05:06:45.139,1.28444,1.28453,2.47,1.00
2016.09.07 05:06:45.904,1.28444,1.28453,1.87,1.00
2016.09.07 05:06:46.430,1.28444,1.28453,2.47,1.00
2016.09.07 05:06:46.633,1.28444,1.28453,1.87,1.00
2016.09.07 05:06:47.006,1.28444,1.28452,2.47,1.00
2016.09.07 05:06:47.057,1.28444,1.28452,2.10,1.00
2016.09.07 05:06:47.159,1.28444,1.28452,2.47,1.00
2016.09.07 05:06:47.210,1.28444,1.28454,2.85,1.00
2016.09.07 05:06:47.261,1.28444,1.28454,3.60,1.00
2016.09.07 05:06:47.363,1.28444,1.28454,3.00,1.00
2016.09.07 05:06:47.658,1.28444,1.28454,3.60,1.00
2016.09.07 05:06:47.861,1.28444,1.28454,3.22,1.00
2016.09.07 05:06:48.014,1.28445,1.28455,1.35,1.50
2016.09.07 05:06:48.116,1.28445,1.28455,1.35,1.00
2016.09.07 05:06:49.314,1.28444,1.28455,3.60,1.00
2016.09.07 05:06:49.365,1.28444,1.28455,3.60,1.00
2016.09.07 05:06:51.596,1.28444,1.28454,3.22,1.00
2016.09.07 05:06:51.851,1.28444,1.28454,2.62,1.00
2016.09.07 05:06:52.105,1.28445,1.28454,1.00,1.00
2016.09.07 05:06:53.037,1.28445,1.28454,1.35,1.00
2016.09.07 05:06:53.957,1.28445,1.28454,1.00,1.00
2016.09.07 05:06:54.385,1.28444,1.28454,2.47,1.00
2016.09.07 05:06:54.476,1.28444,1.28454,1.87,1.00
2016.09.07 05:06:54.578,1.28444,1.28454,2.47,1.00
2016.09.07 05:06:54.680,1.28444,1.28454,2.47,1.00
2016.09.07 05:06:55.287,1.28444,1.28455,2.47,1.00
2016.09.07 05:06:55.389,1.28445,1.28455,1.00,1.00
2016.09.07 05:06:56.889,1.28444,1.28455,2.47,1.00
2016.09.07 05:06:57.104,1.28445,1.28454,1.35,1.00
2016.09.07 05:07:00.359,1.28445,1.28454,1.00,1.00
2016.09.07 05:07:00.412,1.28445,1.28454,1.00,1.50
2016.09.07 05:07:00.514,1.28444,1.28454,2.47,1.50
2016.09.07 05:07:00.565,1.28444,1.28454,1.50,1.50
2016.09.07 05:07:00.616,1.28445,1.28454,1.00,1.00
2016.09.07 05:07:04.812,1.28444,1.28454,1.72,1.00
2016.09.07 05:07:04.863,1.28444,1.28454,1.12,1.00
2016.09.07 05:07:05.016,1.28444,1.28454,1.72,1.50
2016.09.07 05:07:05.219,1.28444,1.28454,1.12,1.50
2016.09.07 05:07:05.532,1.28444,1.28452,1.12,1.00
2016.09.07 05:07:05.651,1.28444,1.28452,1.12,1.00
2016.09.07 05:07:05.702,1.28445,1.28452,1.00,1.50
2016.09.07 05:07:05.855,1.28445,1.28452,1.00,1.00
2016.09.07 05:07:06.522,1.28445,1.28452,1.00,1.50
2016.09.07 05:07:06.625,1.28444,1.2845,1.12,1.00
2016.09.07 05:07:06.727,1.28444,1.2845,1.00,1.00
2016.09.07 05:07:06.901,1.28443,1.28448,1.50,1.00
2016.09.07 05:07:07.105,1.28444,1.28448,1.12,1.00
2016.09.07 05:07:07.207,1.28443,1.28448,1.50,1.00
2016.09.07 05:07:07.309,1.28444,1.28448,1.12,1.00
2016.09.07 05:07:07.768,1.28444,1.28449,1.00,1.00
2016.09.07 05:07:07.819,1.28442,1.28449,1.72,1.00
2016.09.07 05:07:08.342,1.28442,1.2845,1.72,1.00
2016.09.07 05:07:10.730,1.28443,1.28451,1.00,1.50
2016.09.07 05:07:10.833,1.28443,1.28451,1.00,1.00
2016.09.07 05:07:10.935,1.28443,1.28451,1.35,1.00
2016.09.07 05:07:11.038,1.28443,1.28453,1.35,1.50
2016.09.07 05:07:11.140,1.28443,1.28451,1.00,1.00
2016.09.07 05:07:11.420,1.28442,1.28451,2.10,1.00
2016.09.07 05:07:11.471,1.28442,1.28451,1.50,1.00
2016.09.07 05:07:11.573,1.28442,1.28451,3.75,1.50
2016.09.07 05:07:11.624,1.28443,1.28451,2.62,1.50
2016.09.07 05:07:11.675,1.28443,1.28451,2.25,1.00
2016.09.07 05:07:11.727,1.28442,1.28451,1.12,1.50
2016.09.07 05:07:11.828,1.28443,1.28451,1.00,1.50
2016.09.07 05:07:12.032,1.28442,1.28451,1.72,1.00
2016.09.07 05:07:12.083,1.28442,1.28451,2.10,1.00
2016.09.07 05:07:12.134,1.28443,1.28451,1.12,1.00
2016.09.07 05:07:12.604,1.28443,1.28452,1.12,1.00
2016.09.07 05:07:12.666,1.28443,1.28454,1.12,2.25
2016.09.07 05:07:12.717,1.28443,1.28454,1.72,1.50
2016.09.07 05:07:12.768,1.28443,1.28454,1.72,1.00
2016.09.07 05:07:12.870,1.28443,1.28453,1.50,1.00
2016.09.07 05:07:12.922,1.28443,1.28453,2.47,1.00
2016.09.07 05:07:12.973,1.28443,1.28453,2.10,1.00
2016.09.07 05:07:13.024,1.28443,1.28453,1.12,1.00
2016.09.07 05:07:13.483,1.28443,1.28453,1.72,1.00
2016.09.07 05:07:13.686,1.28443,1.28453,2.10,1.00
2016.09.07 05:07:13.737,1.28443,1.28453,1.50,1.00
2016.09.07 05:07:13.790,1.28443,1.28453,2.10,1.00
2016.09.07 05:07:13.863,1.28444,1.28453,1.12,1.00
2016.09.07 05:07:14.410,1.28443,1.28453,1.50,1.00
2016.09.07 05:07:14.461,1.28443,1.28452,1.50,1.00
2016.09.07 05:07:14.563,1.28443,1.28453,1.50,1.00
2016.09.07 05:07:14.614,1.28444,1.28453,1.12,1.00
2016.09.07 05:07:15.872,1.28444,1.28453,1.00,1.00
2016.09.07 05:07:18.320,1.28444,1.28453,1.00,1.00
2016.09.07 05:07:18.742,1.28443,1.28452,1.50,1.00
2016.09.07 05:07:18.844,1.28444,1.28452,1.00,1.00
2016.09.07 05:07:18.947,1.28443,1.28454,2.10,1.00
2016.09.07 05:07:19.728,1.28444,1.28454,1.35,1.00
2016.09.07 05:07:19.882,1.28444,1.28454,1.00,1.00
2016.09.07 05:07:19.933,1.28443,1.28454,2.47,1.00
2016.09.07 05:07:20.087,1.28443,1.28456,2.85,2.62
2016.09.07 05:07:20.138,1.28444,1.28456,1.30,2.25
2016.09.07 05:07:22.635,1.28444,1.28456,1.72,1.50
2016.09.07 05:07:22.686,1.28444,1.28456,2.10,1.50
2016.09.07 05:07:22.737,1.28445,1.28456,1.30,1.50
2016.09.07 05:07:22.788,1.28444,1.28456,2.85,1.50
2016.09.07 05:07:23.059,1.28445,1.28456,1.00,1.69
2016.09.07 05:07:23.262,1.28445,1.28456,1.35,1.69
2016.09.07 05:07:26.691,1.28445,1.28456,1.00,1.69
2016.09.07 05:07:26.742,1.28444,1.28456,2.85,1.50
2016.09.07 05:07:30.142,1.28444,1.28456,2.25,1.50
2016.09.07 05:07:30.193,1.28444,1.28455,2.62,1.00
2016.09.07 05:07:30.244,1.28444,1.28455,4.12,1.00
2016.09.07 05:07:30.397,1.28444,1.28455,4.12,1.00
2016.09.07 05:07:30.823,1.28444,1.28455,4.12,1.00
2016.09.07 05:07:31.422,1.28445,1.28455,1.00,1.00
2016.09.07 05:07:32.471,1.28445,1.28455,1.50,1.00
2016.09.07 05:07:32.674,1.28445,1.28455,1.00,1.00
2016.09.07 05:07:33.339,1.28445,1.28455,1.50,1.00
2016.09.07 05:07:33.441,1.28445,1.28455,1.12,1.00
2016.09.07 05:07:34.739,1.28444,1.28455,1.87,1.50
2016.09.07 05:07:34.791,1.28444,1.28452,1.50,1.00
2016.09.07 05:07:34.893,1.28444,1.28454,1.50,1.00
2016.09.07 05:07:35.351,1.28443,1.28453,2.10,1.00
2016.09.07 05:07:35.402,1.28443,1.28452,1.72,1.00
2016.09.07 05:07:35.453,1.28444,1.28452,1.00,1.00
2016.09.07 05:07:35.505,1.28444,1.28452,1.35,1.00
2016.09.07 05:07:35.556,1.28443,1.28454,1.72,1.00
2016.09.07 05:07:35.840,1.28444,1.28454,1.00,1.00
2016.09.07 05:07:35.891,1.28444,1.28453,1.00,1.00
2016.09.07 05:07:36.349,1.28444,1.28453,1.00,1.00
2016.09.07 05:07:36.400,1.28444,1.28452,1.00,1.00
2016.09.07 05:07:37.372,1.28443,1.28452,1.12,1.00
2016.09.07 05:07:38.673,1.28443,1.28453,1.72,1.00
2016.09.07 05:07:39.334,1.28444,1.28453,1.30,1.00
2016.09.07 05:07:39.385,1.28443,1.28453,2.10,1.00
2016.09.07 05:07:39.487,1.28444,1.28453,1.12,1.00
2016.09.07 05:07:39.710,1.28444,1.28453,1.72,1.00
2016.09.07 05:07:39.913,1.28444,1.28453,1.12,1.00
2016.09.07 05:07:40.590,1.28443,1.28453,2.10,1.00
2016.09.07 05:07:41.275,1.28444,1.28454,1.12,1.50
2016.09.07 05:07:41.460,1.28443,1.28454,2.10,1.50
2016.09.07 05:07:41.511,1.28443,1.28453,2.10,1.00
2016.09.07 05:07:41.612,1.28443,1.28453,1.50,1.00
2016.09.07 05:07:41.663,1.28444,1.28453,1.12,1.00
2016.09.07 05:07:41.765,1.28443,1.28452,1.50,1.00
2016.09.07 05:07:42.257,1.28443,1.28452,2.10,1.00
2016.09.07 05:07:42.308,1.28443,1.28454,1.50,1.00
2016.09.07 05:07:42.596,1.28443,1.28453,2.10,1.00
2016.09.07 05:07:42.740,1.28443,1.28453,2.47,1.00
2016.09.07 05:07:42.893,1.28444,1.28453,1.30,1.00
2016.09.07 05:07:42.995,1.28443,1.28453,2.47,1.00
2016.09.07 05:07:43.046,1.28444,1.28453,1.12,1.00
2016.09.07 05:07:43.097,1.28444,1.28455,1.12,1.50
2016.09.07 05:07:43.148,1.28443,1.28455,2.47,1.50
2016.09.07 05:07:43.301,1.28444,1.28455,1.30,1.50
2016.09.07 05:07:43.520,1.28443,1.28455,2.47,1.50
2016.09.07 05:07:44.407,1.28443,1.28455,2.47,1.50
2016.09.07 05:07:44.458,1.28443,1.28455,3.22,1.50
2016.09.07 05:07:44.509,1.28444,1.28455,1.30,1.50
2016.09.07 05:07:44.560,1.28444,1.28455,1.72,1.50
2016.09.07 05:07:44.649,1.28444,1.28455,1.12,1.50
2016.09.07 05:07:44.751,1.28444,1.28455,1.72,1.50
2016.09.07 05:07:44.853,1.28444,1.28455,1.12,1.50
2016.09.07 05:07:45.552,1.28443,1.28455,3.22,1.50
2016.09.07 05:07:45.881,1.28444,1.28455,1.30,1.50
2016.09.07 05:07:45.932,1.28443,1.28455,3.22,1.50
2016.09.07 05:07:46.933,1.28444,1.28455,1.30,1.50
2016.09.07 05:07:47.086,1.28444,1.28455,1.72,1.50
2016.09.07 05:07:47.783,1.28445,1.28455,1.35,1.50
2016.09.07 05:07:47.834,1.28445,1.28455,1.72,1.50
2016.09.07 05:07:48.494,1.28445,1.28455,1.30,1.50
2016.09.07 05:07:49.359,1.28444,1.28455,1.50,1.50
2016.09.07 05:07:49.634,1.28445,1.28455,1.30,1.50
2016.09.07 05:07:50.207,1.28444,1.28455,1.50,1.50
2016.09.07 05:07:50.375,1.28444,1.28455,2.10,1.50
2016.09.07 05:07:50.635,1.28444,1.28455,1.50,1.50
2016.09.07 05:07:50.736,1.28444,1.28455,2.10,1.50
2016.09.07 05:07:51.209,1.28445,1.28455,1.30,1.50
2016.09.07 05:07:51.261,1.28444,1.28455,2.10,1.50
2016.09.07 05:07:51.586,1.28444,1.28454,2.10,1.00
2016.09.07 05:07:52.230,1.28444,1.28454,1.50,1.00
2016.09.07 05:07:52.389,1.28445,1.28454,1.30,1.00
2016.09.07 05:07:52.440,1.28444,1.28454,1.50,1.00
2016.09.07 05:07:52.541,1.28444,1.28454,1.35,1.00
2016.09.07 05:07:53.606,1.28444,1.28454,2.10,1.00
2016.09.07 05:07:53.657,1.28445,1.28454,1.12,1.00
2016.09.07 05:07:53.924,1.28444,1.28453,2.10,1.00
2016.09.07 05:07:54.092,1.28444,1.28454,1.50,1.00
2016.09.07 05:07:54.194,1.28445,1.28453,1.12,1.00
2016.09.07 05:07:54.255,1.28444,1.28453,1.50,1.00
2016.09.07 05:07:54.307,1.28444,1.28455,2.10,1.50
2016.09.07 05:07:54.358,1.28444,1.28455,1.50,1.50
2016.09.07 05:07:54.510,1.28444,1.28454,1.50,1.00
2016.09.07 05:07:54.561,1.28445,1.28454,1.30,1.00
2016.09.07 05:07:54.614,1.28444,1.28454,2.10,1.00
2016.09.07 05:07:55.436,1.28444,1.28454,1.50,1.00
2016.09.07 05:07:55.689,1.28444,1.28454,2.10,1.00
2016.09.07 05:07:56.142,1.28444,1.28454,1.50,1.00
2016.09.07 05:07:56.350,1.28444,1.28454,2.10,1.00
2016.09.07 05:07:56.655,1.28444,1.28454,1.50,1.00
2016.09.07 05:07:56.706,1.28445,1.28454,1.12,1.00
2016.09.07 05:07:58.579,1.28443,1.28454,3.22,1.00
2016.09.07 05:07:58.680,1.28443,1.28454,3.22,1.00
2016.09.07 05:07:59.328,1.28444,1.28454,1.30,1.00
2016.09.07 05:07:59.698,1.28444,1.28453,1.12,1.00
2016.09.07 05:07:59.749,1.28444,1.28453,1.50,1.00
2016.09.07 05:07:59.800,1.28444,1.28452,4.35,1.00
2016.09.07 05:07:59.851,1.28444,1.28452,3.97,1.00
2016.09.07 05:07:59.902,1.28444,1.28454,1.30,1.00
2016.09.07 05:07:59.953,1.28443,1.28454,3.60,1.00
2016.09.07 05:08:00.004,1.28443,1.28454,3.60,1.00
2016.09.07 05:08:00.055,1.28444,1.28454,1.72,1.00
2016.09.07 05:08:00.106,1.28444,1.28454,1.50,1.00
2016.09.07 05:08:00.208,1.28444,1.28455,1.50,2.25
2016.09.07 05:08:00.296,1.28444,1.28453,1.50,1.00
2016.09.07 05:08:00.347,1.28444,1.28453,2.10,1.00
2016.09.07 05:08:00.805,1.28444,1.28455,2.10,2.25
2016.09.07 05:08:01.111,1.28444,1.28455,2.85,2.25
2016.09.07 05:08:01.486,1.28445,1.28455,1.00,2.25
2016.09.07 05:08:03.901,1.28445,1.28455,1.00,1.00
2016.09.07 05:08:04.003,1.28444,1.28456,1.50,1.00
2016.09.07 05:08:04.105,1.28445,1.28455,1.00,1.00
2016.09.07 05:08:04.667,1.28444,1.28455,1.12,1.00
2016.09.07 05:08:04.894,1.28445,1.28455,1.00,1.00
2016.09.07 05:08:05.507,1.28444,1.28455,1.72,1.00
2016.09.07 05:08:05.608,1.28445,1.28455,1.00,1.00
2016.09.07 05:08:06.109,1.28444,1.28455,1.72,1.00
2016.09.07 05:08:07.843,1.28444,1.28455,1.12,1.00
2016.09.07 05:08:07.894,1.28444,1.28455,1.12,1.00
2016.09.07 05:08:07.945,1.28444,1.28455,2.10,1.00
2016.09.07 05:08:07.996,1.28444,1.28455,2.10,1.00
2016.09.07 05:08:08.278,1.28445,1.28455,1.12,1.00
2016.09.07 05:08:10.274,1.28444,1.28455,2.10,1.00
2016.09.07 05:08:11.117,1.28445,1.28455,1.12,1.00
2016.09.07 05:08:11.168,1.28445,1.28455,1.00,1.00
2016.09.07 05:08:11.321,1.28444,1.28454,1.12,1.00
2016.09.07 05:08:11.958,1.28444,1.28454,1.72,1.00
2016.09.07 05:08:12.009,1.28445,1.28456,1.35,1.69
2016.09.07 05:08:12.161,1.28445,1.28456,1.00,1.69
2016.09.07 05:08:12.213,1.28445,1.28455,1.00,1.00
2016.09.07 05:08:12.416,1.28444,1.28455,1.12,1.00
2016.09.07 05:08:12.467,1.28444,1.28455,1.72,1.00
2016.09.07 05:08:12.620,1.28444,1.28455,1.12,1.00
2016.09.07 05:08:12.975,1.28445,1.28455,1.00,1.00
2016.09.07 05:08:13.077,1.28444,1.28455,1.12,1.00
2016.09.07 05:08:13.358,1.28444,1.28455,1.72,1.00
2016.09.07 05:08:13.409,1.28444,1.28455,1.12,1.00
2016.09.07 05:08:13.614,1.28444,1.28453,1.12,1.00
2016.09.07 05:08:13.819,1.28444,1.28455,1.12,1.00
2016.09.07 05:08:14.003,1.28444,1.28454,1.72,1.00
2016.09.07 05:08:14.105,1.28444,1.28454,1.12,1.00
2016.09.07 05:08:14.207,1.28445,1.28454,1.00,1.00
2016.09.07 05:08:14.309,1.28444,1.28453,1.12,1.00
2016.09.07 05:08:14.462,1.28444,1.28454,1.50,1.00
2016.09.07 05:08:14.513,1.28445,1.28454,1.00,1.00
2016.09.07 05:08:14.681,1.28444,1.28454,1.87,1.00
2016.09.07 05:08:14.783,1.28445,1.28454,1.00,1.00
2016.09.07 05:08:14.885,1.28444,1.28453,1.87,1.00
2016.09.07 05:08:15.022,1.28444,1.28453,2.47,1.00
2016.09.07 05:08:15.124,1.28445,1.28455,1.00,1.00
2016.09.07 05:08:15.226,1.28445,1.28453,1.00,1.00
2016.09.07 05:08:15.420,1.28444,1.28455,1.87,1.00
2016.09.07 05:08:15.472,1.28444,1.28455,2.47,1.00
2016.09.07 05:08:15.523,1.28445,1.28453,1.00,1.00
2016.09.07 05:08:15.840,1.28445,1.28455,1.00,1.00
2016.09.07 05:08:15.891,1.28444,1.28455,2.47,1.00
2016.09.07 05:08:16.261,1.28444,1.28454,1.87,1.00
2016.09.07 05:08:16.656,1.28444,1.28454,2.47,1.00
2016.09.07 05:08:16.707,1.28445,1.28454,1.00,1.00
2016.09.07 05:08:16.810,1.28444,1.28454,2.47,1.00
2016.09.07 05:08:16.912,1.28445,1.28454,1.00,1.00
2016.09.07 05:08:17.013,1.28444,1.28454,2.47,1.00
2016.09.07 05:08:17.115,1.28444,1.28454,1.87,1.00
2016.09.07 05:08:17.481,1.28445,1.28454,1.00,1.00
2016.09.07 05:08:18.424,1.28444,1.28454,1.87,1.00
2016.09.07 05:08:18.831,1.28444,1.28452,1.87,1.00
2016.09.07 05:08:18.899,1.28445,1.28452,1.00,1.00
2016.09.07 05:08:19.002,1.28444,1.28451,1.12,1.00
2016.09.07 05:08:19.104,1.28443,1.28453,1.50,1.50
2016.09.07 05:08:19.257,1.28443,1.28453,1.87,1.50
2016.09.07 05:08:19.308,1.28444,1.28453,1.00,2.25
2016.09.07 05:08:19.359,1.28444,1.28453,1.00,1.50
2016.09.07 05:08:19.752,1.28444,1.28453,1.35,1.50
2016.09.07 05:08:19.905,1.28444,1.28453,1.35,1.00
2016.09.07 05:08:20.472,1.28444,1.28453,1.00,1.00
2016.09.07 05:08:20.523,1.28444,1.28453,1.30,1.00
2016.09.07 05:08:20.993,1.28443,1.28453,4.35,1.00
2016.09.07 05:08:21.095,1.28444,1.28453,1.72,1.00
2016.09.07 05:08:21.600,1.28443,1.28453,1.72,1.00
2016.09.07 05:08:21.956,1.28443,1.28453,2.10,1.00
2016.09.07 05:08:22.007,1.28444,1.28453,1.30,1.00
2016.09.07 05:08:23.550,1.28444,1.28454,1.30,1.50
2016.09.07 05:08:23.601,1.28444,1.28454,1.72,1.50
2016.09.07 05:08:23.702,1.28444,1.28454,1.30,1.50
2016.09.07 05:08:23.753,1.28444,1.28453,1.30,1.00
2016.09.07 05:08:23.805,1.28443,1.28453,2.47,1.00
2016.09.07 05:08:24.304,1.28444,1.28453,1.35,1.00
2016.09.07 05:08:25.028,1.28443,1.28453,2.47,1.00
2016.09.07 05:08:26.882,1.28443,1.28453,2.85,1.00
2016.09.07 05:08:26.933,1.28444,1.28453,1.12,1.00
2016.09.07 05:08:27.137,1.28444,1.28454,1.12,1.50
2016.09.07 05:08:27.695,1.28445,1.28454,1.00,1.50
2016.09.07 05:08:28.150,1.28445,1.28453,1.00,1.00
2016.09.07 05:08:28.580,1.28443,1.28452,2.10,1.00
2016.09.07 05:08:28.853,1.28443,1.28452,1.50,1.00
2016.09.07 05:08:29.216,1.28444,1.28452,1.00,1.00
2016.09.07 05:08:29.677,1.28444,1.28452,1.50,1.00
2016.09.07 05:08:30.544,1.28444,1.28451,1.50,1.00
2016.09.07 05:08:30.595,1.28445,1.28451,1.12,1.00
2016.09.07 05:08:30.697,1.28444,1.28451,1.50,1.00
2016.09.07 05:08:30.901,1.28445,1.28452,1.12,1.00
2016.09.07 05:08:31.925,1.28445,1.28451,1.12,1.00
2016.09.07 05:08:33.396,1.28444,1.28451,1.50,1.00
2016.09.07 05:08:33.569,1.28444,1.28453,1.50,1.00
2016.09.07 05:08:34.346,1.28444,1.28453,1.00,1.00
2016.09.07 05:08:35.302,1.28444,1.28453,1.35,1.00
2016.09.07 05:08:35.648,1.28444,1.28452,1.00,1.00
2016.09.07 05:08:35.750,1.28444,1.28452,1.12,1.00
2016.09.07 05:08:36.320,1.28444,1.28453,1.12,1.00
2016.09.07 05:08:36.440,1.28444,1.28451,1.12,1.00
2016.09.07 05:08:36.954,1.28444,1.28451,1.00,1.00
2016.09.07 05:08:37.494,1.28444,1.28452,1.00,1.00
2016.09.07 05:08:37.545,1.28443,1.28452,1.72,1.00
2016.09.07 05:08:42.770,1.28443,1.28452,1.12,1.00
2016.09.07 05:08:43.179,1.28444,1.28452,1.00,1.00
2016.09.07 05:08:43.231,1.28443,1.28452,1.72,1.00
2016.09.07 05:08:43.822,1.28444,1.28452,1.00,1.00
2016.09.07 05:08:43.948,1.28444,1.28453,1.35,1.87
2016.09.07 05:08:44.050,1.28444,1.28453,1.00,1.50
2016.09.07 05:08:44.253,1.28444,1.28453,1.00,1.00
2016.09.07 05:08:44.355,1.28443,1.28451,1.72,1.00
2016.09.07 05:08:44.406,1.28444,1.28451,1.00,1.00
2016.09.07 05:08:44.508,1.28443,1.28452,1.12,1.00
2016.09.07 05:08:45.016,1.28443,1.28451,1.12,1.00
2016.09.07 05:08:45.528,1.28442,1.28451,2.10,1.00
2016.09.07 05:08:45.579,1.28442,1.28451,1.72,1.00
2016.09.07 05:08:46.528,1.28443,1.28451,1.35,1.00
2016.09.07 05:08:46.782,1.28443,1.28451,1.72,1.00
2016.09.07 05:08:48.685,1.28443,1.28451,1.35,1.00
2016.09.07 05:08:48.736,1.28442,1.28451,1.72,1.00
2016.09.07 05:08:50.134,1.28443,1.28451,1.00,1.00
2016.09.07 05:08:50.186,1.28443,1.28451,2.10,1.00
2016.09.07 05:08:50.637,1.28444,1.28451,1.12,1.00
2016.09.07 05:08:50.739,1.28443,1.28451,1.50,1.00
2016.09.07 05:08:50.840,1.28444,1.28451,1.12,1.00
2016.09.07 05:08:51.118,1.28443,1.28451,1.50,1.00
2016.09.07 05:08:51.322,1.28442,1.28451,2.10,1.00
2016.09.07 05:08:51.578,1.28443,1.28451,1.30,1.00
2016.09.07 05:08:51.629,1.28443,1.28451,1.72,1.00
2016.09.07 05:08:51.680,1.28443,1.28449,1.12,1.00
2016.09.07 05:08:51.731,1.28442,1.28449,1.50,1.00
2016.09.07 05:08:51.782,1.28442,1.28449,2.10,1.00
2016.09.07 05:08:51.833,1.28443,1.28449,1.12,1.00
2016.09.07 05:08:51.935,1.28443,1.28449,1.30,1.00
2016.09.07 05:08:52.138,1.28442,1.28449,2.10,1.00
2016.09.07 05:08:52.240,1.28443,1.28449,1.30,1.00
2016.09.07 05:08:52.342,1.28443,1.28449,1.12,1.00
2016.09.07 05:08:52.444,1.28442,1.28449,1.50,1.00
2016.09.07 05:08:52.647,1.28443,1.2845,1.30,1.00
2016.09.07 05:08:52.749,1.28443,1.2845,1.72,1.00
2016.09.07 05:08:52.800,1.28443,1.2845,1.12,1.00
2016.09.07 05:08:52.851,1.28443,1.2845,1.30,1.00
2016.09.07 05:08:52.954,1.28443,1.2845,1.72,1.00
2016.09.07 05:08:53.125,1.28443,1.2845,1.30,1.00
2016.09.07 05:08:53.648,1.28443,1.28451,1.30,1.00
2016.09.07 05:08:54.262,1.28443,1.28451,1.72,1.00
2016.09.07 05:08:59.937,1.28444,1.28451,1.00,1.00
2016.09.07 05:09:00.039,1.28443,1.28451,1.72,1.00
2016.09.07 05:09:03.343,1.28444,1.28451,1.00,1.00
2016.09.07 05:09:03.445,1.28443,1.2845,1.12,1.00
2016.09.07 05:09:03.496,1.28443,1.28451,2.10,1.00
2016.09.07 05:09:03.547,1.28444,1.28451,1.35,1.00
2016.09.07 05:09:03.761,1.28444,1.28451,1.00,1.00
2016.09.07 05:09:03.863,1.28444,1.28451,1.12,1.00
2016.09.07 05:09:04.274,1.28444,1.28451,1.72,1.00
2016.09.07 05:09:04.325,1.28444,1.28451,1.30,1.00
2016.09.07 05:09:04.376,1.28444,1.28453,1.30,1.00
2016.09.07 05:09:04.631,1.28443,1.28453,2.10,1.00
2016.09.07 05:09:04.732,1.28444,1.28453,1.12,1.00
2016.09.07 05:09:04.834,1.28444,1.28454,1.30,1.00
2016.09.07 05:09:04.885,1.28444,1.28454,1.30,1.00
2016.09.07 05:09:04.936,1.28445,1.28454,1.00,1.00
2016.09.07 05:09:04.987,1.28445,1.28454,1.00,1.00
2016.09.07 05:09:05.038,1.28445,1.28454,1.35,1.00
2016.09.07 05:09:05.089,1.28445,1.28454,1.35,1.00
2016.09.07 05:09:05.140,1.28444,1.28454,2.47,1.00
2016.09.07 05:09:05.191,1.28445,1.28454,1.30,1.00
2016.09.07 05:09:05.344,1.28445,1.28454,1.72,1.00
2016.09.07 05:09:05.661,1.28445,1.28454,1.12,1.00
2016.09.07 05:09:05.763,1.28445,1.28454,1.00,1.00
2016.09.07 05:09:05.864,1.28445,1.28453,1.00,1.00
2016.09.07 05:09:05.966,1.28444,1.28454,1.12,1.00
2016.09.07 05:09:06.169,1.28445,1.28454,1.00,1.00
2016.09.07 05:09:07.277,1.28444,1.28454,1.12,1.00
2016.09.07 05:09:07.329,1.28445,1.28454,1.00,1.00
2016.09.07 05:09:07.482,1.28445,1.28455,1.00,2.25
2016.09.07 05:09:07.533,1.28444,1.28455,1.12,2.25
2016.09.07 05:09:07.584,1.28444,1.28454,1.12,1.00
2016.09.07 05:09:09.003,1.28444,1.28454,1.72,1.00
2016.09.07 05:09:09.054,1.28445,1.28454,1.00,1.00
2016.09.07 05:09:10.047,1.28443,1.28454,3.67,1.00
2016.09.07 05:09:10.452,1.28444,1.28454,1.30,1.00
2016.09.07 05:09:10.631,1.28444,1.28454,1.72,1.00
2016.09.07 05:09:10.834,1.28444,1.28454,1.12,1.00
2016.09.07 05:09:10.885,1.28444,1.28454,1.72,1.00
2016.09.07 05:09:11.403,1.28444,1.28453,1.72,1.00
2016.09.07 05:09:11.556,1.28443,1.28453,4.05,1.00
2016.09.07 05:09:12.084,1.28443,1.28454,4.05,1.00
2016.09.07 05:09:12.457,1.28444,1.28454,1.30,1.00
2016.09.07 05:09:12.559,1.28444,1.28454,1.72,1.00
2016.09.07 05:09:12.869,1.28445,1.28453,1.00,1.00
2016.09.07 05:09:13.073,1.28444,1.28454,1.72,1.00
2016.09.07 05:09:13.174,1.28445,1.28454,1.35,1.00
2016.09.07 05:09:13.767,1.28444,1.28454,1.72,1.00
2016.09.07 05:09:13.971,1.28444,1.28453,1.12,1.00
2016.09.07 05:09:14.022,1.28444,1.28453,1.50,1.00
2016.09.07 05:09:14.073,1.28445,1.28453,1.00,1.00
2016.09.07 05:09:14.175,1.28444,1.28453,1.72,1.00
2016.09.07 05:09:14.277,1.28445,1.28453,1.00,1.00
2016.09.07 05:09:14.443,1.28444,1.28453,1.00,1.00
2016.09.07 05:09:14.698,1.28444,1.28453,1.60,1.00
2016.09.07 05:09:14.749,1.28443,1.28453,2.55,1.00
2016.09.07 05:09:14.800,1.28443,1.28455,4.80,1.00
2016.09.07 05:09:14.852,1.28444,1.28455,1.72,1.00
2016.09.07 05:09:14.903,1.28444,1.28453,1.72,1.00
2016.09.07 05:09:15.055,1.28443,1.28453,4.80,1.00
2016.09.07 05:09:15.106,1.28444,1.28453,1.60,1.00
2016.09.07 05:09:15.563,1.28445,1.28454,1.00,1.00
2016.09.07 05:09:15.717,1.28444,1.28453,2.10,1.00
2016.09.07 05:09:16.670,1.28444,1.28452,2.10,1.00
2016.09.07 05:09:17.465,1.28444,1.28452,1.50,1.00
2016.09.07 05:09:17.516,1.28444,1.28454,1.50,1.00
2016.09.07 05:09:17.567,1.28444,1.28454,1.50,1.50
2016.09.07 05:09:17.722,1.28444,1.28453,1.50,1.00
2016.09.07 05:09:17.945,1.28444,1.28453,2.10,1.00
2016.09.07 05:09:17.997,1.28444,1.28453,1.72,1.00
2016.09.07 05:09:18.505,1.28444,1.28453,1.12,1.00
2016.09.07 05:09:18.750,1.28444,1.28453,1.72,1.00
2016.09.07 05:09:19.006,1.28444,1.28453,1.12,1.00
2016.09.07 05:09:19.261,1.28444,1.28453,1.72,1.00
2016.09.07 05:09:19.741,1.28444,1.28453,1.12,1.00
2016.09.07 05:09:20.241,1.28444,1.28453,1.72,1.00
2016.09.07 05:09:20.525,1.28444,1.28453,1.12,1.00
2016.09.07 05:09:22.797,1.28444,1.28453,1.00,1.00
2016.09.07 05:09:24.915,1.28444,1.28453,1.35,1.00
2016.09.07 05:09:24.966,1.28443,1.28453,2.92,1.00
2016.09.07 05:09:25.169,1.28444,1.28453,1.00,1.00
2016.09.07 05:09:25.271,1.28443,1.28453,2.92,1.00
2016.09.07 05:09:25.424,1.28443,1.28453,3.30,1.00
2016.09.07 05:09:25.475,1.28444,1.28453,1.30,1.00
2016.09.07 05:09:25.627,1.28443,1.28453,3.30,1.00
2016.09.07 05:09:26.046,1.28443,1.28453,3.67,1.00
2016.09.07 05:09:26.099,1.28444,1.28454,1.00,1.00
2016.09.07 05:09:26.151,1.28444,1.28454,1.50,1.00
2016.09.07 05:09:26.202,1.28444,1.28454,1.12,1.00
2016.09.07 05:09:26.565,1.28445,1.28454,1.00,1.00
2016.09.07 05:09:26.667,1.28444,1.28454,1.12,1.00
2016.09.07 05:09:26.719,1.28444,1.28454,1.72,1.00
2016.09.07 05:09:27.815,1.28444,1.28454,1.12,1.00
2016.09.07 05:09:28.971,1.28443,1.28454,3.67,1.00
2016.09.07 05:09:29.021,1.28443,1.28454,3.30,1.00
2016.09.07 05:09:29.712,1.28443,1.28455,3.30,1.50
2016.09.07 05:09:31.200,1.28443,1.28454,3.30,1.00
2016.09.07 05:09:31.774,1.28444,1.28454,1.00,1.00
2016.09.07 05:09:32.292,1.28444,1.28454,1.60,1.00
2016.09.07 05:09:32.471,1.28444,1.28454,1.35,1.00
2016.09.07 05:09:32.573,1.28443,1.28454,3.67,1.00
2016.09.07 05:09:33.091,1.28443,1.28453,3.67,1.00
2016.09.07 05:09:34.185,1.28443,1.28453,3.30,1.00
2016.09.07 05:09:34.287,1.28444,1.28453,1.35,1.00
2016.09.07 05:09:34.388,1.28444,1.28453,1.00,1.00
2016.09.07 05:09:34.490,1.28443,1.28453,3.30,1.00
2016.09.07 05:09:35.702,1.28444,1.28454,1.00,1.00
2016.09.07 05:09:35.753,1.28444,1.28454,1.00,1.00
2016.09.07 05:09:36.306,1.28444,1.28454,1.00,1.00
2016.09.07 05:09:37.207,1.28444,1.28453,1.35,1.00
2016.09.07 05:09:37.258,1.28443,1.28453,2.55,1.00
2016.09.07 05:09:37.309,1.28443,1.28453,2.92,1.00
2016.09.07 05:09:37.511,1.28443,1.28453,2.92,1.00
2016.09.07 05:09:38.016,1.28443,1.28455,2.92,1.50
2016.09.07 05:09:38.180,1.28445,1.28455,3.60,1.50
2016.09.07 05:09:38.231,1.28449,1.28459,2.10,4.12
2016.09.07 05:09:38.282,1.28449,1.28459,2.85,3.37
2016.09.07 05:09:38.333,1.28451,1.28461,2.10,1.87
2016.09.07 05:09:38.385,1.28451,1.28461,3.22,1.12
2016.09.07 05:09:38.436,1.28451,1.28462,2.85,1.00
2016.09.07 05:09:38.487,1.28452,1.28462,1.60,1.00
2016.09.07 05:09:38.538,1.28452,1.28463,1.60,2.25
2016.09.07 05:09:38.589,1.28452,1.28463,2.10,2.25
2016.09.07 05:09:38.765,1.28452,1.28463,1.60,2.25
2016.09.07 05:09:38.917,1.28451,1.28463,3.60,3.00
2016.09.07 05:09:38.968,1.28451,1.28463,3.60,2.25
2016.09.07 05:09:39.121,1.28451,1.28462,3.60,1.00
2016.09.07 05:09:39.223,1.28451,1.28462,4.35,1.00
2016.09.07 05:09:39.274,1.28452,1.28462,1.35,1.00
2016.09.07 05:09:40.495,1.28452,1.28461,1.35,1.00
2016.09.07 05:09:41.772,1.28451,1.28461,4.35,1.00
2016.09.07 05:09:42.698,1.28451,1.28461,4.72,1.00
2016.09.07 05:09:42.749,1.28451,1.28461,4.35,1.00
2016.09.07 05:09:42.800,1.28451,1.28461,3.97,1.00
2016.09.07 05:09:42.851,1.28451,1.28461,4.35,1.00
2016.09.07 05:09:44.322,1.28451,1.28462,4.35,1.00
2016.09.07 05:09:44.864,1.28451,1.28461,4.35,1.00
2016.09.07 05:09:47.408,1.28452,1.28461,1.35,1.00
2016.09.07 05:09:47.820,1.28452,1.28461,1.00,1.00
2016.09.07 05:09:47.871,1.28451,1.28461,3.75,1.00
2016.09.07 05:09:48.004,1.28451,1.28461,2.62,1.00
2016.09.07 05:09:48.106,1.28451,1.2846,1.87,1.00
2016.09.07 05:09:48.157,1.28451,1.2846,1.12,1.00
2016.09.07 05:09:48.259,1.28451,1.2846,1.00,1.00
2016.09.07 05:09:49.568,1.28451,1.2846,1.50,1.00
2016.09.07 05:09:49.620,1.28451,1.28462,2.25,1.00
2016.09.07 05:09:49.722,1.28451,1.28461,4.50,1.00
2016.09.07 05:09:49.824,1.28451,1.28463,4.50,1.50
2016.09.07 05:09:50.107,1.28451,1.28463,4.50,1.00
2016.09.07 05:09:50.211,1.28451,1.28463,5.25,1.00
2016.09.07 05:09:50.262,1.28451,1.28462,4.50,1.00
2016.09.07 05:09:50.314,1.28451,1.28462,3.75,1.50
2016.09.07 05:09:50.417,1.28451,1.28461,3.75,1.00
2016.09.07 05:09:50.469,1.28451,1.28461,3.00,1.00
2016.09.07 05:09:50.825,1.28452,1.2846,1.00,1.00
2016.09.07 05:09:51.521,1.28452,1.28462,1.00,1.50
2016.09.07 05:09:51.572,1.28452,1.28462,1.50,1.50
2016.09.07 05:09:51.623,1.28452,1.28462,2.25,1.50
2016.09.07 05:09:52.069,1.28452,1.28462,1.50,1.50
2016.09.07 05:09:52.215,1.28452,1.28462,1.12,1.50
2016.09.07 05:09:56.840,1.28452,1.28462,1.12,1.00
2016.09.07 05:09:56.968,1.28452,1.28461,1.00,1.00
2016.09.07 05:09:57.224,1.28452,1.2846,1.00,1.12
2016.09.07 05:09:58.525,1.28452,1.2846,1.00,1.00
2016.09.07 05:10:00.129,1.28452,1.28461,1.00,1.00
2016.09.07 05:10:00.646,1.28452,1.2846,1.00,1.00
2016.09.07 05:10:02.855,1.28452,1.28462,1.00,1.00
2016.09.07 05:10:02.906,1.28452,1.28463,1.12,1.50
2016.09.07 05:10:02.957,1.28452,1.28462,1.12,1.00
2016.09.07 05:10:03.374,1.2845,1.28461,2.25,1.00
2016.09.07 05:10:03.425,1.28449,1.28461,2.32,1.00
2016.09.07 05:10:03.477,1.28449,1.2846,1.57,1.00
2016.09.07 05:10:03.681,1.28449,1.28459,1.20,1.00
2016.09.07 05:10:03.733,1.28448,1.28459,3.75,1.00
2016.09.07 05:10:03.784,1.28449,1.2846,1.12,1.00
2016.09.07 05:10:04.729,1.28448,1.2846,3.45,1.00
2016.09.07 05:10:04.781,1.28448,1.28461,3.45,1.50
2016.09.07 05:10:05.109,1.28448,1.28461,3.45,1.00
2016.09.07 05:10:05.160,1.28449,1.28458,1.12,1.00
2016.09.07 05:10:05.211,1.28449,1.28458,1.00,1.00
2016.09.07 05:10:05.262,1.28449,1.28456,3.00,1.00
2016.09.07 05:10:05.314,1.28449,1.28456,3.37,1.00
2016.09.07 05:10:05.366,1.28448,1.28458,3.45,1.00
2016.09.07 05:10:05.417,1.28448,1.28458,1.20,1.00
2016.09.07 05:10:05.468,1.28448,1.28458,1.10,1.00
2016.09.07 05:10:05.570,1.28448,1.28459,1.10,1.12
2016.09.07 05:10:06.678,1.28448,1.28458,1.10,1.00
2016.09.07 05:10:06.729,1.28448,1.28458,1.00,1.00
2016.09.07 05:10:09.407,1.28448,1.28458,1.50,1.00
2016.09.07 05:10:09.459,1.28448,1.28459,1.87,1.00
2016.09.07 05:10:09.710,1.28449,1.28459,1.00,1.00
2016.09.07 05:10:10.394,1.28449,1.28458,1.00,1.00
2016.09.07 05:10:20.241,1.28448,1.28458,1.87,1.00
2016.09.07 05:10:20.292,1.28448,1.28458,1.12,1.00
2016.09.07 05:10:20.820,1.28448,1.28459,1.12,1.00
2016.09.07 05:10:21.355,1.28448,1.28458,1.12,1.00
2016.09.07 05:10:21.508,1.28449,1.28459,1.00,1.00
2016.09.07 05:10:21.712,1.28449,1.28457,1.00,1.00
2016.09.07 05:10:21.908,1.28449,1.28459,1.00,1.00
2016.09.07 05:10:22.417,1.28449,1.28458,1.00,1.00
2016.09.07 05:10:22.720,1.28448,1.28458,1.12,1.00
2016.09.07 05:10:23.619,1.28449,1.28459,1.00,1.00
2016.09.07 05:10:23.670,1.28449,1.28457,1.00,1.00
2016.09.07 05:10:23.823,1.28448,1.28457,1.12,1.00
2016.09.07 05:10:24.770,1.28448,1.28458,1.12,1.00
2016.09.07 05:10:25.672,1.28448,1.28459,1.12,1.12
2016.09.07 05:10:25.950,1.28449,1.28459,1.00,1.12
2016.09.07 05:10:26.001,1.28449,1.28458,1.00,1.00
2016.09.07 05:10:26.103,1.28449,1.28459,1.00,1.12
2016.09.07 05:10:26.154,1.28448,1.28459,1.12,1.12
2016.09.07 05:10:26.471,1.28448,1.28457,1.12,1.00
2016.09.07 05:10:26.834,1.28449,1.28457,1.00,1.00
2016.09.07 05:10:26.928,1.28449,1.28459,1.00,1.12
2016.09.07 05:10:27.175,1.28449,1.28458,1.00,1.00
2016.09.07 05:10:27.226,1.28448,1.28458,1.12,1.00
2016.09.07 05:10:27.277,1.28448,1.28459,1.12,1.12
2016.09.07 05:10:27.379,1.28448,1.28458,1.12,1.00
2016.09.07 05:10:27.753,1.28448,1.28459,1.12,1.12
2016.09.07 05:10:28.594,1.28448,1.28458,1.12,1.00
2016.09.07 05:10:28.874,1.28448,1.28459,1.12,1.12
2016.09.07 05:10:28.976,1.28448,1.28458,1.12,1.00
2016.09.07 05:10:29.575,1.28448,1.28459,1.12,1.12
2016.09.07 05:10:29.677,1.28448,1.28458,1.12,1.00
2016.09.07 05:10:30.134,1.28449,1.28458,1.00,1.00
2016.09.07 05:10:30.236,1.28448,1.28458,1.12,1.00
2016.09.07 05:10:30.287,1.28448,1.28459,1.12,1.12
2016.09.07 05:10:30.682,1.28448,1.28458,1.12,1.00
2016.09.07 05:10:30.890,1.28448,1.28459,1.12,1.12
2016.09.07 05:10:31.094,1.28448,1.28458,1.12,1.00
2016.09.07 05:10:31.195,1.28448,1.28459,1.12,1.12
2016.09.07 05:10:31.297,1.28448,1.28458,1.12,1.00
2016.09.07 05:10:32.779,1.28448,1.28457,1.12,1.00
2016.09.07 05:10:33.391,1.28448,1.28458,1.12,1.00
2016.09.07 05:10:34.471,1.28448,1.28457,1.12,1.00
2016.09.07 05:10:34.624,1.28449,1.28457,1.00,1.00
2016.09.07 05:10:34.726,1.28449,1.28458,1.00,1.00
2016.09.07 05:10:34.827,1.28448,1.28457,1.12,1.00
2016.09.07 05:10:35.434,1.28449,1.28457,1.00,1.00
2016.09.07 05:10:35.516,1.28448,1.28457,1.12,1.00
2016.09.07 05:10:37.983,1.28448,1.28458,1.12,1.00
2016.09.07 05:10:38.156,1.28449,1.28457,1.00,1.00
2016.09.07 05:10:38.208,1.28449,1.28459,1.00,1.12
2016.09.07 05:10:38.260,1.2845,1.28459,2.85,1.12
2016.09.07 05:10:38.311,1.28451,1.28462,1.60,3.37
2016.09.07 05:10:38.362,1.28451,1.28462,2.10,1.50
2016.09.07 05:10:38.414,1.28453,1.28463,1.30,3.00
2016.09.07 05:10:38.465,1.28453,1.28463,1.72,1.00
2016.09.07 05:10:38.618,1.28453,1.28463,1.72,1.00
2016.09.07 05:10:39.184,1.28453,1.28463,1.12,1.00
2016.09.07 05:10:39.304,1.28453,1.28461,1.00,1.00
2016.09.07 05:10:39.406,1.28453,1.28461,1.00,1.50
2016.09.07 05:10:39.457,1.28451,1.28461,1.00,1.50
2016.09.07 05:10:39.509,1.2845,1.28461,3.37,1.50
2016.09.07 05:10:39.560,1.28449,1.28461,4.80,1.50
2016.09.07 05:10:39.611,1.28449,1.28461,2.92,1.87
2016.09.07 05:10:39.661,1.28449,1.28461,1.80,1.87
2016.09.07 05:10:39.712,1.28449,1.28461,1.80,1.87
2016.09.07 05:10:39.763,1.28449,1.28461,2.55,1.87
2016.09.07 05:10:39.814,1.2845,1.28461,1.00,1.12
2016.09.07 05:10:40.877,1.2845,1.28461,1.35,1.12
2016.09.07 05:10:40.928,1.2845,1.28461,3.60,1.00
2016.09.07 05:10:41.722,1.2845,1.28461,3.97,1.00
2016.09.07 05:10:41.773,1.28451,1.28461,1.12,1.00
2016.09.07 05:10:41.825,1.28451,1.28462,3.37,1.00
2016.09.07 05:10:41.995,1.28451,1.28462,2.62,1.00
2016.09.07 05:10:42.046,1.28452,1.28462,1.30,1.00
2016.09.07 05:10:42.097,1.28452,1.28464,1.30,1.12
2016.09.07 05:10:42.199,1.28452,1.28464,1.30,1.12
2016.09.07 05:10:42.250,1.28453,1.28464,1.00,1.12
2016.09.07 05:10:42.557,1.28452,1.28464,2.10,1.12
2016.09.07 05:10:42.608,1.28452,1.28463,2.10,1.00
2016.09.07 05:10:42.660,1.28452,1.28463,1.50,1.00
2016.09.07 05:10:42.711,1.28453,1.28464,1.30,1.00
2016.09.07 05:10:43.675,1.28453,1.28464,1.30,1.00
2016.09.07 05:10:43.727,1.28452,1.28462,1.12,1.00
2016.09.07 05:10:43.778,1.28452,1.28462,1.72,1.00
2016.09.07 05:10:43.829,1.28452,1.28461,1.00,1.00
2016.09.07 05:10:43.912,1.28451,1.28461,1.12,1.00
2016.09.07 05:10:43.963,1.2845,1.28461,2.70,1.00
2016.09.07 05:10:44.014,1.2845,1.28462,1.10,1.12
2016.09.07 05:10:44.065,1.2845,1.28462,1.05,1.12
2016.09.07 05:10:44.116,1.28449,1.28462,3.22,3.00
2016.09.07 05:10:44.168,1.28449,1.28462,2.47,3.00
2016.09.07 05:10:44.219,1.28449,1.28461,2.47,1.12
2016.09.07 05:10:44.473,1.28449,1.28461,1.87,1.12
2016.09.07 05:10:44.524,1.28449,1.2846,2.47,1.00
2016.09.07 05:10:44.575,1.28449,1.2846,1.87,1.00
2016.09.07 05:10:44.626,1.28449,1.28461,3.75,1.00
2016.09.07 05:10:44.678,1.28449,1.28461,4.12,1.00
2016.09.07 05:10:44.780,1.28449,1.28461,4.50,1.00
2016.09.07 05:10:46.063,1.28449,1.28461,5.25,1.00
2016.09.07 05:10:46.766,1.28449,1.2846,5.25,1.00
2016.09.07 05:10:47.353,1.28449,1.28461,5.25,1.00
2016.09.07 05:10:48.126,1.28449,1.2846,5.25,1.00
2016.09.07 05:10:48.177,1.28449,1.2846,4.50,1.00
2016.09.07 05:10:48.755,1.28449,1.28461,4.50,1.00
2016.09.07 05:10:49.035,1.28449,1.2846,5.25,1.00
2016.09.07 05:10:50.207,1.28449,1.28461,4.50,1.00
2016.09.07 05:10:50.632,1.2845,1.28461,1.00,1.00
2016.09.07 05:10:50.960,1.2845,1.28459,1.00,1.00
2016.09.07 05:10:52.716,1.2845,1.2846,1.00,1.00
2016.09.07 05:10:53.718,1.2845,1.28461,1.00,1.00
2016.09.07 05:10:53.769,1.2845,1.28461,1.50,1.00
2016.09.07 05:10:54.943,1.2845,1.28461,1.00,1.00
2016.09.07 05:10:55.248,1.2845,1.28459,1.00,1.00
2016.09.07 05:10:55.756,1.2845,1.2846,1.00,1.00
2016.09.07 05:10:56.679,1.2845,1.2846,1.00,1.00
2016.09.07 05:10:56.731,1.28448,1.28459,1.10,1.00
2016.09.07 05:10:56.782,1.28449,1.28459,1.50,1.00
2016.09.07 05:10:56.833,1.28449,1.2846,1.50,1.00
2016.09.07 05:10:56.987,1.2845,1.2846,1.12,1.00
2016.09.07 05:10:57.976,1.28449,1.2846,1.50,1.00
2016.09.07 05:10:59.690,1.28449,1.2846,1.50,1.00
2016.09.07 05:10:59.848,1.2845,1.28459,1.12,1.00
2016.09.07 05:11:00.253,1.28449,1.2846,1.50,1.00
2016.09.07 05:11:00.769,1.28449,1.28459,1.50,1.00
2016.09.07 05:11:02.229,1.28449,1.28458,1.50,1.00
2016.09.07 05:11:02.381,1.2845,1.28459,1.12,1.00
2016.09.07 05:11:02.432,1.2845,1.2846,1.12,1.00
2016.09.07 05:11:02.534,1.2845,1.28459,1.12,1.00
2016.09.07 05:11:02.686,1.28449,1.28459,1.50,1.00
2016.09.07 05:11:02.738,1.28449,1.2846,1.50,1.00
2016.09.07 05:11:02.789,1.2845,1.2846,1.12,1.00
2016.09.07 05:11:02.840,1.2845,1.28459,1.12,1.00
2016.09.07 05:11:03.691,1.28449,1.28459,1.50,1.00
2016.09.07 05:11:04.215,1.28449,1.28458,1.50,1.00
2016.09.07 05:11:04.317,1.28449,1.2846,1.50,1.50
2016.09.07 05:11:04.717,1.28449,1.28458,1.50,1.00
2016.09.07 05:11:05.117,1.28449,1.2846,1.50,1.50
2016.09.07 05:11:05.219,1.28449,1.28459,1.50,1.00
2016.09.07 05:11:06.319,1.28449,1.2846,1.50,1.50
2016.09.07 05:11:07.021,1.28449,1.28457,1.50,1.00
2016.09.07 05:11:07.073,1.2845,1.28457,1.12,1.00
2016.09.07 05:11:07.175,1.28449,1.28456,1.50,1.00
2016.09.07 05:11:07.277,1.28447,1.28455,1.12,1.00
2016.09.07 05:11:07.432,1.28444,1.28454,4.12,1.00
2016.09.07 05:11:07.483,1.28444,1.28454,1.50,1.00
2016.09.07 05:11:07.585,1.28444,1.28454,1.00,1.00
2016.09.07 05:11:08.144,1.28443,1.28454,1.87,1.00
2016.09.07 05:11:08.676,1.28443,1.28454,2.47,1.00
2016.09.07 05:11:08.911,1.28443,1.28454,1.87,1.00
2016.09.07 05:11:08.962,1.28443,1.28455,1.87,1.50
2016.09.07 05:11:10.462,1.28443,1.28454,1.87,1.00
2016.09.07 05:11:11.431,1.28443,1.28455,2.47,1.50
2016.09.07 05:11:11.701,1.28444,1.28455,1.00,1.50
2016.09.07 05:11:11.753,1.28443,1.28455,2.47,1.50
2016.09.07 05:11:11.854,1.28443,1.28454,2.47,1.00
2016.09.07 05:11:11.957,1.28443,1.28455,2.47,1.50
2016.09.07 05:11:12.059,1.28444,1.28454,1.00,1.00
2016.09.07 05:11:12.161,1.28444,1.28455,1.35,1.50
2016.09.07 05:11:14.235,1.28444,1.28455,1.00,1.50
2016.09.07 05:11:14.438,1.28444,1.28453,1.00,1.00
2016.09.07 05:11:14.561,1.28443,1.28453,2.47,1.00
2016.09.07 05:11:15.868,1.28444,1.28453,1.00,1.00
2016.09.07 05:11:19.799,1.28443,1.28453,2.47,1.00
2016.09.07 05:11:19.956,1.28443,1.28452,1.72,1.00
2016.09.07 05:11:20.008,1.28444,1.28452,1.00,1.00
2016.09.07 05:11:20.128,1.28443,1.28452,2.47,1.00
2016.09.07 05:11:20.231,1.28443,1.28452,2.10,1.00
2016.09.07 05:11:20.283,1.28443,1.28452,1.72,1.00
2016.09.07 05:11:20.385,1.28443,1.28452,1.12,1.00
2016.09.07 05:11:20.488,1.28443,1.28452,3.37,1.00
2016.09.07 05:11:20.641,1.28443,1.28452,3.97,1.00
2016.09.07 05:11:21.669,1.28444,1.28452,1.12,1.00
2016.09.07 05:11:21.923,1.28444,1.28453,1.72,1.00
2016.09.07 05:11:21.974,1.28444,1.28454,1.30,1.00
2016.09.07 05:11:22.025,1.28443,1.28454,3.97,1.00
2016.09.07 05:11:22.076,1.28444,1.28455,1.12,2.25
2016.09.07 05:11:22.128,1.28444,1.28455,1.72,2.25
2016.09.07 05:11:22.179,1.28443,1.28455,4.72,2.25
2016.09.07 05:11:22.230,1.28443,1.28455,5.10,2.25
2016.09.07 05:11:22.968,1.28444,1.28455,1.60,2.25
2016.09.07 05:11:23.324,1.28444,1.28455,1.00,2.25
2016.09.07 05:11:23.375,1.28444,1.28455,1.00,2.25
2016.09.07 05:11:24.136,1.28444,1.28455,1.35,2.25
2016.09.07 05:11:24.188,1.28444,1.28455,2.10,2.25
2016.09.07 05:11:24.494,1.28444,1.28455,1.35,2.25
2016.09.07 05:11:24.545,1.28444,1.28455,1.00,2.25
2016.09.07 05:11:27.125,1.28444,1.28455,1.50,2.25
2016.09.07 05:11:27.176,1.28444,1.28453,1.50,1.00
2016.09.07 05:11:27.450,1.28444,1.28454,1.50,1.00
2016.09.07 05:11:27.520,1.28444,1.28454,1.50,1.50
2016.09.07 05:11:27.903,1.28444,1.28454,1.12,1.50
2016.09.07 05:11:27.954,1.28443,1.28454,3.97,1.00
2016.09.07 05:11:28.535,1.28443,1.28453,3.97,1.00
2016.09.07 05:11:29.455,1.28444,1.28453,1.12,1.00
2016.09.07 05:11:30.127,1.28443,1.28453,3.97,1.00
2016.09.07 05:11:30.178,1.28443,1.28455,3.97,1.50
2016.09.07 05:11:30.273,1.28443,1.28455,4.72,1.00
2016.09.07 05:11:30.324,1.28443,1.28455,5.47,1.00
2016.09.07 05:11:30.375,1.28444,1.28455,1.12,1.00
2016.09.07 05:11:33.992,1.28444,1.28455,1.12,1.00
2016.09.07 05:11:34.043,1.28443,1.28455,5.47,1.00
2016.09.07 05:11:34.094,1.28444,1.28456,1.12,1.12
2016.09.07 05:11:34.199,1.28443,1.28456,5.47,1.87
2016.09.07 05:11:35.294,1.28444,1.28456,1.37,1.87
2016.09.07 05:11:35.345,1.28445,1.28456,1.12,1.87
2016.09.07 05:11:36.631,1.28444,1.28456,2.47,1.87
2016.09.07 05:11:36.683,1.28444,1.28455,2.47,1.00
2016.09.07 05:11:36.734,1.28444,1.28455,1.87,1.00
2016.09.07 05:11:36.836,1.28445,1.28455,1.12,1.00
2016.09.07 05:11:36.887,1.28445,1.28456,1.12,1.87
2016.09.07 05:11:39.051,1.28445,1.28454,1.12,1.00
2016.09.07 05:11:39.103,1.28445,1.28454,1.12,1.50
2016.09.07 05:11:39.155,1.28444,1.28453,1.87,1.00
2016.09.07 05:11:39.248,1.28444,1.28452,1.37,1.00
2016.09.07 05:11:39.299,1.28443,1.28453,1.12,1.50
2016.09.07 05:11:39.351,1.28442,1.28453,5.10,1.50
2016.09.07 05:11:39.402,1.28442,1.28453,5.10,1.50
2016.09.07 05:11:39.556,1.28442,1.28453,5.10,1.00
2016.09.07 05:11:39.607,1.28442,1.28452,5.10,1.00
2016.09.07 05:11:39.658,1.28442,1.28451,5.10,1.00
2016.09.07 05:11:39.913,1.28442,1.2845,4.50,1.00
2016.09.07 05:11:40.161,1.28443,1.28451,1.12,1.50
2016.09.07 05:11:40.213,1.28443,1.28451,1.00,1.50
2016.09.07 05:11:40.264,1.28443,1.2845,1.00,1.00
2016.09.07 05:11:40.367,1.28443,1.28451,1.00,1.50
2016.09.07 05:11:40.418,1.28443,1.28451,1.35,1.50
2016.09.07 05:11:40.469,1.28442,1.28451,2.47,1.00
2016.09.07 05:11:40.522,1.28442,1.28451,2.85,1.00
2016.09.07 05:11:40.625,1.28442,1.28451,2.25,1.00
2016.09.07 05:11:40.676,1.28442,1.28452,3.22,1.00
2016.09.07 05:11:40.727,1.28443,1.28452,2.85,1.00
2016.09.07 05:11:40.957,1.28443,1.28452,3.60,1.00
2016.09.07 05:11:42.478,1.28444,1.28452,1.00,1.00
2016.09.07 05:11:42.835,1.28443,1.28452,2.47,1.00
2016.09.07 05:11:42.936,1.28443,1.28452,2.47,1.00
2016.09.07 05:11:43.152,1.28443,1.28452,1.87,1.00
2016.09.07 05:11:43.639,1.28444,1.28452,1.12,1.00
2016.09.07 05:11:43.690,1.28444,1.28452,1.72,1.00
2016.09.07 05:11:44.361,1.28444,1.28452,1.12,1.00
2016.09.07 05:11:46.111,1.28444,1.28452,1.00,1.00
2016.09.07 05:11:46.162,1.28443,1.28452,1.72,1.00
2016.09.07 05:11:47.718,1.28443,1.28452,1.50,1.00
2016.09.07 05:11:47.769,1.28443,1.28453,1.50,1.50
2016.09.07 05:11:47.820,1.28443,1.28453,1.12,1.50
2016.09.07 05:11:47.871,1.28444,1.28453,1.00,2.25
2016.09.07 05:11:47.973,1.28443,1.28453,1.12,2.25
2016.09.07 05:11:48.075,1.28442,1.28453,2.32,1.50
2016.09.07 05:11:48.127,1.28442,1.28453,2.55,1.50
2016.09.07 05:11:48.196,1.28443,1.28453,1.72,1.50
2016.09.07 05:11:48.299,1.28443,1.28453,1.12,1.50
2016.09.07 05:11:48.401,1.28443,1.28453,1.72,1.50
2016.09.07 05:11:48.514,1.28443,1.28453,2.10,1.50
2016.09.07 05:11:49.768,1.28444,1.28453,1.00,1.50
2016.09.07 05:11:49.871,1.28443,1.28453,1.50,1.50
2016.09.07 05:11:50.038,1.28443,1.28453,2.10,1.50
2016.09.07 05:11:51.671,1.28443,1.28453,1.35,1.50
2016.09.07 05:11:51.773,1.28443,1.28453,1.50,1.50
2016.09.07 05:11:51.875,1.28444,1.28452,1.00,1.00
2016.09.07 05:11:52.152,1.28443,1.28452,2.10,1.00
2016.09.07 05:11:52.254,1.28444,1.28452,1.30,1.00
2016.09.07 05:11:52.754,1.28444,1.28452,1.72,1.00
2016.09.07 05:11:52.958,1.28444,1.28452,1.30,1.00
2016.09.07 05:11:53.435,1.28443,1.28452,3.00,1.00
2016.09.07 05:11:53.486,1.28443,1.28452,3.75,1.00
2016.09.07 05:11:53.737,1.28443,1.28452,3.00,1.00
2016.09.07 05:11:54.790,1.28443,1.28452,3.60,1.00
2016.09.07 05:11:56.673,1.28443,1.28452,3.00,1.00
2016.09.07 05:11:56.776,1.28444,1.28451,1.12,1.00
2016.09.07 05:11:56.827,1.28444,1.28453,1.12,1.50
2016.09.07 05:11:56.878,1.28444,1.28452,1.12,1.00
2016.09.07 05:12:00.740,1.28444,1.2845,1.12,1.00
2016.09.07 05:12:00.842,1.28444,1.2845,1.00,1.00
2016.09.07 05:12:02.705,1.28444,1.28451,1.00,1.00
2016.09.07 05:12:02.909,1.28442,1.28451,2.92,1.00
2016.09.07 05:12:03.010,1.28442,1.28452,2.92,1.00
2016.09.07 05:12:03.114,1.28442,1.28453,2.92,1.50
2016.09.07 05:12:03.686,1.28442,1.28452,2.92,1.00
2016.09.07 05:12:04.427,1.28442,1.28452,3.30,1.00
2016.09.07 05:12:04.478,1.28444,1.28452,1.00,1.00
2016.09.07 05:12:04.783,1.28443,1.28452,1.72,1.00
2016.09.07 05:12:05.314,1.28443,1.28453,1.72,1.00
2016.09.07 05:12:06.630,1.28443,1.28453,1.12,1.00
2016.09.07 05:12:06.986,1.28442,1.28452,2.55,1.00
2016.09.07 05:12:08.714,1.28443,1.28452,1.50,1.00
2016.09.07 05:12:12.883,1.28444,1.28452,1.12,1.50
2016.09.07 05:12:12.934,1.28444,1.28451,1.72,1.00
2016.09.07 05:12:13.054,1.28444,1.28451,1.72,1.00
2016.09.07 05:12:13.105,1.28443,1.28452,1.50,1.00
2016.09.07 05:12:13.257,1.28443,1.28452,2.10,1.00
2016.09.07 05:12:13.359,1.28443,1.28452,2.47,1.00
2016.09.07 05:12:13.512,1.28444,1.28452,1.12,1.00
2016.09.07 05:12:13.919,1.28443,1.28452,2.10,1.00
2016.09.07 05:12:15.586,1.28443,1.28452,2.10,1.00
2016.09.07 05:12:16.287,1.28444,1.28452,1.12,1.00
2016.09.07 05:12:17.673,1.28443,1.28452,2.10,1.00
2016.09.07 05:12:17.774,1.28443,1.28452,1.50,1.00
2016.09.07 05:12:17.826,1.28443,1.28451,1.00,1.00
2016.09.07 05:12:18.148,1.28443,1.28453,1.00,1.50
2016.09.07 05:12:18.201,1.28442,1.28452,3.97,1.00
2016.09.07 05:12:18.259,1.28443,1.28452,2.62,1.50
2016.09.07 05:12:18.412,1.28443,1.28452,2.62,1.00
2016.09.07 05:12:18.514,1.28443,1.28452,3.37,1.50
2016.09.07 05:12:18.615,1.28443,1.28451,3.37,1.00
2016.09.07 05:12:18.717,1.28443,1.28451,3.60,1.00
2016.09.07 05:12:18.768,1.28443,1.28451,1.00,1.00
2016.09.07 05:12:18.820,1.28443,1.28452,1.00,1.50
2016.09.07 05:12:18.970,1.28442,1.28452,2.10,1.50
2016.09.07 05:12:19.021,1.28444,1.28452,1.12,1.50
2016.09.07 05:12:19.276,1.28444,1.28452,1.30,1.50
2016.09.07 05:12:19.378,1.28444,1.28452,1.30,1.00
2016.09.07 05:12:23.160,1.28443,1.28452,1.50,1.00
2016.09.07 05:12:23.252,1.28444,1.28451,1.12,1.00
2016.09.07 05:12:23.712,1.28443,1.28451,2.10,1.00
2016.09.07 05:12:24.738,1.28443,1.28451,1.50,1.00
2016.09.07 05:12:24.789,1.28443,1.28451,2.10,1.00
2016.09.07 05:12:24.840,1.28443,1.28453,2.10,1.50
2016.09.07 05:12:24.891,1.28444,1.28453,1.12,1.50
2016.09.07 05:12:24.993,1.28443,1.28453,1.87,1.50
2016.09.07 05:12:25.065,1.28443,1.28452,1.87,1.00
2016.09.07 05:12:25.269,1.28443,1.28452,1.87,1.00
2016.09.07 05:12:25.320,1.28443,1.28453,1.87,1.50
2016.09.07 05:12:25.472,1.28443,1.28453,2.47,1.50
2016.09.07 05:12:30.403,1.28443,1.28453,1.87,1.50
2016.09.07 05:12:30.466,1.28443,1.28453,1.87,1.50
2016.09.07 05:12:30.517,1.28443,1.28451,1.87,1.00
2016.09.07 05:12:30.619,1.28444,1.28452,1.00,1.00
2016.09.07 05:12:30.720,1.28443,1.28452,1.50,1.00
2016.09.07 05:12:30.822,1.28443,1.28452,1.50,1.00
2016.09.07 05:12:30.924,1.28444,1.28452,1.12,1.00
2016.09.07 05:12:31.933,1.28443,1.28452,2.10,1.00
2016.09.07 05:12:32.035,1.28443,1.28452,1.50,1.00
2016.09.07 05:12:32.188,1.28443,1.28452,2.10,1.00
2016.09.07 05:12:32.290,1.28444,1.28452,1.12,1.00
2016.09.07 05:12:32.696,1.28442,1.28452,2.85,1.00
2016.09.07 05:12:32.747,1.28442,1.28452,2.47,1.00
2016.09.07 05:12:33.308,1.28442,1.28451,2.47,1.00
2016.09.07 05:12:33.514,1.28443,1.28451,1.00,1.00
2016.09.07 05:12:34.031,1.28443,1.28452,1.50,1.00
2016.09.07 05:12:34.234,1.28444,1.28452,1.12,1.00
2016.09.07 05:12:35.737,1.28443,1.28452,2.10,1.00
2016.09.07 05:12:35.991,1.28444,1.28451,1.12,1.00
2016.09.07 05:12:36.323,1.28443,1.28453,1.50,1.00
2016.09.07 05:12:37.594,1.28444,1.28453,1.12,1.00
2016.09.07 05:12:37.645,1.28444,1.28454,1.12,1.50
2016.09.07 05:12:37.696,1.28443,1.28454,2.85,1.50
2016.09.07 05:12:37.899,1.28444,1.28454,1.12,1.50
2016.09.07 05:12:38.001,1.28443,1.28454,2.85,1.50
2016.09.07 05:12:38.315,1.28444,1.28454,1.12,1.50
2016.09.07 05:12:38.633,1.28443,1.28454,2.85,1.50
2016.09.07 05:12:39.347,1.28443,1.28454,2.25,1.50
2016.09.07 05:12:39.398,1.28443,1.28454,2.25,1.50
2016.09.07 05:12:39.449,1.28443,1.28452,1.87,1.00
2016.09.07 05:12:39.500,1.28443,1.28452,1.50,1.00
2016.09.07 05:12:39.619,1.28444,1.28451,1.12,1.00
2016.09.07 05:12:39.722,1.28443,1.28451,1.50,1.00
2016.09.07 05:12:39.773,1.28443,1.28452,1.50,1.50
2016.09.07 05:12:39.825,1.28443,1.28451,2.10,1.00
2016.09.07 05:12:39.876,1.28443,1.28451,2.10,1.50
2016.09.07 05:12:39.978,1.28443,1.28451,2.10,1.00
2016.09.07 05:12:40.131,1.28444,1.2845,1.12,1.00
2016.09.07 05:12:40.233,1.28443,1.28451,1.50,1.50
2016.09.07 05:12:40.335,1.28444,1.28451,1.12,1.50
2016.09.07 05:12:41.193,1.28444,1.28451,1.12,1.00
2016.09.07 05:12:41.244,1.28442,1.28451,2.10,1.00
2016.09.07 05:12:41.907,1.28443,1.28451,1.12,1.00
2016.09.07 05:12:42.236,1.28443,1.28451,1.12,1.00
2016.09.07 05:12:42.542,1.28444,1.28451,1.00,1.00
2016.09.07 05:12:42.644,1.28443,1.28453,1.12,2.25
2016.09.07 05:12:42.695,1.28443,1.28453,1.12,1.50
2016.09.07 05:12:42.800,1.28444,1.28453,1.00,2.25
2016.09.07 05:12:43.004,1.28443,1.28453,1.72,2.25
2016.09.07 05:12:43.173,1.28443,1.28451,1.12,1.00
2016.09.07 05:12:43.327,1.28444,1.28451,1.00,1.00
2016.09.07 05:12:43.378,1.28444,1.28452,1.00,1.00
2016.09.07 05:12:43.429,1.28443,1.28452,1.12,1.00
2016.09.07 05:12:43.531,1.28442,1.28452,2.47,1.00
2016.09.07 05:12:43.582,1.28442,1.28452,2.10,1.00
2016.09.07 05:12:43.735,1.28442,1.28452,1.72,1.00
2016.09.07 05:12:43.837,1.28443,1.28452,1.35,1.00
2016.09.07 05:12:44.315,1.28442,1.28452,1.72,1.00
2016.09.07 05:12:44.621,1.28442,1.28452,1.72,1.50
2016.09.07 05:12:44.825,1.28443,1.28452,1.35,1.50
2016.09.07 05:12:44.927,1.28442,1.28452,1.72,1.50
2016.09.07 05:12:47.724,1.28444,1.28452,1.00,1.50
2016.09.07 05:12:47.775,1.28444,1.28452,1.12,1.50
2016.09.07 05:12:50.111,1.28443,1.28452,2.85,1.50
2016.09.07 05:12:50.213,1.28443,1.28452,3.22,1.00
2016.09.07 05:12:50.264,1.28443,1.28453,3.22,1.50
2016.09.07 05:12:50.315,1.28444,1.28453,1.12,1.50
2016.09.07 05:12:50.519,1.28443,1.28453,2.85,1.50
2016.09.07 05:12:50.570,1.28443,1.28452,2.25,1.00
2016.09.07 05:12:51.076,1.28443,1.28451,2.25,1.00
2016.09.07 05:12:51.553,1.28443,1.28451,1.50,1.00
2016.09.07 05:12:51.655,1.28444,1.28452,1.12,1.00
2016.09.07 05:12:52.013,1.28444,1.28452,1.12,1.50
2016.09.07 05:12:52.218,1.28443,1.28452,1.50,1.50
2016.09.07 05:12:52.666,1.28443,1.28452,2.25,1.50
2016.09.07 05:12:53.601,1.28443,1.28452,1.50,1.50
2016.09.07 05:12:53.857,1.28443,1.28452,1.50,1.00
2016.09.07 05:12:54.888,1.28443,1.28451,1.50,1.00
2016.09.07 05:12:55.887,1.28443,1.28452,1.50,1.50
2016.09.07 05:12:56.090,1.28443,1.28452,2.10,1.50
2016.09.07 05:12:56.243,1.28444,1.28452,1.12,1.00
2016.09.07 05:12:59.167,1.28443,1.28453,1.50,1.50
2016.09.07 05:13:05.564,1.28444,1.28453,1.12,1.50
2016.09.07 05:13:09.871,1.28444,1.28452,1.12,1.00
2016.09.07 05:13:09.973,1.28443,1.28452,1.50,1.00
2016.09.07 05:13:13.178,1.28444,1.28453,1.12,1.50
2016.09.07 05:13:13.280,1.28443,1.28453,2.47,1.00
2016.09.07 05:13:13.358,1.28443,1.28453,2.10,1.00
2016.09.07 05:13:13.460,1.28443,1.28453,1.50,1.00
2016.09.07 05:13:13.511,1.28443,1.28453,1.50,1.50
2016.09.07 05:13:13.562,1.28444,1.28453,1.12,1.50
2016.09.07 05:13:14.277,1.28443,1.28453,1.50,1.00
2016.09.07 05:13:18.091,1.28444,1.28453,1.72,1.50
2016.09.07 05:13:18.143,1.28443,1.28452,2.10,1.00
2016.09.07 05:13:18.653,1.28443,1.28451,2.10,1.00
2016.09.07 05:13:18.766,1.28446,1.28451,1.69,1.00
2016.09.07 05:13:18.817,1.28446,1.28454,3.94,1.00
2016.09.07 05:13:18.914,1.28447,1.28454,1.10,1.00
2016.09.07 05:13:18.965,1.28447,1.28454,1.00,1.00
2016.09.07 05:13:19.016,1.28447,1.28454,2.62,1.00
2016.09.07 05:13:19.067,1.28448,1.28456,1.00,1.00
2016.09.07 05:13:19.170,1.28448,1.28456,1.00,1.00
2016.09.07 05:13:19.221,1.28447,1.28456,2.25,1.00
2016.09.07 05:13:19.273,1.28446,1.28456,3.82,1.00
2016.09.07 05:13:19.324,1.28447,1.28456,1.00,1.00
2016.09.07 05:13:19.646,1.28447,1.28457,1.12,1.00
2016.09.07 05:13:19.750,1.28447,1.28457,1.50,1.00
2016.09.07 05:13:19.852,1.28447,1.28459,1.87,2.25
2016.09.07 05:13:19.903,1.28447,1.28459,3.37,1.50
2016.09.07 05:13:19.954,1.28447,1.28459,4.27,1.50
2016.09.07 05:13:20.005,1.28448,1.28459,2.32,1.50
2016.09.07 05:13:20.056,1.28448,1.28459,3.07,1.00
2016.09.07 05:13:20.107,1.28449,1.28459,2.62,1.00
2016.09.07 05:13:20.387,1.28449,1.28459,2.25,1.00
2016.09.07 05:13:20.490,1.28448,1.28455,2.32,1.00
2016.09.07 05:13:20.541,1.28448,1.28455,2.25,1.00
2016.09.07 05:13:20.593,1.28444,1.28455,3.75,1.50
2016.09.07 05:13:20.644,1.28445,1.28455,1.12,1.50
2016.09.07 05:13:20.695,1.28445,1.28454,1.00,1.00
2016.09.07 05:13:20.747,1.28445,1.28454,1.00,1.00
2016.09.07 05:13:20.798,1.28445,1.28455,1.00,1.87
2016.09.07 05:13:20.849,1.28444,1.28455,1.12,1.87
2016.09.07 05:13:20.900,1.28444,1.28455,1.12,1.50
2016.09.07 05:13:21.002,1.28444,1.28455,1.12,3.75
2016.09.07 05:13:21.653,1.28445,1.28455,1.50,3.75
2016.09.07 05:13:21.704,1.28445,1.28455,1.50,3.00
2016.09.07 05:13:21.806,1.28445,1.28455,1.50,1.50
2016.09.07 05:13:22.485,1.28445,1.28455,1.50,1.00
2016.09.07 05:13:22.536,1.28445,1.28455,1.87,1.00
2016.09.07 05:13:22.588,1.28446,1.28455,2.25,1.00
2016.09.07 05:13:22.690,1.28445,1.28455,1.00,1.00
2016.09.07 05:13:22.741,1.28445,1.28456,1.00,1.50
2016.09.07 05:13:23.348,1.28445,1.28456,1.00,2.25
2016.09.07 05:13:23.774,1.28444,1.28455,2.85,1.00
2016.09.07 05:13:23.825,1.28444,1.28455,2.25,1.00
2016.09.07 05:13:23.877,1.28445,1.28455,1.00,1.00
2016.09.07 05:13:24.267,1.28445,1.28456,1.00,3.00
2016.09.07 05:13:24.386,1.28444,1.28456,1.50,3.00
2016.09.07 05:13:24.821,1.28444,1.28456,2.10,3.00
2016.09.07 05:13:26.236,1.28444,1.28456,2.10,2.25
2016.09.07 05:13:26.338,1.28444,1.28456,1.50,2.25
2016.09.07 05:13:26.388,1.28444,1.28456,2.10,2.25
2016.09.07 05:13:27.984,1.28444,1.28456,1.50,2.25
2016.09.07 05:13:28.085,1.28444,1.28455,1.00,1.00
2016.09.07 05:13:28.187,1.28444,1.28455,1.00,1.00
2016.09.07 05:13:28.547,1.28444,1.28455,1.35,1.00
2016.09.07 05:13:28.700,1.28444,1.28456,1.87,3.00
2016.09.07 05:13:28.751,1.28445,1.28456,1.00,2.25
2016.09.07 05:13:28.804,1.28445,1.28456,1.87,1.50
2016.09.07 05:13:30.745,1.28445,1.28457,1.87,2.62
2016.09.07 05:13:30.797,1.28444,1.28455,4.72,1.00
2016.09.07 05:13:30.899,1.28444,1.28455,2.47,1.00
2016.09.07 05:13:31.188,1.28445,1.28455,1.00,1.00
2016.09.07 05:13:31.290,1.28444,1.28456,2.47,1.00
2016.09.07 05:13:31.646,1.28444,1.28456,1.87,1.00
2016.09.07 05:13:31.799,1.28445,1.28456,1.00,1.00
2016.09.07 05:13:31.960,1.28447,1.28457,1.00,1.12
2016.09.07 05:13:32.015,1.28447,1.28458,1.00,1.00
2016.09.07 05:13:32.066,1.28447,1.28458,1.00,1.00
2016.09.07 05:13:32.118,1.28447,1.28458,3.37,1.50
2016.09.07 05:13:32.186,1.28447,1.28458,1.50,1.50
2016.09.07 05:13:32.237,1.28447,1.28458,1.12,1.00
2016.09.07 05:13:32.442,1.28447,1.28458,1.12,1.50
2016.09.07 05:13:32.888,1.28446,1.28458,1.20,2.62
2016.09.07 05:13:32.939,1.28446,1.28456,1.12,1.00
2016.09.07 05:13:33.091,1.28446,1.28456,1.12,1.00
2016.09.07 05:13:33.142,1.28446,1.28456,1.87,1.00
2016.09.07 05:13:33.194,1.28446,1.28458,3.75,1.50
2016.09.07 05:13:33.245,1.28446,1.28458,4.12,1.50
2016.09.07 05:13:33.296,1.28446,1.28457,3.37,1.00
2016.09.07 05:13:33.436,1.28446,1.28458,3.37,1.00
2016.09.07 05:13:33.487,1.28447,1.28458,1.12,1.00
2016.09.07 05:13:33.698,1.28446,1.28458,3.37,1.50
2016.09.07 05:13:33.857,1.28446,1.28458,3.00,1.50
2016.09.07 05:13:33.915,1.28448,1.28458,1.00,1.87
2016.09.07 05:13:34.018,1.28448,1.28457,1.00,1.00
2016.09.07 05:13:34.120,1.28448,1.28458,1.00,1.12
2016.09.07 05:13:35.058,1.28448,1.28459,1.00,4.12
2016.09.07 05:13:35.293,1.28448,1.28459,1.00,4.12
2016.09.07 05:13:36.118,1.28446,1.28458,1.57,1.87
2016.09.07 05:13:36.169,1.28448,1.28458,1.00,1.12
2016.09.07 05:13:36.221,1.28448,1.28458,1.00,1.12
2016.09.07 05:13:36.274,1.28448,1.28458,1.00,1.12
2016.09.07 05:13:36.326,1.28448,1.28458,1.00,1.00
2016.09.07 05:13:36.581,1.28448,1.28459,1.00,1.00
2016.09.07 05:13:36.632,1.28448,1.2846,1.87,1.87
2016.09.07 05:13:36.734,1.28448,1.2846,4.72,1.00
2016.09.07 05:13:36.785,1.28448,1.2846,4.12,1.00
2016.09.07 05:13:36.836,1.2845,1.2846,1.00,1.00
2016.09.07 05:13:36.887,1.28451,1.28461,1.30,1.12
2016.09.07 05:13:36.938,1.28451,1.28462,1.72,3.00
2016.09.07 05:13:37.017,1.28453,1.28463,1.00,2.25
2016.09.07 05:13:37.072,1.28453,1.28463,1.12,1.00
2016.09.07 05:13:37.225,1.28452,1.28463,1.50,1.12
2016.09.07 05:13:38.592,1.28452,1.28463,1.50,1.12
2016.09.07 05:13:38.644,1.28453,1.28464,1.30,3.00
2016.09.07 05:13:38.695,1.28453,1.28464,1.72,2.25
2016.09.07 05:13:38.747,1.28454,1.28466,1.35,2.25
2016.09.07 05:13:38.799,1.28456,1.28466,1.00,1.12
2016.09.07 05:13:38.850,1.28456,1.28468,1.00,5.62
2016.09.07 05:13:38.902,1.28456,1.28467,1.00,1.50
2016.09.07 05:13:39.004,1.28456,1.28467,1.00,1.50
2016.09.07 05:13:39.056,1.28456,1.28467,1.00,1.50
2016.09.07 05:13:39.107,1.28456,1.28467,1.12,1.00
2016.09.07 05:13:39.249,1.28456,1.28467,1.00,1.00
2016.09.07 05:13:39.766,1.28456,1.28468,1.00,2.25
2016.09.07 05:13:41.528,1.28456,1.28466,1.00,1.00
2016.09.07 05:13:41.630,1.28456,1.28467,1.50,1.00
2016.09.07 05:13:43.242,1.28456,1.28468,1.50,2.25
2016.09.07 05:13:44.341,1.28456,1.28467,1.50,1.00
2016.09.07 05:13:45.336,1.28456,1.28467,1.87,1.00
2016.09.07 05:13:45.437,1.28456,1.28467,1.50,1.00
2016.09.07 05:13:46.553,1.28456,1.28467,1.87,1.00
2016.09.07 05:13:46.655,1.28456,1.28464,1.00,1.00
2016.09.07 05:13:46.757,1.28454,1.28465,2.32,1.50
2016.09.07 05:13:46.809,1.28454,1.28465,2.25,1.50
2016.09.07 05:13:46.861,1.28453,1.28464,3.82,1.00
2016.09.07 05:13:47.014,1.28453,1.28465,3.82,1.00
2016.09.07 05:13:47.168,1.28453,1.28465,4.42,1.00
2016.09.07 05:13:47.322,1.28454,1.28466,1.50,1.87
2016.09.07 05:13:47.374,1.28454,1.28466,1.50,1.87
2016.09.07 05:13:47.425,1.28454,1.28466,3.97,1.50
2016.09.07 05:13:47.477,1.28454,1.28466,3.97,1.00
2016.09.07 05:13:47.728,1.28454,1.28466,3.97,1.00
2016.09.07 05:13:48.385,1.28454,1.28466,3.37,1.00
2016.09.07 05:13:48.436,1.28454,1.28466,2.25,1.00
2016.09.07 05:13:48.537,1.28454,1.28466,2.25,1.00
2016.09.07 05:13:48.639,1.28454,1.28465,3.00,1.00
2016.09.07 05:13:49.214,1.28454,1.28467,3.00,2.62
2016.09.07 05:13:49.424,1.28454,1.28465,3.00,1.50
2016.09.07 05:13:49.755,1.28455,1.28465,1.12,1.50
2016.09.07 05:13:50.643,1.28454,1.28465,3.37,1.50
2016.09.07 05:13:50.760,1.28454,1.28465,3.97,1.00
2016.09.07 05:13:50.862,1.28454,1.28467,3.37,1.87
2016.09.07 05:13:51.746,1.28455,1.28467,1.12,1.87
2016.09.07 05:13:52.878,1.28454,1.28467,3.97,1.87
2016.09.07 05:13:52.929,1.28454,1.28465,3.37,1.00
2016.09.07 05:13:52.981,1.28454,1.28463,2.62,1.00
2016.09.07 05:13:53.032,1.28452,1.28463,3.75,1.00
2016.09.07 05:13:53.168,1.28452,1.28463,1.50,1.50
2016.09.07 05:13:53.219,1.28452,1.28461,2.25,1.00
2016.09.07 05:13:53.270,1.28452,1.28461,3.37,1.00
2016.09.07 05:13:53.322,1.28452,1.28461,1.50,1.00
2016.09.07 05:13:53.475,1.28452,1.28461,2.25,1.00
2016.09.07 05:13:53.527,1.28452,1.28461,2.25,1.00
2016.09.07 05:13:53.578,1.28452,1.28461,1.50,1.00
2016.09.07 05:13:54.006,1.28452,1.28461,1.50,1.00
2016.09.07 05:13:54.414,1.28452,1.28461,1.12,1.00
2016.09.07 05:13:54.516,1.28452,1.28463,1.12,1.00
2016.09.07 05:13:54.567,1.28452,1.28463,1.87,1.00
2016.09.07 05:13:54.671,1.28452,1.28463,1.12,1.00
2016.09.07 05:13:54.722,1.28452,1.28463,1.12,1.00
2016.09.07 05:13:55.103,1.28452,1.28464,1.12,2.62
2016.09.07 05:13:55.358,1.28453,1.28464,1.00,2.25
2016.09.07 05:13:55.460,1.28452,1.28464,1.00,2.25
2016.09.07 05:13:56.269,1.28452,1.28464,1.50,2.25
2016.09.07 05:13:56.574,1.28452,1.28464,1.00,2.25
2016.09.07 05:13:56.676,1.28452,1.28464,1.50,2.25
2016.09.07 05:13:58.619,1.28452,1.28464,2.10,2.25
2016.09.07 05:13:58.721,1.28453,1.28464,1.30,2.25
2016.09.07 05:13:58.772,1.28453,1.28464,1.80,2.25
2016.09.07 05:13:58.874,1.28454,1.28464,1.00,2.25
2016.09.07 05:13:58.976,1.28453,1.28464,1.80,2.25
2016.09.07 05:13:59.027,1.28453,1.28463,1.80,1.00
2016.09.07 05:13:59.079,1.28454,1.28463,1.00,1.00
2016.09.07 05:13:59.252,1.28453,1.28463,1.80,1.00
2016.09.07 05:13:59.303,1.28453,1.28464,1.80,2.25
2016.09.07 05:13:59.354,1.28453,1.28463,1.80,1.00
2016.09.07 05:14:00.556,1.28453,1.28463,1.05,1.00
2016.09.07 05:14:00.672,1.28453,1.28463,1.80,1.00
2016.09.07 05:14:00.723,1.28453,1.28463,1.20,1.00
2016.09.07 05:14:00.774,1.28452,1.28462,2.62,1.00
2016.09.07 05:14:00.927,1.28452,1.28462,3.22,1.00
2016.09.07 05:14:00.978,1.28452,1.28464,3.22,2.25
2016.09.07 05:14:01.029,1.28452,1.28464,2.62,2.25
2016.09.07 05:14:01.183,1.28453,1.28464,1.05,2.25
2016.09.07 05:14:01.625,1.28452,1.28464,2.85,2.25
2016.09.07 05:14:01.676,1.28452,1.28464,3.22,2.25
2016.09.07 05:14:01.753,1.28453,1.28464,1.42,2.25
2016.09.07 05:14:01.957,1.28453,1.28464,1.10,2.25
2016.09.07 05:14:02.059,1.28452,1.28464,2.85,2.25
2016.09.07 05:14:02.211,1.28452,1.28464,2.55,2.25
2016.09.07 05:14:02.777,1.28454,1.28464,1.00,2.25
2016.09.07 05:14:02.828,1.28454,1.28464,1.00,3.00
2016.09.07 05:14:03.979,1.28453,1.28464,1.50,3.00
2016.09.07 05:14:04.030,1.28453,1.28464,1.12,3.00
2016.09.07 05:14:04.081,1.28452,1.28463,4.80,1.00
2016.09.07 05:14:06.684,1.28453,1.28463,1.12,1.00
2016.09.07 05:14:07.657,1.28452,1.28463,4.80,1.00
2016.09.07 05:14:07.811,1.28453,1.28463,1.30,1.00
2016.09.07 05:14:07.863,1.28453,1.28464,1.72,3.00
2016.09.07 05:14:08.739,1.28453,1.28464,1.12,3.00
2016.09.07 05:14:08.790,1.28452,1.28464,3.45,3.00
2016.09.07 05:14:08.841,1.28452,1.28463,3.07,1.00
2016.09.07 05:14:08.915,1.28452,1.28463,3.07,1.00
2016.09.07 05:14:09.179,1.28452,1.28463,3.67,1.00
2016.09.07 05:14:09.231,1.28452,1.28463,3.07,1.00
2016.09.07 05:14:09.282,1.28452,1.28464,3.82,3.00
2016.09.07 05:14:09.462,1.28452,1.28463,1.95,1.00
2016.09.07 05:14:09.564,1.28452,1.28463,1.95,1.00
2016.09.07 05:14:09.615,1.28452,1.28463,1.95,1.00
2016.09.07 05:14:09.667,1.28452,1.28463,1.20,1.00
2016.09.07 05:14:09.770,1.28453,1.28463,2.25,1.00
2016.09.07 05:14:09.872,1.28453,1.28464,2.25,2.25
2016.09.07 05:14:10.177,1.28453,1.28464,2.25,1.50
2016.09.07 05:14:10.228,1.28453,1.28464,2.62,1.50
2016.09.07 05:14:11.446,1.28453,1.28463,2.62,1.00
2016.09.07 05:14:12.007,1.28453,1.28463,2.62,1.50
2016.09.07 05:14:12.059,1.28452,1.28463,1.47,1.50
2016.09.07 05:14:12.160,1.28452,1.28462,1.57,1.00
2016.09.07 05:14:12.284,1.28452,1.28462,1.47,1.00
2016.09.07 05:14:12.386,1.28452,1.28462,1.80,1.00
2016.09.07 05:14:12.437,1.28452,1.28462,1.47,1.00
2016.09.07 05:14:12.589,1.28452,1.28462,1.57,1.00
2016.09.07 05:14:13.103,1.28452,1.28462,2.32,1.00
2016.09.07 05:14:15.762,1.28452,1.28462,1.57,1.00
2016.09.07 05:14:15.813,1.28452,1.28462,1.10,1.00
2016.09.07 05:14:16.195,1.28452,1.28462,1.42,1.00
2016.09.07 05:14:16.349,1.28452,1.28462,1.05,1.00
2016.09.07 05:14:16.400,1.28452,1.28462,1.80,1.00
2016.09.07 05:14:16.502,1.28452,1.28462,1.05,1.00
2016.09.07 05:14:16.807,1.28451,1.28462,6.22,1.00
2016.09.07 05:14:17.071,1.28452,1.28462,1.05,1.00
2016.09.07 05:14:17.683,1.28451,1.28462,6.22,1.00
2016.09.07 05:14:18.772,1.28452,1.28462,1.20,1.00
2016.09.07 05:14:18.874,1.28452,1.28463,1.05,1.50
2016.09.07 05:14:18.925,1.28451,1.28463,6.22,1.50
2016.09.07 05:14:19.027,1.28452,1.28463,1.05,1.50
2016.09.07 05:14:19.078,1.28452,1.28463,1.05,1.50
2016.09.07 05:14:19.348,1.28452,1.28463,1.80,1.50
2016.09.07 05:14:19.400,1.28452,1.28463,3.67,1.50
2016.09.07 05:14:19.451,1.28453,1.28463,1.37,1.00
2016.09.07 05:14:19.503,1.28454,1.28463,1.12,1.00
2016.09.07 05:14:19.707,1.28453,1.28463,1.87,1.00
2016.09.07 05:14:19.809,1.28454,1.28463,1.12,1.00
2016.09.07 05:14:20.313,1.28454,1.28464,1.12,1.00
2016.09.07 05:14:20.364,1.28453,1.28464,2.10,1.50
2016.09.07 05:14:21.318,1.28453,1.28464,2.10,1.50
2016.09.07 05:14:21.420,1.28453,1.28464,1.72,1.50
2016.09.07 05:14:21.938,1.28453,1.28464,1.12,1.50
2016.09.07 05:14:22.219,1.28453,1.28464,1.72,1.50
2016.09.07 05:14:22.438,1.28453,1.28464,1.12,1.50
2016.09.07 05:14:22.719,1.28453,1.28464,1.72,1.50
2016.09.07 05:14:24.011,1.28453,1.28464,1.12,1.50
2016.09.07 05:14:24.214,1.28453,1.28464,1.72,1.50
2016.09.07 05:14:24.468,1.28453,1.28464,1.12,1.50
2016.09.07 05:14:24.698,1.28453,1.28464,1.72,1.50
2016.09.07 05:14:25.458,1.28453,1.28464,1.12,1.50
2016.09.07 05:14:25.768,1.28453,1.28464,1.72,1.50
2016.09.07 05:14:25.948,1.28453,1.28464,1.12,1.50
2016.09.07 05:14:26.258,1.28453,1.28464,1.72,1.50
2016.09.07 05:14:26.461,1.28453,1.28464,1.12,1.50
2016.09.07 05:14:26.726,1.28453,1.28464,1.72,1.50
2016.09.07 05:14:26.777,1.28452,1.28464,4.05,1.50
2016.09.07 05:14:26.828,1.28452,1.28464,4.05,1.50
2016.09.07 05:14:26.880,1.28453,1.28463,1.12,1.00
2016.09.07 05:14:27.194,1.28453,1.28463,1.72,1.00
2016.09.07 05:14:27.296,1.28453,1.28463,1.12,1.00
2016.09.07 05:14:27.902,1.28453,1.28463,1.72,1.00
2016.09.07 05:14:28.494,1.28453,1.28463,1.12,1.00
2016.09.07 05:14:28.698,1.28453,1.28463,1.30,1.00
2016.09.07 05:14:28.911,1.28453,1.28464,1.30,1.50
2016.09.07 05:14:29.013,1.28453,1.28464,1.72,1.50
2016.09.07 05:14:32.360,1.28453,1.28464,1.12,1.50
2016.09.07 05:14:32.411,1.28453,1.28464,1.12,1.00
2016.09.07 05:14:32.464,1.28453,1.28464,1.12,1.00
2016.09.07 05:14:32.732,1.28453,1.28464,1.72,1.00
2016.09.07 05:14:32.986,1.28454,1.28464,1.00,1.50
2016.09.07 05:14:33.037,1.28454,1.28464,1.12,1.50
2016.09.07 05:14:33.249,1.28454,1.28462,1.30,1.00
2016.09.07 05:14:33.661,1.28453,1.28462,1.50,1.00
2016.09.07 05:14:33.748,1.28454,1.28462,1.12,1.00
2016.09.07 05:14:34.914,1.28453,1.28463,2.10,1.00
2016.09.07 05:14:35.213,1.28454,1.28463,1.12,1.00
2016.09.07 05:14:36.066,1.28454,1.28463,1.12,1.00
2016.09.07 05:14:36.117,1.28453,1.28464,2.17,1.50
2016.09.07 05:14:36.921,1.28454,1.28464,1.12,1.50
2016.09.07 05:14:36.972,1.28454,1.28463,1.12,1.00
2016.09.07 05:14:37.688,1.28453,1.28463,1.57,1.00
2016.09.07 05:14:39.318,1.28454,1.28463,1.12,1.00
2016.09.07 05:14:39.799,1.28454,1.28463,1.12,1.00
2016.09.07 05:14:41.731,1.28453,1.28463,2.10,1.00
2016.09.07 05:14:41.833,1.28454,1.28463,1.12,1.00
2016.09.07 05:14:43.292,1.28453,1.28462,2.10,1.00
2016.09.07 05:14:44.100,1.28454,1.28464,1.30,1.50
2016.09.07 05:14:44.201,1.28454,1.28464,2.10,1.00
2016.09.07 05:14:44.303,1.28454,1.28463,1.72,1.00
2016.09.07 05:14:44.354,1.28454,1.28463,1.72,1.00
2016.09.07 05:14:44.405,1.28454,1.28464,1.72,1.50
2016.09.07 05:14:44.558,1.28454,1.28464,1.12,1.50
2016.09.07 05:14:44.996,1.28454,1.28464,1.72,1.50
2016.09.07 05:14:45.252,1.28454,1.28464,1.72,1.50
2016.09.07 05:14:45.537,1.28454,1.28464,1.12,1.50
2016.09.07 05:14:45.588,1.28455,1.28464,1.00,1.50
2016.09.07 05:14:45.690,1.28454,1.28464,1.12,1.50
2016.09.07 05:14:45.793,1.28455,1.28464,1.00,1.50
2016.09.07 05:14:46.593,1.28453,1.28464,2.10,1.50
2016.09.07 05:14:50.649,1.28454,1.28464,1.30,1.50
2016.09.07 05:14:50.751,1.28454,1.28464,1.30,1.50
2016.09.07 05:14:50.802,1.28454,1.28464,1.30,1.00
2016.09.07 05:14:51.250,1.28453,1.28464,1.50,1.00
2016.09.07 05:14:51.352,1.28453,1.28463,1.50,1.00
2016.09.07 05:14:51.403,1.28453,1.28461,1.50,1.00
2016.09.07 05:14:51.454,1.28454,1.28461,1.30,1.00
2016.09.07 05:14:51.505,1.28454,1.28463,1.30,1.00
2016.09.07 05:14:52.129,1.28454,1.28464,1.30,1.00
2016.09.07 05:14:52.230,1.28454,1.28464,1.72,1.00
2016.09.07 05:14:52.383,1.28454,1.28464,1.35,1.00
2016.09.07 05:14:52.637,1.28453,1.28464,3.22,1.00
2016.09.07 05:14:53.206,1.28454,1.28464,1.00,1.00
2016.09.07 05:14:53.410,1.28453,1.28465,3.22,2.62
2016.09.07 05:14:53.512,1.28454,1.28464,1.35,1.00
2016.09.07 05:14:53.739,1.28454,1.28464,1.35,1.00
2016.09.07 05:14:54.310,1.28454,1.28464,1.00,1.00
2016.09.07 05:14:54.412,1.28453,1.28463,3.60,1.00
2016.09.07 05:14:56.664,1.28453,1.28463,2.62,1.00
2016.09.07 05:14:56.715,1.28452,1.2846,1.50,1.00
2016.09.07 05:14:56.767,1.28452,1.2846,1.12,1.00
2016.09.07 05:14:56.818,1.28451,1.28461,1.00,1.00
2016.09.07 05:14:56.869,1.28451,1.28461,1.00,1.00
2016.09.07 05:14:56.920,1.28451,1.28461,1.50,1.00
2016.09.07 05:14:57.446,1.28451,1.28461,1.35,1.00
2016.09.07 05:14:57.599,1.28451,1.2846,1.00,1.00
2016.09.07 05:14:57.701,1.2845,1.2846,2.55,1.00
2016.09.07 05:14:57.803,1.2845,1.2846,1.20,1.00
2016.09.07 05:14:57.854,1.28452,1.2846,1.00,1.00
2016.09.07 05:14:57.905,1.2845,1.28461,1.80,1.00
2016.09.07 05:14:57.956,1.28451,1.28461,2.85,1.00
2016.09.07 05:14:58.262,1.28451,1.28461,2.25,1.00
2016.09.07 05:14:58.804,1.28451,1.2846,2.25,1.00
2016.09.07 05:14:59.532,1.28451,1.28462,2.25,1.00
2016.09.07 05:15:02.102,1.28452,1.28462,1.12,1.00
2016.09.07 05:15:02.459,1.28451,1.28461,2.25,1.00
2016.09.07 05:15:02.510,1.28451,1.2846,2.25,1.00
2016.09.07 05:15:04.496,1.28451,1.28461,2.25,1.00
2016.09.07 05:15:04.648,1.28451,1.28461,3.00,1.00
2016.09.07 05:15:04.924,1.28451,1.28462,2.25,1.00
2016.09.07 05:15:06.258,1.28452,1.28462,1.12,1.00
2016.09.07 05:15:06.939,1.28452,1.28463,1.12,1.00
2016.09.07 05:15:07.150,1.28452,1.28464,1.12,2.62
2016.09.07 05:15:07.201,1.28452,1.28462,1.12,1.00
2016.09.07 05:15:08.465,1.28451,1.28462,3.00,1.00
2016.09.07 05:15:08.567,1.28452,1.28463,2.62,1.00
2016.09.07 05:15:08.619,1.28452,1.28463,3.37,1.00
2016.09.07 05:15:08.670,1.28452,1.28463,4.87,1.00
2016.09.07 05:15:08.721,1.28452,1.28464,4.12,1.50
2016.09.07 05:15:08.822,1.28452,1.28464,4.87,1.50
2016.09.07 05:15:09.090,1.28452,1.28464,4.12,1.50
2016.09.07 05:15:09.141,1.28452,1.28462,4.12,1.00
2016.09.07 05:15:09.193,1.28452,1.28462,4.12,1.00
2016.09.07 05:15:09.792,1.28452,1.28462,3.75,1.00
2016.09.07 05:15:10.753,1.28452,1.2846,3.75,1.00
2016.09.07 05:15:12.886,1.28452,1.2846,3.75,1.00
2016.09.07 05:15:12.937,1.28452,1.28462,3.75,1.00
2016.09.07 05:15:14.854,1.28452,1.28461,3.00,1.00
2016.09.07 05:15:14.905,1.28452,1.28461,3.37,1.00
2016.09.07 05:15:15.160,1.28453,1.28462,2.25,1.00
2016.09.07 05:15:15.262,1.28452,1.28461,1.87,1.00
2016.09.07 05:15:15.314,1.28452,1.28461,1.50,1.00
2016.09.07 05:15:16.920,1.28452,1.28461,1.87,1.00
2016.09.07 05:15:16.971,1.28452,1.28461,1.50,1.00
2016.09.07 05:15:17.022,1.28452,1.28461,1.12,1.00
2016.09.07 05:15:17.073,1.28452,1.28461,2.25,1.00
2016.09.07 05:15:17.226,1.28452,1.28462,1.50,1.00
2016.09.07 05:15:17.277,1.28452,1.28462,1.12,1.00
2016.09.07 05:15:17.379,1.28452,1.28462,1.50,1.00
2016.09.07 05:15:17.551,1.28452,1.28462,2.25,1.00
2016.09.07 05:15:17.755,1.28452,1.28463,1.50,1.00
2016.09.07 05:15:18.570,1.28452,1.28463,2.62,1.00
2016.09.07 05:15:18.819,1.28452,1.28463,2.62,1.00
2016.09.07 05:15:19.330,1.28452,1.28463,1.50,1.00
2016.09.07 05:15:19.821,1.28452,1.28463,2.10,1.00
2016.09.07 05:15:19.871,1.28452,1.28463,2.85,1.00
2016.09.07 05:15:19.922,1.28452,1.28464,2.85,2.25
2016.09.07 05:15:19.973,1.28452,1.28464,2.10,1.50
2016.09.07 05:15:20.025,1.28452,1.28464,2.10,1.50
2016.09.07 05:15:20.076,1.28454,1.28464,1.30,1.50
2016.09.07 05:15:20.127,1.28453,1.28464,3.60,1.50
2016.09.07 05:15:20.432,1.28453,1.28464,3.60,1.00
2016.09.07 05:15:20.534,1.28453,1.28464,3.60,1.50
2016.09.07 05:15:20.635,1.28453,1.28463,3.60,1.00
2016.09.07 05:15:20.839,1.28453,1.28464,4.35,1.50
2016.09.07 05:15:20.890,1.28453,1.28464,4.72,1.50
2016.09.07 05:15:21.043,1.28454,1.28464,1.12,1.50
2016.09.07 05:15:21.145,1.28454,1.28464,1.12,1.00
2016.09.07 05:15:21.253,1.28454,1.28464,1.12,1.50
2016.09.07 05:15:21.605,1.28454,1.28464,1.12,1.50
2016.09.07 05:15:21.657,1.28453,1.28464,4.72,1.50
2016.09.07 05:15:22.225,1.28454,1.28464,1.30,1.50
2016.09.07 05:15:22.327,1.28453,1.28463,4.72,1.00
2016.09.07 05:15:22.378,1.28452,1.28463,3.60,1.00
2016.09.07 05:15:22.429,1.28452,1.28462,2.62,1.00
2016.09.07 05:15:22.532,1.28452,1.28462,3.97,1.00
2016.09.07 05:15:22.582,1.28452,1.28462,3.60,1.00
2016.09.07 05:15:22.684,1.28453,1.28462,1.00,1.00
2016.09.07 05:15:23.043,1.28453,1.28461,1.50,1.00
2016.09.07 05:15:23.094,1.28453,1.28461,1.12,1.00
2016.09.07 05:15:23.613,1.28453,1.28462,1.12,1.00
2016.09.07 05:15:24.080,1.28453,1.28462,1.87,1.00
2016.09.07 05:15:24.131,1.28453,1.28463,1.12,1.00
2016.09.07 05:15:24.182,1.28453,1.28463,1.87,1.00
2016.09.07 05:15:24.436,1.28453,1.28463,2.47,1.00
2016.09.07 05:15:24.996,1.28453,1.28463,2.10,1.00
2016.09.07 05:15:25.234,1.28453,1.28464,2.10,1.00
2016.09.07 05:15:25.682,1.28453,1.28464,1.50,1.00
2016.09.07 05:15:25.886,1.28453,1.28464,1.50,1.50
2016.09.07 05:15:25.937,1.28453,1.28462,2.10,1.00
2016.09.07 05:15:25.988,1.28453,1.28462,1.35,1.00
2016.09.07 05:15:26.039,1.28453,1.28462,2.10,1.00
2016.09.07 05:15:26.192,1.28453,1.28462,1.50,1.00
2016.09.07 05:15:27.731,1.28453,1.28463,1.50,1.00
2016.09.07 05:15:27.956,1.28453,1.28464,4.12,2.25
2016.09.07 05:15:28.007,1.28453,1.28463,4.12,1.00
2016.09.07 05:15:28.058,1.28453,1.28463,2.25,1.00
2016.09.07 05:15:28.119,1.28453,1.28463,1.50,1.00
2016.09.07 05:15:28.172,1.28453,1.28463,2.10,1.00
2016.09.07 05:15:28.223,1.28453,1.28463,2.10,1.00
2016.09.07 05:15:28.325,1.28453,1.28462,1.50,1.00
2016.09.07 05:15:28.478,1.28453,1.28462,1.12,1.00
2016.09.07 05:15:28.529,1.28453,1.28463,1.87,1.50
2016.09.07 05:15:28.632,1.28453,1.28462,2.47,1.00
2016.09.07 05:15:28.734,1.28453,1.28463,1.72,1.00
2016.09.07 05:15:28.886,1.28453,1.28463,1.12,1.00
2016.09.07 05:15:28.937,1.28453,1.28463,1.12,1.50
2016.09.07 05:15:29.270,1.28453,1.28463,2.47,1.00
2016.09.07 05:15:29.351,1.28453,1.28463,1.12,1.50
2016.09.07 05:15:29.402,1.28453,1.28463,1.12,1.00
2016.09.07 05:15:29.898,1.28453,1.28463,1.72,1.00
2016.09.07 05:15:29.949,1.28453,1.28464,1.72,1.00
2016.09.07 05:15:30.050,1.28453,1.28462,1.72,1.00
2016.09.07 05:15:30.101,1.28453,1.28462,1.12,1.00
2016.09.07 05:15:30.254,1.28453,1.28462,1.72,1.00
2016.09.07 05:15:30.989,1.28453,1.28462,1.72,1.00
2016.09.07 05:15:31.098,1.28453,1.28462,1.72,1.00
2016.09.07 05:15:31.149,1.28453,1.28462,1.12,1.00
2016.09.07 05:15:31.200,1.28453,1.28462,1.12,1.00
2016.09.07 05:15:31.600,1.28453,1.28462,1.12,1.00
2016.09.07 05:15:31.758,1.28453,1.28462,1.87,1.00
2016.09.07 05:15:32.052,1.28453,1.28461,1.12,1.00
2016.09.07 05:15:32.103,1.28453,1.28461,1.50,1.00
2016.09.07 05:15:32.184,1.28453,1.28461,1.00,1.00
2016.09.07 05:15:32.338,1.28453,1.28462,1.00,1.12
2016.09.07 05:15:32.390,1.28451,1.28462,1.20,1.00
2016.09.07 05:15:32.441,1.28451,1.28462,1.10,1.00
2016.09.07 05:15:32.545,1.28452,1.28462,1.00,1.00
2016.09.07 05:15:32.648,1.28451,1.28463,1.10,1.00
2016.09.07 05:15:32.699,1.28452,1.28463,1.00,1.00
2016.09.07 05:15:32.751,1.28452,1.28461,1.00,1.00
2016.09.07 05:15:33.258,1.28452,1.28462,1.00,1.00
2016.09.07 05:15:35.236,1.28452,1.28461,1.00,1.00
2016.09.07 05:15:39.040,1.28451,1.28463,1.57,1.00
2016.09.07 05:15:40.216,1.28452,1.28463,1.00,1.00
2016.09.07 05:15:40.724,1.28452,1.28462,1.00,1.00
2016.09.07 05:15:43.982,1.28454,1.28463,2.62,1.00
2016.09.07 05:15:44.084,1.28453,1.28464,2.25,1.00
2016.09.07 05:15:44.205,1.28453,1.28465,2.85,1.50
2016.09.07 05:15:44.256,1.28453,1.28464,2.85,1.00
2016.09.07 05:15:44.460,1.28453,1.28465,2.85,2.25
2016.09.07 05:15:44.562,1.28453,1.28463,2.85,1.00
2016.09.07 05:15:45.198,1.28453,1.28463,2.85,1.00
2016.09.07 05:15:45.372,1.28453,1.28463,3.60,1.00
2016.09.07 05:15:45.423,1.28454,1.28463,1.00,1.00
2016.09.07 05:15:45.684,1.28454,1.28463,1.50,1.00
2016.09.07 05:15:45.786,1.28454,1.28463,1.00,1.00
2016.09.07 05:15:46.159,1.28454,1.28463,1.50,1.00
2016.09.07 05:15:46.337,1.28454,1.28463,1.00,1.00
2016.09.07 05:15:46.542,1.28454,1.28462,1.50,1.00
2016.09.07 05:15:46.644,1.28454,1.28462,2.10,1.00
2016.09.07 05:15:46.746,1.28454,1.28463,1.35,1.00
2016.09.07 05:15:46.899,1.28454,1.28462,1.00,1.00
2016.09.07 05:15:47.102,1.28454,1.28463,1.12,1.00
2016.09.07 05:15:47.204,1.28454,1.28462,1.00,1.00
2016.09.07 05:15:47.362,1.28454,1.28462,1.50,1.00
2016.09.07 05:15:47.414,1.28454,1.28462,1.00,1.00
2016.09.07 05:15:47.465,1.28453,1.28462,1.00,1.00
2016.09.07 05:15:48.299,1.28453,1.28462,1.50,1.00
2016.09.07 05:15:48.401,1.28453,1.28462,1.00,1.00
2016.09.07 05:15:54.593,1.28452,1.28462,2.70,1.00
2016.09.07 05:15:54.695,1.28452,1.28461,3.82,1.00
2016.09.07 05:15:54.899,1.28452,1.28463,3.82,1.00
2016.09.07 05:15:55.001,1.28452,1.28463,2.70,1.00
2016.09.07 05:15:55.052,1.28452,1.28463,3.45,1.50
2016.09.07 05:15:55.103,1.28452,1.28461,3.82,1.00
2016.09.07 05:15:55.205,1.28452,1.28461,4.42,1.00
2016.09.07 05:15:55.307,1.28452,1.2846,3.82,1.00
2016.09.07 05:15:55.409,1.28452,1.2846,3.75,1.00
2016.09.07 05:15:56.063,1.28452,1.28461,3.75,1.00
2016.09.07 05:15:57.683,1.28452,1.28461,3.00,1.00
2016.09.07 05:15:57.899,1.28452,1.28461,3.00,1.00
2016.09.07 05:15:58.254,1.28452,1.28461,3.75,1.00
2016.09.07 05:15:58.305,1.28452,1.28461,3.75,1.00
2016.09.07 05:15:58.356,1.28452,1.28461,3.00,1.00
2016.09.07 05:15:59.072,1.28452,1.28461,3.00,1.00
2016.09.07 05:15:59.370,1.28452,1.28461,3.00,1.00
2016.09.07 05:15:59.641,1.28452,1.28461,3.60,1.00
2016.09.07 05:15:59.692,1.28454,1.28461,1.00,1.00
2016.09.07 05:15:59.744,1.28454,1.28461,1.12,1.00
2016.09.07 05:15:59.796,1.28453,1.28463,1.87,1.00
2016.09.07 05:15:59.898,1.28453,1.28463,2.47,1.00
2016.09.07 05:16:00.000,1.28453,1.28463,2.47,1.00
2016.09.07 05:16:00.299,1.28454,1.28463,1.12,1.00
2016.09.07 05:16:00.452,1.28453,1.28463,2.47,1.00
2016.09.07 05:16:00.724,1.28453,1.28463,1.87,1.00
2016.09.07 05:16:00.776,1.28453,1.28464,1.87,1.00
2016.09.07 05:16:00.827,1.28454,1.28464,1.30,1.00
2016.09.07 05:16:00.878,1.28454,1.28463,1.72,1.00
2016.09.07 05:16:01.683,1.28453,1.28463,1.87,1.00
2016.09.07 05:16:01.889,1.28453,1.28463,1.87,1.00
2016.09.07 05:16:01.940,1.28454,1.28463,1.30,1.00
2016.09.07 05:16:01.991,1.28453,1.28462,1.87,1.00
2016.09.07 05:16:02.146,1.28453,1.28463,2.47,1.00
2016.09.07 05:16:02.370,1.28453,1.28463,1.87,1.00
2016.09.07 05:16:02.799,1.28453,1.28463,1.50,1.00
2016.09.07 05:16:02.901,1.28453,1.28464,1.50,1.00
2016.09.07 05:16:03.021,1.28453,1.28463,1.50,1.00
2016.09.07 05:16:03.072,1.28454,1.28462,1.00,1.00
2016.09.07 05:16:03.281,1.28453,1.28464,1.50,1.00
2016.09.07 05:16:03.383,1.28454,1.28463,1.00,1.50
2016.09.07 05:16:03.434,1.28454,1.28463,1.00,2.25
2016.09.07 05:16:03.486,1.28453,1.28461,1.12,1.00
2016.09.07 05:16:03.537,1.28453,1.28461,1.12,1.00
2016.09.07 05:16:03.589,1.28453,1.28462,1.72,1.00
2016.09.07 05:16:03.650,1.28453,1.28462,1.12,1.00
2016.09.07 05:16:03.803,1.28454,1.28462,1.00,1.00
2016.09.07 05:16:04.200,1.28452,1.28462,2.85,1.00
2016.09.07 05:16:05.183,1.28453,1.28462,1.00,1.00
2016.09.07 05:16:06.762,1.28452,1.28462,3.60,1.00
2016.09.07 05:16:07.440,1.28452,1.28462,3.97,1.00
2016.09.07 05:16:07.491,1.28453,1.28462,1.12,1.00
2016.09.07 05:16:07.593,1.28453,1.28462,1.12,1.00
2016.09.07 05:16:07.694,1.28454,1.28462,1.00,1.00
2016.09.07 05:16:09.775,1.28453,1.28461,1.30,1.00
2016.09.07 05:16:10.143,1.28452,1.28461,3.97,1.00
2016.09.07 05:16:10.649,1.28453,1.28461,1.30,1.00
2016.09.07 05:16:10.700,1.28452,1.28463,3.97,1.00
2016.09.07 05:16:10.751,1.28453,1.28463,1.00,1.00
2016.09.07 05:16:10.853,1.2845,1.28463,4.57,1.12
2016.09.07 05:16:10.905,1.2845,1.28462,3.82,1.00
2016.09.07 05:16:10.956,1.28451,1.28462,1.12,1.00
2016.09.07 05:16:11.058,1.28451,1.28462,1.00,1.00
2016.09.07 05:16:11.109,1.2845,1.2846,1.10,1.00
2016.09.07 05:16:11.227,1.28449,1.28459,1.95,1.12
2016.09.07 05:16:11.278,1.2845,1.28458,1.00,1.00
2016.09.07 05:16:11.330,1.2845,1.28458,1.00,1.00
2016.09.07 05:16:11.381,1.2845,1.28459,1.00,1.12
2016.09.07 05:16:15.203,1.28449,1.28458,1.95,1.00
2016.09.07 05:16:15.508,1.28449,1.28459,1.95,1.12
2016.09.07 05:16:15.559,1.28449,1.28459,1.95,1.00
2016.09.07 05:16:15.610,1.2845,1.28459,1.00,1.00
2016.09.07 05:16:15.712,1.28449,1.28459,1.95,1.00
2016.09.07 05:16:15.805,1.2845,1.28459,1.00,1.00
2016.09.07 05:16:16.214,1.2845,1.28459,1.00,1.00
2016.09.07 05:16:16.316,1.28449,1.28459,1.95,1.00
2016.09.07 05:16:16.842,1.28449,1.28458,1.95,1.00
2016.09.07 05:16:17.276,1.28449,1.28458,1.87,1.00
2016.09.07 05:16:26.225,1.2845,1.28459,1.00,1.00
2016.09.07 05:16:26.977,1.28449,1.28459,1.87,1.00
2016.09.07 05:16:27.079,1.28449,1.28458,2.25,1.00
2016.09.07 05:16:27.181,1.2845,1.28458,1.00,1.00
2016.09.07 05:16:34.089,1.28449,1.28458,2.25,1.50
2016.09.07 05:16:34.140,1.28449,1.28457,2.25,1.00
2016.09.07 05:16:34.191,1.28449,1.28457,1.12,1.00
2016.09.07 05:16:34.242,1.28449,1.28457,1.12,1.00
2016.09.07 05:16:36.254,1.28449,1.28458,1.12,1.50
2016.09.07 05:16:36.712,1.2845,1.28457,1.00,1.00
2016.09.07 05:16:36.814,1.2845,1.28458,1.00,1.50
2016.09.07 05:16:36.975,1.2845,1.28458,1.00,1.00
2016.09.07 05:16:37.026,1.28449,1.2846,1.50,1.00
2016.09.07 05:16:37.108,1.28451,1.28462,3.22,1.00
2016.09.07 05:16:37.161,1.28451,1.28462,3.97,1.00
2016.09.07 05:16:37.213,1.28454,1.28463,1.12,2.25
2016.09.07 05:16:37.315,1.28453,1.28463,1.50,2.25
2016.09.07 05:16:37.417,1.28453,1.28462,1.50,1.00
2016.09.07 05:16:37.519,1.28453,1.28463,1.50,2.25
2016.09.07 05:16:39.211,1.28453,1.28462,1.50,1.00
2016.09.07 05:16:39.313,1.28454,1.28462,1.12,1.00
2016.09.07 05:16:42.536,1.28453,1.28462,1.50,1.00
2016.09.07 05:16:42.638,1.28453,1.28463,1.50,2.25
2016.09.07 05:16:42.740,1.28454,1.28463,1.12,1.50
2016.09.07 05:16:42.841,1.28453,1.28463,2.10,1.50
2016.09.07 05:16:42.892,1.28453,1.28463,2.47,1.00
2016.09.07 05:16:45.119,1.28453,1.28463,1.87,1.00
2016.09.07 05:16:49.433,1.28454,1.28463,1.12,1.50
2016.09.07 05:16:49.636,1.28453,1.28462,1.87,1.00
2016.09.07 05:16:50.044,1.28453,1.28462,2.47,1.00
2016.09.07 05:16:50.146,1.28453,1.28462,2.10,1.00
2016.09.07 05:16:50.197,1.28453,1.28462,1.50,1.00
2016.09.07 05:16:50.350,1.28453,1.28463,2.25,1.00
2016.09.07 05:16:50.644,1.28453,1.28464,2.25,1.50
2016.09.07 05:16:50.695,1.28453,1.28464,2.85,1.00
2016.09.07 05:16:50.748,1.28453,1.28464,3.22,1.00
2016.09.07 05:16:50.851,1.28454,1.28464,1.12,1.00
2016.09.07 05:16:50.902,1.28454,1.28464,1.72,1.00
2016.09.07 05:16:51.108,1.28454,1.28464,1.12,1.00
2016.09.07 05:16:51.261,1.28455,1.28464,1.00,1.00
2016.09.07 05:16:51.744,1.28455,1.28465,1.00,1.50
2016.09.07 05:16:51.846,1.28455,1.28464,1.00,1.00
2016.09.07 05:16:51.948,1.28455,1.28465,1.00,1.50
2016.09.07 05:16:52.840,1.28454,1.28463,2.10,1.00
2016.09.07 05:16:53.093,1.28454,1.28463,1.50,1.00
2016.09.07 05:16:53.195,1.28454,1.28464,2.10,1.00
2016.09.07 05:16:53.691,1.28454,1.28463,1.50,1.00
2016.09.07 05:16:54.205,1.28454,1.28464,1.50,1.00
2016.09.07 05:16:54.520,1.28454,1.28464,2.10,1.00
2016.09.07 05:16:54.723,1.28454,1.28463,1.50,1.00
2016.09.07 05:16:55.005,1.28455,1.28464,1.00,1.00
2016.09.07 05:16:55.056,1.28457,1.28467,1.00,3.75
2016.09.07 05:16:55.107,1.28457,1.28467,1.00,3.00
2016.09.07 05:16:55.158,1.28457,1.28467,1.00,1.00
2016.09.07 05:16:55.209,1.28457,1.28467,1.12,1.00
2016.09.07 05:16:55.260,1.28456,1.28467,3.75,1.00
2016.09.07 05:16:55.362,1.28457,1.28466,1.12,1.00
2016.09.07 05:16:55.464,1.28457,1.28467,1.12,1.00
2016.09.07 05:16:55.669,1.28456,1.28467,3.75,1.50
2016.09.07 05:16:55.771,1.28456,1.28467,3.75,1.50
2016.09.07 05:16:55.924,1.28456,1.28467,1.12,1.50
2016.09.07 05:16:56.129,1.28457,1.28467,1.00,1.50
2016.09.07 05:16:56.673,1.28456,1.28467,1.12,1.00
2016.09.07 05:16:56.724,1.28458,1.28467,1.00,1.00
2016.09.07 05:16:56.877,1.28458,1.28469,1.00,1.00
2016.09.07 05:16:57.171,1.28458,1.28468,1.00,1.00
2016.09.07 05:16:57.625,1.28458,1.28469,1.00,1.00
2016.09.07 05:16:57.830,1.28458,1.28469,1.00,1.50
2016.09.07 05:16:57.932,1.28458,1.28469,1.00,1.00
2016.09.07 05:16:58.130,1.28458,1.28468,1.00,1.00
2016.09.07 05:16:58.334,1.28458,1.28469,1.00,1.00
2016.09.07 05:16:58.436,1.28458,1.28469,1.00,1.50
2016.09.07 05:16:58.650,1.28458,1.28468,1.00,1.00
2016.09.07 05:16:58.742,1.28458,1.28469,1.00,1.00
2016.09.07 05:16:58.981,1.28458,1.28469,1.00,1.50
2016.09.07 05:16:59.133,1.28458,1.28468,1.00,1.00
2016.09.07 05:16:59.235,1.28458,1.28469,1.00,1.50
2016.09.07 05:16:59.532,1.28458,1.28469,1.00,1.00
2016.09.07 05:16:59.838,1.28458,1.28469,1.00,1.50
2016.09.07 05:17:00.174,1.28458,1.28469,1.00,1.00
2016.09.07 05:17:00.277,1.28458,1.2847,1.87,1.50
2016.09.07 05:17:00.328,1.28458,1.2847,2.25,1.50
2016.09.07 05:17:00.382,1.28458,1.28469,2.25,1.00
2016.09.07 05:17:00.480,1.28459,1.28469,1.12,1.00
2016.09.07 05:17:00.582,1.28459,1.2847,1.12,1.50
2016.09.07 05:17:00.634,1.28459,1.2847,1.87,1.00
2016.09.07 05:17:00.736,1.2846,1.2847,1.00,1.00
2016.09.07 05:17:00.929,1.28459,1.2847,4.12,1.00
2016.09.07 05:17:00.981,1.28459,1.2847,3.37,1.00
2016.09.07 05:17:01.033,1.28459,1.2847,4.12,1.00
2016.09.07 05:17:01.137,1.28459,1.2847,3.37,1.00
2016.09.07 05:17:01.613,1.2846,1.2847,1.12,1.00
2016.09.07 05:17:01.734,1.28459,1.2847,3.37,1.00
2016.09.07 05:17:01.947,1.28459,1.28469,3.37,1.50
2016.09.07 05:17:02.051,1.28459,1.28469,1.12,1.00
2016.09.07 05:17:02.155,1.28459,1.28468,1.12,1.00
2016.09.07 05:17:06.645,1.28459,1.28467,1.12,1.00
2016.09.07 05:17:06.799,1.28459,1.28467,1.12,1.50
2016.09.07 05:17:06.850,1.28458,1.28466,1.37,1.00
2016.09.07 05:17:07.054,1.28458,1.28468,1.37,1.50
2016.09.07 05:17:07.156,1.28458,1.28468,1.37,1.87
2016.09.07 05:17:07.448,1.28459,1.28468,1.12,1.87
2016.09.07 05:17:07.499,1.28459,1.28467,1.12,1.00
2016.09.07 05:17:07.550,1.28458,1.28467,1.37,1.50
2016.09.07 05:17:07.754,1.28458,1.28467,1.37,1.00
2016.09.07 05:17:08.556,1.28456,1.28467,1.00,1.00
2016.09.07 05:17:09.457,1.28455,1.28466,1.95,1.00
2016.09.07 05:17:09.508,1.28455,1.28466,1.95,1.00
2016.09.07 05:17:09.559,1.28455,1.28465,1.12,1.00
2016.09.07 05:17:09.645,1.28455,1.28465,1.12,1.00
2016.09.07 05:17:09.697,1.28455,1.28466,1.12,1.50
2016.09.07 05:17:09.748,1.28454,1.28466,2.17,1.87
2016.09.07 05:17:09.851,1.28455,1.28466,2.62,1.50
2016.09.07 05:17:09.953,1.28455,1.28466,1.30,1.50
2016.09.07 05:17:10.904,1.28454,1.28466,4.42,1.50
2016.09.07 05:17:10.956,1.28454,1.28464,2.62,1.00
2016.09.07 05:17:11.007,1.28454,1.28465,2.62,1.00
2016.09.07 05:17:11.058,1.28453,1.28464,1.00,2.25
2016.09.07 05:17:11.161,1.28453,1.28462,1.00,1.00
2016.09.07 05:17:11.212,1.28453,1.28462,1.00,1.00
2016.09.07 05:17:11.264,1.28453,1.28462,1.35,1.00
2016.09.07 05:17:11.315,1.28453,1.28462,1.00,1.00
2016.09.07 05:17:11.367,1.28452,1.28462,3.60,1.00
2016.09.07 05:17:11.624,1.28452,1.28462,3.00,1.00
2016.09.07 05:17:12.852,1.28452,1.28462,2.25,1.00
2016.09.07 05:17:13.620,1.28452,1.28462,2.32,1.00
2016.09.07 05:17:13.671,1.28452,1.28464,2.32,2.62
2016.09.07 05:17:16.974,1.28452,1.28464,2.92,2.62
2016.09.07 05:17:17.076,1.28452,1.28462,1.20,1.00
2016.09.07 05:17:17.229,1.28452,1.28462,1.12,1.00
2016.09.07 05:17:17.331,1.28452,1.28462,1.12,1.00
2016.09.07 05:17:17.384,1.28452,1.28462,1.00,1.00
2016.09.07 05:17:18.202,1.28452,1.28463,1.00,2.25
2016.09.07 05:17:18.253,1.28452,1.28463,1.00,1.87
2016.09.07 05:17:18.304,1.28452,1.28463,1.00,1.12
2016.09.07 05:17:21.107,1.28452,1.28462,1.00,1.00
2016.09.07 05:17:21.158,1.28451,1.28462,1.50,1.00
2016.09.07 05:17:21.311,1.28451,1.28462,1.57,1.50
2016.09.07 05:17:21.362,1.28451,1.28462,1.10,1.50
2016.09.07 05:17:21.413,1.28451,1.28462,1.10,1.00
2016.09.07 05:17:21.759,1.28451,1.28462,1.00,1.00
2016.09.07 05:17:21.935,1.28451,1.28462,1.00,1.00
2016.09.07 05:17:22.189,1.28451,1.28461,1.00,1.00
2016.09.07 05:17:23.405,1.28451,1.28462,1.00,1.50
2016.09.07 05:17:23.507,1.28451,1.28461,1.00,1.00
2016.09.07 05:17:24.693,1.28451,1.2846,1.00,1.00
2016.09.07 05:17:28.035,1.28451,1.2846,1.00,1.00
2016.09.07 05:17:28.140,1.28451,1.2846,1.00,1.00
2016.09.07 05:17:28.191,1.28451,1.28462,1.00,1.50
2016.09.07 05:17:28.293,1.28451,1.28461,1.00,1.00
2016.09.07 05:17:28.719,1.28451,1.28461,1.00,1.00
2016.09.07 05:17:28.822,1.28451,1.28462,1.00,1.50
2016.09.07 05:17:28.874,1.28451,1.28462,1.00,1.00
2016.09.07 05:17:32.859,1.28451,1.28462,1.00,1.00
2016.09.07 05:17:32.910,1.28451,1.28461,1.00,1.00
2016.09.07 05:17:38.069,1.28451,1.28461,1.00,1.00
2016.09.07 05:17:38.170,1.28451,1.28461,1.12,1.00
2016.09.07 05:17:38.221,1.28451,1.28463,3.37,2.25
2016.09.07 05:17:38.273,1.28451,1.28463,3.37,2.25
2016.09.07 05:17:38.374,1.28451,1.28463,3.37,2.25
2016.09.07 05:17:38.760,1.28451,1.28463,3.37,2.25
2016.09.07 05:17:38.812,1.28451,1.28463,3.75,2.25
2016.09.07 05:17:39.588,1.28451,1.28463,3.37,2.25
2016.09.07 05:17:45.404,1.28451,1.28463,3.37,1.00
2016.09.07 05:17:45.573,1.28453,1.28463,1.12,1.00
2016.09.07 05:17:45.625,1.28453,1.28465,1.72,2.25
2016.09.07 05:17:45.676,1.28453,1.28465,1.72,3.00
2016.09.07 05:17:45.727,1.28453,1.28465,2.17,1.50
2016.09.07 05:17:45.778,1.28453,1.28465,2.55,1.50
2016.09.07 05:17:45.829,1.28453,1.28464,2.55,1.00
2016.09.07 05:17:45.880,1.28453,1.28464,3.30,1.00
2016.09.07 05:17:45.931,1.28453,1.28465,3.30,1.50
2016.09.07 05:17:46.592,1.28453,1.28465,3.30,2.25
2016.09.07 05:17:46.643,1.28453,1.28463,2.55,1.00
2016.09.07 05:17:46.694,1.28453,1.28463,2.17,1.00
2016.09.07 05:17:46.745,1.28453,1.28463,1.20,1.00
2016.09.07 05:17:46.796,1.28453,1.28464,3.45,1.00
2016.09.07 05:17:46.847,1.28454,1.28464,2.62,1.00
2016.09.07 05:17:46.899,1.28454,1.28464,2.25,1.00
2016.09.07 05:17:46.950,1.28453,1.28464,3.82,1.00
2016.09.07 05:17:47.102,1.28453,1.28464,3.07,1.00
2016.09.07 05:17:47.153,1.28453,1.28464,3.07,1.00
2016.09.07 05:17:47.512,1.28453,1.28464,3.82,1.00
2016.09.07 05:17:47.614,1.28453,1.28465,3.07,1.50
2016.09.07 05:17:47.919,1.28453,1.28463,3.07,1.00
2016.09.07 05:17:48.123,1.28453,1.28465,3.07,1.50
2016.09.07 05:17:48.557,1.28453,1.28465,3.07,1.00
2016.09.07 05:17:48.863,1.28453,1.28465,3.07,1.00
2016.09.07 05:17:48.914,1.28453,1.28463,3.07,1.00
2016.09.07 05:17:50.848,1.28453,1.28465,3.07,1.00
2016.09.07 05:17:50.899,1.28453,1.28465,3.07,1.00
2016.09.07 05:17:51.000,1.28453,1.28465,3.07,1.00
2016.09.07 05:17:51.175,1.28453,1.28465,3.82,1.00
2016.09.07 05:17:51.245,1.28454,1.28465,1.00,1.00
2016.09.07 05:17:52.947,1.28454,1.28463,1.00,1.00
2016.09.07 05:17:56.918,1.28455,1.28463,2.62,1.00
2016.09.07 05:17:57.934,1.28454,1.28463,1.30,1.00
2016.09.07 05:17:59.946,1.28454,1.28465,1.30,1.00
2016.09.07 05:18:01.846,1.28453,1.28465,3.30,1.00
2016.09.07 05:18:01.897,1.28453,1.28465,3.30,1.00
2016.09.07 05:18:01.948,1.28454,1.28465,1.12,1.00
2016.09.07 05:18:02.054,1.28454,1.28464,1.20,1.00
2016.09.07 05:18:02.105,1.28454,1.28464,4.05,1.00
2016.09.07 05:18:02.156,1.28455,1.28466,1.00,1.50
2016.09.07 05:18:02.716,1.28454,1.28466,3.67,1.50
2016.09.07 05:18:05.092,1.28454,1.28466,4.05,1.50
2016.09.07 05:18:05.143,1.28454,1.28466,4.80,1.50
2016.09.07 05:18:10.135,1.28454,1.28466,4.05,1.50
2016.09.07 05:18:16.452,1.28454,1.28466,4.80,1.50
2016.09.07 05:18:17.569,1.28454,1.28466,4.05,1.50
2016.09.07 05:18:19.116,1.28454,1.28466,3.45,1.50
2016.09.07 05:18:19.218,1.28454,1.28466,3.07,1.50
2016.09.07 05:18:19.269,1.28454,1.28463,3.07,1.00
2016.09.07 05:18:19.371,1.28454,1.28465,3.07,1.00
2016.09.07 05:18:21.163,1.28454,1.28465,2.32,1.00
2016.09.07 05:18:27.236,1.28454,1.28465,2.32,1.00
2016.09.07 05:18:27.338,1.28454,1.28464,2.32,1.00
2016.09.07 05:18:30.605,1.28453,1.28464,2.47,1.00
2016.09.07 05:18:30.822,1.28454,1.28464,2.32,1.00
2016.09.07 05:18:32.749,1.28454,1.28464,2.32,1.00
2016.09.07 05:18:34.968,1.28454,1.28465,2.32,1.00
2016.09.07 05:18:35.654,1.28454,1.28466,2.32,1.00
2016.09.07 05:18:37.700,1.28454,1.28465,2.32,1.00
2016.09.07 05:18:38.208,1.28454,1.28464,2.32,1.00
2016.09.07 05:18:38.361,1.28454,1.28464,2.32,1.00
2016.09.07 05:18:38.754,1.28454,1.28464,2.32,1.00
2016.09.07 05:18:42.825,1.28453,1.28464,1.50,1.00
2016.09.07 05:18:48.661,1.28453,1.28464,3.75,1.00
2016.09.07 05:18:48.712,1.28454,1.28465,1.10,1.00
2016.09.07 05:18:51.294,1.28453,1.28463,2.62,1.00
2016.09.07 05:18:51.397,1.28453,1.28465,2.62,1.00
2016.09.07 05:18:51.448,1.28453,1.28465,3.22,1.00
2016.09.07 05:18:52.017,1.28453,1.28464,3.22,1.00
2016.09.07 05:18:52.459,1.28454,1.28464,1.10,1.00
2016.09.07 05:18:57.791,1.28454,1.28466,1.10,1.50
2016.09.07 05:18:57.843,1.28455,1.28466,2.25,1.00
2016.09.07 05:18:57.944,1.28454,1.28466,1.42,1.00
2016.09.07 05:19:00.372,1.28454,1.28466,1.80,1.00
2016.09.07 05:19:00.466,1.28454,1.28466,2.55,1.00
2016.09.07 05:19:00.823,1.28454,1.28465,2.55,1.00
2016.09.07 05:19:01.916,1.28454,1.28465,1.95,1.00
2016.09.07 05:19:03.905,1.28454,1.28464,1.95,1.00
2016.09.07 05:19:04.016,1.28454,1.28464,1.05,1.00
2016.09.07 05:19:04.106,1.28454,1.28464,1.05,1.00
2016.09.07 05:19:06.303,1.28454,1.28464,1.80,1.00
2016.09.07 05:19:07.796,1.28454,1.28464,1.05,1.00
2016.09.07 05:19:07.847,1.28453,1.28464,2.85,1.00
2016.09.07 05:19:07.972,1.28454,1.28463,3.30,1.00
2016.09.07 05:19:08.027,1.28453,1.28464,1.05,1.00
2016.09.07 05:19:08.129,1.28453,1.28464,1.70,1.00
2016.09.07 05:19:08.333,1.28453,1.28464,1.10,1.00
2016.09.07 05:19:08.435,1.28453,1.28464,1.10,1.00
2016.09.07 05:19:08.537,1.28453,1.28464,2.70,1.00
2016.09.07 05:19:08.588,1.28455,1.28464,1.00,1.00
2016.09.07 05:19:08.740,1.28455,1.28464,1.12,1.00
2016.09.07 05:19:08.791,1.28454,1.28464,2.62,1.00
2016.09.07 05:19:09.099,1.28453,1.28464,1.57,1.00
2016.09.07 05:19:09.208,1.28453,1.28464,1.57,1.00
2016.09.07 05:19:09.259,1.28454,1.28464,2.25,1.00
2016.09.07 05:19:09.362,1.28453,1.28464,1.10,1.00
2016.09.07 05:19:09.413,1.28453,1.28464,1.10,1.00
2016.09.07 05:19:09.464,1.28453,1.28464,1.00,1.00
2016.09.07 05:19:11.046,1.28453,1.28464,1.00,1.00
2016.09.07 05:19:18.013,1.28453,1.28465,1.00,1.50
2016.09.07 05:19:18.064,1.28453,1.28465,1.00,1.50
2016.09.07 05:19:18.115,1.28453,1.28465,1.00,2.25
2016.09.07 05:19:18.217,1.28453,1.28463,1.00,1.00
2016.09.07 05:19:18.648,1.28453,1.28463,3.00,1.00
2016.09.07 05:19:18.699,1.28454,1.28463,2.62,1.00
2016.09.07 05:19:19.004,1.28454,1.28465,2.62,2.25
2016.09.07 05:19:19.056,1.28454,1.28465,2.62,1.50
2016.09.07 05:19:19.311,1.28454,1.28464,2.25,1.00
2016.09.07 05:19:19.362,1.28453,1.28464,1.12,1.00
2016.09.07 05:19:22.779,1.28453,1.28464,3.00,1.00
2016.09.07 05:19:29.089,1.28453,1.28464,3.00,1.00
2016.09.07 05:19:29.140,1.28453,1.28465,3.45,2.25
2016.09.07 05:19:29.191,1.28454,1.28465,2.25,2.25
2016.09.07 05:19:29.308,1.28454,1.28464,2.25,1.00
2016.09.07 05:19:29.613,1.28453,1.28464,1.10,1.00
2016.09.07 05:19:36.327,1.28454,1.28464,1.00,1.00
2016.09.07 05:19:36.378,1.28454,1.28464,1.00,1.50
2016.09.07 05:19:36.429,1.28454,1.28462,1.00,1.00
2016.09.07 05:19:36.527,1.28454,1.28464,1.00,1.50
2016.09.07 05:19:36.578,1.28454,1.28464,1.00,1.00
2016.09.07 05:19:36.680,1.28454,1.28464,1.12,1.00
2016.09.07 05:19:37.211,1.28453,1.28463,2.70,1.00
2016.09.07 05:19:37.364,1.28453,1.28463,2.70,1.00
2016.09.07 05:19:37.416,1.28452,1.28463,3.37,1.00
2016.09.07 05:19:37.467,1.28452,1.28464,1.12,1.50
2016.09.07 05:19:39.474,1.28452,1.28463,1.12,1.00
2016.09.07 05:19:42.459,1.28452,1.28461,1.12,1.00
2016.09.07 05:19:42.815,1.28452,1.28461,3.37,1.00
2016.09.07 05:19:43.435,1.28452,1.28462,3.37,1.00
2016.09.07 05:19:45.412,1.28452,1.28462,3.37,1.00
2016.09.07 05:19:47.386,1.28452,1.28462,3.37,1.00
2016.09.07 05:19:47.641,1.28453,1.28463,1.42,1.00
2016.09.07 05:19:47.711,1.28453,1.28463,1.70,1.00
2016.09.07 05:19:47.762,1.28455,1.28466,1.00,1.50
2016.09.07 05:19:47.863,1.28454,1.28465,1.12,1.00
2016.09.07 05:19:47.965,1.28455,1.28465,1.00,1.00
2016.09.07 05:19:48.067,1.28455,1.28465,1.00,1.00
2016.09.07 05:19:48.424,1.28455,1.28465,1.00,1.00
2016.09.07 05:19:48.628,1.28455,1.28465,1.00,1.00
2016.09.07 05:19:48.979,1.28454,1.28465,1.95,1.00
2016.09.07 05:19:51.350,1.28454,1.28465,1.20,1.00
2016.09.07 05:19:51.401,1.28455,1.28465,1.00,1.00
2016.09.07 05:19:51.502,1.28454,1.28464,1.20,1.00
2016.09.07 05:19:51.554,1.28454,1.28464,1.57,1.00
2016.09.07 05:19:51.655,1.28455,1.28464,1.00,1.00
2016.09.07 05:19:51.859,1.28454,1.28466,1.57,2.25
2016.09.07 05:19:51.961,1.28454,1.28464,1.57,1.00
2016.09.07 05:19:55.982,1.28453,1.28464,4.72,1.00
2016.09.07 05:19:56.728,1.28453,1.28464,4.12,1.00
2016.09.07 05:19:56.780,1.28453,1.28464,4.12,1.00
2016.09.07 05:19:56.831,1.28453,1.28464,2.25,1.00
2016.09.07 05:19:56.984,1.28453,1.28464,2.85,1.00
2016.09.07 05:19:57.035,1.28453,1.28464,3.60,1.00
2016.09.07 05:19:57.087,1.28453,1.28466,2.25,1.00
2016.09.07 05:19:57.138,1.28453,1.28466,4.12,1.00
2016.09.07 05:19:57.240,1.28454,1.28466,2.32,1.00
2016.09.07 05:19:57.291,1.28454,1.28465,2.70,1.00
2016.09.07 05:19:57.342,1.28453,1.28465,4.12,1.00
2016.09.07 05:19:57.427,1.28453,1.28466,1.87,1.00
2016.09.07 05:19:57.479,1.28453,1.28466,2.62,1.00
2016.09.07 05:19:57.988,1.28453,1.28465,2.62,1.00
2016.09.07 05:19:58.295,1.28453,1.28466,3.00,1.00
2016.09.07 05:19:58.346,1.28455,1.28466,1.00,1.00
2016.09.07 05:19:58.397,1.28455,1.28466,1.00,1.00
2016.09.07 05:19:58.550,1.28455,1.28467,1.00,1.12
2016.09.07 05:19:58.654,1.28455,1.28467,3.00,1.00
2016.09.07 05:19:58.706,1.28455,1.28467,3.00,1.00
2016.09.07 05:19:58.757,1.28455,1.28467,2.25,1.50
2016.09.07 05:19:58.808,1.28455,1.28467,2.25,1.50
2016.09.07 05:19:58.859,1.28456,1.28466,2.25,1.00
2016.09.07 05:19:58.931,1.28454,1.28466,2.70,1.00
2016.09.07 05:19:58.983,1.28453,1.28467,4.35,1.50
2016.09.07 05:19:59.036,1.28453,1.28467,4.35,1.50
2016.09.07 05:19:59.088,1.28453,1.28466,4.35,1.00
2016.09.07 05:19:59.456,1.28453,1.28466,4.05,1.12
2016.09.07 05:19:59.558,1.28454,1.28464,1.00,1.00
2016.09.07 05:19:59.609,1.28454,1.28464,1.00,1.00
2016.09.07 05:19:59.660,1.28454,1.28466,1.00,1.00
2016.09.07 05:20:01.801,1.28454,1.28465,1.00,1.00
2016.09.07 05:20:01.904,1.28454,1.28465,1.00,1.00
2016.09.07 05:20:02.744,1.28454,1.28465,2.62,1.00
2016.09.07 05:20:02.795,1.28455,1.28465,1.00,1.00
2016.09.07 05:20:02.948,1.28454,1.28465,2.62,1.00
2016.09.07 05:20:02.999,1.28453,1.28465,3.45,1.00
2016.09.07 05:20:05.797,1.28453,1.28466,3.45,1.00
2016.09.07 05:20:06.325,1.28453,1.28465,3.45,1.00
2016.09.07 05:20:07.473,1.28453,1.28463,3.45,1.00
2016.09.07 05:20:07.524,1.28453,1.28463,4.05,1.00
2016.09.07 05:20:07.626,1.28453,1.28464,3.45,1.00
2016.09.07 05:20:07.778,1.28453,1.28465,4.05,1.00
2016.09.07 05:20:07.938,1.28453,1.28465,3.45,1.00
2016.09.07 05:20:08.359,1.28453,1.28465,4.05,1.00
2016.09.07 05:20:09.083,1.28453,1.28465,3.45,1.00
2016.09.07 05:20:09.240,1.28453,1.28465,4.05,1.00
2016.09.07 05:20:09.759,1.28454,1.28465,1.30,1.00
2016.09.07 05:20:09.861,1.28453,1.28465,3.45,1.00
2016.09.07 05:20:09.963,1.28453,1.28465,4.80,1.00
2016.09.07 05:20:10.572,1.28453,1.28466,4.80,1.00
2016.09.07 05:20:10.877,1.28454,1.28466,1.30,1.00
2016.09.07 05:20:11.391,1.28454,1.28465,1.30,1.00
2016.09.07 05:20:11.543,1.28454,1.28466,1.30,1.00
2016.09.07 05:20:12.054,1.28454,1.28466,1.30,1.00
2016.09.07 05:20:12.564,1.28454,1.28465,1.30,1.00
2016.09.07 05:20:13.105,1.28454,1.28466,1.30,1.00
2016.09.07 05:20:13.771,1.28454,1.28464,1.30,1.00
2016.09.07 05:20:13.874,1.28453,1.28466,4.80,1.00
2016.09.07 05:20:14.600,1.28453,1.28465,4.80,1.00
2016.09.07 05:20:14.846,1.28454,1.28465,1.30,1.00
2016.09.07 05:20:15.049,1.28454,1.28466,1.30,1.00
2016.09.07 05:20:15.611,1.28454,1.28465,1.30,1.00
2016.09.07 05:20:16.514,1.28454,1.28466,1.30,1.50
2016.09.07 05:20:16.616,1.28454,1.28464,1.30,1.00
2016.09.07 05:20:16.992,1.28453,1.28464,4.80,1.00
2016.09.07 05:20:17.094,1.28453,1.28464,1.10,1.00
2016.09.07 05:20:17.145,1.28453,1.28464,1.42,1.00
2016.09.07 05:20:17.196,1.28453,1.28463,1.80,1.00
2016.09.07 05:20:17.298,1.28453,1.28465,1.80,1.00
2016.09.07 05:20:17.401,1.28453,1.28463,2.55,1.00
2016.09.07 05:20:17.927,1.28453,1.28464,2.55,1.00
2016.09.07 05:20:18.441,1.28453,1.28463,2.55,1.00
2016.09.07 05:20:18.560,1.28453,1.28463,1.95,1.00
2016.09.07 05:20:18.662,1.28453,1.28463,1.50,1.00
2016.09.07 05:20:18.713,1.28453,1.28464,1.00,1.00
2016.09.07 05:20:18.764,1.28453,1.28464,1.12,1.00
2016.09.07 05:20:18.866,1.28453,1.28463,1.00,1.00
2016.09.07 05:20:20.498,1.28453,1.28464,1.00,1.00
2016.09.07 05:20:21.629,1.28453,1.28464,1.00,1.00
2016.09.07 05:20:22.659,1.28453,1.28464,1.12,1.00
2016.09.07 05:20:23.293,1.28453,1.28463,1.12,1.00
2016.09.07 05:20:23.345,1.28453,1.28463,1.12,1.00
2016.09.07 05:20:23.396,1.28453,1.28463,1.12,1.50
2016.09.07 05:20:23.448,1.28453,1.28463,1.12,1.50
2016.09.07 05:20:23.499,1.28452,1.28461,1.00,1.00
2016.09.07 05:20:23.993,1.28452,1.28463,1.00,1.87
2016.09.07 05:20:24.197,1.28452,1.28463,1.00,1.12
2016.09.07 05:20:24.607,1.28452,1.28463,1.00,1.00
2016.09.07 05:20:24.658,1.28452,1.28464,1.00,3.00
2016.09.07 05:20:24.710,1.28452,1.28463,1.00,1.12
2016.09.07 05:20:26.874,1.28452,1.28463,1.00,1.50
2016.09.07 05:20:26.924,1.28452,1.28463,1.00,1.87
2016.09.07 05:20:32.527,1.28452,1.28463,1.00,1.12
2016.09.07 05:20:35.344,1.28452,1.28463,1.00,1.12
2016.09.07 05:20:36.727,1.28452,1.28462,1.00,1.00
2016.09.07 05:20:39.250,1.28452,1.28464,1.00,3.82
2016.09.07 05:20:39.305,1.28452,1.28464,1.12,1.57
2016.09.07 05:20:39.357,1.28452,1.28464,1.12,1.57
2016.09.07 05:20:39.408,1.28452,1.28464,1.00,1.57
2016.09.07 05:20:40.206,1.28452,1.28464,1.00,1.57
2016.09.07 05:20:40.257,1.28453,1.28465,1.00,2.25
2016.09.07 05:20:40.308,1.28453,1.28464,1.00,1.10
2016.09.07 05:20:40.461,1.28453,1.28464,1.00,1.10
2016.09.07 05:20:44.232,1.28453,1.28462,1.00,1.00
2016.09.07 05:20:45.262,1.28453,1.28463,1.00,1.00
2016.09.07 05:20:48.422,1.28451,1.28463,2.14,1.00
2016.09.07 05:20:48.474,1.28451,1.28462,1.20,1.00
2016.09.07 05:20:48.525,1.2845,1.28461,2.62,1.00
2016.09.07 05:20:48.576,1.2845,1.28461,2.25,1.00
2016.09.07 05:20:48.678,1.2845,1.28461,2.25,1.00
2016.09.07 05:20:48.729,1.28451,1.28461,3.37,1.00
2016.09.07 05:20:48.780,1.28451,1.28461,3.45,1.00
2016.09.07 05:20:48.936,1.28451,1.28463,3.45,1.50
2016.09.07 05:20:48.987,1.28451,1.28463,3.82,1.50
2016.09.07 05:20:49.677,1.28451,1.28463,3.45,1.50
2016.09.07 05:20:49.728,1.28451,1.28463,3.45,1.00
2016.09.07 05:20:49.983,1.28451,1.28463,3.82,1.00
2016.09.07 05:20:50.033,1.28451,1.28463,1.95,1.00
2016.09.07 05:20:50.390,1.28451,1.28462,1.57,1.00
2016.09.07 05:20:53.733,1.28451,1.28461,1.57,1.00
2016.09.07 05:20:54.660,1.28451,1.28461,1.95,1.00
2016.09.07 05:20:56.398,1.28451,1.28461,1.57,1.00
2016.09.07 05:20:56.450,1.28451,1.28461,3.45,1.00
2016.09.07 05:20:59.394,1.28451,1.28461,3.82,1.00
2016.09.07 05:20:59.445,1.28451,1.28461,3.45,1.00
2016.09.07 05:21:01.710,1.28451,1.28461,3.07,1.00
2016.09.07 05:21:05.611,1.28451,1.28461,3.45,1.00
2016.09.07 05:21:07.769,1.28451,1.28462,3.45,1.00
2016.09.07 05:21:07.923,1.28451,1.28461,3.07,1.00
2016.09.07 05:21:08.073,1.28451,1.28461,3.45,1.00
2016.09.07 05:21:08.125,1.28452,1.28462,1.00,1.00
2016.09.07 05:21:08.980,1.28452,1.28464,1.50,1.50
2016.09.07 05:21:09.033,1.28452,1.28464,1.50,1.50
2016.09.07 05:21:09.084,1.28454,1.28464,2.25,1.50
2016.09.07 05:21:09.186,1.28454,1.28464,2.25,1.00
2016.09.07 05:21:09.313,1.28452,1.28464,1.12,1.00
2016.09.07 05:21:09.493,1.28452,1.28464,3.37,1.00
2016.09.07 05:21:09.720,1.28452,1.28464,3.37,1.00
2016.09.07 05:21:09.822,1.28452,1.28465,3.37,1.50
2016.09.07 05:21:09.873,1.28454,1.28464,2.25,1.00
2016.09.07 05:21:09.976,1.28453,1.28464,2.62,1.00
2016.09.07 05:21:10.129,1.28453,1.28465,2.62,1.00
2016.09.07 05:21:10.180,1.28452,1.28465,1.12,1.00
2016.09.07 05:21:10.825,1.28452,1.28465,1.12,1.50
2016.09.07 05:21:10.877,1.28452,1.28464,1.12,1.00
2016.09.07 05:21:10.928,1.28452,1.28464,1.12,1.50
2016.09.07 05:21:10.980,1.28454,1.28462,2.25,1.00
2016.09.07 05:21:11.082,1.28452,1.2846,1.00,1.00
2016.09.07 05:21:15.043,1.28452,1.28461,1.00,1.00
2016.09.07 05:21:17.956,1.28452,1.28462,1.00,1.00
2016.09.07 05:21:20.990,1.28452,1.28461,1.00,1.00
2016.09.07 05:21:21.588,1.28451,1.28461,1.57,1.00
2016.09.07 05:21:21.690,1.28451,1.28461,3.37,1.00
2016.09.07 05:21:21.741,1.28451,1.28461,3.37,1.00
2016.09.07 05:21:21.792,1.28451,1.28462,3.75,1.00
2016.09.07 05:21:21.894,1.28451,1.28462,3.37,1.00
2016.09.07 05:21:22.601,1.28451,1.28462,3.75,1.00
2016.09.07 05:21:22.652,1.28451,1.28462,3.75,1.00
2016.09.07 05:21:22.703,1.28453,1.28462,2.62,1.00
2016.09.07 05:21:26.008,1.28453,1.28461,2.62,1.00
2016.09.07 05:21:26.629,1.28453,1.28461,2.62,1.00
2016.09.07 05:21:26.680,1.28453,1.28463,2.62,1.00
2016.09.07 05:21:26.731,1.28454,1.28463,1.12,1.00
2016.09.07 05:21:26.782,1.28454,1.28463,1.87,1.50
2016.09.07 05:21:26.884,1.28454,1.28463,1.87,1.00
2016.09.07 05:21:26.935,1.28455,1.28463,1.12,1.00
2016.09.07 05:21:27.088,1.28455,1.28463,1.12,1.50
2016.09.07 05:21:27.139,1.28454,1.28463,1.87,1.50
2016.09.07 05:21:27.190,1.28454,1.28463,1.50,1.50
2016.09.07 05:21:28.197,1.28455,1.28464,1.00,1.00
2016.09.07 05:21:28.400,1.28455,1.28466,1.87,1.12
2016.09.07 05:21:28.502,1.28455,1.28467,1.50,1.50
2016.09.07 05:21:28.604,1.28455,1.28466,1.00,1.50
2016.09.07 05:21:29.303,1.28455,1.28467,1.00,1.00
2016.09.07 05:21:29.400,1.28455,1.28465,1.00,1.00
2016.09.07 05:21:29.451,1.28455,1.28465,1.00,1.00
2016.09.07 05:21:29.771,1.28454,1.28465,5.10,1.00
2016.09.07 05:21:29.822,1.28454,1.28465,4.50,1.00
2016.09.07 05:21:29.875,1.28455,1.28465,1.00,1.00
2016.09.07 05:21:29.926,1.28456,1.28465,1.10,1.00
2016.09.07 05:21:29.977,1.28456,1.28467,1.10,1.00
2016.09.07 05:21:30.140,1.28456,1.28467,2.32,1.00
2016.09.07 05:21:30.193,1.28456,1.28468,2.32,1.00
2016.09.07 05:21:30.296,1.28456,1.28468,2.32,1.50
2016.09.07 05:21:30.398,1.28456,1.28466,2.32,1.00
2016.09.07 05:21:30.450,1.28456,1.28466,2.32,1.00
2016.09.07 05:21:30.552,1.28456,1.28466,2.32,1.00
2016.09.07 05:21:30.868,1.28456,1.28467,3.07,1.00
2016.09.07 05:21:30.970,1.28456,1.28467,3.07,1.00
2016.09.07 05:21:31.077,1.28456,1.28468,3.07,1.50
2016.09.07 05:21:31.129,1.28456,1.28468,1.10,2.25
2016.09.07 05:21:31.180,1.28456,1.28468,1.10,2.25
2016.09.07 05:21:31.231,1.28456,1.28468,1.20,1.00
2016.09.07 05:21:31.282,1.28456,1.28466,1.20,1.00
2016.09.07 05:21:31.333,1.28455,1.28466,4.12,1.00
2016.09.07 05:21:31.384,1.28456,1.28467,1.20,1.00
2016.09.07 05:21:31.435,1.28456,1.28467,1.20,1.00
2016.09.07 05:21:31.833,1.28456,1.28467,1.20,1.00
2016.09.07 05:21:32.481,1.28455,1.28467,4.87,1.50
2016.09.07 05:21:32.583,1.28456,1.28467,1.20,1.00
2016.09.07 05:21:33.804,1.28456,1.28467,1.95,1.00
2016.09.07 05:21:33.855,1.28456,1.28467,1.20,1.00
2016.09.07 05:21:34.384,1.28456,1.28466,1.20,1.00
2016.09.07 05:21:34.927,1.28455,1.28466,2.25,1.00
2016.09.07 05:21:34.978,1.28456,1.28466,1.10,1.00
2016.09.07 05:21:35.029,1.28455,1.28466,2.25,1.00
2016.09.07 05:21:35.154,1.28456,1.28466,1.10,1.00
2016.09.07 05:21:36.246,1.28456,1.28466,1.57,1.00
2016.09.07 05:21:36.297,1.28456,1.28467,1.10,1.50
2016.09.07 05:21:36.400,1.28456,1.28465,1.10,1.00
2016.09.07 05:21:37.495,1.28456,1.28466,1.57,1.00
2016.09.07 05:21:38.181,1.28456,1.28465,1.57,1.00
2016.09.07 05:21:38.899,1.28456,1.28465,1.10,1.00
2016.09.07 05:21:38.991,1.28455,1.28465,2.25,1.00
2016.09.07 05:21:39.261,1.28455,1.28465,1.50,1.00
2016.09.07 05:21:39.363,1.28455,1.28465,1.12,1.00
2016.09.07 05:21:39.423,1.28455,1.28465,1.00,1.00
2016.09.07 05:21:46.055,1.28455,1.28465,1.12,1.00
2016.09.07 05:21:46.157,1.28455,1.28465,1.00,1.00
2016.09.07 05:21:46.829,1.28455,1.28463,1.00,1.00
2016.09.07 05:21:47.189,1.28455,1.28465,1.00,1.00
2016.09.07 05:21:47.240,1.28454,1.28465,1.10,1.00
2016.09.07 05:21:47.291,1.28454,1.28465,1.10,1.00
2016.09.07 05:21:47.342,1.28454,1.28465,3.45,1.00
2016.09.07 05:21:47.393,1.28454,1.28465,3.45,1.00
2016.09.07 05:21:48.325,1.28454,1.28465,3.45,1.00
2016.09.07 05:21:48.377,1.28455,1.28465,1.12,1.00
2016.09.07 05:21:48.428,1.28455,1.28466,1.50,1.00
2016.09.07 05:21:48.479,1.28455,1.28466,1.00,1.00
2016.09.07 05:21:48.806,1.28455,1.28467,1.00,1.12
2016.09.07 05:21:48.857,1.28454,1.28467,4.20,1.87
2016.09.07 05:21:48.943,1.28455,1.28466,2.62,1.00
2016.09.07 05:21:48.994,1.28455,1.28466,2.62,1.00
2016.09.07 05:21:51.822,1.28455,1.28466,2.25,1.00
2016.09.07 05:21:51.874,1.28454,1.28466,4.20,1.00
2016.09.07 05:21:52.180,1.28454,1.28465,3.45,1.00
2016.09.07 05:21:58.125,1.28454,1.28466,3.45,1.00
2016.09.07 05:21:58.379,1.28455,1.28466,1.00,1.00
2016.09.07 05:21:58.430,1.28455,1.28467,1.00,1.12
2016.09.07 05:21:58.481,1.28457,1.28467,1.00,1.12
2016.09.07 05:21:58.533,1.28457,1.28467,1.00,1.12
2016.09.07 05:21:58.888,1.28456,1.28467,1.20,1.12
2016.09.07 05:21:58.990,1.28457,1.28467,1.12,1.00
2016.09.07 05:21:59.855,1.28456,1.28467,3.45,1.00
2016.09.07 05:22:00.258,1.28457,1.28467,1.00,1.00
2016.09.07 05:22:00.309,1.28457,1.28468,1.50,1.00
2016.09.07 05:22:00.381,1.28457,1.28468,2.25,1.00
2016.09.07 05:22:00.433,1.28463,1.28473,1.35,3.00
2016.09.07 05:22:00.484,1.28466,1.28473,1.50,1.00
2016.09.07 05:22:00.535,1.28466,1.28475,1.00,4.12
2016.09.07 05:22:00.586,1.28464,1.28475,1.00,1.87
2016.09.07 05:22:00.638,1.28464,1.28474,1.00,1.00
2016.09.07 05:22:00.689,1.28463,1.28474,1.12,1.00
2016.09.07 05:22:00.740,1.28463,1.28474,3.00,1.00
2016.09.07 05:22:00.792,1.28464,1.28474,2.62,1.00
2016.09.07 05:22:04.780,1.28464,1.28473,2.62,1.00
2016.09.07 05:22:04.831,1.28464,1.28471,2.62,1.00
2016.09.07 05:22:04.883,1.28463,1.28471,2.62,1.00
2016.09.07 05:22:04.934,1.28463,1.28469,2.62,1.00
2016.09.07 05:22:04.985,1.28462,1.28469,1.00,1.00
2016.09.07 05:22:05.037,1.28461,1.28471,2.25,1.00
2016.09.07 05:22:05.169,1.28459,1.2847,1.50,1.00
2016.09.07 05:22:05.220,1.28459,1.2847,1.12,1.00
2016.09.07 05:22:05.272,1.28459,1.2847,1.12,1.00
2016.09.07 05:22:05.527,1.28459,1.28471,1.12,1.12
2016.09.07 05:22:05.629,1.28459,1.2847,1.12,1.00
2016.09.07 05:22:06.898,1.2846,1.2847,1.00,1.00
2016.09.07 05:22:06.949,1.2846,1.28471,1.00,1.12
2016.09.07 05:22:07.051,1.2846,1.28472,1.50,2.25
2016.09.07 05:22:07.102,1.2846,1.28473,2.25,1.12
2016.09.07 05:22:07.153,1.28461,1.28473,1.20,1.00
2016.09.07 05:22:07.204,1.28463,1.28473,3.00,1.00
2016.09.07 05:22:07.255,1.28463,1.28474,3.75,1.00
2016.09.07 05:22:07.306,1.28464,1.28474,1.12,1.00
2016.09.07 05:22:07.459,1.28464,1.28473,1.12,1.00
2016.09.07 05:22:07.510,1.28464,1.28473,1.12,1.00
2016.09.07 05:22:07.612,1.28464,1.28473,1.12,1.00
2016.09.07 05:22:07.664,1.28464,1.28473,3.00,1.00
2016.09.07 05:22:07.766,1.28465,1.28473,1.00,1.00
2016.09.07 05:22:07.954,1.28464,1.28474,1.12,1.00
2016.09.07 05:22:08.323,1.28465,1.28474,1.00,1.00
2016.09.07 05:22:09.472,1.28468,1.28474,1.00,1.00
2016.09.07 05:22:10.379,1.28467,1.28474,1.00,1.00
2016.09.07 05:22:10.482,1.28469,1.28474,1.00,1.00
2016.09.07 05:22:10.533,1.28469,1.28475,1.00,1.00
2016.09.07 05:22:13.451,1.28469,1.28475,1.00,1.50
2016.09.07 05:22:13.658,1.28465,1.28475,1.60,1.50
2016.09.07 05:22:14.192,1.28465,1.28475,1.60,1.00
2016.09.07 05:22:14.305,1.28464,1.28475,1.72,1.00
2016.09.07 05:22:14.527,1.28464,1.28474,1.72,1.00
2016.09.07 05:22:14.680,1.28464,1.28474,1.80,1.00
2016.09.07 05:22:15.293,1.28464,1.28474,1.80,1.50
2016.09.07 05:22:15.695,1.28469,1.28474,1.00,1.50
2016.09.07 05:22:17.576,1.28472,1.28477,1.60,3.07
2016.09.07 05:22:17.627,1.28472,1.28479,1.60,3.37
2016.09.07 05:22:17.679,1.28473,1.28477,1.35,1.00
2016.09.07 05:22:17.730,1.2847,1.28475,2.10,1.00
2016.09.07 05:22:17.781,1.2847,1.28479,2.62,1.87
2016.09.07 05:22:17.833,1.2847,1.28479,3.37,1.12
2016.09.07 05:22:17.884,1.28472,1.28481,1.00,4.87
2016.09.07 05:22:17.935,1.28472,1.28481,1.00,1.12
2016.09.07 05:22:17.986,1.28472,1.28482,1.00,4.12
2016.09.07 05:22:18.514,1.28473,1.28482,1.00,4.12
2016.09.07 05:22:18.565,1.28473,1.28481,1.00,1.12
2016.09.07 05:22:20.820,1.28473,1.28481,1.00,1.00
2016.09.07 05:22:20.871,1.28474,1.28484,1.00,3.75
2016.09.07 05:22:20.922,1.28474,1.28484,1.00,3.37
2016.09.07 05:22:20.973,1.28474,1.28482,1.00,1.00
2016.09.07 05:22:21.251,1.28474,1.28484,1.00,2.25
2016.09.07 05:22:21.302,1.28474,1.28484,1.00,1.50
2016.09.07 05:22:21.775,1.28476,1.28482,1.00,1.00
2016.09.07 05:22:22.108,1.28474,1.28482,1.00,1.00
2016.09.07 05:22:22.510,1.28476,1.28482,1.00,1.00
2016.09.07 05:22:22.817,1.28474,1.28483,1.00,1.00
2016.09.07 05:22:23.479,1.28476,1.28483,1.00,1.00
2016.09.07 05:22:23.784,1.28474,1.28483,1.00,1.00
2016.09.07 05:22:24.663,1.28474,1.28484,1.00,1.50
2016.09.07 05:22:24.714,1.28476,1.28484,1.00,1.87
2016.09.07 05:22:24.816,1.28476,1.28484,1.00,1.50
2016.09.07 05:22:24.918,1.28476,1.28484,1.00,1.87
2016.09.07 05:22:24.969,1.28476,1.28482,1.00,1.00
2016.09.07 05:22:25.392,1.28474,1.28482,1.00,1.00
2016.09.07 05:22:26.576,1.28476,1.28482,1.00,1.00
2016.09.07 05:22:27.175,1.28476,1.28484,1.00,1.00
2016.09.07 05:22:27.695,1.28476,1.28484,1.00,1.00
2016.09.07 05:22:28.000,1.28476,1.28484,1.00,1.00
2016.09.07 05:22:30.125,1.28475,1.28484,1.00,1.00
2016.09.07 05:22:33.226,1.28477,1.28484,1.00,1.00
2016.09.07 05:22:33.594,1.28477,1.28483,1.00,1.00
2016.09.07 05:22:33.774,1.28477,1.28483,1.00,1.00
2016.09.07 05:22:34.587,1.28477,1.28484,1.00,1.00
2016.09.07 05:22:35.387,1.28477,1.28484,1.00,1.50
2016.09.07 05:22:40.144,1.28477,1.28483,1.00,1.00
2016.09.07 05:22:40.248,1.28475,1.28483,1.00,1.00
2016.09.07 05:22:40.300,1.28475,1.28483,1.00,1.50
2016.09.07 05:22:40.848,1.28476,1.28483,1.00,1.50
2016.09.07 05:22:41.350,1.28475,1.28483,1.00,1.50
2016.09.07 05:22:41.554,1.28475,1.28483,1.00,2.25
2016.09.07 05:22:41.625,1.28475,1.28482,1.00,1.00
2016.09.07 05:22:43.911,1.28475,1.28481,1.00,1.00
2016.09.07 05:22:45.765,1.28475,1.28479,1.00,1.00
2016.09.07 05:22:45.868,1.28471,1.28475,1.95,1.00
2016.09.07 05:22:45.919,1.28471,1.28475,1.12,1.50
2016.09.07 05:22:45.971,1.28469,1.28474,1.12,1.00
2016.09.07 05:22:46.095,1.28466,1.28471,2.62,2.25
2016.09.07 05:22:46.150,1.28462,1.28468,2.25,1.00
2016.09.07 05:22:46.201,1.28462,1.28468,2.25,1.50
2016.09.07 05:22:46.252,1.28461,1.28468,1.12,1.50
2016.09.07 05:22:46.304,1.28461,1.28468,1.12,1.00
2016.09.07 05:22:46.456,1.2846,1.28468,1.50,1.00
2016.09.07 05:22:46.558,1.2846,1.28468,1.87,1.00
2016.09.07 05:22:48.122,1.2846,1.28468,1.12,1.00
2016.09.07 05:22:48.173,1.28459,1.28468,4.12,1.00
2016.09.07 05:22:49.170,1.28459,1.28468,3.37,1.00
2016.09.07 05:22:49.221,1.28459,1.2847,3.00,1.50
2016.09.07 05:22:49.273,1.28459,1.28469,3.00,1.00
2016.09.07 05:22:49.324,1.28459,1.28468,2.25,1.00
2016.09.07 05:22:49.375,1.28458,1.28467,2.70,1.00
2016.09.07 05:22:49.426,1.28458,1.28467,2.32,1.00
2016.09.07 05:22:49.477,1.28456,1.28467,1.87,1.00
2016.09.07 05:22:50.323,1.28456,1.28468,1.87,1.00
2016.09.07 05:22:50.595,1.28456,1.28468,1.37,1.00
2016.09.07 05:22:51.696,1.28456,1.28468,1.87,1.50
2016.09.07 05:22:58.491,1.28456,1.28468,3.75,1.50
2016.09.07 05:22:58.619,1.28456,1.28468,4.12,1.50
2016.09.07 05:22:58.823,1.28456,1.28467,4.12,1.00
2016.09.07 05:22:58.891,1.28457,1.28467,1.12,1.00
2016.09.07 05:22:58.984,1.28456,1.28467,4.12,1.00
2016.09.07 05:22:59.035,1.28456,1.28468,4.12,1.50
2016.09.07 05:22:59.492,1.28457,1.28468,1.12,1.50
2016.09.07 05:22:59.675,1.28457,1.28468,1.12,1.50
2016.09.07 05:22:59.726,1.28456,1.28468,2.62,1.50
2016.09.07 05:22:59.777,1.28456,1.28468,3.37,1.50
2016.09.07 05:23:00.153,1.28456,1.28468,4.12,1.50
2016.09.07 05:23:00.204,1.28456,1.28468,4.12,1.00
2016.09.07 05:23:00.694,1.28457,1.28468,1.12,1.00
2016.09.07 05:23:00.796,1.28456,1.28468,4.12,1.00
2016.09.07 05:23:01.599,1.28457,1.28468,1.12,1.00
2016.09.07 05:23:01.802,1.28456,1.28468,4.12,1.00
2016.09.07 05:23:01.955,1.28457,1.28468,1.50,1.00
2016.09.07 05:23:02.761,1.28457,1.28468,3.75,1.00
2016.09.07 05:23:02.812,1.28457,1.28468,4.12,1.00
2016.09.07 05:23:02.964,1.28458,1.28468,1.20,1.00
2016.09.07 05:23:03.015,1.28458,1.2847,1.95,1.87
2016.09.07 05:23:03.066,1.28458,1.2847,1.20,1.50
2016.09.07 05:23:03.118,1.28458,1.2847,1.20,1.00
2016.09.07 05:23:03.220,1.28458,1.2847,1.20,1.50
2016.09.07 05:23:03.322,1.28458,1.2847,1.20,1.00
2016.09.07 05:23:03.373,1.28458,1.2847,1.95,1.00
2016.09.07 05:23:03.600,1.28458,1.2847,2.70,1.00
2016.09.07 05:23:03.651,1.28458,1.2847,1.95,1.00
2016.09.07 05:23:03.739,1.28458,1.2847,1.20,1.00
2016.09.07 05:23:03.994,1.28458,1.2847,1.95,1.00
2016.09.07 05:23:04.459,1.28458,1.2847,1.20,1.00
2016.09.07 05:23:04.510,1.28458,1.2847,1.20,1.50
2016.09.07 05:23:04.561,1.28458,1.2847,1.57,1.50
2016.09.07 05:23:04.612,1.28458,1.2847,1.20,1.00
2016.09.07 05:23:05.904,1.28458,1.2847,1.95,1.00
2016.09.07 05:23:05.956,1.28459,1.28471,1.37,1.87
2016.09.07 05:23:06.007,1.2846,1.28471,1.87,1.00
2016.09.07 05:23:06.058,1.2846,1.28472,3.22,1.87
2016.09.07 05:23:06.142,1.2846,1.28472,3.97,1.87
2016.09.07 05:23:06.194,1.28461,1.28472,1.00,1.00
2016.09.07 05:23:06.399,1.28461,1.28471,1.00,1.00
2016.09.07 05:23:07.281,1.28461,1.28471,1.12,1.00
2016.09.07 05:23:07.484,1.28461,1.28471,1.87,1.00
2016.09.07 05:23:08.936,1.28461,1.28473,1.87,3.37
2016.09.07 05:23:08.987,1.28461,1.28473,1.87,2.62
2016.09.07 05:23:09.145,1.28461,1.28472,1.87,1.00
2016.09.07 05:23:13.074,1.28461,1.28472,1.50,1.00
2016.09.07 05:23:15.686,1.28461,1.28472,1.00,1.00
2016.09.07 05:23:15.737,1.28461,1.28472,1.00,1.00
2016.09.07 05:23:15.788,1.28461,1.28472,1.12,1.00
2016.09.07 05:23:15.839,1.28461,1.28473,1.12,2.62
2016.09.07 05:23:15.890,1.28461,1.28473,1.12,1.87
2016.09.07 05:23:16.096,1.28461,1.28473,1.87,1.87
2016.09.07 05:23:16.495,1.28461,1.28473,2.25,1.87
2016.09.07 05:23:16.678,1.28461,1.28473,1.12,1.87
2016.09.07 05:23:16.780,1.28461,1.28473,1.12,1.12
2016.09.07 05:23:16.831,1.28461,1.28473,1.87,1.12
2016.09.07 05:23:16.882,1.28461,1.28473,2.25,1.12
2016.09.07 05:23:16.933,1.28461,1.28473,4.12,1.00
2016.09.07 05:23:19.188,1.28461,1.28473,5.62,1.00
2016.09.07 05:23:19.669,1.28462,1.28473,1.12,1.00
2016.09.07 05:23:21.097,1.28462,1.28473,1.00,1.00
2016.09.07 05:23:21.198,1.28462,1.28473,1.00,1.00
2016.09.07 05:23:21.760,1.28462,1.28473,1.50,1.00
2016.09.07 05:23:22.242,1.28462,1.28472,1.50,1.00
2016.09.07 05:23:22.294,1.28462,1.28472,1.12,1.00
2016.09.07 05:23:22.345,1.28462,1.28474,1.12,2.25
2016.09.07 05:23:22.497,1.28462,1.28474,1.00,2.25
2016.09.07 05:23:22.599,1.28462,1.28474,1.12,1.50
2016.09.07 05:23:22.701,1.28462,1.28474,1.00,1.50
2016.09.07 05:23:22.854,1.28462,1.28472,1.00,1.00
2016.09.07 05:23:22.905,1.28462,1.28472,1.12,1.00
2016.09.07 05:23:27.364,1.28462,1.28473,1.12,1.00
2016.09.07 05:23:29.171,1.28462,1.28473,1.12,1.50
2016.09.07 05:23:30.792,1.28462,1.28472,1.00,1.00
2016.09.07 05:23:30.843,1.28461,1.28472,1.87,1.50
2016.09.07 05:23:30.894,1.28461,1.28472,1.12,1.50
2016.09.07 05:23:30.945,1.2846,1.28471,4.12,1.00
2016.09.07 05:23:31.036,1.28459,1.28469,2.25,1.00
2016.09.07 05:23:31.551,1.28459,1.2847,2.25,1.00
2016.09.07 05:23:32.155,1.28459,1.28469,2.25,1.00
2016.09.07 05:23:36.432,1.28459,1.28468,2.25,1.00
2016.09.07 05:23:38.435,1.28459,1.28469,2.25,1.00
2016.09.07 05:23:39.616,1.28459,1.28466,2.25,1.00
2016.09.07 05:23:39.667,1.28459,1.28464,2.25,1.00
2016.09.07 05:23:39.769,1.28457,1.28464,3.00,1.00
2016.09.07 05:23:39.820,1.28457,1.28464,1.00,1.00
2016.09.07 05:23:39.923,1.28456,1.28464,1.12,1.00
2016.09.07 05:23:40.506,1.28455,1.28464,1.12,1.00
2016.09.07 05:23:45.156,1.28454,1.28464,1.50,1.00
2016.09.07 05:23:45.796,1.28454,1.28464,1.57,1.00
2016.09.07 05:23:50.257,1.28453,1.28462,1.87,1.00
2016.09.07 05:23:50.360,1.28454,1.28462,2.32,1.00
2016.09.07 05:23:50.462,1.28453,1.28462,3.37,1.00
2016.09.07 05:23:50.615,1.28453,1.28462,3.00,1.00
2016.09.07 05:23:50.818,1.28453,1.28463,3.37,1.00
2016.09.07 05:23:53.120,1.28453,1.28463,3.00,1.00
2016.09.07 05:23:57.776,1.28453,1.28463,3.00,1.00
2016.09.07 05:23:57.878,1.28453,1.28464,3.00,1.50
2016.09.07 05:23:58.031,1.28453,1.28464,3.37,1.50
2016.09.07 05:23:58.083,1.28454,1.28465,1.50,1.00
2016.09.07 05:23:58.134,1.28454,1.28466,3.37,1.87
2016.09.07 05:23:58.186,1.28454,1.28466,2.62,1.87
2016.09.07 05:23:58.237,1.28454,1.28466,2.32,1.87
2016.09.07 05:23:58.288,1.28454,1.28466,3.07,1.12
2016.09.07 05:23:58.339,1.28457,1.28467,2.62,3.00
2016.09.07 05:23:58.391,1.28457,1.28467,2.62,2.25
2016.09.07 05:23:58.442,1.28457,1.28467,5.02,2.25
2016.09.07 05:23:58.493,1.28458,1.28469,1.12,1.00
2016.09.07 05:23:58.592,1.28459,1.28471,1.10,3.75
2016.09.07 05:23:58.644,1.28459,1.28471,1.87,1.50
2016.09.07 05:23:58.696,1.28459,1.28471,2.32,1.50
2016.09.07 05:23:58.747,1.2846,1.28471,1.00,1.50
2016.09.07 05:23:58.798,1.2846,1.28471,3.00,1.50
2016.09.07 05:23:59.329,1.2846,1.28471,3.00,1.00
2016.09.07 05:24:01.535,1.28461,1.28471,1.00,1.00
2016.09.07 05:24:02.163,1.28461,1.2847,1.00,1.00
2016.09.07 05:24:02.713,1.2846,1.2847,2.62,1.00
2016.09.07 05:24:02.807,1.2846,1.2847,2.25,1.00
2016.09.07 05:24:02.858,1.28459,1.2847,1.20,1.00
2016.09.07 05:24:03.011,1.28459,1.28472,1.20,1.00
2016.09.07 05:24:03.062,1.28459,1.28472,1.57,1.00
2016.09.07 05:24:03.113,1.28459,1.28472,1.57,1.00
2016.09.07 05:24:03.165,1.28459,1.2847,1.20,1.00
2016.09.07 05:24:03.317,1.28459,1.2847,1.57,1.00
2016.09.07 05:24:04.958,1.28459,1.2847,1.20,1.00
2016.09.07 05:24:06.122,1.28458,1.2847,4.50,1.00
2016.09.07 05:24:06.173,1.28458,1.2847,4.12,1.00
2016.09.07 05:24:06.645,1.28458,1.2847,3.37,1.50
2016.09.07 05:24:06.783,1.28457,1.28467,2.70,1.00
2016.09.07 05:24:06.834,1.28456,1.28467,3.07,1.00
2016.09.07 05:24:06.886,1.28456,1.28466,1.10,1.00
2016.09.07 05:24:06.937,1.28456,1.28466,1.00,1.00
2016.09.07 05:24:06.988,1.28455,1.28466,4.20,1.00
2016.09.07 05:24:07.193,1.28455,1.28466,3.07,1.00
2016.09.07 05:24:07.742,1.28455,1.28466,2.32,1.00
2016.09.07 05:24:07.895,1.28455,1.28468,2.32,1.87
2016.09.07 05:24:07.947,1.28456,1.28468,1.50,1.12
2016.09.07 05:24:07.998,1.28456,1.28468,1.50,1.00
2016.09.07 05:24:08.151,1.28455,1.28465,3.07,1.00
2016.09.07 05:24:08.203,1.28455,1.28465,1.10,1.00
2016.09.07 05:24:08.897,1.28455,1.28466,1.10,1.00
2016.09.07 05:24:09.203,1.28455,1.28467,1.10,1.50
2016.09.07 05:24:09.254,1.28456,1.28467,1.00,1.00
2016.09.07 05:24:09.306,1.28456,1.28468,1.12,1.00
2016.09.07 05:24:09.357,1.28456,1.28468,3.37,1.00
2016.09.07 05:24:09.408,1.28457,1.28469,2.62,1.00
2016.09.07 05:24:09.510,1.28457,1.28469,2.62,1.50
2016.09.07 05:24:09.612,1.28457,1.28469,2.62,2.25
2016.09.07 05:24:09.705,1.28457,1.28465,2.62,1.00
2016.09.07 05:24:09.757,1.28457,1.28466,2.25,1.00
2016.09.07 05:24:09.808,1.28454,1.28463,2.62,1.00
2016.09.07 05:24:09.859,1.28454,1.28463,2.25,1.00
2016.09.07 05:24:09.941,1.28453,1.28463,1.50,1.00
2016.09.07 05:24:09.994,1.28453,1.28465,1.50,2.25
2016.09.07 05:24:12.958,1.28453,1.28465,1.87,2.25
2016.09.07 05:24:13.671,1.28454,1.28465,1.00,2.25
2016.09.07 05:24:13.723,1.28455,1.28465,1.50,1.50
2016.09.07 05:24:13.857,1.28458,1.28468,1.87,1.12
2016.09.07 05:24:13.951,1.28459,1.28469,1.50,1.12
2016.09.07 05:24:14.005,1.2846,1.28468,2.25,1.00
2016.09.07 05:24:14.108,1.28458,1.28468,1.87,1.00
2016.09.07 05:24:14.159,1.28458,1.28468,1.37,1.00
2016.09.07 05:24:14.262,1.28458,1.28467,1.37,1.50
2016.09.07 05:24:14.313,1.28458,1.28466,1.37,1.00
2016.09.07 05:24:14.816,1.28458,1.28465,1.37,1.00
2016.09.07 05:24:15.884,1.28459,1.28465,1.12,1.00
2016.09.07 05:24:19.581,1.28458,1.28465,1.37,1.00
2016.09.07 05:24:20.874,1.28456,1.28465,1.50,1.00
2016.09.07 05:24:21.875,1.28457,1.28465,1.00,1.00
2016.09.07 05:24:21.978,1.28456,1.28465,1.50,1.00
2016.09.07 05:24:23.461,1.28456,1.28465,1.87,1.00
2016.09.07 05:24:23.512,1.28458,1.28465,1.50,1.00
2016.09.07 05:24:23.614,1.28459,1.28465,1.37,1.00
2016.09.07 05:24:23.716,1.28458,1.28465,1.50,1.00
2016.09.07 05:24:24.064,1.28456,1.28465,1.12,1.00
2016.09.07 05:24:24.115,1.28457,1.28465,1.00,1.00
2016.09.07 05:24:25.885,1.28456,1.28465,1.12,1.00
2016.09.07 05:24:28.603,1.28457,1.28465,1.00,1.00
2016.09.07 05:24:28.705,1.28455,1.28465,1.75,1.00
2016.09.07 05:24:32.609,1.28455,1.28467,1.75,1.50
2016.09.07 05:24:35.266,1.28455,1.28467,1.75,2.25
2016.09.07 05:24:38.567,1.28456,1.28467,1.50,3.00
2016.09.07 05:24:38.618,1.28456,1.28466,1.50,1.00
2016.09.07 05:24:38.669,1.28455,1.28466,1.75,1.00
2016.09.07 05:24:39.027,1.28456,1.28466,1.50,1.00
2016.09.07 05:24:39.231,1.28455,1.28466,1.75,1.00
2016.09.07 05:24:40.132,1.28457,1.28466,1.12,1.00
2016.09.07 05:24:40.183,1.28457,1.28466,1.00,1.00
2016.09.07 05:24:40.336,1.28456,1.28466,1.12,1.00
2016.09.07 05:24:40.439,1.28457,1.28466,1.00,1.00
2016.09.07 05:24:41.632,1.28456,1.28466,1.12,1.00
2016.09.07 05:24:42.232,1.28456,1.28466,1.12,1.00
2016.09.07 05:24:42.402,1.28457,1.28467,1.00,1.00
2016.09.07 05:24:42.453,1.28456,1.28467,2.62,1.50
2016.09.07 05:24:42.504,1.28456,1.28467,2.62,1.00
2016.09.07 05:24:42.555,1.28458,1.28469,1.10,1.50
2016.09.07 05:24:42.606,1.28458,1.28469,1.47,1.12
2016.09.07 05:24:42.657,1.28459,1.28469,1.12,1.50
2016.09.07 05:24:42.708,1.28459,1.28469,1.12,1.00
2016.09.07 05:24:42.759,1.28458,1.28469,1.57,1.00
2016.09.07 05:24:43.796,1.28458,1.2847,1.57,2.25
2016.09.07 05:24:43.850,1.28459,1.2847,1.50,2.25
2016.09.07 05:24:44.536,1.28459,1.28468,1.50,1.00
2016.09.07 05:24:44.638,1.28459,1.2847,1.50,2.25
2016.09.07 05:24:44.741,1.28459,1.28469,1.50,1.00
2016.09.07 05:24:44.844,1.28459,1.28469,1.00,1.00
2016.09.07 05:24:45.056,1.28459,1.28469,1.12,1.00
2016.09.07 05:24:45.170,1.28458,1.28469,1.47,1.00
2016.09.07 05:24:45.615,1.28458,1.2847,1.47,2.62
2016.09.07 05:24:45.666,1.28459,1.2847,1.12,2.62
2016.09.07 05:24:45.717,1.28459,1.28469,1.12,1.00
2016.09.07 05:24:45.972,1.28458,1.28469,1.47,1.00
2016.09.07 05:24:46.073,1.28459,1.28469,1.12,1.00
2016.09.07 05:24:46.124,1.28459,1.2847,1.12,2.62
2016.09.07 05:24:46.401,1.28459,1.28469,1.12,1.00
2016.09.07 05:24:46.554,1.28458,1.28469,1.47,1.00
2016.09.07 05:24:46.656,1.28459,1.28468,1.12,1.00
2016.09.07 05:24:49.333,1.28459,1.28467,1.12,1.00
2016.09.07 05:24:49.537,1.28458,1.28467,1.57,1.00
2016.09.07 05:24:49.652,1.28458,1.28467,1.57,1.00
2016.09.07 05:24:50.367,1.28459,1.28467,1.12,1.00
2016.09.07 05:24:50.469,1.28458,1.28467,1.57,1.00
2016.09.07 05:24:51.658,1.28459,1.28467,1.12,1.50
2016.09.07 05:24:51.709,1.28459,1.28467,1.12,1.50
2016.09.07 05:24:51.761,1.28458,1.28464,1.37,1.00
2016.09.07 05:24:51.964,1.28456,1.28464,1.95,1.00
2016.09.07 05:24:52.015,1.28456,1.28464,1.57,1.00
2016.09.07 05:24:52.066,1.28456,1.28466,1.57,1.00
2016.09.07 05:24:52.663,1.28457,1.28466,1.00,1.00
2016.09.07 05:24:52.765,1.28456,1.28466,1.57,1.00
2016.09.07 05:24:53.121,1.28456,1.28466,1.50,1.00
2016.09.07 05:24:55.931,1.28456,1.28465,1.50,1.00
2016.09.07 05:24:56.084,1.28456,1.28465,1.00,1.00
2016.09.07 05:24:56.135,1.28455,1.28464,2.25,1.00
2016.09.07 05:24:58.643,1.28455,1.28465,2.25,1.00
2016.09.07 05:24:58.745,1.28455,1.28466,2.25,1.50
2016.09.07 05:25:00.170,1.28454,1.28464,1.00,1.00
2016.09.07 05:25:00.295,1.28454,1.28463,1.00,1.00
2016.09.07 05:25:00.950,1.28454,1.28463,1.00,1.50
2016.09.07 05:25:01.657,1.28454,1.28463,1.00,1.00
2016.09.07 05:25:02.165,1.28453,1.28463,2.32,1.00
2016.09.07 05:25:02.267,1.28453,1.28464,3.07,1.00
2016.09.07 05:25:02.718,1.28453,1.28464,5.32,1.00
2016.09.07 05:25:02.768,1.28454,1.28464,1.00,1.00
2016.09.07 05:25:04.821,1.28453,1.28464,5.32,1.00
2016.09.07 05:25:06.782,1.28454,1.28465,1.12,1.00
2016.09.07 05:25:06.884,1.28454,1.28466,1.12,1.87
2016.09.07 05:25:06.986,1.28453,1.28466,5.32,1.87
2016.09.07 05:25:07.037,1.28453,1.28466,4.57,1.87
2016.09.07 05:25:07.392,1.28453,1.28466,4.57,1.50
2016.09.07 05:25:07.642,1.28454,1.28466,1.12,1.00
2016.09.07 05:25:07.693,1.28454,1.28466,1.87,1.00
2016.09.07 05:25:07.744,1.28454,1.28466,3.00,1.00
2016.09.07 05:25:07.795,1.28459,1.28468,1.00,1.12
2016.09.07 05:25:07.847,1.28459,1.28469,1.12,2.25
2016.09.07 05:25:07.898,1.28459,1.2847,1.12,4.57
2016.09.07 05:25:07.949,1.28459,1.2847,1.12,3.82
2016.09.07 05:25:08.001,1.28458,1.2847,1.37,3.75
2016.09.07 05:25:08.052,1.28458,1.2847,1.50,3.00
2016.09.07 05:25:08.103,1.28459,1.2847,1.00,1.00
2016.09.07 05:25:08.205,1.28459,1.2847,1.00,1.00
2016.09.07 05:25:09.587,1.28459,1.28471,1.00,1.87
2016.09.07 05:25:09.987,1.28459,1.2847,1.00,1.00
2016.09.07 05:25:12.399,1.28459,1.2847,1.50,1.00
2016.09.07 05:25:16.163,1.28459,1.2847,1.50,1.00
2016.09.07 05:25:16.316,1.28459,1.2847,1.12,1.12
2016.09.07 05:25:17.926,1.28459,1.2847,1.12,1.12
2016.09.07 05:25:17.977,1.28459,1.28471,1.50,3.75
2016.09.07 05:25:18.029,1.28459,1.28471,1.50,1.50
2016.09.07 05:25:18.080,1.28458,1.2847,2.62,2.25
2016.09.07 05:25:18.131,1.28458,1.28468,1.87,1.00
2016.09.07 05:25:18.182,1.28457,1.28466,3.75,1.00
2016.09.07 05:25:18.233,1.28457,1.28466,1.12,1.00
2016.09.07 05:25:18.335,1.28457,1.28466,1.00,1.00
2016.09.07 05:25:19.075,1.28457,1.28468,1.50,1.00
2016.09.07 05:25:19.177,1.28459,1.28468,1.37,1.00
2016.09.07 05:25:19.482,1.28458,1.28468,1.87,1.00
2016.09.07 05:25:19.584,1.28459,1.28468,1.37,1.00
2016.09.07 05:25:19.901,1.28458,1.28468,1.87,1.00
2016.09.07 05:25:25.096,1.28458,1.28469,1.87,1.00
2016.09.07 05:25:25.148,1.28458,1.28469,2.25,1.00
2016.09.07 05:25:25.199,1.28459,1.28469,1.37,1.00
2016.09.07 05:25:25.250,1.28459,1.28469,1.50,1.00
2016.09.07 05:25:25.301,1.28458,1.28471,5.25,1.87
2016.09.07 05:25:28.029,1.28458,1.28471,5.62,1.87
2016.09.07 05:25:29.004,1.28458,1.28471,5.25,1.87
2016.09.07 05:25:31.613,1.28458,1.2847,5.25,1.00
2016.09.07 05:25:31.816,1.28458,1.2847,4.87,1.00
2016.09.07 05:25:31.918,1.28458,1.28471,4.87,1.87
2016.09.07 05:25:32.352,1.28458,1.2847,4.87,1.00
2016.09.07 05:25:35.584,1.28459,1.2847,1.50,1.00
2016.09.07 05:25:35.768,1.28459,1.2847,1.50,1.00
2016.09.07 05:25:36.321,1.28459,1.28471,1.50,1.87
2016.09.07 05:25:36.423,1.28459,1.2847,1.50,1.00
2016.09.07 05:25:36.728,1.28459,1.28471,1.50,1.87
2016.09.07 05:25:36.829,1.28459,1.28471,1.50,1.87
2016.09.07 05:25:36.881,1.28459,1.2847,1.87,1.00
2016.09.07 05:25:36.932,1.28459,1.2847,1.37,1.00
2016.09.07 05:25:37.805,1.28459,1.2847,1.50,1.00
2016.09.07 05:25:38.193,1.28459,1.2847,1.37,1.00
2016.09.07 05:25:38.244,1.28459,1.28471,1.37,1.50
2016.09.07 05:25:38.295,1.28459,1.2847,1.37,1.00
2016.09.07 05:25:38.834,1.28459,1.2847,1.87,1.00
2016.09.07 05:25:39.036,1.28459,1.28469,1.37,1.50
2016.09.07 05:25:39.087,1.28458,1.28467,3.75,1.00
2016.09.07 05:25:39.138,1.28459,1.28467,1.37,1.00
2016.09.07 05:25:39.439,1.28458,1.28466,1.50,1.00
2016.09.07 05:25:39.798,1.28458,1.28466,1.00,1.00
2016.09.07 05:25:39.894,1.28456,1.28466,1.20,1.00
2016.09.07 05:25:40.219,1.28457,1.28466,1.00,1.00
2016.09.07 05:25:40.525,1.28456,1.28466,1.20,1.00
2016.09.07 05:25:40.627,1.28457,1.28466,1.00,1.00
2016.09.07 05:25:40.833,1.28456,1.28466,1.20,1.00
2016.09.07 05:25:40.935,1.28457,1.28466,1.00,1.00
2016.09.07 05:25:47.336,1.28456,1.28466,1.20,1.00
2016.09.07 05:25:50.859,1.28457,1.28466,1.00,1.00
2016.09.07 05:25:50.961,1.28456,1.28466,1.20,1.00
2016.09.07 05:25:52.812,1.28456,1.28467,1.20,1.87
2016.09.07 05:25:53.763,1.28457,1.28467,1.00,1.87
2016.09.07 05:25:56.668,1.28458,1.28467,1.37,1.87
2016.09.07 05:25:57.162,1.28459,1.28467,1.12,1.87
2016.09.07 05:25:57.569,1.28458,1.28467,1.37,1.87
2016.09.07 05:25:57.621,1.28458,1.28465,1.37,1.00
2016.09.07 05:25:57.673,1.28459,1.28465,1.12,1.00
2016.09.07 05:25:57.864,1.28456,1.28465,1.85,1.00
2016.09.07 05:25:57.915,1.28456,1.28465,1.20,1.00
2016.09.07 05:25:57.966,1.28457,1.28465,1.00,1.00
2016.09.07 05:26:00.435,1.28456,1.28465,1.57,1.00
2016.09.07 05:26:01.332,1.28456,1.28466,1.57,1.00
2016.09.07 05:26:02.746,1.28456,1.28467,1.57,1.87
2016.09.07 05:26:07.392,1.28456,1.28467,1.57,1.87
2016.09.07 05:26:07.857,1.28459,1.28467,1.00,1.12
2016.09.07 05:26:07.908,1.28459,1.2847,1.37,3.75
2016.09.07 05:26:07.959,1.28458,1.2847,1.50,3.75
2016.09.07 05:26:08.061,1.28459,1.2847,1.37,3.00
2016.09.07 05:26:08.163,1.28459,1.2847,1.37,3.75
2016.09.07 05:26:08.947,1.28459,1.2847,1.37,3.00
2016.09.07 05:26:09.585,1.28458,1.2847,1.50,3.00
2016.09.07 05:26:09.738,1.28458,1.2847,1.87,3.00
2016.09.07 05:26:10.685,1.28459,1.2847,1.37,3.00
2016.09.07 05:26:12.348,1.28458,1.2847,1.87,3.00
2016.09.07 05:26:12.451,1.28458,1.2847,1.50,3.00
2016.09.07 05:26:20.628,1.28458,1.28469,1.50,1.12
2016.09.07 05:26:20.679,1.28458,1.28469,1.50,1.87
2016.09.07 05:26:20.730,1.28458,1.28467,1.50,1.00
2016.09.07 05:26:21.188,1.28456,1.28466,1.50,1.00
2016.09.07 05:26:22.664,1.28457,1.28466,1.12,1.00
2016.09.07 05:26:23.702,1.28456,1.28466,1.50,1.00
2016.09.07 05:26:26.576,1.28457,1.28466,1.12,1.00
2016.09.07 05:26:31.569,1.28456,1.28467,1.50,1.50
2016.09.07 05:26:32.543,1.28456,1.28466,1.50,1.00
2016.09.07 05:26:35.595,1.28457,1.28466,1.12,1.00
2016.09.07 05:26:37.701,1.28456,1.28466,1.50,1.00
2016.09.07 05:26:41.557,1.28456,1.28467,1.50,1.50
2016.09.07 05:26:41.608,1.28457,1.28467,1.12,1.50
2016.09.07 05:26:41.777,1.28456,1.28467,1.50,1.50
2016.09.07 05:26:42.557,1.28456,1.28466,1.50,1.00
2016.09.07 05:26:42.609,1.28457,1.28466,1.12,1.00
2016.09.07 05:26:48.733,1.28456,1.28466,1.50,1.00
2016.09.07 05:26:48.784,1.28456,1.28467,1.50,1.50
2016.09.07 05:26:48.835,1.28457,1.28467,1.00,1.50
2016.09.07 05:26:48.922,1.28457,1.28467,1.50,1.50
2016.09.07 05:26:49.127,1.28456,1.28467,2.25,1.50
2016.09.07 05:26:49.254,1.28456,1.28467,1.87,1.50
2016.09.07 05:26:51.583,1.28456,1.28467,1.87,1.50
2016.09.07 05:26:51.634,1.28457,1.28467,1.50,1.50
2016.09.07 05:26:51.686,1.28457,1.28469,2.62,1.87
2016.09.07 05:26:51.738,1.28457,1.28469,1.87,1.87
2016.09.07 05:26:51.840,1.28457,1.28469,1.95,1.87
2016.09.07 05:26:52.461,1.28457,1.28468,1.95,1.00
2016.09.07 05:26:52.727,1.28457,1.28468,2.70,1.00
2016.09.07 05:26:52.778,1.28457,1.28469,2.70,1.12
2016.09.07 05:26:53.462,1.28457,1.28469,2.70,1.87
2016.09.07 05:26:53.513,1.28457,1.28469,1.95,1.87
2016.09.07 05:26:53.617,1.28459,1.28469,1.12,1.87
2016.09.07 05:26:53.669,1.28459,1.28469,1.12,1.50
2016.09.07 05:26:53.721,1.28458,1.28469,1.37,1.50
2016.09.07 05:26:53.887,1.28458,1.28469,1.37,1.00
2016.09.07 05:26:53.976,1.28458,1.2847,1.37,1.00
2016.09.07 05:26:54.027,1.28458,1.2847,1.87,1.00
2016.09.07 05:26:54.129,1.28459,1.2847,1.12,1.00
2016.09.07 05:26:54.180,1.28459,1.28471,1.12,1.95
2016.09.07 05:26:54.733,1.28458,1.28471,1.37,1.95
2016.09.07 05:26:54.835,1.28459,1.28471,1.00,1.95
2016.09.07 05:26:54.886,1.28459,1.2847,1.00,1.00
2016.09.07 05:26:54.938,1.28459,1.2847,1.50,1.00
2016.09.07 05:26:57.541,1.28459,1.2847,1.12,1.00
2016.09.07 05:26:57.693,1.28459,1.28471,1.12,1.95
2016.09.07 05:26:57.795,1.28459,1.28471,1.50,1.95
2016.09.07 05:26:57.846,1.28459,1.28471,1.87,1.95
2016.09.07 05:26:57.999,1.28459,1.28471,1.87,1.10
2016.09.07 05:26:58.101,1.28459,1.28471,1.87,1.00
2016.09.07 05:26:58.202,1.28459,1.28471,2.62,1.00
2016.09.07 05:26:58.398,1.28459,1.28471,2.25,1.00
2016.09.07 05:26:59.109,1.28459,1.28472,1.50,1.87
2016.09.07 05:26:59.160,1.28459,1.28472,1.50,1.12
2016.09.07 05:26:59.211,1.28462,1.28472,1.00,1.12
2016.09.07 05:26:59.313,1.28462,1.28472,1.00,1.12
2016.09.07 05:26:59.364,1.28462,1.28472,1.12,1.00
2016.09.07 05:26:59.415,1.28461,1.28473,2.25,2.25
2016.09.07 05:27:01.343,1.28462,1.28473,1.37,2.25
2016.09.07 05:27:01.445,1.28462,1.28473,1.87,2.25
2016.09.07 05:27:01.546,1.28462,1.28473,1.50,2.25
2016.09.07 05:27:01.597,1.28462,1.28473,1.87,2.25
2016.09.07 05:27:01.699,1.28462,1.28473,1.50,2.62
2016.09.07 05:27:04.524,1.28462,1.28473,1.50,2.62
2016.09.07 05:27:04.652,1.28461,1.28473,4.12,3.00
2016.09.07 05:27:04.704,1.28461,1.28472,1.50,1.00
2016.09.07 05:27:05.419,1.28461,1.28472,1.00,1.00
2016.09.07 05:27:05.572,1.28461,1.28472,1.00,1.12
2016.09.07 05:27:05.746,1.28461,1.28472,1.12,1.12
2016.09.07 05:27:05.850,1.28461,1.28472,1.87,1.12
2016.09.07 05:27:07.260,1.28461,1.28472,2.25,1.12
2016.09.07 05:27:07.311,1.28461,1.28472,2.25,1.00
2016.09.07 05:27:08.009,1.28461,1.28472,3.00,1.00
2016.09.07 05:27:08.314,1.28461,1.28472,2.25,1.00
2016.09.07 05:27:08.619,1.28461,1.28472,3.00,1.00
2016.09.07 05:27:11.417,1.28461,1.28472,2.25,1.00
2016.09.07 05:27:11.616,1.28461,1.28473,3.00,1.00
2016.09.07 05:27:11.870,1.28461,1.28473,2.62,1.00
2016.09.07 05:27:11.921,1.28461,1.28473,3.37,1.00
2016.09.07 05:27:12.175,1.28461,1.28473,3.75,1.00
2016.09.07 05:27:12.226,1.28461,1.28473,3.00,1.00
2016.09.07 05:27:12.356,1.28462,1.28473,1.00,1.00
2016.09.07 05:27:12.463,1.28462,1.28473,1.50,1.00
2016.09.07 05:27:12.651,1.28462,1.28473,1.00,1.00
2016.09.07 05:27:12.918,1.28462,1.28473,1.50,1.00
2016.09.07 05:27:13.020,1.28462,1.28474,1.11,1.12
2016.09.07 05:27:13.072,1.28461,1.28475,4.46,4.95
2016.09.07 05:27:13.123,1.28464,1.28475,1.50,1.10
2016.09.07 05:27:13.174,1.28464,1.28475,1.50,1.10
2016.09.07 05:27:13.225,1.28466,1.28476,1.00,2.62
2016.09.07 05:27:13.276,1.28466,1.28476,1.00,2.25
2016.09.07 05:27:13.328,1.28466,1.28476,1.00,1.50
2016.09.07 05:27:13.532,1.28465,1.28476,1.12,1.50
2016.09.07 05:27:13.735,1.28465,1.28476,1.87,1.00
2016.09.07 05:27:16.678,1.28465,1.28476,1.50,1.00
2016.09.07 05:27:16.729,1.28466,1.28476,1.00,1.00
2016.09.07 05:27:21.686,1.28466,1.28477,1.00,1.00
2016.09.07 05:27:21.788,1.28466,1.28477,1.12,1.00
2016.09.07 05:27:22.297,1.28466,1.28477,1.12,1.00
2016.09.07 05:27:22.348,1.28466,1.28478,1.12,1.00
2016.09.07 05:27:22.399,1.28466,1.28479,1.12,4.20
2016.09.07 05:27:22.451,1.28466,1.28479,1.12,1.95
2016.09.07 05:27:23.445,1.28467,1.28479,1.00,1.95
2016.09.07 05:27:23.959,1.28468,1.28479,1.00,2.70
2016.09.07 05:27:26.596,1.28468,1.28476,1.00,1.00
2016.09.07 05:27:28.272,1.28468,1.28479,1.00,3.45
2016.09.07 05:27:28.475,1.28468,1.28477,1.00,1.00
2016.09.07 05:27:28.952,1.28468,1.28478,1.00,1.00
2016.09.07 05:27:29.257,1.28468,1.28479,1.00,3.45
2016.09.07 05:27:29.532,1.28468,1.28477,1.00,1.00
2016.09.07 05:27:29.889,1.28468,1.28479,1.00,3.45
2016.09.07 05:27:30.919,1.28468,1.28479,1.00,2.70
2016.09.07 05:27:31.325,1.28467,1.28478,1.12,1.00
2016.09.07 05:27:35.766,1.28467,1.28478,1.12,1.00
2016.09.07 05:27:40.319,1.28467,1.28478,1.12,1.50
2016.09.07 05:27:40.370,1.28467,1.28478,1.00,1.50
2016.09.07 05:27:40.930,1.28467,1.28477,1.00,1.00
2016.09.07 05:27:45.539,1.28466,1.28476,1.00,1.00
2016.09.07 05:27:45.590,1.28466,1.28473,1.00,1.00
2016.09.07 05:27:45.641,1.28464,1.28473,1.00,1.00
2016.09.07 05:27:45.693,1.28463,1.28473,3.07,1.00
2016.09.07 05:27:45.744,1.28463,1.28473,2.25,1.00
2016.09.07 05:27:45.795,1.28463,1.28473,1.87,1.00
2016.09.07 05:27:45.977,1.28462,1.28471,1.00,1.00
2016.09.07 05:27:46.131,1.2846,1.2847,1.12,1.00
2016.09.07 05:27:46.286,1.2846,1.2847,1.12,1.12
2016.09.07 05:27:46.388,1.2846,1.28471,1.12,4.95
2016.09.07 05:27:46.541,1.2846,1.28471,1.12,5.70
2016.09.07 05:27:46.592,1.28461,1.28471,1.00,6.07
2016.09.07 05:27:46.643,1.28461,1.2847,1.00,2.25
2016.09.07 05:27:46.695,1.28461,1.2847,1.00,2.62
2016.09.07 05:27:46.803,1.28461,1.2847,1.00,3.37
2016.09.07 05:27:46.855,1.2846,1.2847,1.12,3.37
2016.09.07 05:27:46.957,1.2846,1.2847,1.12,3.37
2016.09.07 05:27:47.008,1.2846,1.28469,1.12,1.12
2016.09.07 05:27:47.110,1.2846,1.2847,1.12,3.37
2016.09.07 05:27:47.161,1.28459,1.2847,1.37,3.37
2016.09.07 05:27:47.468,1.28458,1.2847,1.50,3.37
2016.09.07 05:27:48.146,1.28458,1.2847,1.50,3.37
2016.09.07 05:27:48.745,1.28458,1.2847,1.50,3.37
2016.09.07 05:27:48.964,1.28458,1.2847,1.50,4.12
2016.09.07 05:27:49.068,1.28459,1.28469,1.37,1.12
2016.09.07 05:27:50.280,1.28458,1.28469,1.50,1.12
2016.09.07 05:27:57.963,1.28459,1.28469,1.37,1.12
2016.09.07 05:27:58.065,1.28459,1.28469,1.87,1.12
2016.09.07 05:27:58.116,1.28459,1.28469,1.87,2.25
2016.09.07 05:27:58.167,1.28459,1.28469,1.37,2.25
2016.09.07 05:27:58.256,1.28458,1.28469,1.50,2.25
2016.09.07 05:27:58.307,1.28458,1.28468,1.50,1.12
2016.09.07 05:28:01.870,1.28459,1.28468,1.37,1.12
2016.09.07 05:28:02.827,1.28459,1.28468,1.37,1.00
2016.09.07 05:28:06.379,1.28458,1.28468,1.50,1.00
2016.09.07 05:28:06.430,1.28458,1.28469,1.50,1.00
2016.09.07 05:28:06.482,1.28458,1.28469,1.50,1.50
2016.09.07 05:28:06.533,1.28458,1.28468,1.50,1.12
2016.09.07 05:28:06.584,1.28458,1.28467,1.50,1.00
2016.09.07 05:28:06.635,1.28458,1.28467,1.50,1.50
2016.09.07 05:28:06.686,1.28459,1.28467,1.37,1.00
2016.09.07 05:28:06.783,1.28459,1.28468,1.37,4.12
2016.09.07 05:28:06.835,1.28459,1.28467,1.37,1.12
2016.09.07 05:28:07.699,1.28458,1.28467,1.50,1.12
2016.09.07 05:28:07.801,1.28459,1.28467,1.37,1.12
2016.09.07 05:28:08.587,1.28458,1.28467,1.50,1.12
2016.09.07 05:28:09.675,1.28459,1.28467,1.37,1.12
2016.09.07 05:28:10.801,1.28458,1.28467,1.50,1.12
2016.09.07 05:28:10.903,1.28459,1.28467,1.37,1.12
2016.09.07 05:28:11.370,1.28458,1.28467,1.50,1.12
2016.09.07 05:28:11.701,1.28458,1.28467,1.50,1.87
2016.09.07 05:28:12.406,1.28459,1.28467,1.37,1.87
2016.09.07 05:28:13.478,1.28458,1.28467,1.50,1.87
2016.09.07 05:28:14.209,1.28458,1.28467,1.50,1.50
2016.09.07 05:28:14.906,1.28458,1.28467,1.50,1.87
2016.09.07 05:28:15.008,1.28458,1.28467,1.50,1.12
2016.09.07 05:28:15.674,1.28458,1.28468,1.50,4.12
2016.09.07 05:28:15.786,1.28459,1.28468,1.37,4.12
2016.09.07 05:28:16.813,1.28458,1.28468,1.50,4.12
2016.09.07 05:28:16.915,1.28459,1.28468,1.37,4.12
2016.09.07 05:28:17.271,1.28459,1.28468,1.37,4.87
2016.09.07 05:28:17.424,1.28458,1.28468,1.50,4.87
2016.09.07 05:28:18.526,1.28458,1.28468,1.50,4.87
2016.09.07 05:28:18.577,1.28458,1.28468,1.50,4.12
2016.09.07 05:28:18.781,1.28458,1.28468,1.50,4.12
2016.09.07 05:28:22.717,1.28458,1.28468,1.50,2.25
2016.09.07 05:28:22.769,1.28458,1.28468,1.50,1.87
2016.09.07 05:28:23.135,1.28458,1.28468,1.50,1.12
2016.09.07 05:28:23.188,1.28459,1.28468,1.37,1.12
2016.09.07 05:28:23.357,1.28458,1.28468,1.50,1.12
2016.09.07 05:28:24.192,1.28459,1.28468,1.37,1.12
2016.09.07 05:28:25.405,1.28458,1.28468,1.50,1.12
2016.09.07 05:28:26.808,1.28459,1.28468,1.37,1.12
2016.09.07 05:28:26.920,1.28455,1.28464,1.87,1.00
2016.09.07 05:28:26.972,1.28456,1.28464,1.10,1.00
2016.09.07 05:28:27.075,1.28456,1.28464,1.00,1.00
2016.09.07 05:28:27.912,1.28456,1.28464,1.12,1.00
2016.09.07 05:28:28.218,1.28455,1.28464,3.75,1.00
2016.09.07 05:28:28.593,1.28455,1.28464,3.75,1.00
2016.09.07 05:28:28.644,1.28455,1.28464,1.12,1.00
2016.09.07 05:28:32.993,1.28455,1.28463,1.87,1.00
2016.09.07 05:28:33.057,1.28455,1.28463,1.12,1.00
2016.09.07 05:28:33.211,1.28455,1.28463,1.87,1.00
2016.09.07 05:28:33.316,1.28454,1.28463,2.25,1.00
2016.09.07 05:28:33.521,1.28456,1.28463,1.00,1.00
2016.09.07 05:28:33.725,1.28455,1.28463,1.87,1.00
2016.09.07 05:28:33.826,1.28456,1.28463,1.00,1.00
2016.09.07 05:28:33.963,1.28454,1.28463,2.25,1.00
2016.09.07 05:28:34.029,1.28454,1.28463,1.12,1.00
2016.09.07 05:28:34.233,1.28454,1.28463,1.87,1.00
2016.09.07 05:28:34.386,1.28455,1.28463,1.00,1.00
2016.09.07 05:28:34.641,1.28455,1.28463,1.12,1.00
2016.09.07 05:28:35.156,1.28455,1.28463,3.37,1.00
2016.09.07 05:28:35.347,1.28455,1.28463,1.12,1.00
2016.09.07 05:28:35.399,1.28455,1.28463,1.00,1.00
2016.09.07 05:28:35.552,1.28455,1.28463,1.50,1.00
2016.09.07 05:28:36.569,1.28455,1.28465,1.50,1.00
2016.09.07 05:28:36.620,1.28455,1.28465,1.50,1.00
2016.09.07 05:28:36.671,1.28456,1.28465,1.00,1.00
2016.09.07 05:28:38.884,1.28456,1.28465,1.50,1.00
2016.09.07 05:28:38.990,1.28457,1.28465,1.00,1.00
2016.09.07 05:28:40.013,1.28457,1.28465,1.00,1.00
2016.09.07 05:28:45.628,1.28457,1.28465,1.00,1.00
2016.09.07 05:28:46.035,1.28456,1.28465,1.00,1.00
2016.09.07 05:28:47.076,1.28454,1.28465,4.50,1.00
2016.09.07 05:28:47.127,1.28455,1.28465,1.00,1.00
2016.09.07 05:28:47.178,1.28455,1.28465,1.50,1.00
2016.09.07 05:28:51.403,1.28455,1.28465,1.00,1.00
2016.09.07 05:28:51.959,1.28455,1.28465,1.50,1.00
2016.09.07 05:28:52.381,1.28455,1.28464,1.00,1.00
2016.09.07 05:28:53.853,1.28455,1.28464,1.50,1.00
2016.09.07 05:28:55.786,1.28455,1.28464,1.00,1.00
2016.09.07 05:28:58.293,1.28456,1.28464,1.00,1.00
2016.09.07 05:28:58.497,1.28454,1.28464,3.00,1.00
2016.09.07 05:28:58.548,1.28455,1.28464,1.00,1.00
2016.09.07 05:28:58.650,1.28454,1.28464,1.87,1.00
2016.09.07 05:28:58.701,1.28454,1.28463,3.75,1.00
2016.09.07 05:28:58.804,1.28454,1.28463,1.50,1.00
2016.09.07 05:28:58.949,1.28454,1.28462,1.00,1.00
2016.09.07 05:28:59.080,1.28454,1.28462,1.50,1.00
2016.09.07 05:28:59.605,1.28454,1.28462,1.50,1.00
2016.09.07 05:28:59.656,1.28454,1.28462,1.00,1.00
2016.09.07 05:29:00.197,1.28454,1.28462,1.50,1.00
2016.09.07 05:29:00.547,1.28454,1.28462,1.57,1.00
2016.09.07 05:29:00.598,1.28454,1.28462,1.10,1.00
2016.09.07 05:29:00.649,1.28454,1.28462,1.57,1.00
2016.09.07 05:29:00.756,1.28454,1.28462,1.10,1.00
2016.09.07 05:29:00.858,1.28454,1.28462,1.57,1.00
2016.09.07 05:29:01.396,1.28454,1.28463,1.57,1.00
2016.09.07 05:29:02.663,1.28454,1.28463,1.10,1.00
2016.09.07 05:29:02.714,1.28453,1.28463,2.62,1.00
2016.09.07 05:29:04.670,1.28454,1.28461,1.20,1.00
2016.09.07 05:29:06.182,1.28453,1.28461,2.62,1.00
2016.09.07 05:29:06.395,1.28454,1.28461,1.20,1.00
2016.09.07 05:29:06.497,1.28453,1.28461,2.62,1.00
2016.09.07 05:29:06.701,1.28454,1.28461,1.20,1.00
2016.09.07 05:29:07.158,1.28453,1.28461,3.00,1.00
2016.09.07 05:29:07.677,1.28453,1.28462,3.00,1.00
2016.09.07 05:29:08.966,1.28454,1.28462,1.20,1.00
2016.09.07 05:29:10.693,1.28453,1.28462,3.00,1.00
2016.09.07 05:29:11.101,1.28453,1.28462,2.62,1.00
2016.09.07 05:29:14.704,1.28454,1.28462,1.12,1.00
2016.09.07 05:29:14.898,1.28453,1.28462,2.62,1.00
2016.09.07 05:29:14.949,1.28453,1.28462,1.87,1.00
2016.09.07 05:29:22.534,1.28454,1.28462,1.12,1.00
2016.09.07 05:29:23.374,1.28453,1.28462,1.87,1.00
2016.09.07 05:29:23.477,1.28454,1.28462,1.12,1.00
2016.09.07 05:29:23.680,1.28453,1.28462,1.87,1.00
2016.09.07 05:29:24.276,1.28453,1.28462,2.62,1.00
2016.09.07 05:29:24.378,1.28453,1.28462,1.87,1.00
2016.09.07 05:29:27.136,1.28453,1.28461,1.87,1.00
2016.09.07 05:29:27.187,1.28453,1.28461,1.50,1.00
2016.09.07 05:29:27.238,1.28453,1.28461,1.50,1.00
2016.09.07 05:29:29.989,1.28452,1.28461,3.00,1.00
2016.09.07 05:29:30.091,1.28452,1.28462,2.25,1.00
2016.09.07 05:29:31.388,1.28452,1.28462,3.00,1.00
2016.09.07 05:29:31.465,1.28452,1.28462,3.75,1.00
2016.09.07 05:29:31.889,1.28452,1.28462,2.25,1.00
2016.09.07 05:29:32.405,1.28452,1.28462,3.00,1.00
2016.09.07 05:29:32.609,1.28452,1.28462,2.25,1.00
2016.09.07 05:29:32.813,1.28452,1.28462,3.00,1.00
2016.09.07 05:29:32.915,1.28452,1.28462,2.25,1.00
2016.09.07 05:29:33.263,1.28452,1.28462,3.00,1.00
2016.09.07 05:29:33.839,1.28452,1.28463,3.00,1.00
2016.09.07 05:29:33.932,1.28452,1.28463,3.75,1.00
2016.09.07 05:29:33.983,1.28454,1.28463,1.00,1.00
2016.09.07 05:29:34.034,1.28454,1.28465,1.00,1.00
2016.09.07 05:29:47.083,1.28453,1.28465,1.12,1.00
2016.09.07 05:29:47.625,1.28453,1.28466,1.50,1.50
2016.09.07 05:29:47.676,1.28454,1.28466,1.00,1.00
2016.09.07 05:29:48.632,1.28454,1.28466,1.50,1.00
2016.09.07 05:29:54.899,1.28454,1.28466,1.87,1.00
2016.09.07 05:29:54.950,1.28454,1.28466,1.12,1.00
2016.09.07 05:29:55.001,1.28454,1.28466,1.50,1.00
2016.09.07 05:29:56.730,1.28455,1.28466,1.00,1.00
2016.09.07 05:30:00.372,1.28455,1.28466,1.00,1.12
2016.09.07 05:30:00.543,1.28455,1.28466,1.50,1.00
2016.09.07 05:30:00.595,1.28455,1.28466,1.00,1.00
2016.09.07 05:30:01.788,1.28455,1.28466,1.50,1.00
2016.09.07 05:30:02.648,1.28455,1.28466,1.12,1.00
2016.09.07 05:30:03.557,1.28455,1.28466,1.87,1.00
2016.09.07 05:30:03.608,1.28455,1.28466,2.25,1.00
2016.09.07 05:30:03.709,1.28455,1.28466,2.62,1.00
2016.09.07 05:30:05.293,1.28455,1.28466,2.25,1.00
2016.09.07 05:30:05.344,1.28454,1.28464,4.87,1.00
2016.09.07 05:30:05.418,1.28454,1.28464,1.87,1.00
2016.09.07 05:30:05.685,1.28454,1.28464,1.37,1.00
2016.09.07 05:30:05.967,1.28454,1.28464,1.87,1.00
2016.09.07 05:30:06.042,1.28455,1.28464,1.12,1.00
2016.09.07 05:30:06.755,1.28453,1.28464,5.70,1.00
2016.09.07 05:30:07.570,1.28454,1.28464,1.50,1.00
2016.09.07 05:30:08.187,1.28454,1.28464,1.50,1.00
2016.09.07 05:30:08.647,1.28454,1.28464,2.25,1.00
2016.09.07 05:30:08.698,1.28454,1.28464,3.00,1.00
2016.09.07 05:30:08.749,1.28454,1.28464,2.25,1.00
2016.09.07 05:30:09.792,1.28454,1.28464,3.00,1.00
2016.09.07 05:30:12.830,1.28454,1.28466,3.00,1.12
2016.09.07 05:30:12.881,1.28454,1.28466,2.25,1.12
2016.09.07 05:30:22.556,1.28454,1.28466,3.00,1.12
2016.09.07 05:30:22.607,1.28454,1.28466,2.25,1.12
2016.09.07 05:30:22.810,1.28454,1.28466,2.62,1.12
2016.09.07 05:30:23.369,1.28454,1.28466,1.87,1.12
2016.09.07 05:30:23.656,1.28454,1.28466,2.62,1.12
2016.09.07 05:30:24.791,1.28454,1.28466,2.62,1.12
2016.09.07 05:30:24.946,1.28454,1.28466,1.87,1.12
2016.09.07 05:30:25.741,1.28455,1.28466,1.00,1.12
2016.09.07 05:30:25.843,1.28455,1.28466,1.50,1.12
2016.09.07 05:30:26.414,1.28455,1.28466,1.87,1.12
2016.09.07 05:30:26.465,1.28455,1.28466,2.62,1.12
2016.09.07 05:30:26.517,1.28455,1.28466,3.37,1.00
2016.09.07 05:30:26.568,1.28456,1.28468,1.12,1.57
2016.09.07 05:30:26.620,1.28456,1.28468,1.50,1.57
2016.09.07 05:30:26.710,1.28456,1.28469,1.50,5.25
2016.09.07 05:30:27.886,1.28457,1.28469,1.00,5.25
2016.09.07 05:30:28.198,1.28456,1.28469,1.50,5.25
2016.09.07 05:30:29.707,1.28457,1.28469,1.00,5.25
2016.09.07 05:30:30.640,1.28457,1.28467,1.00,1.12
2016.09.07 05:30:31.213,1.28456,1.28467,2.25,1.12
2016.09.07 05:30:31.656,1.28456,1.28468,1.50,1.57
2016.09.07 05:30:31.779,1.28457,1.28468,1.00,1.57
2016.09.07 05:30:32.611,1.28456,1.28468,1.50,1.57
2016.09.07 05:30:35.919,1.28456,1.28466,1.50,1.00
2016.09.07 05:30:36.011,1.28457,1.28465,1.00,1.00
2016.09.07 05:30:36.063,1.28457,1.28464,1.00,1.50
2016.09.07 05:30:36.114,1.28453,1.28464,2.62,1.50
2016.09.07 05:30:36.216,1.28454,1.28464,1.00,1.95
2016.09.07 05:30:36.368,1.28454,1.28464,1.00,1.87
2016.09.07 05:30:40.817,1.28453,1.28464,1.50,1.87
2016.09.07 05:30:40.868,1.28453,1.28463,1.50,1.00
2016.09.07 05:30:40.970,1.28453,1.28462,1.12,1.00
2016.09.07 05:30:41.021,1.28452,1.28462,1.87,1.00
2016.09.07 05:30:41.072,1.28452,1.28462,1.12,1.00
2016.09.07 05:30:44.170,1.28452,1.28462,1.87,1.00
2016.09.07 05:30:44.772,1.28452,1.28462,1.12,1.00
2016.09.07 05:30:45.199,1.28452,1.28464,1.50,1.87
2016.09.07 05:30:45.250,1.28452,1.28464,1.87,1.87
2016.09.07 05:30:45.301,1.28453,1.28464,1.12,1.37
2016.09.07 05:30:45.352,1.28453,1.28464,1.12,1.00
2016.09.07 05:30:46.581,1.28453,1.28465,1.50,1.12
2016.09.07 05:30:46.632,1.28454,1.28465,1.12,1.12
2016.09.07 05:30:46.684,1.28458,1.28468,1.00,3.75
2016.09.07 05:30:46.735,1.28458,1.28467,1.00,2.70
2016.09.07 05:30:46.786,1.28458,1.28467,1.00,2.62
2016.09.07 05:30:46.837,1.28458,1.28469,1.00,2.25
2016.09.07 05:30:47.150,1.28458,1.28469,1.00,1.87
2016.09.07 05:30:47.386,1.28456,1.28469,1.12,1.12
2016.09.07 05:30:50.887,1.28456,1.28469,1.50,1.12
2016.09.07 05:30:57.723,1.28456,1.28469,1.12,1.12
2016.09.07 05:30:57.774,1.28457,1.28468,1.00,1.00
2016.09.07 05:30:58.412,1.28457,1.28468,1.50,1.00
2016.09.07 05:30:58.514,1.28457,1.28469,1.00,1.12
2016.09.07 05:30:58.616,1.28456,1.28469,2.62,1.12
2016.09.07 05:30:58.667,1.28457,1.28469,1.00,1.12
2016.09.07 05:30:58.719,1.28456,1.28469,3.00,1.12
2016.09.07 05:30:58.770,1.28458,1.28469,1.00,1.50
2016.09.07 05:30:58.872,1.28457,1.28469,1.00,1.00
2016.09.07 05:30:59.099,1.28457,1.28469,1.50,1.00
2016.09.07 05:30:59.150,1.28457,1.28469,1.50,1.12
2016.09.07 05:30:59.201,1.28456,1.28467,3.00,1.00
2016.09.07 05:30:59.383,1.28456,1.28469,2.25,2.25
2016.09.07 05:31:01.394,1.28456,1.28469,2.25,2.25
2016.09.07 05:31:01.445,1.28456,1.28469,2.25,3.00
2016.09.07 05:31:01.618,1.28456,1.28467,2.25,1.00
2016.09.07 05:31:01.669,1.28456,1.28467,1.12,1.50
2016.09.07 05:31:02.788,1.28456,1.28467,1.87,2.25
2016.09.07 05:31:03.811,1.28456,1.28467,1.12,1.50
2016.09.07 05:31:05.836,1.28456,1.28467,1.12,1.00
2016.09.07 05:31:05.990,1.28456,1.28468,1.50,1.57
2016.09.07 05:31:06.753,1.28457,1.28468,1.00,1.57
2016.09.07 05:31:07.685,1.28457,1.28469,1.00,3.75
2016.09.07 05:31:11.444,1.28456,1.28469,2.25,3.75
2016.09.07 05:31:11.495,1.28456,1.28465,1.87,1.00
2016.09.07 05:31:11.546,1.28456,1.28465,1.12,1.00
2016.09.07 05:31:11.597,1.28455,1.28465,3.37,1.00
2016.09.07 05:31:11.648,1.28455,1.28465,2.62,1.00
2016.09.07 05:31:12.803,1.28455,1.28466,2.62,1.00
2016.09.07 05:31:12.854,1.28455,1.28466,3.37,1.00
2016.09.07 05:31:13.115,1.28455,1.28466,2.62,1.00
2016.09.07 05:31:13.166,1.28455,1.28466,1.87,1.00
2016.09.07 05:31:13.217,1.28455,1.28466,1.50,1.87
2016.09.07 05:31:13.320,1.28454,1.28465,2.25,1.12
2016.09.07 05:31:13.550,1.28454,1.28465,1.50,1.12
2016.09.07 05:31:13.623,1.28454,1.28464,1.00,1.00
2016.09.07 05:31:14.098,1.28452,1.28464,3.45,1.00
2016.09.07 05:31:14.149,1.28452,1.28464,1.57,1.00
2016.09.07 05:31:14.251,1.28452,1.28464,2.70,1.00
2016.09.07 05:31:14.302,1.28454,1.28464,1.00,1.00
2016.09.07 05:31:15.302,1.28452,1.28464,1.57,1.00
2016.09.07 05:31:16.139,1.28452,1.28464,1.57,1.00
2016.09.07 05:31:16.445,1.28452,1.28464,2.32,1.00
2016.09.07 05:31:16.496,1.28453,1.28464,1.00,1.50
2016.09.07 05:31:16.598,1.28452,1.28463,1.20,1.00
2016.09.07 05:31:16.649,1.28452,1.28463,1.20,1.00
2016.09.07 05:31:16.755,1.28452,1.28463,1.20,1.37
2016.09.07 05:31:16.806,1.28452,1.28462,1.12,1.12
2016.09.07 05:31:16.857,1.28451,1.28462,1.57,1.12
2016.09.07 05:31:17.112,1.28452,1.28462,1.12,1.12
2016.09.07 05:31:17.219,1.28452,1.28462,1.00,1.12
2016.09.07 05:31:19.129,1.28452,1.28462,1.50,1.12
2016.09.07 05:31:21.451,1.28452,1.28462,1.00,1.12
2016.09.07 05:31:22.723,1.28452,1.28462,1.00,1.87
2016.09.07 05:31:23.531,1.28452,1.28462,1.50,1.87
2016.09.07 05:31:23.735,1.28452,1.28462,1.00,1.87
2016.09.07 05:31:24.046,1.28451,1.28462,3.07,1.87
2016.09.07 05:31:24.330,1.28453,1.28462,1.00,1.87
2016.09.07 05:31:25.652,1.28452,1.28462,1.12,1.87
2016.09.07 05:31:27.556,1.28451,1.28462,2.70,1.87
2016.09.07 05:31:27.608,1.28453,1.28462,1.00,1.87
2016.09.07 05:31:27.812,1.28453,1.28462,1.00,1.12
2016.09.07 05:31:29.156,1.28452,1.28462,1.87,1.12
2016.09.07 05:31:29.507,1.28453,1.28462,1.00,1.12
2016.09.07 05:31:29.710,1.28452,1.28462,1.12,1.12
2016.09.07 05:31:30.721,1.28452,1.28462,1.87,1.12
2016.09.07 05:31:30.822,1.28452,1.28462,1.12,1.12
2016.09.07 05:31:32.633,1.28451,1.28462,3.07,1.12
2016.09.07 05:31:37.256,1.28452,1.28462,1.12,1.12
2016.09.07 05:31:37.307,1.28452,1.28462,1.87,1.12
2016.09.07 05:31:37.662,1.28452,1.28462,1.12,1.12
2016.09.07 05:31:37.955,1.28453,1.28462,1.00,1.12
2016.09.07 05:31:40.422,1.28452,1.28462,1.12,1.12
2016.09.07 05:31:40.676,1.28451,1.28462,3.07,1.12
2016.09.07 05:31:40.727,1.28452,1.28462,1.12,1.12
2016.09.07 05:31:40.829,1.28451,1.28462,3.07,1.12
2016.09.07 05:31:41.363,1.28453,1.28462,1.00,1.12
2016.09.07 05:31:41.466,1.28451,1.28462,3.07,1.12
2016.09.07 05:31:41.554,1.28452,1.28462,1.12,1.12
2016.09.07 05:31:41.706,1.28451,1.28462,3.07,1.12
2016.09.07 05:31:42.367,1.28452,1.28462,1.12,1.12
2016.09.07 05:31:43.569,1.28451,1.28462,3.07,1.12
2016.09.07 05:31:49.275,1.28452,1.28462,1.00,1.12
2016.09.07 05:31:49.377,1.28451,1.28462,3.07,1.00
2016.09.07 05:31:49.631,1.28451,1.28462,2.32,1.00
2016.09.07 05:31:49.707,1.28451,1.28462,2.25,1.00
2016.09.07 05:31:49.759,1.28452,1.28462,1.87,1.00
2016.09.07 05:31:49.810,1.28452,1.28462,1.12,1.00
2016.09.07 05:31:49.861,1.28451,1.28462,3.00,1.00
2016.09.07 05:31:49.912,1.28452,1.28462,1.12,1.00
2016.09.07 05:31:50.015,1.28451,1.28462,3.00,1.00
2016.09.07 05:31:50.362,1.28451,1.28462,2.25,1.00
2016.09.07 05:31:50.465,1.28451,1.28462,3.00,1.00
2016.09.07 05:31:50.516,1.28452,1.28462,1.12,1.00
2016.09.07 05:31:51.058,1.28452,1.28462,1.87,1.00
2016.09.07 05:31:51.109,1.28452,1.28462,1.12,1.00
2016.09.07 05:31:52.677,1.28452,1.28462,2.25,1.00
2016.09.07 05:31:52.730,1.28452,1.28462,1.50,1.00
2016.09.07 05:31:53.225,1.28452,1.28462,2.25,1.00
2016.09.07 05:31:55.926,1.28452,1.28462,1.50,1.00
2016.09.07 05:31:56.028,1.28452,1.28463,2.25,1.12
2016.09.07 05:31:56.125,1.28454,1.28463,1.00,1.12
2016.09.07 05:31:56.176,1.28452,1.28463,2.25,1.00
2016.09.07 05:31:56.279,1.28453,1.28463,1.12,1.00
2016.09.07 05:31:56.381,1.28452,1.28463,2.25,1.00
2016.09.07 05:31:56.483,1.28453,1.28463,1.12,1.00
2016.09.07 05:31:58.355,1.28453,1.28461,1.12,1.00
2016.09.07 05:32:00.032,1.28452,1.28461,1.37,1.00
2016.09.07 05:32:00.236,1.28452,1.28461,1.87,1.00
2016.09.07 05:32:00.288,1.28452,1.28461,2.62,1.00
2016.09.07 05:32:00.339,1.28452,1.28461,1.87,1.00
2016.09.07 05:32:00.495,1.28452,1.28458,1.50,1.00
2016.09.07 05:32:00.546,1.28452,1.28458,2.25,1.00
2016.09.07 05:32:00.643,1.28452,1.28458,1.50,1.00
2016.09.07 05:32:00.696,1.28452,1.28458,1.12,1.00
2016.09.07 05:32:00.747,1.28451,1.28458,3.37,1.00
2016.09.07 05:32:00.972,1.28452,1.28458,1.12,1.00
2016.09.07 05:32:01.295,1.28452,1.28458,1.00,1.00
2016.09.07 05:32:01.702,1.28452,1.28458,1.50,1.00
2016.09.07 05:32:03.311,1.28452,1.28458,2.25,1.00
2016.09.07 05:32:03.363,1.28452,1.28458,1.50,1.00
2016.09.07 05:32:03.414,1.28451,1.28458,1.87,1.00
2016.09.07 05:32:03.921,1.28452,1.28458,1.50,1.00
2016.09.07 05:32:03.972,1.28452,1.28458,2.25,1.00
2016.09.07 05:32:04.023,1.28452,1.28458,1.50,1.00
2016.09.07 05:32:04.075,1.28451,1.28458,2.62,1.00
2016.09.07 05:32:04.380,1.28451,1.28458,1.87,1.00
2016.09.07 05:32:04.431,1.28452,1.28458,1.50,1.00
2016.09.07 05:32:04.855,1.28452,1.28458,2.25,1.00
2016.09.07 05:32:05.200,1.28452,1.28458,1.50,1.00
2016.09.07 05:32:05.302,1.28452,1.28458,2.25,1.00
2016.09.07 05:32:05.353,1.28452,1.28458,1.50,1.00
2016.09.07 05:32:05.856,1.28451,1.28458,3.00,1.00
2016.09.07 05:32:06.162,1.28453,1.28459,1.12,1.00
2016.09.07 05:32:06.271,1.28452,1.28459,2.25,1.00
2016.09.07 05:32:06.425,1.28452,1.28459,2.25,1.00
2016.09.07 05:32:06.527,1.28452,1.28459,1.50,1.00
2016.09.07 05:32:06.578,1.28452,1.28459,1.00,1.00
2016.09.07 05:32:06.629,1.28452,1.28459,1.50,1.00
2016.09.07 05:32:06.680,1.28452,1.28459,1.00,1.00
2016.09.07 05:32:06.782,1.28452,1.28459,1.12,1.00
2016.09.07 05:32:06.833,1.28452,1.28459,1.12,1.00
2016.09.07 05:32:07.228,1.28451,1.28459,2.25,1.00
2016.09.07 05:32:07.279,1.28452,1.28459,1.37,1.00
2016.09.07 05:32:07.331,1.28452,1.28459,1.87,1.00
2016.09.07 05:32:07.485,1.28452,1.28459,1.12,1.00
2016.09.07 05:32:07.587,1.28453,1.28459,1.00,1.00
2016.09.07 05:32:07.689,1.28452,1.28459,1.12,1.00
2016.09.07 05:32:07.740,1.28451,1.28459,2.25,1.00
2016.09.07 05:32:07.791,1.28452,1.28459,1.12,1.00
2016.09.07 05:32:07.893,1.28451,1.28459,2.25,1.00
2016.09.07 05:32:07.944,1.28452,1.28459,1.12,1.00
2016.09.07 05:32:07.994,1.28452,1.28459,1.87,1.00
2016.09.07 05:32:08.055,1.28452,1.28459,1.12,1.00
2016.09.07 05:32:08.395,1.28451,1.28459,2.25,1.00
2016.09.07 05:32:08.447,1.28452,1.28459,1.12,1.00
2016.09.07 05:32:08.498,1.28452,1.28459,1.87,1.00
2016.09.07 05:32:08.549,1.28452,1.28459,1.12,1.00
2016.09.07 05:32:08.962,1.28452,1.28459,1.87,1.00
2016.09.07 05:32:09.068,1.28452,1.28459,1.12,1.00
2016.09.07 05:32:09.119,1.28451,1.28459,2.25,1.00
2016.09.07 05:32:09.561,1.28452,1.28459,1.12,1.00
2016.09.07 05:32:10.030,1.28451,1.28459,2.25,1.00
2016.09.07 05:32:10.133,1.28452,1.28459,1.12,1.00
2016.09.07 05:32:10.184,1.28452,1.28457,1.50,1.00
2016.09.07 05:32:10.235,1.28451,1.28457,3.75,1.00
2016.09.07 05:32:10.286,1.28451,1.28456,1.50,1.00
2016.09.07 05:32:10.337,1.28452,1.28456,1.12,1.00
2016.09.07 05:32:10.388,1.28452,1.28456,1.00,1.00
2016.09.07 05:32:10.542,1.28451,1.28455,1.12,1.00
2016.09.07 05:32:10.695,1.28451,1.28455,1.00,1.00
2016.09.07 05:32:10.746,1.2845,1.28455,1.87,1.00
2016.09.07 05:32:10.949,1.28451,1.28457,1.00,1.00
2016.09.07 05:32:12.035,1.2845,1.28457,1.87,1.00
2016.09.07 05:32:12.238,1.28451,1.28456,1.00,1.00
2016.09.07 05:32:14.630,1.2845,1.28456,1.87,1.00
2016.09.07 05:32:15.268,1.28451,1.28456,1.00,1.00
2016.09.07 05:32:15.369,1.2845,1.28456,1.87,1.00
2016.09.07 05:32:15.882,1.2845,1.28455,1.87,1.00
2016.09.07 05:32:15.934,1.28451,1.28455,1.00,1.00
2016.09.07 05:32:16.037,1.2845,1.28455,1.87,1.00
2016.09.07 05:32:16.330,1.28451,1.28456,1.00,1.00
2016.09.07 05:32:16.435,1.2845,1.28456,1.87,1.00
2016.09.07 05:32:17.950,1.28451,1.28456,1.00,1.00
2016.09.07 05:32:18.964,1.2845,1.28456,1.87,1.00
2016.09.07 05:32:19.080,1.28451,1.28456,1.00,1.00
2016.09.07 05:32:19.363,1.2845,1.28456,1.87,1.00
2016.09.07 05:32:19.516,1.2845,1.28456,2.25,1.00
2016.09.07 05:32:21.949,1.28451,1.28456,1.12,1.00
2016.09.07 05:32:22.051,1.2845,1.28456,2.25,1.00
2016.09.07 05:32:24.459,1.28451,1.28456,1.12,1.00
2016.09.07 05:32:25.460,1.2845,1.28456,2.25,1.00
2016.09.07 05:32:26.113,1.2845,1.28456,1.87,1.00
2016.09.07 05:32:27.463,1.2845,1.28454,1.87,1.00
2016.09.07 05:32:27.783,1.2845,1.28454,1.00,1.00
2016.09.07 05:32:31.946,1.28447,1.28454,2.62,1.00
2016.09.07 05:32:31.997,1.28447,1.28452,1.12,1.00
2016.09.07 05:32:32.048,1.28445,1.28452,2.62,1.00
2016.09.07 05:32:32.151,1.28443,1.28449,1.12,1.00
2016.09.07 05:32:32.202,1.28442,1.28453,2.62,1.00
2016.09.07 05:32:32.304,1.28441,1.28451,2.62,1.50
2016.09.07 05:32:32.355,1.28439,1.28451,1.00,2.25
2016.09.07 05:32:32.407,1.28438,1.28451,1.50,2.62
2016.09.07 05:32:32.458,1.28438,1.2845,1.00,1.00
2016.09.07 05:32:32.559,1.28439,1.28451,1.12,3.00
2016.09.07 05:32:32.899,1.28437,1.28451,2.62,2.62
2016.09.07 05:32:32.950,1.28437,1.28451,3.37,2.62
2016.09.07 05:32:33.283,1.28437,1.28451,3.37,3.37
2016.09.07 05:32:34.993,1.28437,1.28451,2.62,3.00
2016.09.07 05:32:35.896,1.28437,1.2845,2.62,1.12
2016.09.07 05:32:36.644,1.28437,1.2845,2.25,1.12
2016.09.07 05:32:36.695,1.28437,1.28451,2.25,2.25
2016.09.07 05:32:36.746,1.28438,1.28451,1.00,2.25
2016.09.07 05:32:38.973,1.28438,1.28451,1.00,1.50
2016.09.07 05:32:39.028,1.28439,1.28451,1.12,1.00
2016.09.07 05:32:39.080,1.28439,1.28452,1.12,1.95
2016.09.07 05:32:39.131,1.28439,1.28452,1.12,1.95
2016.09.07 05:32:40.142,1.2844,1.28452,1.00,1.95
2016.09.07 05:32:41.352,1.28439,1.28452,1.12,1.95
2016.09.07 05:32:41.403,1.28439,1.28451,1.12,1.00
2016.09.07 05:32:41.454,1.28439,1.28451,1.12,1.37
2016.09.07 05:32:41.556,1.28439,1.28451,1.12,1.00
2016.09.07 05:32:42.356,1.28438,1.28451,2.70,1.00
2016.09.07 05:32:42.458,1.28438,1.28451,1.95,1.00
2016.09.07 05:32:42.741,1.28438,1.28451,3.82,1.12
2016.09.07 05:32:43.737,1.28438,1.28451,3.45,1.12
2016.09.07 05:32:46.356,1.28438,1.28451,4.20,1.12
2016.09.07 05:32:47.331,1.28438,1.28451,3.45,1.12
2016.09.07 05:32:47.535,1.28438,1.28451,4.20,1.12
2016.09.07 05:32:47.891,1.28438,1.28452,4.20,3.07
2016.09.07 05:32:47.942,1.28439,1.28452,1.37,3.07
2016.09.07 05:32:50.427,1.2844,1.28452,1.12,2.32
2016.09.07 05:32:50.479,1.2844,1.28452,1.12,3.45
2016.09.07 05:32:50.550,1.2844,1.28452,1.87,1.10
2016.09.07 05:32:50.602,1.2844,1.28452,1.87,1.00
2016.09.07 05:32:50.856,1.28442,1.28452,1.00,1.00
2016.09.07 05:32:50.958,1.28442,1.28453,1.00,1.57
2016.09.07 05:32:51.227,1.2844,1.28453,2.62,1.57
2016.09.07 05:32:51.571,1.28441,1.28453,1.00,1.57
2016.09.07 05:32:51.673,1.2844,1.28453,2.62,1.57
2016.09.07 05:32:51.775,1.28441,1.28453,1.00,1.57
2016.09.07 05:32:51.826,1.28441,1.28448,1.00,1.00
2016.09.07 05:32:51.877,1.28438,1.28448,2.62,1.00
2016.09.07 05:32:52.386,1.28438,1.28447,2.62,1.00
2016.09.07 05:32:53.821,1.28438,1.28448,2.62,1.00
2016.09.07 05:32:53.933,1.28438,1.28448,3.37,1.00
2016.09.07 05:32:54.693,1.28438,1.28448,3.00,1.00
2016.09.07 05:32:55.024,1.28438,1.28446,3.00,1.00
2016.09.07 05:32:55.075,1.28438,1.28446,1.50,1.00
2016.09.07 05:32:56.967,1.28438,1.28446,2.25,1.00
2016.09.07 05:33:02.684,1.28437,1.28446,2.25,1.00
2016.09.07 05:33:04.713,1.28437,1.28446,1.50,1.00
2016.09.07 05:33:04.815,1.28437,1.28446,2.25,1.00
2016.09.07 05:33:09.999,1.28437,1.28446,2.62,1.00
2016.09.07 05:33:10.884,1.28438,1.28446,1.12,1.00
2016.09.07 05:33:17.893,1.28439,1.28446,1.00,1.00
2016.09.07 05:33:18.882,1.28437,1.28446,2.62,1.00
2016.09.07 05:33:21.050,1.28437,1.28446,2.25,1.00
2016.09.07 05:33:21.152,1.28437,1.28446,3.00,1.00
2016.09.07 05:33:21.868,1.28437,1.28446,2.25,1.00
2016.09.07 05:33:22.021,1.28438,1.28447,1.00,1.00
2016.09.07 05:33:22.124,1.28438,1.28447,1.37,1.00
2016.09.07 05:33:22.482,1.28438,1.28447,1.50,1.00
2016.09.07 05:33:22.584,1.28438,1.28447,2.25,1.00
2016.09.07 05:33:26.587,1.28438,1.28447,1.87,1.00
2016.09.07 05:33:28.067,1.28438,1.28447,1.87,1.00
2016.09.07 05:33:28.119,1.28438,1.28447,1.37,1.00
2016.09.07 05:33:28.222,1.28438,1.28447,1.12,1.00
2016.09.07 05:33:28.344,1.28438,1.28446,1.12,1.00
2016.09.07 05:33:28.447,1.28437,1.28443,1.87,1.00
2016.09.07 05:33:28.550,1.28437,1.28446,1.31,1.00
2016.09.07 05:33:28.601,1.28436,1.28446,2.62,1.00
2016.09.07 05:33:28.652,1.28436,1.28446,2.25,1.00
2016.09.07 05:33:28.704,1.28438,1.28446,1.00,1.00
2016.09.07 05:33:29.623,1.28438,1.28446,1.00,1.00
2016.09.07 05:33:31.079,1.28437,1.28446,1.87,1.00
2016.09.07 05:33:31.283,1.28439,1.28446,1.00,1.00
2016.09.07 05:33:31.334,1.28439,1.28446,1.00,1.00
2016.09.07 05:33:31.495,1.2844,1.28446,1.00,1.00
2016.09.07 05:33:31.648,1.2844,1.28448,1.00,1.00
2016.09.07 05:33:31.699,1.2844,1.28448,1.00,1.00
2016.09.07 05:33:31.751,1.2844,1.28448,1.50,1.00
2016.09.07 05:33:32.055,1.28441,1.28448,1.00,1.00
2016.09.07 05:33:33.334,1.28441,1.28449,1.00,1.00
2016.09.07 05:33:33.437,1.28441,1.28449,1.00,1.00
2016.09.07 05:33:33.489,1.28442,1.2845,1.00,1.00
2016.09.07 05:33:33.540,1.28444,1.28453,1.00,3.75
2016.09.07 05:33:33.592,1.28447,1.28453,1.00,3.75
2016.09.07 05:33:33.643,1.28447,1.28453,1.00,1.12
2016.09.07 05:33:33.695,1.28448,1.28455,1.12,4.50
2016.09.07 05:33:33.746,1.28448,1.28456,1.12,2.25
2016.09.07 05:33:33.797,1.2845,1.28456,1.00,2.25
2016.09.07 05:33:33.889,1.2845,1.28459,1.00,1.50
2016.09.07 05:33:33.940,1.2845,1.28459,1.00,1.00
2016.09.07 05:33:34.018,1.2845,1.28459,1.00,1.12
2016.09.07 05:33:34.120,1.28449,1.28459,1.00,1.12
2016.09.07 05:33:38.038,1.28449,1.28461,1.00,2.25
2016.09.07 05:33:41.579,1.28448,1.28461,1.12,2.25
2016.09.07 05:33:42.652,1.28448,1.28461,1.12,4.12
2016.09.07 05:33:45.012,1.28448,1.28461,1.50,4.12
2016.09.07 05:33:45.686,1.28448,1.2846,1.87,1.50
2016.09.07 05:33:45.738,1.28448,1.28461,2.62,3.37
2016.09.07 05:33:45.797,1.2845,1.28461,1.00,3.37
2016.09.07 05:33:45.857,1.28452,1.28462,1.00,2.25
2016.09.07 05:33:45.909,1.28454,1.28462,1.12,1.50
2016.09.07 05:33:45.962,1.28454,1.28463,2.25,1.10
2016.09.07 05:33:46.014,1.28454,1.28463,3.00,1.00
2016.09.07 05:33:46.066,1.28454,1.28465,2.25,1.95
2016.09.07 05:33:46.117,1.28455,1.28465,1.00,1.87
2016.09.07 05:33:46.169,1.28455,1.28465,1.50,1.50
2016.09.07 05:33:46.221,1.28456,1.28465,1.00,1.50
2016.09.07 05:33:46.272,1.28456,1.28465,1.12,1.00
2016.09.07 05:33:46.441,1.28457,1.28465,1.00,1.00
2016.09.07 05:33:46.559,1.28457,1.28467,1.00,1.20
2016.09.07 05:33:48.476,1.28457,1.28468,1.00,1.50
2016.09.07 05:33:49.855,1.28457,1.28468,1.00,1.12
2016.09.07 05:33:50.020,1.28457,1.28468,1.50,1.12
2016.09.07 05:33:50.223,1.28458,1.28468,1.00,1.12
2016.09.07 05:33:50.681,1.28458,1.28467,1.00,1.10
2016.09.07 05:33:51.226,1.28457,1.28467,1.00,1.10
2016.09.07 05:33:59.744,1.28455,1.28467,2.25,1.10
2016.09.07 05:34:00.235,1.28455,1.28467,2.25,1.57
2016.09.07 05:34:00.286,1.28455,1.28467,2.25,2.32
2016.09.07 05:34:00.541,1.28455,1.28467,2.25,3.26
2016.09.07 05:34:00.643,1.28455,1.28467,1.50,2.51
2016.09.07 05:34:00.694,1.28455,1.28466,1.50,1.00
2016.09.07 05:34:00.745,1.28455,1.28466,1.50,1.50
2016.09.07 05:34:00.920,1.28455,1.28466,1.00,1.50
2016.09.07 05:34:01.074,1.28455,1.28466,1.00,1.00
2016.09.07 05:34:01.125,1.28455,1.28466,1.50,1.00
2016.09.07 05:34:01.227,1.28455,1.28466,2.25,1.00
2016.09.07 05:34:01.532,1.28456,1.28466,1.00,1.00
2016.09.07 05:34:01.685,1.28456,1.28467,1.00,1.95
2016.09.07 05:34:01.736,1.28456,1.28467,1.00,2.62
2016.09.07 05:34:02.044,1.28457,1.28467,1.00,2.62
2016.09.07 05:34:02.641,1.28457,1.28467,1.00,3.56
2016.09.07 05:34:02.845,1.28457,1.28467,1.00,3.19
2016.09.07 05:34:06.701,1.28457,1.28467,1.00,2.44
2016.09.07 05:34:07.767,1.28456,1.28467,1.00,2.25
2016.09.07 05:34:07.870,1.28456,1.28467,1.00,1.95
2016.09.07 05:34:07.975,1.28456,1.28467,1.50,1.95
2016.09.07 05:34:08.146,1.28456,1.28467,1.00,1.95
2016.09.07 05:34:08.197,1.28456,1.28467,1.00,2.25
2016.09.07 05:34:08.719,1.28457,1.28467,1.00,2.25
2016.09.07 05:34:11.531,1.28456,1.28467,1.00,2.25
2016.09.07 05:34:11.582,1.28456,1.28467,1.00,2.25
2016.09.07 05:34:11.633,1.28455,1.28467,1.50,2.25
2016.09.07 05:34:11.684,1.28455,1.28467,1.50,2.25
2016.09.07 05:34:11.735,1.28455,1.28466,1.50,1.20
2016.09.07 05:34:14.560,1.28455,1.28467,1.50,1.50
2016.09.07 05:34:14.611,1.28455,1.28467,1.50,1.50
2016.09.07 05:34:14.713,1.28456,1.28468,1.50,2.32
2016.09.07 05:34:14.764,1.28456,1.28468,1.00,2.32
2016.09.07 05:34:14.815,1.28456,1.28468,1.00,1.87
2016.09.07 05:34:14.927,1.28456,1.28468,1.12,1.50
2016.09.07 05:34:14.978,1.28456,1.28468,1.87,1.50
2016.09.07 05:34:16.447,1.28456,1.28468,1.12,1.50
2016.09.07 05:34:16.498,1.28456,1.28468,1.12,2.25
2016.09.07 05:34:22.812,1.28456,1.28468,1.00,2.25
2016.09.07 05:34:24.000,1.28456,1.28466,1.00,1.00
2016.09.07 05:34:24.203,1.28456,1.28466,1.00,1.12
2016.09.07 05:34:24.305,1.28456,1.28466,1.00,1.00
2016.09.07 05:34:25.017,1.28456,1.28466,1.00,1.12
2016.09.07 05:34:25.068,1.28455,1.28466,1.87,1.12
2016.09.07 05:34:25.119,1.28455,1.28466,1.87,1.00
2016.09.07 05:34:25.575,1.28455,1.28466,1.12,1.00
2016.09.07 05:34:25.626,1.28455,1.28466,1.00,1.00
2016.09.07 05:34:25.830,1.28455,1.28466,1.00,1.50
2016.09.07 05:34:26.296,1.28455,1.28465,1.00,1.00
2016.09.07 05:34:26.347,1.28454,1.28465,3.37,1.00
2016.09.07 05:34:26.398,1.28454,1.28465,2.62,1.00
2016.09.07 05:34:26.449,1.28454,1.28465,1.00,1.00
2016.09.07 05:34:26.500,1.28454,1.28465,1.00,2.25
2016.09.07 05:34:26.613,1.28454,1.28465,1.00,2.25
2016.09.07 05:34:26.828,1.28454,1.28465,1.00,3.00
2016.09.07 05:34:27.367,1.28453,1.28465,1.12,2.25
2016.09.07 05:34:28.279,1.28453,1.28465,1.12,3.00
2016.09.07 05:34:28.333,1.28453,1.28462,1.12,1.00
2016.09.07 05:34:28.385,1.28454,1.28462,1.00,1.00
2016.09.07 05:34:28.488,1.28453,1.28461,1.12,1.00
2016.09.07 05:34:28.784,1.28454,1.28461,1.00,1.00
2016.09.07 05:34:29.370,1.28453,1.28461,1.12,1.00
2016.09.07 05:34:29.738,1.28453,1.28461,1.00,1.00
2016.09.07 05:34:29.789,1.28451,1.28461,1.12,1.00
2016.09.07 05:34:29.841,1.28451,1.28461,1.00,1.00
2016.09.07 05:34:29.943,1.28451,1.28459,1.00,1.00
2016.09.07 05:34:31.043,1.28451,1.28458,1.00,1.00
2016.09.07 05:34:31.250,1.2845,1.28458,3.00,1.00
2016.09.07 05:34:31.301,1.2845,1.2846,3.00,1.00
2016.09.07 05:34:31.567,1.28451,1.2846,1.12,1.00
2016.09.07 05:34:36.121,1.28451,1.28458,1.12,1.00
2016.09.07 05:34:36.710,1.28451,1.28459,1.12,1.00
2016.09.07 05:34:36.914,1.2845,1.28459,3.75,1.00
2016.09.07 05:34:37.107,1.28451,1.28457,1.12,1.00
2016.09.07 05:34:37.412,1.2845,1.28457,3.00,1.00
2016.09.07 05:34:39.973,1.28451,1.28457,1.12,1.00
2016.09.07 05:34:40.024,1.28451,1.28459,1.12,1.00
2016.09.07 05:34:43.675,1.2845,1.28459,3.37,1.00
2016.09.07 05:34:45.110,1.28451,1.28459,1.12,1.00
2016.09.07 05:34:47.019,1.28451,1.28459,1.87,1.00
2016.09.07 05:34:47.224,1.2845,1.28459,3.75,1.00
2016.09.07 05:34:48.491,1.2845,1.28459,2.25,1.12
2016.09.07 05:34:48.542,1.28451,1.28458,1.12,1.50
2016.09.07 05:34:48.593,1.28451,1.28458,1.12,2.25
2016.09.07 05:34:48.644,1.2845,1.28455,2.25,1.00
2016.09.07 05:34:48.798,1.2845,1.28455,1.50,1.00
2016.09.07 05:34:48.850,1.28449,1.28453,1.50,1.00
2016.09.07 05:34:48.902,1.28449,1.28453,1.00,1.00
2016.09.07 05:34:48.959,1.28448,1.28453,1.00,1.00
2016.09.07 05:34:51.053,1.28448,1.28454,1.00,1.00
2016.09.07 05:34:53.132,1.28448,1.28455,1.00,1.00
2016.09.07 05:34:53.234,1.28448,1.28455,1.50,1.00
2016.09.07 05:34:53.374,1.28449,1.28457,1.00,1.00
2016.09.07 05:34:53.426,1.28449,1.28458,1.00,1.00
2016.09.07 05:34:53.733,1.2845,1.28458,1.12,1.00
2016.09.07 05:34:53.836,1.2845,1.28458,1.87,1.00
2016.09.07 05:34:53.887,1.2845,1.2846,1.87,1.00
2016.09.07 05:34:54.759,1.2845,1.2846,1.87,1.00
2016.09.07 05:34:55.160,1.2845,1.28459,1.87,1.00
2016.09.07 05:34:57.235,1.2845,1.28459,1.50,1.00
2016.09.07 05:35:02.098,1.2845,1.28459,1.50,1.37
2016.09.07 05:35:03.956,1.2845,1.28458,1.50,1.12
2016.09.07 05:35:04.235,1.2845,1.28458,1.00,1.12
2016.09.07 05:35:05.722,1.2845,1.28458,1.50,1.12
2016.09.07 05:35:06.357,1.2845,1.28459,1.50,1.37
2016.09.07 05:35:06.459,1.2845,1.28458,1.00,1.12
2016.09.07 05:35:06.561,1.2845,1.28459,1.00,1.37
2016.09.07 05:35:07.185,1.2845,1.28458,1.00,1.12
2016.09.07 05:35:09.030,1.2845,1.28459,1.00,1.37
2016.09.07 05:35:09.347,1.2845,1.28457,1.00,1.00
2016.09.07 05:35:09.449,1.2845,1.28459,1.00,1.37
2016.09.07 05:35:09.500,1.2845,1.28459,1.00,3.37
2016.09.07 05:35:10.361,1.28448,1.28456,1.00,1.00
2016.09.07 05:35:10.414,1.28448,1.28456,1.00,1.00
2016.09.07 05:35:10.569,1.28447,1.28456,1.50,1.00
2016.09.07 05:35:10.671,1.28447,1.28456,1.00,1.00
2016.09.07 05:35:10.876,1.28447,1.28455,1.00,1.00
2016.09.07 05:35:11.404,1.28447,1.28454,1.00,1.00
2016.09.07 05:35:12.654,1.28447,1.28454,1.00,1.00
2016.09.07 05:35:12.959,1.28447,1.28455,1.00,1.00
2016.09.07 05:35:15.665,1.28447,1.28455,1.50,1.00
2016.09.07 05:35:15.766,1.28448,1.28455,1.00,1.00
2016.09.07 05:35:15.868,1.28447,1.28455,1.50,1.00
2016.09.07 05:35:17.487,1.28448,1.28455,1.87,1.00
2016.09.07 05:35:17.540,1.28448,1.28458,3.22,1.10
2016.09.07 05:35:17.591,1.28451,1.28459,1.50,1.37
2016.09.07 05:35:17.694,1.28451,1.2846,1.75,1.37
2016.09.07 05:35:17.746,1.28451,1.2846,1.75,1.00
2016.09.07 05:35:17.797,1.28452,1.2846,1.12,1.00
2016.09.07 05:35:17.849,1.28454,1.28463,1.00,1.69
2016.09.07 05:35:17.901,1.28456,1.28464,1.87,2.25
2016.09.07 05:35:17.952,1.28456,1.28466,1.12,1.37
2016.09.07 05:35:18.004,1.28455,1.28466,3.00,1.37
2016.09.07 05:35:18.056,1.28457,1.28466,1.12,1.37
2016.09.07 05:35:18.108,1.28457,1.28466,1.12,1.00
2016.09.07 05:35:18.260,1.28455,1.28466,2.25,1.00
2016.09.07 05:35:18.311,1.28455,1.28466,2.25,1.12
2016.09.07 05:35:18.774,1.28455,1.28466,3.00,1.12
2016.09.07 05:35:18.825,1.28455,1.28467,3.75,1.37
2016.09.07 05:35:18.927,1.28455,1.28467,4.12,1.37
2016.09.07 05:35:19.029,1.28456,1.28468,1.50,3.37
2016.09.07 05:35:19.994,1.28456,1.28468,2.25,3.37
2016.09.07 05:35:20.146,1.28456,1.28468,1.50,3.37
2016.09.07 05:35:22.230,1.28456,1.28468,1.12,3.37
2016.09.07 05:35:22.332,1.28456,1.28468,1.10,3.37
2016.09.07 05:35:22.557,1.28455,1.28467,2.62,1.37
2016.09.07 05:35:22.811,1.28455,1.28467,2.25,3.37
2016.09.07 05:35:24.463,1.28455,1.28466,1.50,1.37
2016.09.07 05:35:24.514,1.28455,1.28466,1.12,1.37
2016.09.07 05:35:24.565,1.28455,1.28466,1.12,1.37
2016.09.07 05:35:24.616,1.28454,1.28466,2.70,1.37
2016.09.07 05:35:24.718,1.28454,1.28466,1.95,1.37
2016.09.07 05:35:28.562,1.28454,1.28465,1.95,1.12
2016.09.07 05:35:28.739,1.28454,1.28465,1.20,1.12
2016.09.07 05:35:28.790,1.28454,1.28463,1.12,1.00
2016.09.07 05:35:28.842,1.28454,1.28461,1.00,1.00
2016.09.07 05:35:28.904,1.28453,1.28461,1.10,1.00
2016.09.07 05:35:28.962,1.28452,1.28461,2.62,1.00
2016.09.07 05:35:29.017,1.28452,1.28461,2.25,1.00
2016.09.07 05:35:29.069,1.28452,1.28461,1.12,1.00
2016.09.07 05:35:29.120,1.28451,1.28461,1.87,1.00
2016.09.07 05:35:29.325,1.28452,1.28461,1.12,1.00
2016.09.07 05:35:29.851,1.28452,1.28461,1.00,1.00
2016.09.07 05:35:30.055,1.28451,1.28461,2.62,1.00
2016.09.07 05:35:30.106,1.28452,1.28461,1.00,1.00
2016.09.07 05:35:30.157,1.28452,1.28461,1.00,1.00
2016.09.07 05:35:30.666,1.28452,1.28462,1.00,1.12
2016.09.07 05:35:30.762,1.28453,1.28462,1.00,1.12
2016.09.07 05:35:30.813,1.28453,1.28462,1.00,1.12
2016.09.07 05:35:30.864,1.28455,1.28462,1.00,1.12
2016.09.07 05:35:31.397,1.28454,1.28462,1.00,1.12
2016.09.07 05:35:32.145,1.28452,1.28462,1.00,1.00
2016.09.07 05:35:38.578,1.28452,1.2846,1.00,1.00
2016.09.07 05:35:38.630,1.28455,1.2846,1.00,1.00
2016.09.07 05:35:38.736,1.28454,1.28464,1.10,1.50
2016.09.07 05:35:38.787,1.28454,1.28462,1.10,1.00
2016.09.07 05:35:38.839,1.28454,1.28462,1.00,1.00
2016.09.07 05:35:38.979,1.28453,1.28462,2.25,1.00
2016.09.07 05:35:39.064,1.28453,1.28462,1.50,1.00
2016.09.07 05:35:39.115,1.28454,1.28462,1.00,1.00
2016.09.07 05:35:39.217,1.28453,1.28461,1.00,1.00
2016.09.07 05:35:39.473,1.28455,1.28463,1.00,1.37
2016.09.07 05:35:39.575,1.28455,1.28463,1.00,1.00
2016.09.07 05:35:39.627,1.28455,1.28463,1.00,1.12
2016.09.07 05:35:39.678,1.28455,1.28463,1.00,1.50
2016.09.07 05:35:42.728,1.28455,1.28463,1.00,1.37
2016.09.07 05:35:42.779,1.28455,1.28463,1.00,1.00
2016.09.07 05:35:43.481,1.28453,1.28463,1.00,1.00
2016.09.07 05:35:44.031,1.28453,1.28462,1.00,1.00
2016.09.07 05:35:44.656,1.28453,1.28464,1.00,1.12
2016.09.07 05:36:00.122,1.28453,1.28464,1.50,1.12
2016.09.07 05:36:02.730,1.28453,1.28464,1.00,1.12
2016.09.07 05:36:02.781,1.28453,1.28464,1.00,1.00
2016.09.07 05:36:02.888,1.28452,1.28464,3.82,1.00
2016.09.07 05:36:03.958,1.28452,1.28464,3.07,1.00
2016.09.07 05:36:04.582,1.28452,1.28464,3.82,1.00
2016.09.07 05:36:04.633,1.28453,1.28464,1.00,1.00
2016.09.07 05:36:04.837,1.28452,1.28464,3.07,1.00
2016.09.07 05:36:05.586,1.28452,1.28465,3.07,1.12
2016.09.07 05:36:05.637,1.28453,1.28466,1.00,3.75
2016.09.07 05:36:05.688,1.28453,1.28466,1.00,3.75
2016.09.07 05:36:06.014,1.28453,1.28466,1.00,3.00
2016.09.07 05:36:06.786,1.28453,1.28466,1.50,2.25
2016.09.07 05:36:06.837,1.28453,1.28466,1.50,1.50
2016.09.07 05:36:06.990,1.28453,1.28466,1.12,1.87
2016.09.07 05:36:07.041,1.28452,1.28466,4.57,2.25
2016.09.07 05:36:07.156,1.28452,1.28466,3.82,2.62
2016.09.07 05:36:07.258,1.28452,1.28466,3.07,2.62
2016.09.07 05:36:08.294,1.28452,1.28464,3.07,1.12
2016.09.07 05:36:09.849,1.28453,1.28464,1.00,1.12
2016.09.07 05:36:10.749,1.28452,1.28464,3.07,1.12
2016.09.07 05:36:10.800,1.28452,1.28464,3.82,1.12
2016.09.07 05:36:11.207,1.28452,1.28464,3.07,1.12
2016.09.07 05:36:11.410,1.28452,1.28464,2.70,1.12
2016.09.07 05:36:11.512,1.28453,1.28464,1.50,1.12
2016.09.07 05:36:11.614,1.28453,1.28464,1.50,1.00
2016.09.07 05:36:11.821,1.28453,1.28463,1.00,1.00
2016.09.07 05:36:11.923,1.28453,1.28463,1.00,1.12
2016.09.07 05:36:12.025,1.28453,1.28463,1.00,1.00
2016.09.07 05:36:12.127,1.28453,1.28463,1.50,1.00
2016.09.07 05:36:15.016,1.28453,1.28461,1.50,1.00
2016.09.07 05:36:16.820,1.28453,1.28461,1.87,1.00
2016.09.07 05:36:19.824,1.28453,1.28464,1.87,1.87
2016.09.07 05:36:19.926,1.28453,1.28464,1.87,1.12
2016.09.07 05:36:21.360,1.28453,1.28464,2.25,1.12
2016.09.07 05:36:21.462,1.28453,1.28464,1.87,1.12
2016.09.07 05:36:22.033,1.28454,1.28464,1.50,1.12
2016.09.07 05:36:22.633,1.28454,1.28464,1.50,1.37
2016.09.07 05:36:22.837,1.28454,1.28464,1.50,1.00
2016.09.07 05:36:23.319,1.28454,1.28464,2.25,1.00
2016.09.07 05:36:25.063,1.28454,1.28464,1.50,1.00
2016.09.07 05:36:25.370,1.28454,1.28464,2.25,1.00
2016.09.07 05:36:25.641,1.28455,1.28464,1.00,1.00
2016.09.07 05:36:26.939,1.28454,1.28464,2.25,1.00
2016.09.07 05:36:28.750,1.28454,1.28464,1.50,1.00
2016.09.07 05:36:28.801,1.28454,1.28461,1.00,1.00
2016.09.07 05:36:28.954,1.28453,1.28461,1.00,1.00
2016.09.07 05:36:29.157,1.28453,1.28461,1.12,1.00
2016.09.07 05:36:29.208,1.28453,1.28463,1.12,1.00
2016.09.07 05:36:29.259,1.28453,1.28463,1.87,1.00
2016.09.07 05:36:29.847,1.28453,1.28464,1.87,1.00
2016.09.07 05:36:31.505,1.28453,1.28464,2.25,1.00
2016.09.07 05:36:31.832,1.28455,1.28465,1.00,1.12
2016.09.07 05:36:31.934,1.28455,1.28465,1.00,1.00
2016.09.07 05:36:33.204,1.28454,1.28465,1.57,1.00
2016.09.07 05:36:34.257,1.28454,1.28465,3.07,1.00
2016.09.07 05:36:34.355,1.28455,1.28465,1.87,1.00
2016.09.07 05:36:34.417,1.28455,1.28468,1.50,3.37
2016.09.07 05:36:34.468,1.28456,1.28468,1.00,3.37
2016.09.07 05:36:34.570,1.28456,1.28468,1.10,3.37
2016.09.07 05:36:34.671,1.28455,1.28468,1.12,3.37
2016.09.07 05:36:34.823,1.28455,1.28468,1.10,3.37
2016.09.07 05:36:35.115,1.28455,1.28468,1.57,3.37
2016.09.07 05:36:35.236,1.28456,1.28468,1.00,3.37
2016.09.07 05:36:36.263,1.28455,1.28468,1.20,3.37
2016.09.07 05:36:38.221,1.28454,1.28468,4.12,3.37
2016.09.07 05:36:38.273,1.28455,1.28468,1.20,3.37
2016.09.07 05:36:38.824,1.28455,1.28468,1.95,3.37
2016.09.07 05:36:38.875,1.28455,1.28468,1.57,3.37
2016.09.07 05:36:39.326,1.28455,1.28468,1.10,3.37
2016.09.07 05:36:39.428,1.28455,1.28468,1.57,3.37
2016.09.07 05:36:39.631,1.28455,1.28468,1.10,3.37
2016.09.07 05:36:39.733,1.28455,1.28468,1.10,3.37
2016.09.07 05:36:39.784,1.28455,1.28468,1.00,3.37
2016.09.07 05:36:39.835,1.28455,1.28465,1.00,1.00
2016.09.07 05:36:40.894,1.28455,1.28465,1.00,1.00
2016.09.07 05:36:40.945,1.28455,1.28466,1.00,1.12
2016.09.07 05:36:41.479,1.28457,1.28466,1.00,1.12
2016.09.07 05:36:41.530,1.28457,1.28468,1.12,2.62
2016.09.07 05:36:41.582,1.28459,1.28469,1.00,2.62
2016.09.07 05:36:41.633,1.28459,1.28469,1.00,2.25
2016.09.07 05:36:41.684,1.28458,1.2847,1.10,1.12
2016.09.07 05:36:41.786,1.28459,1.2847,1.00,1.12
2016.09.07 05:36:41.940,1.28465,1.28471,1.50,2.25
2016.09.07 05:36:41.992,1.28465,1.28472,2.25,1.75
2016.09.07 05:36:42.083,1.28465,1.28472,2.32,1.75
2016.09.07 05:36:42.135,1.28463,1.28472,3.00,2.25
2016.09.07 05:36:42.186,1.28464,1.28476,2.25,1.00
2016.09.07 05:36:42.237,1.28464,1.28476,1.87,1.37
2016.09.07 05:36:42.288,1.28465,1.28475,1.00,1.00
2016.09.07 05:36:42.593,1.28464,1.28475,1.50,1.00
2016.09.07 05:36:42.746,1.28464,1.28476,1.50,1.75
2016.09.07 05:36:43.084,1.28464,1.28476,1.00,1.75
2016.09.07 05:36:43.287,1.28465,1.28476,1.00,1.75
2016.09.07 05:36:44.084,1.28464,1.28476,1.00,1.75
2016.09.07 05:36:44.398,1.28465,1.28476,1.00,1.75
2016.09.07 05:36:45.056,1.28466,1.28476,1.00,1.75
2016.09.07 05:36:46.191,1.28464,1.28476,1.00,1.87
2016.09.07 05:36:46.242,1.28464,1.28476,1.00,1.87
2016.09.07 05:36:46.293,1.28463,1.28476,1.95,1.87
2016.09.07 05:36:46.344,1.28463,1.28471,1.12,1.00
2016.09.07 05:36:46.395,1.28461,1.28471,2.62,1.50
2016.09.07 05:36:46.446,1.2846,1.28471,1.47,1.00
2016.09.07 05:36:46.498,1.28463,1.28472,1.50,1.87
2016.09.07 05:36:46.549,1.28465,1.28473,2.62,2.70
2016.09.07 05:36:46.601,1.28465,1.28473,2.62,2.62
2016.09.07 05:36:46.701,1.28466,1.2847,1.00,1.00
2016.09.07 05:36:46.752,1.28466,1.28476,1.00,1.12
2016.09.07 05:36:46.877,1.28465,1.28476,1.12,1.12
2016.09.07 05:36:46.928,1.28465,1.28476,1.12,1.12
2016.09.07 05:36:46.979,1.28465,1.28476,1.00,1.50
2016.09.07 05:36:50.784,1.28465,1.28476,1.12,1.50
2016.09.07 05:36:50.835,1.28465,1.28476,1.12,1.12
2016.09.07 05:36:52.466,1.28464,1.28476,2.25,1.12
2016.09.07 05:36:52.569,1.28464,1.28475,2.25,1.37
2016.09.07 05:36:52.775,1.28464,1.28473,2.25,1.00
2016.09.07 05:36:57.701,1.28465,1.28473,1.00,1.00
2016.09.07 05:36:57.904,1.28464,1.28473,2.25,1.00
2016.09.07 05:36:58.057,1.28464,1.28475,2.25,1.37
2016.09.07 05:36:58.108,1.28465,1.28475,1.00,1.12
2016.09.07 05:36:58.574,1.28465,1.28475,1.00,1.50
2016.09.07 05:36:59.468,1.28465,1.28476,1.50,1.75
2016.09.07 05:36:59.519,1.28465,1.28477,1.50,3.37
2016.09.07 05:36:59.570,1.28465,1.28477,1.50,1.75
2016.09.07 05:37:00.147,1.28465,1.28477,1.50,2.25
2016.09.07 05:37:00.199,1.28465,1.28477,1.00,1.75
2016.09.07 05:37:02.784,1.28465,1.28477,1.50,1.50
2016.09.07 05:37:05.089,1.28465,1.28477,1.50,1.87
2016.09.07 05:37:05.140,1.28465,1.28477,1.00,1.87
2016.09.07 05:37:05.191,1.28464,1.28477,1.50,2.62
2016.09.07 05:37:05.999,1.28465,1.28477,1.00,1.87
2016.09.07 05:37:07.897,1.28465,1.28477,1.00,2.62
2016.09.07 05:37:07.948,1.28465,1.28477,1.00,2.25
2016.09.07 05:37:07.999,1.28467,1.28476,1.00,1.12
2016.09.07 05:37:08.051,1.28467,1.28476,1.00,1.87
2016.09.07 05:37:08.134,1.28467,1.28476,1.00,1.87
2016.09.07 05:37:08.186,1.28466,1.28476,1.50,1.12
2016.09.07 05:37:08.288,1.28466,1.28476,1.00,1.50
2016.09.07 05:37:08.800,1.28467,1.28476,1.00,1.50
2016.09.07 05:37:10.405,1.28466,1.28476,1.00,1.50
2016.09.07 05:37:12.422,1.28466,1.28476,1.00,1.00
2016.09.07 05:37:12.999,1.28465,1.28476,1.00,1.00
2016.09.07 05:37:14.361,1.28465,1.28475,1.00,1.00
2016.09.07 05:37:15.389,1.28466,1.28474,1.00,1.00
2016.09.07 05:37:15.915,1.28465,1.28474,1.00,1.00
2016.09.07 05:37:17.456,1.28465,1.28475,1.00,1.00
2016.09.07 05:37:17.558,1.28465,1.28476,1.00,1.87
2016.09.07 05:37:18.116,1.28465,1.28472,1.00,1.50
2016.09.07 05:37:18.167,1.28465,1.28471,1.00,1.00
2016.09.07 05:37:18.219,1.28461,1.28471,1.57,2.25
2016.09.07 05:37:18.270,1.28461,1.2847,1.50,1.00
2016.09.07 05:37:18.321,1.28462,1.2847,1.00,1.50
2016.09.07 05:37:18.423,1.28461,1.2847,2.25,1.00
2016.09.07 05:37:18.526,1.28462,1.28471,1.00,1.00
2016.09.07 05:37:20.029,1.28461,1.28471,1.50,1.00
2016.09.07 05:37:20.131,1.28461,1.28469,1.50,1.00
2016.09.07 05:37:20.183,1.28461,1.28469,1.50,1.00
2016.09.07 05:37:20.234,1.28461,1.28469,1.00,1.12
2016.09.07 05:37:20.799,1.28461,1.28469,1.00,1.50
2016.09.07 05:37:23.789,1.28462,1.28469,1.00,1.50
2016.09.07 05:37:23.840,1.28462,1.28471,1.00,1.37
2016.09.07 05:37:23.891,1.28462,1.28473,1.50,3.37
2016.09.07 05:37:24.024,1.28466,1.28473,1.00,1.00
2016.09.07 05:37:24.537,1.28465,1.28473,1.00,1.00
2016.09.07 05:37:24.947,1.28464,1.28473,1.00,1.00
2016.09.07 05:37:24.999,1.28464,1.2847,1.00,1.00
2016.09.07 05:37:25.100,1.28463,1.2847,1.50,1.00
2016.09.07 05:37:25.305,1.28465,1.2847,1.00,1.00
2016.09.07 05:37:25.512,1.28463,1.2847,1.50,1.00
2016.09.07 05:37:26.593,1.28463,1.28473,1.50,1.00
2016.09.07 05:37:26.849,1.28464,1.28473,1.00,1.00
2016.09.07 05:37:27.093,1.28465,1.28474,1.00,1.12
2016.09.07 05:37:27.196,1.28465,1.28475,1.00,1.57
2016.09.07 05:37:27.247,1.28465,1.28475,1.00,1.20
2016.09.07 05:37:27.299,1.28465,1.28475,1.00,1.50
2016.09.07 05:37:27.351,1.28466,1.28475,1.00,1.50
2016.09.07 05:37:27.402,1.28466,1.28476,1.00,1.57
2016.09.07 05:37:27.506,1.28468,1.28474,1.00,1.00
2016.09.07 05:37:27.610,1.28466,1.28474,1.00,1.00
2016.09.07 05:37:27.712,1.28466,1.28474,1.00,1.00
2016.09.07 05:37:27.816,1.28466,1.28475,1.00,1.10
2016.09.07 05:37:27.991,1.28466,1.28474,1.00,1.00
2016.09.07 05:37:28.042,1.28466,1.28474,1.00,1.00
2016.09.07 05:37:28.245,1.28466,1.28474,1.50,1.00
2016.09.07 05:37:28.755,1.28466,1.28473,1.50,1.00
2016.09.07 05:37:28.983,1.28466,1.28474,1.00,1.00
2016.09.07 05:37:29.509,1.28465,1.28474,1.00,1.00
2016.09.07 05:37:29.713,1.28465,1.28476,1.00,1.50
2016.09.07 05:37:29.831,1.28466,1.28476,1.00,2.25
2016.09.07 05:37:29.912,1.28467,1.28477,1.00,2.62
2016.09.07 05:37:29.963,1.28467,1.28478,1.00,3.45
2016.09.07 05:37:30.065,1.28467,1.28478,1.00,1.20
2016.09.07 05:37:30.116,1.28467,1.28477,1.00,1.00
2016.09.07 05:37:30.167,1.28467,1.28477,1.00,1.87
2016.09.07 05:37:30.218,1.28466,1.28477,1.00,1.37
2016.09.07 05:37:31.109,1.28466,1.28475,1.00,1.00
2016.09.07 05:37:31.313,1.28465,1.28476,1.87,1.12
2016.09.07 05:37:31.499,1.28465,1.28477,1.87,1.37
2016.09.07 05:37:31.550,1.28465,1.28477,1.87,1.47
2016.09.07 05:37:31.857,1.28465,1.28477,1.12,1.47
2016.09.07 05:37:31.959,1.28465,1.28477,1.12,1.48
2016.09.07 05:37:32.593,1.28464,1.28477,1.87,1.48
2016.09.07 05:37:32.644,1.28464,1.28477,1.87,2.70
2016.09.07 05:37:32.746,1.28464,1.28477,1.50,3.08
2016.09.07 05:37:32.848,1.28464,1.28477,1.50,3.45
2016.09.07 05:37:34.165,1.28464,1.28477,1.50,3.08
2016.09.07 05:37:34.961,1.28465,1.28475,1.50,1.13
2016.09.07 05:37:35.012,1.28465,1.28475,1.50,1.12
2016.09.07 05:37:35.065,1.28466,1.28475,1.00,1.12
2016.09.07 05:37:37.541,1.28466,1.28475,1.00,1.13
2016.09.07 05:37:37.592,1.28466,1.28475,1.00,1.00
2016.09.07 05:37:37.745,1.28464,1.28475,1.00,1.00
2016.09.07 05:37:37.796,1.28464,1.28475,1.00,1.13
2016.09.07 05:37:37.847,1.28464,1.28475,1.12,1.13
2016.09.07 05:37:38.493,1.28464,1.28476,1.12,2.25
2016.09.07 05:37:38.647,1.28463,1.28476,3.07,2.25
2016.09.07 05:37:39.755,1.28464,1.28476,1.12,2.25
2016.09.07 05:37:40.009,1.28464,1.28474,1.12,1.00
2016.09.07 05:37:41.951,1.28465,1.28474,1.00,1.00
2016.09.07 05:37:42.003,1.28465,1.28476,1.50,1.50
2016.09.07 05:37:42.054,1.28466,1.28475,1.00,1.00
2016.09.07 05:37:42.783,1.28466,1.28476,1.00,1.50
2016.09.07 05:37:43.307,1.28467,1.28476,1.00,1.50
2016.09.07 05:37:45.079,1.28466,1.28476,2.25,1.12
2016.09.07 05:37:45.130,1.28468,1.28478,1.00,3.37
2016.09.07 05:37:45.182,1.28468,1.28478,1.00,1.12
2016.09.07 05:37:45.458,1.28466,1.28478,2.25,1.57
2016.09.07 05:37:45.509,1.28466,1.28478,1.50,1.57
2016.09.07 05:37:48.466,1.28466,1.28476,1.50,1.31
2016.09.07 05:37:48.517,1.28466,1.28475,1.50,2.00
2016.09.07 05:37:48.568,1.28466,1.28474,1.00,2.62
2016.09.07 05:37:48.619,1.28466,1.28474,1.00,3.37
2016.09.07 05:37:48.670,1.28463,1.2847,1.12,1.00
2016.09.07 05:37:48.772,1.28461,1.28471,2.62,1.75
2016.09.07 05:37:48.824,1.28461,1.28471,2.62,2.25
2016.09.07 05:37:48.875,1.28461,1.28471,1.12,2.25
2016.09.07 05:37:49.042,1.2846,1.2847,1.50,1.75
2016.09.07 05:37:49.094,1.2846,1.28469,1.50,1.75
2016.09.07 05:37:49.145,1.2846,1.28469,1.00,2.00
2016.09.07 05:37:49.196,1.2846,1.28467,1.00,1.50
2016.09.07 05:37:49.606,1.2846,1.28468,1.00,2.00
2016.09.07 05:37:49.657,1.2846,1.28468,1.00,2.25
2016.09.07 05:37:49.708,1.2846,1.28467,1.00,1.37
2016.09.07 05:37:49.760,1.28456,1.28467,4.87,1.12
2016.09.07 05:37:49.811,1.28456,1.28467,2.62,1.12
2016.09.07 05:37:49.862,1.28456,1.28467,1.12,1.87
2016.09.07 05:37:49.913,1.28456,1.28463,1.00,1.75
2016.09.07 05:37:50.015,1.28454,1.28463,1.12,1.75
2016.09.07 05:37:50.066,1.28453,1.28463,2.62,1.75
2016.09.07 05:37:50.187,1.28457,1.28464,1.00,1.94
2016.09.07 05:37:50.239,1.28455,1.28464,1.00,1.94
2016.09.07 05:37:50.291,1.28456,1.28464,1.00,1.75
2016.09.07 05:37:50.342,1.28454,1.28464,2.25,1.75
2016.09.07 05:37:50.395,1.28454,1.28464,1.87,1.75
2016.09.07 05:37:50.497,1.28455,1.28464,1.00,1.75
2016.09.07 05:37:50.659,1.28456,1.28464,1.00,1.75
2016.09.07 05:37:50.710,1.28458,1.28465,1.00,1.87
2016.09.07 05:37:50.761,1.28458,1.28465,1.00,1.37
2016.09.07 05:37:50.812,1.28458,1.28466,1.00,3.00
2016.09.07 05:37:50.863,1.28458,1.28465,1.00,1.50
2016.09.07 05:37:51.143,1.28458,1.28466,1.00,3.00
2016.09.07 05:37:51.194,1.28458,1.28466,1.00,3.19
2016.09.07 05:37:51.299,1.28458,1.28465,1.00,1.69
2016.09.07 05:37:51.504,1.28458,1.28464,1.00,1.12
2016.09.07 05:37:52.388,1.28457,1.28464,1.00,1.31
2016.09.07 05:37:52.439,1.28459,1.28464,1.00,1.31
2016.09.07 05:37:52.490,1.28459,1.28464,1.00,1.12
2016.09.07 05:37:52.592,1.28459,1.28464,1.00,1.31
2016.09.07 05:37:54.691,1.28459,1.28464,1.00,1.12
2016.09.07 05:37:54.844,1.28458,1.28466,1.00,2.00
2016.09.07 05:37:55.124,1.28458,1.28466,1.00,1.69
2016.09.07 05:37:55.277,1.28458,1.28466,1.00,1.50
2016.09.07 05:37:55.328,1.28458,1.28466,1.00,1.50
2016.09.07 05:37:55.990,1.28458,1.28466,1.00,1.12
2016.09.07 05:38:05.244,1.28458,1.28467,1.00,1.37
2016.09.07 05:38:05.794,1.28458,1.28467,1.00,1.37
2016.09.07 05:38:17.365,1.28458,1.28467,1.12,1.37
2016.09.07 05:38:17.417,1.28458,1.28467,1.00,1.37
2016.09.07 05:38:18.998,1.28458,1.28467,1.12,1.37
2016.09.07 05:38:19.049,1.28459,1.28467,1.00,1.37
2016.09.07 05:38:19.100,1.28459,1.28469,1.87,1.12
2016.09.07 05:38:19.151,1.28459,1.2847,1.50,2.25
2016.09.07 05:38:19.202,1.2846,1.28469,1.00,1.37
2016.09.07 05:38:22.095,1.2846,1.2847,1.00,2.25
2016.09.07 05:38:22.146,1.2846,1.2847,1.00,2.25
2016.09.07 05:38:32.524,1.2846,1.28469,1.00,1.37
2016.09.07 05:38:33.406,1.2846,1.28469,1.00,1.37
2016.09.07 05:38:35.155,1.2846,1.28469,1.00,1.37
2016.09.07 05:38:35.359,1.2846,1.28469,1.00,1.37
2016.09.07 05:38:35.857,1.2846,1.28469,1.00,1.37
2016.09.07 05:38:42.770,1.2846,1.28469,1.00,1.50
2016.09.07 05:38:43.025,1.2846,1.28469,1.00,1.50
2016.09.07 05:38:43.177,1.28459,1.2847,1.00,3.37
2016.09.07 05:38:43.228,1.28457,1.2847,1.50,2.62
2016.09.07 05:38:43.280,1.28457,1.2847,1.50,2.62
2016.09.07 05:38:43.331,1.28458,1.2847,1.00,2.62
2016.09.07 05:38:43.486,1.28458,1.28469,1.12,1.75
2016.09.07 05:38:43.689,1.28458,1.28469,1.12,1.75
2016.09.07 05:38:43.740,1.28459,1.28469,1.00,1.75
2016.09.07 05:38:44.072,1.28459,1.28469,1.00,1.75
2016.09.07 05:38:44.672,1.28463,1.28469,1.00,1.75
2016.09.07 05:38:44.723,1.28464,1.2847,1.50,3.37
2016.09.07 05:38:44.774,1.28466,1.28472,2.25,1.75
2016.09.07 05:38:44.825,1.28466,1.28473,2.25,2.62
2016.09.07 05:38:44.877,1.28467,1.28478,2.25,1.75
2016.09.07 05:38:44.928,1.28468,1.28478,1.00,1.75
2016.09.07 05:38:44.979,1.28468,1.28479,1.12,2.25
2016.09.07 05:38:45.081,1.28468,1.28479,1.00,2.62
2016.09.07 05:38:45.132,1.28468,1.28479,1.00,2.25
2016.09.07 05:38:45.250,1.28469,1.28478,1.00,1.00
2016.09.07 05:38:45.301,1.28469,1.28479,1.00,2.25
2016.09.07 05:38:45.403,1.2847,1.28479,1.00,2.25
2016.09.07 05:38:45.454,1.2847,1.28479,1.00,1.87
2016.09.07 05:38:45.505,1.2847,1.28479,1.00,1.50
2016.09.07 05:38:45.759,1.2847,1.28479,1.00,1.00
2016.09.07 05:38:46.269,1.2847,1.2848,1.00,1.00
2016.09.07 05:38:46.422,1.28472,1.2848,1.00,1.00
2016.09.07 05:38:46.793,1.28472,1.28482,1.00,1.20
2016.09.07 05:38:47.182,1.28472,1.28482,1.00,1.95
2016.09.07 05:38:53.608,1.2847,1.28482,1.00,1.95
2016.09.07 05:38:53.709,1.2847,1.28482,1.00,2.32
2016.09.07 05:38:53.811,1.2847,1.28482,1.00,1.95
2016.09.07 05:38:55.212,1.28471,1.28482,1.00,2.70
2016.09.07 05:38:56.556,1.2847,1.28482,1.00,1.95
2016.09.07 05:38:59.604,1.2847,1.28482,1.00,1.20
2016.09.07 05:38:59.707,1.2847,1.28481,1.00,1.00
2016.09.07 05:38:59.940,1.28472,1.28481,1.00,1.00
2016.09.07 05:39:00.246,1.2847,1.28481,1.00,1.00
2016.09.07 05:39:00.348,1.28472,1.28481,1.00,1.00
2016.09.07 05:39:01.418,1.28471,1.28481,1.00,1.00
2016.09.07 05:39:01.950,1.28472,1.28481,1.00,1.00
2016.09.07 05:39:02.354,1.2847,1.28481,1.12,1.00
2016.09.07 05:39:02.558,1.28471,1.28481,1.00,1.00
2016.09.07 05:39:02.660,1.2847,1.28481,1.12,1.00
2016.09.07 05:39:02.863,1.28472,1.28481,1.00,1.00
2016.09.07 05:39:02.965,1.2847,1.28481,1.12,1.00
2016.09.07 05:39:03.162,1.28471,1.28481,1.00,1.00
2016.09.07 05:39:03.667,1.28472,1.28481,1.00,1.00
2016.09.07 05:39:05.328,1.28471,1.28481,1.00,1.00
2016.09.07 05:39:05.762,1.2847,1.28481,1.12,1.00
2016.09.07 05:39:06.171,1.28472,1.28481,1.00,1.00
2016.09.07 05:39:06.636,1.2847,1.28481,1.12,1.00
2016.09.07 05:39:07.042,1.28471,1.28481,1.00,1.00
2016.09.07 05:39:07.146,1.2847,1.28481,1.12,1.00
2016.09.07 05:39:07.349,1.28472,1.28481,1.00,1.00
2016.09.07 05:39:07.896,1.28471,1.28481,1.00,1.00
2016.09.07 05:39:08.150,1.2847,1.28481,1.12,1.00
2016.09.07 05:39:08.627,1.28472,1.28481,1.00,1.00
2016.09.07 05:39:08.781,1.28472,1.28481,1.00,1.00
2016.09.07 05:39:09.010,1.28471,1.28481,1.00,1.00
2016.09.07 05:39:09.365,1.2847,1.28481,1.87,1.00
2016.09.07 05:39:09.467,1.28471,1.28481,1.12,1.00
2016.09.07 05:39:09.569,1.2847,1.28481,1.50,1.00
2016.09.07 05:39:09.747,1.28472,1.28481,1.00,1.00
2016.09.07 05:39:10.459,1.28471,1.28481,1.00,1.00
2016.09.07 05:39:11.008,1.28472,1.28481,1.00,1.00
2016.09.07 05:39:11.529,1.28471,1.28481,1.00,1.00
2016.09.07 05:39:11.580,1.2847,1.28481,1.50,1.00
2016.09.07 05:39:11.733,1.28471,1.28481,1.00,1.00
2016.09.07 05:39:12.744,1.2847,1.28481,1.50,1.00
2016.09.07 05:39:13.439,1.28471,1.28481,1.00,1.00
2016.09.07 05:39:13.541,1.2847,1.28481,1.50,1.00
2016.09.07 05:39:14.368,1.28471,1.28481,1.00,1.00
2016.09.07 05:39:15.139,1.28472,1.28481,1.00,1.00
2016.09.07 05:39:15.241,1.2847,1.28481,1.50,1.00
2016.09.07 05:39:15.542,1.2847,1.28481,1.50,1.12
2016.09.07 05:39:15.593,1.2847,1.28481,1.00,2.62
2016.09.07 05:39:15.645,1.28469,1.28481,2.25,2.62
2016.09.07 05:39:15.696,1.28469,1.2848,2.25,1.00
2016.09.07 05:39:15.747,1.28469,1.2848,1.50,1.10
2016.09.07 05:39:15.929,1.28469,1.2848,2.25,1.10
2016.09.07 05:39:16.031,1.28469,1.28481,2.25,3.00
2016.09.07 05:39:16.244,1.28471,1.28481,1.00,3.00
2016.09.07 05:39:16.295,1.28471,1.28481,1.00,2.70
2016.09.07 05:39:16.346,1.28471,1.28481,1.00,2.32
2016.09.07 05:39:16.448,1.2847,1.28481,1.87,2.32
2016.09.07 05:39:16.623,1.2847,1.2848,1.87,1.00
2016.09.07 05:39:16.975,1.2847,1.2848,1.12,1.00
2016.09.07 05:39:17.079,1.2847,1.2848,1.12,1.00
2016.09.07 05:39:17.283,1.28469,1.2848,2.25,1.00
2016.09.07 05:39:17.552,1.2847,1.2848,1.12,1.00
2016.09.07 05:39:17.654,1.2847,1.2848,1.12,1.50
2016.09.07 05:39:18.854,1.2847,1.2848,1.12,1.00
2016.09.07 05:39:19.082,1.28471,1.2848,1.00,1.00
2016.09.07 05:39:19.133,1.28471,1.2848,1.00,1.50
2016.09.07 05:39:19.184,1.28469,1.2848,2.25,1.50
2016.09.07 05:39:19.871,1.2847,1.2848,1.12,1.50
2016.09.07 05:39:19.922,1.2847,1.2848,1.12,1.00
2016.09.07 05:39:20.024,1.2847,1.2848,1.12,1.50
2016.09.07 05:39:20.553,1.28471,1.2848,1.00,1.00
2016.09.07 05:39:20.655,1.28469,1.2848,2.25,1.50
2016.09.07 05:39:21.452,1.28471,1.2848,1.00,1.50
2016.09.07 05:39:21.530,1.28471,1.28482,1.00,1.12
2016.09.07 05:39:22.055,1.28472,1.28482,1.00,1.12
2016.09.07 05:39:22.558,1.28471,1.28482,1.00,1.12
2016.09.07 05:39:23.067,1.2847,1.28482,1.87,1.12
2016.09.07 05:39:23.391,1.28471,1.28482,1.00,1.12
2016.09.07 05:39:24.593,1.2847,1.28482,1.87,1.87
2016.09.07 05:39:24.863,1.28471,1.28482,1.00,1.87
2016.09.07 05:39:25.565,1.2847,1.28482,2.25,1.87
2016.09.07 05:39:25.667,1.28472,1.28482,1.00,1.87
2016.09.07 05:39:27.623,1.28472,1.28482,1.00,1.12
2016.09.07 05:39:27.726,1.28472,1.28483,1.50,2.70
2016.09.07 05:39:27.777,1.28474,1.28484,1.00,3.75
2016.09.07 05:39:27.828,1.28474,1.28484,1.00,3.00
2016.09.07 05:39:27.905,1.28474,1.28484,1.00,2.62
2016.09.07 05:39:27.956,1.28474,1.28485,1.00,1.50
2016.09.07 05:39:29.579,1.28473,1.28485,1.50,1.50
2016.09.07 05:39:29.630,1.28473,1.28485,2.25,1.57
2016.09.07 05:39:30.168,1.28475,1.28485,1.00,1.57
2016.09.07 05:39:30.272,1.28475,1.28485,1.00,1.00
2016.09.07 05:39:30.529,1.28475,1.28486,1.00,1.57
2016.09.07 05:39:33.390,1.28474,1.28486,1.00,1.57
2016.09.07 05:39:34.285,1.28475,1.28486,1.00,1.57
2016.09.07 05:39:34.559,1.28475,1.28486,1.50,1.57
2016.09.07 05:39:34.661,1.28475,1.28486,1.00,1.57
2016.09.07 05:39:39.990,1.28475,1.28486,1.00,1.57
2016.09.07 05:39:40.092,1.28474,1.28486,1.50,1.57
2016.09.07 05:39:40.449,1.28474,1.28486,1.87,1.57
2016.09.07 05:39:40.500,1.28474,1.28486,1.87,2.25
2016.09.07 05:39:41.119,1.28474,1.28486,1.50,2.25
2016.09.07 05:39:42.804,1.28474,1.28485,1.50,1.12
2016.09.07 05:39:44.018,1.28474,1.28485,1.00,1.12
2016.09.07 05:39:44.170,1.28474,1.28486,1.00,2.25
2016.09.07 05:39:44.628,1.28473,1.28486,3.00,2.25
2016.09.07 05:39:44.761,1.28473,1.28485,3.00,1.12
2016.09.07 05:39:44.863,1.28474,1.28486,1.00,3.00
2016.09.07 05:39:49.027,1.28475,1.28486,1.00,3.00
2016.09.07 05:39:50.991,1.28475,1.28486,1.00,2.25
2016.09.07 05:39:51.425,1.28474,1.28486,1.50,2.25
2016.09.07 05:39:51.583,1.28475,1.28486,1.00,2.25
2016.09.07 05:39:52.198,1.28474,1.28486,1.50,2.25
2016.09.07 05:39:53.033,1.28474,1.28486,1.50,2.25
2016.09.07 05:39:54.201,1.28474,1.28486,1.50,3.00
2016.09.07 05:39:54.304,1.28474,1.28486,1.50,2.25
2016.09.07 05:39:55.594,1.28474,1.28486,1.00,2.25
2016.09.07 05:39:55.645,1.28474,1.28486,1.00,3.00
2016.09.07 05:39:56.742,1.28474,1.28484,1.00,1.10
2016.09.07 05:39:56.895,1.28474,1.28484,1.50,1.10
2016.09.07 05:39:58.788,1.28474,1.28484,2.25,1.10
2016.09.07 05:39:59.374,1.28474,1.28485,2.25,1.12
2016.09.07 05:39:59.526,1.28474,1.28485,2.25,1.87
2016.09.07 05:39:59.833,1.28474,1.28485,2.25,1.12
2016.09.07 05:39:59.935,1.28476,1.28485,1.00,1.12
2016.09.07 05:40:00.746,1.28476,1.28485,1.00,1.12
2016.09.07 05:40:02.904,1.28474,1.28485,2.25,1.12
2016.09.07 05:40:03.592,1.28474,1.28485,2.62,1.12
2016.09.07 05:40:03.768,1.28474,1.28485,1.87,1.87
2016.09.07 05:40:03.819,1.28474,1.28485,1.00,1.87
2016.09.07 05:40:03.870,1.28474,1.28485,1.00,1.12
2016.09.07 05:40:10.936,1.28475,1.28485,1.00,1.12
2016.09.07 05:40:11.356,1.28475,1.28485,1.00,1.87
2016.09.07 05:40:11.458,1.28475,1.28485,1.00,1.12
2016.09.07 05:40:15.849,1.28475,1.28484,1.00,1.10
2016.09.07 05:40:15.951,1.28475,1.28486,1.00,2.25
2016.09.07 05:40:22.361,1.28475,1.28485,1.00,1.12
2016.09.07 05:40:22.746,1.28475,1.28485,1.00,1.50
2016.09.07 05:40:22.957,1.28473,1.28485,2.25,1.50
2016.09.07 05:40:28.972,1.28473,1.28485,2.25,2.25
2016.09.07 05:40:29.074,1.28474,1.28485,1.00,1.50
2016.09.07 05:40:29.633,1.28474,1.28485,1.00,1.87
2016.09.07 05:40:29.684,1.28473,1.28484,1.00,1.12
2016.09.07 05:40:29.942,1.28471,1.28484,1.87,1.50
2016.09.07 05:40:30.045,1.28471,1.28484,1.87,1.87
2016.09.07 05:40:30.147,1.28471,1.28484,1.87,2.25
2016.09.07 05:40:30.402,1.28471,1.28484,1.87,1.87
2016.09.07 05:40:30.504,1.28471,1.28484,1.87,2.25
2016.09.07 05:40:30.556,1.28471,1.28484,1.87,3.00
2016.09.07 05:40:30.607,1.28471,1.28484,1.87,3.37
2016.09.07 05:40:30.709,1.28471,1.28484,1.87,3.00
2016.09.07 05:40:30.828,1.28471,1.28484,1.87,1.87
2016.09.07 05:40:31.146,1.28471,1.28483,1.87,1.87
2016.09.07 05:40:31.944,1.28472,1.28483,1.00,1.87
2016.09.07 05:40:32.821,1.28472,1.28483,1.00,1.87
2016.09.07 05:40:32.874,1.28471,1.28482,1.50,1.57
2016.09.07 05:40:32.926,1.28471,1.28482,1.00,1.95
2016.09.07 05:40:32.978,1.2847,1.28482,1.00,3.00
2016.09.07 05:40:33.029,1.2847,1.28482,1.00,3.75
2016.09.07 05:40:33.080,1.2847,1.28482,1.00,3.00
2016.09.07 05:40:33.207,1.28469,1.28482,2.25,3.00
2016.09.07 05:40:33.258,1.2847,1.28482,1.00,3.00
2016.09.07 05:40:33.309,1.2847,1.28482,1.00,2.70
2016.09.07 05:40:33.360,1.28471,1.28482,1.00,3.45
2016.09.07 05:40:33.411,1.28471,1.28482,1.00,3.07
2016.09.07 05:40:33.564,1.28469,1.28482,2.25,1.57
2016.09.07 05:40:33.666,1.2847,1.28482,1.00,2.32
2016.09.07 05:40:33.768,1.28469,1.28482,2.25,2.32
2016.09.07 05:40:33.871,1.28469,1.28482,2.25,3.07
2016.09.07 05:40:33.974,1.28469,1.28482,2.25,2.70
2016.09.07 05:40:34.948,1.2847,1.28482,1.00,1.95
2016.09.07 05:40:35.000,1.2847,1.28482,1.00,1.95
2016.09.07 05:40:35.204,1.2847,1.28482,1.00,1.95
2016.09.07 05:40:35.356,1.2847,1.28482,1.00,1.95
2016.09.07 05:40:35.533,1.2847,1.28482,1.00,1.47
2016.09.07 05:40:35.635,1.2847,1.28482,1.00,1.95
2016.09.07 05:40:36.869,1.2847,1.28482,1.00,1.47
2016.09.07 05:40:38.749,1.2847,1.28482,1.00,1.95
2016.09.07 05:40:38.800,1.2847,1.28482,1.00,2.70
2016.09.07 05:40:38.851,1.2847,1.28482,1.50,1.95
2016.09.07 05:40:39.366,1.28471,1.28482,1.00,1.47
2016.09.07 05:40:39.468,1.2847,1.28482,1.50,1.47
2016.09.07 05:40:39.672,1.2847,1.28482,1.50,1.57
2016.09.07 05:40:39.723,1.2847,1.28482,1.87,1.57
2016.09.07 05:40:42.320,1.2847,1.28482,1.87,1.47
2016.09.07 05:40:42.474,1.2847,1.28482,1.87,1.47
2016.09.07 05:40:42.678,1.2847,1.28481,1.87,1.12
2016.09.07 05:40:42.781,1.2847,1.28482,1.12,1.47
2016.09.07 05:40:42.832,1.2847,1.28482,1.00,1.20
2016.09.07 05:40:42.933,1.2847,1.28482,1.00,1.10
2016.09.07 05:40:42.984,1.2847,1.28482,1.00,1.57
2016.09.07 05:40:43.762,1.2847,1.28482,1.50,1.10
2016.09.07 05:40:43.864,1.2847,1.28482,1.50,1.10
2016.09.07 05:40:43.967,1.28471,1.28482,1.00,2.32
2016.09.07 05:40:44.018,1.28471,1.28482,1.00,1.95
2016.09.07 05:40:44.161,1.2847,1.28482,1.00,1.20
2016.09.07 05:40:44.212,1.2847,1.28482,1.12,1.57
2016.09.07 05:40:44.314,1.2847,1.28482,1.50,1.47
2016.09.07 05:40:44.765,1.2847,1.28482,1.50,1.95
2016.09.07 05:40:45.833,1.2847,1.28482,1.50,2.70
2016.09.07 05:40:46.473,1.2847,1.28482,1.50,1.95
2016.09.07 05:40:46.575,1.2847,1.28482,1.50,1.95
2016.09.07 05:40:47.321,1.2847,1.28482,1.50,1.57
2016.09.07 05:40:47.373,1.2847,1.28482,1.50,1.57
2016.09.07 05:40:50.127,1.2847,1.28482,1.12,1.57
2016.09.07 05:40:50.178,1.2847,1.28482,1.87,2.32
2016.09.07 05:40:50.229,1.2847,1.28482,1.50,2.70
2016.09.07 05:40:50.793,1.2847,1.28482,1.50,1.95
2016.09.07 05:40:51.351,1.2847,1.28482,1.50,1.57
2016.09.07 05:40:51.453,1.2847,1.28482,1.50,1.20
2016.09.07 05:40:51.781,1.2847,1.28482,1.50,1.95
2016.09.07 05:40:52.346,1.2847,1.28482,1.50,2.70
2016.09.07 05:40:52.499,1.2847,1.28482,1.50,3.07
2016.09.07 05:40:52.784,1.2847,1.28482,1.50,2.32
2016.09.07 05:40:52.886,1.28471,1.28482,1.00,2.32
2016.09.07 05:40:54.012,1.28471,1.28482,1.00,2.32
2016.09.07 05:40:54.288,1.28471,1.28481,1.00,1.12
2016.09.07 05:40:54.390,1.28471,1.28482,1.00,2.32
2016.09.07 05:40:54.492,1.2847,1.28482,2.25,2.32
2016.09.07 05:40:54.594,1.2847,1.28481,2.25,1.12
2016.09.07 05:40:55.750,1.2847,1.28482,2.25,3.07
2016.09.07 05:40:55.801,1.2847,1.28482,1.50,3.07
2016.09.07 05:40:55.852,1.2847,1.28481,1.50,1.12
2016.09.07 05:40:56.004,1.2847,1.28481,1.00,1.12
2016.09.07 05:40:56.056,1.2847,1.28482,1.00,3.07
2016.09.07 05:40:56.107,1.2847,1.28481,1.50,1.00
2016.09.07 05:40:56.158,1.2847,1.28481,1.50,1.50
2016.09.07 05:40:56.209,1.28469,1.28481,3.00,1.50
2016.09.07 05:40:56.260,1.28469,1.28481,3.00,1.00
2016.09.07 05:40:56.741,1.2847,1.28481,1.87,1.12
2016.09.07 05:40:56.793,1.2847,1.28481,1.87,1.87
2016.09.07 05:40:56.844,1.2847,1.28481,1.50,1.50
2016.09.07 05:40:56.946,1.2847,1.28481,1.50,1.12
2016.09.07 05:40:56.997,1.2847,1.28482,2.25,1.95
2016.09.07 05:40:57.099,1.2847,1.28481,2.25,1.12
2016.09.07 05:40:57.150,1.2847,1.28481,1.50,1.12
2016.09.07 05:40:57.201,1.2847,1.28482,1.50,2.70
2016.09.07 05:40:57.353,1.2847,1.28481,1.50,1.12
2016.09.07 05:40:57.759,1.2847,1.28482,1.50,2.70
2016.09.07 05:40:58.734,1.2847,1.28482,1.50,3.07
2016.09.07 05:41:01.910,1.2847,1.28482,1.50,3.07
2016.09.07 05:41:02.757,1.2847,1.28482,1.50,3.45
2016.09.07 05:41:03.574,1.2847,1.28482,1.50,3.07
2016.09.07 05:41:03.676,1.2847,1.28481,2.25,1.50
2016.09.07 05:41:03.829,1.28471,1.28481,1.00,1.50
2016.09.07 05:41:04.099,1.28471,1.28481,1.00,1.87
2016.09.07 05:41:04.471,1.28471,1.28481,1.00,1.12
2016.09.07 05:41:04.573,1.28472,1.28481,1.00,1.12
2016.09.07 05:41:05.524,1.2847,1.28481,2.62,1.12
2016.09.07 05:41:07.428,1.2847,1.28483,2.62,3.07
2016.09.07 05:41:07.530,1.2847,1.28483,2.62,3.07
2016.09.07 05:41:07.581,1.2847,1.28483,2.62,3.82
2016.09.07 05:41:07.683,1.2847,1.28483,2.62,3.07
2016.09.07 05:41:07.734,1.28472,1.28483,1.00,3.82
2016.09.07 05:41:07.890,1.2847,1.28483,2.62,3.07
2016.09.07 05:41:08.196,1.2847,1.28481,2.62,1.50
2016.09.07 05:41:08.634,1.28472,1.28481,1.00,1.50
2016.09.07 05:41:10.077,1.28471,1.28481,1.50,1.50
2016.09.07 05:41:10.129,1.28471,1.28481,1.00,1.50
2016.09.07 05:41:10.230,1.28471,1.28481,1.12,1.12
2016.09.07 05:41:11.384,1.28471,1.28483,1.12,1.47
2016.09.07 05:41:11.536,1.28471,1.28483,1.50,1.47
2016.09.07 05:41:11.639,1.28471,1.28483,1.50,1.95
2016.09.07 05:41:15.524,1.28472,1.28483,1.00,1.95
2016.09.07 05:41:16.504,1.28472,1.28483,1.00,1.47
2016.09.07 05:41:22.768,1.28472,1.28483,1.00,1.20
2016.09.07 05:41:28.182,1.28472,1.28483,1.00,1.20
2016.09.07 05:41:28.233,1.28473,1.28484,1.00,3.75
2016.09.07 05:41:28.284,1.28473,1.28484,1.00,1.12
2016.09.07 05:41:28.335,1.28473,1.28484,1.50,1.10
2016.09.07 05:41:28.488,1.28473,1.28486,1.87,3.37
2016.09.07 05:41:28.589,1.28473,1.28484,1.87,1.20
2016.09.07 05:41:34.195,1.28473,1.28482,1.87,1.00
2016.09.07 05:41:34.348,1.28473,1.28482,1.12,1.00
2016.09.07 05:41:34.755,1.28473,1.28482,1.87,1.00
2016.09.07 05:41:34.916,1.28473,1.28482,1.12,1.00
2016.09.07 05:41:35.069,1.28471,1.28479,4.12,1.00
2016.09.07 05:41:35.120,1.28471,1.28479,1.00,1.00
2016.09.07 05:41:35.247,1.28468,1.28479,6.37,1.00
2016.09.07 05:41:35.299,1.28468,1.28479,3.00,1.00
2016.09.07 05:41:35.553,1.28469,1.28479,1.00,1.00
2016.09.07 05:41:35.708,1.28468,1.28475,2.25,1.00
2016.09.07 05:41:35.811,1.28468,1.28475,1.00,1.00
2016.09.07 05:41:35.914,1.28468,1.28475,1.50,1.00
2016.09.07 05:41:38.078,1.28469,1.28475,1.00,1.00
2016.09.07 05:41:38.741,1.28468,1.28475,1.50,1.00
2016.09.07 05:41:38.970,1.28468,1.28475,2.25,1.00
2016.09.07 05:41:39.021,1.28469,1.28475,1.00,1.00
2016.09.07 05:41:39.073,1.28469,1.28475,1.50,1.00
2016.09.07 05:41:39.124,1.28469,1.28479,1.50,1.57
2016.09.07 05:41:39.175,1.28471,1.28479,1.00,1.57
2016.09.07 05:41:39.308,1.28471,1.28479,1.00,1.00
2016.09.07 05:41:40.515,1.28471,1.2848,1.00,1.10
2016.09.07 05:41:42.045,1.2847,1.2848,1.00,1.10
2016.09.07 05:41:42.096,1.2847,1.28478,1.00,1.00
2016.09.07 05:41:42.147,1.28468,1.28478,3.00,1.00
2016.09.07 05:41:42.198,1.28468,1.2848,2.25,1.95
2016.09.07 05:41:42.249,1.28469,1.2848,1.00,1.20
2016.09.07 05:41:42.301,1.28469,1.2848,1.50,1.20
2016.09.07 05:41:42.403,1.28469,1.2848,2.25,1.20
2016.09.07 05:41:42.505,1.28469,1.2848,2.62,1.10
2016.09.07 05:41:42.814,1.28469,1.2848,2.25,1.10
2016.09.07 05:41:43.917,1.2847,1.2848,1.00,1.10
2016.09.07 05:41:43.973,1.2847,1.2848,1.50,1.10
2016.09.07 05:41:45.370,1.2847,1.2848,1.00,1.10
2016.09.07 05:41:46.689,1.2847,1.2848,1.00,1.00
2016.09.07 05:41:47.147,1.2847,1.2848,1.50,1.00
2016.09.07 05:41:48.413,1.2847,1.28481,1.50,1.00
2016.09.07 05:41:48.464,1.28472,1.28481,1.00,1.00
2016.09.07 05:41:48.618,1.28472,1.28483,1.00,5.25
2016.09.07 05:41:49.161,1.28472,1.28483,1.00,4.50
2016.09.07 05:41:49.840,1.28472,1.28482,1.00,1.10
2016.09.07 05:41:57.707,1.28472,1.28483,1.00,3.75
2016.09.07 05:41:57.759,1.2847,1.28483,1.87,3.00
2016.09.07 05:41:58.425,1.2847,1.28483,1.87,3.37
2016.09.07 05:42:02.311,1.2847,1.28482,1.87,1.20
2016.09.07 05:42:02.667,1.2847,1.28482,1.12,1.10
2016.09.07 05:42:02.718,1.2847,1.28482,1.12,1.10
2016.09.07 05:42:02.770,1.28469,1.28482,2.62,1.20
2016.09.07 05:42:02.821,1.28469,1.28481,2.62,1.00
2016.09.07 05:42:02.872,1.28469,1.28481,1.12,1.00
2016.09.07 05:42:02.974,1.28469,1.28478,1.00,1.00
2016.09.07 05:42:04.816,1.2847,1.28479,1.00,1.00
2016.09.07 05:42:04.918,1.2847,1.28481,1.00,1.12
2016.09.07 05:42:04.969,1.2847,1.28481,1.00,1.75
2016.09.07 05:42:05.020,1.2847,1.2848,1.00,1.50
2016.09.07 05:42:05.071,1.2847,1.2848,1.00,1.00
2016.09.07 05:42:05.122,1.2847,1.2848,1.50,1.00
2016.09.07 05:42:05.326,1.2847,1.2848,1.00,1.00
2016.09.07 05:42:05.478,1.28469,1.28478,1.50,1.00
2016.09.07 05:42:06.217,1.28469,1.28476,1.50,1.00
2016.09.07 05:42:16.639,1.28469,1.28474,1.50,1.00
2016.09.07 05:42:18.697,1.28469,1.28474,1.00,1.00
2016.09.07 05:42:18.799,1.28468,1.28475,1.00,1.00
2016.09.07 05:42:19.582,1.28468,1.28476,1.00,1.12
2016.09.07 05:42:19.633,1.28468,1.28477,1.50,1.87
2016.09.07 05:42:19.684,1.28468,1.28477,1.50,1.50
2016.09.07 05:42:19.737,1.2847,1.28477,1.00,1.50
2016.09.07 05:42:19.796,1.28468,1.28477,2.62,1.50
2016.09.07 05:42:19.863,1.28468,1.28475,2.62,1.00
2016.09.07 05:42:19.914,1.28468,1.28475,2.25,1.00
2016.09.07 05:42:20.068,1.28468,1.28475,2.62,1.00
2016.09.07 05:42:22.777,1.28468,1.28475,2.25,1.00
2016.09.07 05:42:28.163,1.28468,1.28477,2.25,1.50
2016.09.07 05:42:28.316,1.28468,1.28477,1.50,1.50
2016.09.07 05:42:28.468,1.28468,1.28478,1.50,3.00
2016.09.07 05:42:28.519,1.28468,1.28478,1.50,3.37
2016.09.07 05:42:28.571,1.28468,1.28477,1.50,1.50
2016.09.07 05:42:28.876,1.28468,1.28478,1.50,1.87
2016.09.07 05:42:29.329,1.28469,1.28478,1.00,1.87
2016.09.07 05:42:30.143,1.28468,1.28478,1.50,1.87
2016.09.07 05:42:30.499,1.28468,1.28478,1.50,1.37
2016.09.07 05:42:30.550,1.28468,1.28479,1.50,1.57
2016.09.07 05:42:30.602,1.28469,1.2848,1.00,2.25
2016.09.07 05:42:30.806,1.28468,1.2848,2.25,2.25
2016.09.07 05:42:31.771,1.28468,1.2848,2.25,1.50
2016.09.07 05:42:32.282,1.28468,1.28479,2.25,1.00
2016.09.07 05:42:33.332,1.28468,1.2848,2.25,1.50
2016.09.07 05:42:36.136,1.28468,1.28477,2.25,1.00
2016.09.07 05:42:40.747,1.28468,1.28477,1.50,1.00
2016.09.07 05:42:40.798,1.28468,1.28477,1.00,1.00
2016.09.07 05:42:40.849,1.28467,1.28477,1.87,1.00
2016.09.07 05:42:40.900,1.28467,1.28477,1.50,1.00
2016.09.07 05:42:41.002,1.28467,1.28477,1.50,1.00
2016.09.07 05:42:41.206,1.28467,1.28475,1.50,1.12
2016.09.07 05:42:42.750,1.28467,1.28475,1.12,1.12
2016.09.07 05:42:42.853,1.28466,1.28471,2.25,1.00
2016.09.07 05:42:42.905,1.28466,1.28471,2.25,1.00
2016.09.07 05:42:42.957,1.28466,1.2847,1.00,1.00
2016.09.07 05:42:43.058,1.28461,1.28468,2.62,1.00
2016.09.07 05:42:43.110,1.28461,1.28468,2.25,1.00
2016.09.07 05:42:43.161,1.2846,1.28468,1.12,1.00
2016.09.07 05:42:43.263,1.2846,1.28468,1.00,1.00
2016.09.07 05:42:43.467,1.28459,1.28468,1.50,1.00
2016.09.07 05:42:43.922,1.2846,1.28468,1.00,1.00
2016.09.07 05:42:44.126,1.28459,1.28469,1.50,1.00
2016.09.07 05:42:44.228,1.28461,1.28469,1.00,1.00
2016.09.07 05:42:46.266,1.2846,1.28469,1.50,1.00
2016.09.07 05:42:46.367,1.28462,1.2847,1.00,1.00
2016.09.07 05:42:46.546,1.28462,1.28471,1.00,1.00
2016.09.07 05:42:53.240,1.28459,1.28471,3.00,1.00
2016.09.07 05:42:53.291,1.28459,1.28469,3.00,1.00
2016.09.07 05:42:53.342,1.28459,1.28469,2.25,1.00
2016.09.07 05:42:53.444,1.28459,1.28469,2.62,1.00
2016.09.07 05:42:53.834,1.28459,1.28469,2.25,1.00
2016.09.07 05:42:55.450,1.2846,1.28469,1.00,1.00
2016.09.07 05:42:56.052,1.2846,1.28468,1.00,1.00
2016.09.07 05:42:57.503,1.2846,1.28469,1.00,1.00
2016.09.07 05:42:59.566,1.28457,1.28467,1.20,1.00
2016.09.07 05:42:59.617,1.28456,1.28467,4.50,1.00
2016.09.07 05:42:59.668,1.28456,1.28465,4.12,1.00
2016.09.07 05:42:59.770,1.28456,1.28465,1.87,1.00
2016.09.07 05:42:59.871,1.28456,1.28465,1.50,1.00
2016.09.07 05:43:00.043,1.28457,1.28465,1.00,1.00
2016.09.07 05:43:00.307,1.28457,1.28465,1.12,1.00
2016.09.07 05:43:02.168,1.28457,1.28465,1.00,1.00
2016.09.07 05:43:02.670,1.28457,1.28464,1.00,1.00
2016.09.07 05:43:05.141,1.28456,1.28464,3.00,1.00
2016.09.07 05:43:05.192,1.28456,1.28464,2.25,1.00
2016.09.07 05:43:06.752,1.28456,1.28464,2.85,1.00
2016.09.07 05:43:08.623,1.28456,1.28464,2.25,1.00
2016.09.07 05:43:08.674,1.28456,1.28466,2.25,1.00
2016.09.07 05:43:08.725,1.28456,1.28466,1.50,1.00
2016.09.07 05:43:08.776,1.28454,1.28466,2.32,1.20
2016.09.07 05:43:08.827,1.28454,1.28466,2.25,1.20
2016.09.07 05:43:08.878,1.28454,1.28466,1.50,2.32
2016.09.07 05:43:08.970,1.28454,1.28466,1.00,3.45
2016.09.07 05:43:10.390,1.28454,1.28466,1.00,2.70
2016.09.07 05:43:11.476,1.28454,1.28465,1.00,1.12
2016.09.07 05:43:11.628,1.28454,1.28465,1.12,1.12
2016.09.07 05:43:13.470,1.28454,1.28465,1.12,1.87
2016.09.07 05:43:14.607,1.28454,1.28463,1.12,1.00
2016.09.07 05:43:14.781,1.28455,1.28463,1.00,1.00
2016.09.07 05:43:14.885,1.28453,1.28463,1.50,1.00
2016.09.07 05:43:16.042,1.28452,1.28463,3.00,1.00
2016.09.07 05:43:17.390,1.28453,1.28464,1.50,1.50
2016.09.07 05:43:18.974,1.28453,1.28463,1.50,1.00
2016.09.07 05:43:19.076,1.28453,1.28463,1.37,1.00
2016.09.07 05:43:19.127,1.28453,1.28463,1.00,1.12
2016.09.07 05:43:19.179,1.28451,1.28463,1.37,1.50
2016.09.07 05:43:19.230,1.28451,1.28462,1.00,1.10
2016.09.07 05:43:19.307,1.28451,1.28463,1.00,3.45
2016.09.07 05:43:19.358,1.28449,1.28461,1.50,1.00
2016.09.07 05:43:19.562,1.28449,1.28461,2.25,1.00
2016.09.07 05:43:19.613,1.28449,1.28461,2.25,1.50
2016.09.07 05:43:19.766,1.2845,1.28461,1.00,2.25
2016.09.07 05:43:19.868,1.2845,1.28461,1.00,1.50
2016.09.07 05:43:20.072,1.28449,1.28461,2.25,1.50
2016.09.07 05:43:20.225,1.28449,1.28461,1.50,1.50
2016.09.07 05:43:20.276,1.2845,1.28461,1.00,1.50
2016.09.07 05:43:20.466,1.2845,1.28461,1.00,1.50
2016.09.07 05:43:21.501,1.2845,1.28461,1.00,2.25
2016.09.07 05:43:21.603,1.28449,1.28461,2.25,1.50
2016.09.07 05:43:21.705,1.2845,1.28461,1.75,1.50
2016.09.07 05:43:22.451,1.28451,1.28461,1.75,1.50
2016.09.07 05:43:22.654,1.28452,1.28461,1.50,1.50
2016.09.07 05:43:22.705,1.28455,1.28461,1.50,1.00
2016.09.07 05:43:22.960,1.28455,1.28461,1.12,1.00
2016.09.07 05:43:23.795,1.28455,1.28463,1.12,1.00
2016.09.07 05:43:23.897,1.28455,1.28463,1.87,1.00
2016.09.07 05:43:24.013,1.28455,1.2846,1.87,1.00
2016.09.07 05:43:24.064,1.28455,1.2846,1.12,1.00
2016.09.07 05:43:25.476,1.28453,1.2846,2.25,1.00
2016.09.07 05:43:25.527,1.28453,1.28459,1.50,1.00
2016.09.07 05:43:25.578,1.28452,1.28459,1.87,1.00
2016.09.07 05:43:26.087,1.28452,1.28458,1.87,1.00
2016.09.07 05:43:26.240,1.28452,1.28458,1.75,1.00
2016.09.07 05:43:26.291,1.28452,1.28458,2.25,1.00
2016.09.07 05:43:26.393,1.28452,1.28458,1.75,1.00
2016.09.07 05:43:26.495,1.28452,1.28461,1.75,1.00
2016.09.07 05:43:26.749,1.28452,1.28461,1.87,1.00
2016.09.07 05:43:26.908,1.28452,1.28461,2.62,1.00
2016.09.07 05:43:26.963,1.28452,1.28461,2.25,1.00
2016.09.07 05:43:27.115,1.28452,1.28461,1.75,1.00
2016.09.07 05:43:28.010,1.28452,1.28461,2.25,1.00
2016.09.07 05:43:28.215,1.28452,1.28458,2.25,1.00
2016.09.07 05:43:28.266,1.28453,1.28458,1.50,1.00
2016.09.07 05:43:28.318,1.28452,1.28462,2.25,1.00
2016.09.07 05:43:28.369,1.28452,1.28462,1.50,1.00
2016.09.07 05:43:28.420,1.28451,1.28462,1.75,2.25
2016.09.07 05:43:28.471,1.28451,1.28462,1.75,3.00
2016.09.07 05:43:28.602,1.28451,1.28462,1.75,2.25
2016.09.07 05:43:28.704,1.28451,1.28462,1.75,3.00
2016.09.07 05:43:28.908,1.28451,1.28462,1.75,2.25
2016.09.07 05:43:28.972,1.28451,1.28462,2.25,3.00
2016.09.07 05:43:29.023,1.28451,1.28461,2.25,1.50
2016.09.07 05:43:29.126,1.28451,1.28461,2.25,1.00
2016.09.07 05:43:29.228,1.28451,1.28462,2.25,1.87
2016.09.07 05:43:29.279,1.28451,1.28462,1.50,1.87
2016.09.07 05:43:29.330,1.28451,1.28462,1.50,2.25
2016.09.07 05:43:29.381,1.28451,1.28462,2.25,2.25
2016.09.07 05:43:29.432,1.28451,1.28462,2.25,1.87
2016.09.07 05:43:29.881,1.28451,1.28462,1.50,1.87
2016.09.07 05:43:31.218,1.28451,1.28462,1.50,2.62
2016.09.07 05:43:31.320,1.28453,1.28462,1.75,1.12
2016.09.07 05:43:31.372,1.28453,1.28462,1.75,1.00
2016.09.07 05:43:31.423,1.28453,1.28462,2.25,1.00
2016.09.07 05:43:32.438,1.28453,1.28462,3.00,1.00
2016.09.07 05:43:34.341,1.28454,1.28462,1.12,1.00
2016.09.07 05:43:36.427,1.28453,1.28462,1.50,1.00
2016.09.07 05:43:36.598,1.28452,1.2846,1.87,1.00
2016.09.07 05:43:36.650,1.28451,1.28458,1.12,1.50
2016.09.07 05:43:36.701,1.2845,1.28458,2.62,1.50
2016.09.07 05:43:36.752,1.2845,1.28458,1.87,1.50
2016.09.07 05:43:36.803,1.2845,1.28458,1.50,1.50
2016.09.07 05:43:36.905,1.2845,1.28457,1.50,1.00
2016.09.07 05:43:37.211,1.28451,1.28458,1.12,1.00
2016.09.07 05:43:37.313,1.2845,1.28458,1.50,1.00
2016.09.07 05:43:37.415,1.28451,1.28458,1.87,1.00
2016.09.07 05:43:37.618,1.28451,1.28458,1.12,1.00
2016.09.07 05:43:37.720,1.28451,1.28458,1.87,1.00
2016.09.07 05:43:37.822,1.28451,1.28458,1.12,1.00
2016.09.07 05:43:38.184,1.28452,1.28461,1.10,1.00
2016.09.07 05:43:38.236,1.28452,1.28461,1.50,1.00
2016.09.07 05:43:38.338,1.28452,1.28461,1.75,1.00
2016.09.07 05:43:39.004,1.28452,1.28461,1.50,1.00
2016.09.07 05:43:40.145,1.28452,1.28462,1.50,2.25
2016.09.07 05:43:42.323,1.28451,1.28462,3.56,2.25
2016.09.07 05:43:42.746,1.28451,1.28462,3.56,1.87
2016.09.07 05:43:42.950,1.28452,1.28462,1.50,1.87
2016.09.07 05:43:44.004,1.28452,1.28462,1.50,1.12
2016.09.07 05:43:44.411,1.28452,1.28462,1.50,1.87
2016.09.07 05:43:44.870,1.28452,1.28462,1.50,1.50
2016.09.07 05:43:45.730,1.28449,1.28458,1.12,3.60
2016.09.07 05:43:45.781,1.28449,1.28458,1.12,4.35
2016.09.07 05:43:45.832,1.28448,1.28455,4.57,2.10
2016.09.07 05:43:45.884,1.28451,1.28455,1.00,2.10
2016.09.07 05:43:45.935,1.28448,1.28453,2.25,1.00
2016.09.07 05:43:45.986,1.28444,1.28453,1.12,1.00
2016.09.07 05:43:46.072,1.28443,1.28453,2.25,1.00
2016.09.07 05:43:46.175,1.28444,1.28453,1.75,1.00
2016.09.07 05:43:46.227,1.28443,1.28453,1.75,1.00
2016.09.07 05:43:46.882,1.28443,1.28454,1.75,1.00
2016.09.07 05:43:46.984,1.28443,1.28454,2.25,1.00
2016.09.07 05:43:47.059,1.28444,1.28454,1.75,1.00
2016.09.07 05:43:47.720,1.28444,1.28453,1.75,1.00
2016.09.07 05:43:48.467,1.28443,1.28453,3.00,1.00
2016.09.07 05:43:49.406,1.28443,1.28452,3.00,1.00
2016.09.07 05:43:50.234,1.28443,1.28452,2.62,1.00
2016.09.07 05:43:50.285,1.28443,1.28452,3.00,1.00
2016.09.07 05:43:50.336,1.28443,1.28451,1.87,1.00
2016.09.07 05:43:50.387,1.28443,1.28451,1.50,1.00
2016.09.07 05:43:50.693,1.28443,1.28451,1.87,1.00
2016.09.07 05:43:50.744,1.28443,1.28451,2.25,1.00
2016.09.07 05:43:51.071,1.28443,1.28451,1.87,1.00
2016.09.07 05:43:51.579,1.28443,1.28452,1.87,1.00
2016.09.07 05:43:51.630,1.28443,1.28452,1.50,1.00
2016.09.07 05:43:51.682,1.28443,1.28452,2.25,1.00
2016.09.07 05:43:51.733,1.28443,1.28452,1.87,1.00
2016.09.07 05:43:51.834,1.28443,1.28452,2.62,1.00
2016.09.07 05:43:52.165,1.28443,1.28449,2.62,1.00
2016.09.07 05:43:54.877,1.28443,1.28449,3.00,1.00
2016.09.07 05:43:54.928,1.28444,1.28452,1.12,1.00
2016.09.07 05:43:54.979,1.28444,1.28452,1.50,1.00
2016.09.07 05:43:55.030,1.28445,1.28452,1.87,1.00
2016.09.07 05:43:55.082,1.28445,1.28452,2.25,1.00
2016.09.07 05:43:55.932,1.28445,1.28452,1.87,1.00
2016.09.07 05:43:56.629,1.28445,1.28451,1.12,1.00
2016.09.07 05:43:56.733,1.28442,1.2845,1.87,1.00
2016.09.07 05:43:56.785,1.28442,1.2845,1.12,1.00
2016.09.07 05:43:56.836,1.28442,1.28453,1.12,2.25
2016.09.07 05:43:56.887,1.28442,1.28451,1.12,1.00
2016.09.07 05:43:56.938,1.28441,1.28451,1.50,1.00
2016.09.07 05:43:57.142,1.28442,1.28451,1.12,1.00
2016.09.07 05:43:57.266,1.28442,1.28451,1.10,1.00
2016.09.07 05:43:57.318,1.2844,1.28451,1.50,1.00
2016.09.07 05:43:57.369,1.2844,1.28451,1.50,1.12
2016.09.07 05:43:57.421,1.28439,1.28451,3.37,1.00
2016.09.07 05:43:57.523,1.2844,1.28451,1.50,1.00
2016.09.07 05:43:57.728,1.28439,1.28451,1.87,1.50
2016.09.07 05:43:57.779,1.28439,1.28451,1.87,1.87
2016.09.07 05:43:57.831,1.28439,1.2845,1.87,1.12
2016.09.07 05:43:57.882,1.28438,1.2845,2.25,1.50
2016.09.07 05:43:58.414,1.28439,1.28451,1.75,1.75
2016.09.07 05:43:58.501,1.28439,1.28451,1.75,1.50
2016.09.07 05:44:01.434,1.28439,1.28451,1.12,1.50
2016.09.07 05:44:01.536,1.2844,1.28451,1.10,1.50
2016.09.07 05:44:01.587,1.2844,1.28452,1.10,4.87
2016.09.07 05:44:01.638,1.2844,1.28452,1.10,2.25
2016.09.07 05:44:02.667,1.2844,1.28451,1.10,1.00
2016.09.07 05:44:02.719,1.2844,1.28452,1.10,2.25
2016.09.07 05:44:07.149,1.2844,1.28452,1.57,3.00
2016.09.07 05:44:07.200,1.28441,1.28452,1.00,3.00
2016.09.07 05:44:07.251,1.28442,1.28451,1.00,1.00
2016.09.07 05:44:07.302,1.28442,1.28452,1.00,1.37
2016.09.07 05:44:07.353,1.28441,1.28452,1.50,1.00
2016.09.07 05:44:07.505,1.28441,1.28452,1.87,1.00
2016.09.07 05:44:07.557,1.28442,1.28452,1.10,1.00
2016.09.07 05:44:07.608,1.28443,1.28452,1.00,1.00
2016.09.07 05:44:07.659,1.28444,1.28453,1.50,1.00
2016.09.07 05:44:07.710,1.28444,1.28455,1.57,1.50
2016.09.07 05:44:07.761,1.28445,1.28455,1.00,1.50
2016.09.07 05:44:07.812,1.28445,1.28455,1.00,1.00
2016.09.07 05:44:07.914,1.28445,1.28455,1.12,1.00
2016.09.07 05:44:09.453,1.28446,1.28457,1.50,1.37
2016.09.07 05:44:09.505,1.28446,1.28458,1.57,1.87
2016.09.07 05:44:09.556,1.28446,1.28458,1.57,2.62
2016.09.07 05:44:09.607,1.28446,1.28458,1.95,2.25
2016.09.07 05:44:09.658,1.28446,1.28458,2.32,1.87
2016.09.07 05:44:09.862,1.28447,1.28458,1.00,2.62
2016.09.07 05:44:09.913,1.28447,1.28458,1.12,2.62
2016.09.07 05:44:10.169,1.28447,1.28458,1.12,1.87
2016.09.07 05:44:10.326,1.28446,1.28457,2.25,1.50
2016.09.07 05:44:10.377,1.28446,1.28453,2.25,1.00
2016.09.07 05:44:10.428,1.28446,1.28455,1.50,2.10
2016.09.07 05:44:10.479,1.28443,1.28455,4.50,3.60
2016.09.07 05:44:10.531,1.28445,1.28455,1.10,3.00
2016.09.07 05:44:10.582,1.28445,1.28455,1.10,1.50
2016.09.07 05:44:10.633,1.28445,1.28455,1.57,1.12
2016.09.07 05:44:10.684,1.28445,1.28455,2.25,1.12
2016.09.07 05:44:10.736,1.28445,1.28455,2.62,1.00
2016.09.07 05:44:10.891,1.28445,1.28455,2.25,1.00
2016.09.07 05:44:10.942,1.28445,1.28455,2.62,1.00
2016.09.07 05:44:10.993,1.28445,1.28455,3.75,1.00
2016.09.07 05:44:11.044,1.28445,1.28455,3.00,1.00
2016.09.07 05:44:11.561,1.28446,1.28455,1.10,1.00
2016.09.07 05:44:14.033,1.28446,1.28457,1.10,1.35
2016.09.07 05:44:14.237,1.28446,1.28457,1.10,1.00
2016.09.07 05:44:14.288,1.28446,1.28457,1.57,1.00
2016.09.07 05:44:14.339,1.28446,1.28458,1.57,1.87
2016.09.07 05:44:14.594,1.28446,1.28458,1.57,2.62
2016.09.07 05:44:14.644,1.28447,1.28458,1.00,3.37
2016.09.07 05:44:14.765,1.28447,1.28458,1.00,2.62
2016.09.07 05:44:14.934,1.28446,1.28458,1.57,2.62
2016.09.07 05:44:15.138,1.28446,1.28458,1.57,1.87
2016.09.07 05:44:15.189,1.28446,1.28458,1.57,2.62
2016.09.07 05:44:15.240,1.28446,1.28458,1.10,2.62
2016.09.07 05:44:15.392,1.28446,1.28458,1.10,1.87
2016.09.07 05:44:15.443,1.28446,1.28457,1.10,1.00
2016.09.07 05:44:17.597,1.28446,1.28457,1.12,1.00
2016.09.07 05:44:18.663,1.28445,1.28457,3.00,1.00
2016.09.07 05:44:18.715,1.28446,1.28457,1.10,1.00
2016.09.07 05:44:18.766,1.28443,1.28447,1.50,1.50
2016.09.07 05:44:18.817,1.28444,1.2845,1.37,5.10
2016.09.07 05:44:18.869,1.28444,1.28448,1.00,1.00
2016.09.07 05:44:18.971,1.28439,1.28449,1.50,1.00
2016.09.07 05:44:19.022,1.28439,1.28449,1.87,1.00
2016.09.07 05:44:19.073,1.28439,1.28449,1.75,1.12
2016.09.07 05:44:19.175,1.28439,1.28449,1.75,1.00
2016.09.07 05:44:19.943,1.28439,1.28449,1.50,1.00
2016.09.07 05:44:20.587,1.28438,1.28449,2.25,1.00
2016.09.07 05:44:22.702,1.28438,1.2845,2.25,1.87
2016.09.07 05:44:25.530,1.28438,1.2845,3.00,1.87
2016.09.07 05:44:25.581,1.28441,1.28451,1.10,2.25
2016.09.07 05:44:25.632,1.28441,1.28451,1.58,2.25
2016.09.07 05:44:25.683,1.28441,1.28453,1.58,4.12
2016.09.07 05:44:25.734,1.28441,1.28453,1.88,4.12
2016.09.07 05:44:25.786,1.28441,1.28453,1.87,4.12
2016.09.07 05:44:28.772,1.28441,1.28453,1.87,3.37
2016.09.07 05:44:28.823,1.28441,1.28453,1.12,3.37
2016.09.07 05:44:29.027,1.28441,1.28453,1.87,3.00
2016.09.07 05:44:29.078,1.28443,1.28453,1.00,1.12
2016.09.07 05:44:29.180,1.28441,1.28453,2.25,1.12
2016.09.07 05:44:29.992,1.28443,1.28453,1.00,1.12
2016.09.07 05:44:30.094,1.28442,1.28453,1.20,1.12
2016.09.07 05:44:30.477,1.28441,1.28453,2.25,1.12
2016.09.07 05:44:30.528,1.28443,1.28454,1.00,1.87
2016.09.07 05:44:30.580,1.28444,1.28455,1.87,1.12
2016.09.07 05:44:30.631,1.28444,1.28455,2.62,1.12
2016.09.07 05:44:30.682,1.28445,1.28455,1.10,1.12
2016.09.07 05:44:30.850,1.28444,1.28455,1.87,1.12
2016.09.07 05:44:30.901,1.28444,1.28455,1.87,1.87
2016.09.07 05:44:31.003,1.28444,1.28455,1.87,1.12
2016.09.07 05:44:31.625,1.28444,1.28455,1.12,1.12
2016.09.07 05:44:31.778,1.28444,1.28455,1.87,1.00
2016.09.07 05:44:31.880,1.28444,1.28456,1.12,2.25
2016.09.07 05:44:31.932,1.28444,1.28456,1.12,3.37
2016.09.07 05:44:31.984,1.28444,1.28455,1.12,1.50
2016.09.07 05:44:32.164,1.28444,1.28456,1.12,2.62
2016.09.07 05:44:33.498,1.28446,1.28456,1.00,1.87
2016.09.07 05:44:33.753,1.28444,1.28456,1.87,1.87
2016.09.07 05:44:36.738,1.28444,1.28456,1.87,1.12
2016.09.07 05:44:36.892,1.28444,1.28457,1.12,5.25
2016.09.07 05:44:37.106,1.28444,1.28457,1.87,5.25
2016.09.07 05:44:37.591,1.28444,1.28455,1.87,1.50
2016.09.07 05:44:39.930,1.28444,1.28455,1.87,1.37
2016.09.07 05:44:39.981,1.28444,1.28455,1.87,1.00
2016.09.07 05:44:41.782,1.28444,1.28455,1.87,1.12
2016.09.07 05:44:41.884,1.28444,1.28455,1.12,1.12
2016.09.07 05:44:43.812,1.28445,1.28455,1.10,1.87
2016.09.07 05:44:43.915,1.28445,1.28455,1.10,1.12
2016.09.07 05:44:43.975,1.28445,1.28454,1.10,1.00
2016.09.07 05:44:47.768,1.28445,1.28452,1.10,1.00
2016.09.07 05:44:47.819,1.28443,1.28452,3.00,1.00
2016.09.07 05:44:47.870,1.28443,1.28452,1.95,1.00
2016.09.07 05:44:47.921,1.28443,1.28452,2.32,1.00
2016.09.07 05:44:48.172,1.28443,1.28452,2.70,1.00
2016.09.07 05:44:48.565,1.28443,1.28452,2.32,1.00
2016.09.07 05:44:48.616,1.28443,1.28452,1.57,1.00
2016.09.07 05:44:48.718,1.28443,1.28452,1.95,1.00
2016.09.07 05:44:48.820,1.28443,1.28452,2.32,1.00
2016.09.07 05:44:49.621,1.28443,1.28452,1.95,1.00
2016.09.07 05:44:50.931,1.28443,1.28452,2.32,1.00
2016.09.07 05:44:51.322,1.28443,1.2845,1.57,2.10
2016.09.07 05:44:51.373,1.28443,1.28447,1.50,1.35
2016.09.07 05:44:51.424,1.28442,1.28447,1.57,2.10
2016.09.07 05:44:51.477,1.28441,1.28447,2.62,2.47
2016.09.07 05:44:51.528,1.28441,1.28445,2.25,1.35
2016.09.07 05:44:51.580,1.28435,1.28442,2.25,1.00
2016.09.07 05:44:51.631,1.28435,1.28442,1.87,1.00
2016.09.07 05:44:52.323,1.28435,1.28442,1.12,1.00
2016.09.07 05:44:53.883,1.28435,1.28442,1.87,1.00
2016.09.07 05:44:54.099,1.28435,1.28442,1.12,1.00
2016.09.07 05:44:54.370,1.28435,1.28442,1.87,1.00
2016.09.07 05:44:54.421,1.28435,1.28442,1.12,1.00
2016.09.07 05:44:54.703,1.28435,1.28442,1.87,1.00
2016.09.07 05:44:54.754,1.28435,1.28442,1.12,1.00
2016.09.07 05:44:56.134,1.28435,1.28442,1.87,1.00
2016.09.07 05:44:56.185,1.28435,1.28442,1.12,1.00
2016.09.07 05:44:56.287,1.28435,1.28442,1.87,1.00
2016.09.07 05:44:56.390,1.28435,1.28442,1.12,1.00
2016.09.07 05:44:56.518,1.28435,1.28445,1.87,1.00
2016.09.07 05:44:56.569,1.28435,1.28445,2.25,1.00
2016.09.07 05:44:56.621,1.28436,1.28445,1.10,1.00
2016.09.07 05:44:56.672,1.28435,1.28445,2.25,1.00
2016.09.07 05:44:58.093,1.28435,1.28445,1.95,1.00
2016.09.07 05:45:00.399,1.28435,1.28446,1.95,1.00
2016.09.07 05:45:01.016,1.28436,1.28446,1.12,1.50
2016.09.07 05:45:01.067,1.28436,1.28446,1.12,1.50
2016.09.07 05:45:01.159,1.28436,1.28446,2.25,1.50
2016.09.07 05:45:01.210,1.28439,1.28446,1.00,1.50
2016.09.07 05:45:01.483,1.28439,1.28446,1.00,1.00
2016.09.07 05:45:01.763,1.28439,1.28447,1.00,1.50
2016.09.07 05:45:03.628,1.28436,1.28447,2.62,1.50
2016.09.07 05:45:03.680,1.28436,1.28447,3.00,1.50
2016.09.07 05:45:03.731,1.28437,1.28446,1.10,1.50
2016.09.07 05:45:03.782,1.28436,1.28446,3.00,1.50
2016.09.07 05:45:03.834,1.28436,1.28446,1.57,1.50
2016.09.07 05:45:03.936,1.28436,1.28446,1.95,1.00
2016.09.07 05:45:05.835,1.28436,1.28446,1.95,2.25
2016.09.07 05:45:06.133,1.28436,1.28446,1.95,1.00
2016.09.07 05:45:08.091,1.28436,1.28447,1.95,1.12
2016.09.07 05:45:08.143,1.28436,1.28447,1.95,1.87
2016.09.07 05:45:08.351,1.28436,1.28447,1.95,1.12
2016.09.07 05:45:09.392,1.28436,1.28447,1.20,1.12
2016.09.07 05:45:13.551,1.28436,1.28447,1.20,1.87
2016.09.07 05:45:14.847,1.28436,1.28447,1.20,1.12
2016.09.07 05:45:15.566,1.28436,1.28447,1.95,1.87
2016.09.07 05:45:15.617,1.28437,1.28447,1.00,1.87
2016.09.07 05:45:15.668,1.28437,1.28447,1.00,1.12
2016.09.07 05:45:17.552,1.28437,1.28446,1.00,2.10
2016.09.07 05:45:17.603,1.28437,1.28444,1.00,1.00
2016.09.07 05:45:17.654,1.28437,1.28444,1.12,1.00
2016.09.07 05:45:17.705,1.28435,1.28444,2.62,1.00
2016.09.07 05:45:17.756,1.28434,1.28444,2.25,1.00
2016.09.07 05:45:19.314,1.28435,1.28444,1.12,1.00
2016.09.07 05:45:22.716,1.28434,1.28444,4.12,1.00
2016.09.07 05:45:22.767,1.28434,1.28444,2.25,1.00
2016.09.07 05:45:22.869,1.28434,1.28444,2.62,1.00
2016.09.07 05:45:23.169,1.28434,1.28444,2.25,1.00
2016.09.07 05:45:27.481,1.28434,1.28444,2.25,1.50
2016.09.07 05:45:28.639,1.28434,1.28444,3.00,1.50
2016.09.07 05:45:28.690,1.28435,1.28444,1.50,1.50
2016.09.07 05:45:28.792,1.28435,1.28444,2.25,1.50
2016.09.07 05:45:28.894,1.28438,1.28444,1.00,1.50
2016.09.07 05:45:28.974,1.28436,1.28445,1.50,1.00
2016.09.07 05:45:29.025,1.28437,1.28447,1.50,5.25
2016.09.07 05:45:29.161,1.28436,1.28447,2.25,4.50
2016.09.07 05:45:29.263,1.28441,1.28447,1.00,4.50
2016.09.07 05:45:29.314,1.28442,1.28447,1.00,3.75
2016.09.07 05:45:29.366,1.28442,1.28447,1.00,1.00
2016.09.07 05:45:29.417,1.28442,1.2845,1.00,2.25
2016.09.07 05:45:29.468,1.28443,1.28453,1.10,1.87
2016.09.07 05:45:29.520,1.28444,1.28453,1.00,1.87
2016.09.07 05:45:29.571,1.28444,1.28453,2.62,1.12
2016.09.07 05:45:29.673,1.28444,1.28453,1.87,1.87
2016.09.07 05:45:29.724,1.28444,1.28453,1.87,1.12
2016.09.07 05:45:29.775,1.28444,1.28454,2.62,1.50
2016.09.07 05:45:29.826,1.28444,1.28454,3.00,1.50
2016.09.07 05:45:29.877,1.28444,1.28453,3.00,1.12
2016.09.07 05:45:29.928,1.28445,1.28453,1.12,1.12
2016.09.07 05:45:29.980,1.28445,1.28454,1.12,1.50
2016.09.07 05:45:30.081,1.28445,1.28453,1.12,1.12
2016.09.07 05:45:30.225,1.28445,1.28454,1.12,1.50
2016.09.07 05:45:30.276,1.28445,1.28453,1.12,1.12
2016.09.07 05:45:30.535,1.28445,1.28453,1.12,1.12
2016.09.07 05:45:30.586,1.28444,1.28454,1.12,1.50
2016.09.07 05:45:30.637,1.28444,1.28452,1.12,1.00
2016.09.07 05:45:30.688,1.28443,1.28452,2.62,1.00
2016.09.07 05:45:30.790,1.28444,1.28452,1.10,1.00
2016.09.07 05:45:30.841,1.28444,1.28454,1.10,1.87
2016.09.07 05:45:30.893,1.28444,1.28453,1.10,1.12
2016.09.07 05:45:30.996,1.28444,1.28454,1.10,1.50
2016.09.07 05:45:31.106,1.28444,1.28453,1.10,1.12
2016.09.07 05:45:31.158,1.28444,1.28454,1.10,1.50
2016.09.07 05:45:31.311,1.28444,1.28454,1.57,1.50
2016.09.07 05:45:31.791,1.28444,1.28454,1.57,1.50
2016.09.07 05:45:31.843,1.28444,1.28454,2.32,1.50
2016.09.07 05:45:31.894,1.28445,1.28455,1.00,1.50
2016.09.07 05:45:31.945,1.28445,1.28456,1.50,2.62
2016.09.07 05:45:31.996,1.28445,1.28456,1.95,2.25
2016.09.07 05:45:32.047,1.28445,1.28456,1.95,2.25
2016.09.07 05:45:32.200,1.28445,1.28456,2.32,2.25
2016.09.07 05:45:32.251,1.28445,1.28455,2.32,1.50
2016.09.07 05:45:32.371,1.28446,1.28455,1.00,1.50
2016.09.07 05:45:32.422,1.28445,1.28455,1.47,1.50
2016.09.07 05:45:32.473,1.28446,1.28455,1.00,1.50
2016.09.07 05:45:32.524,1.28446,1.28455,1.00,1.50
2016.09.07 05:45:32.688,1.28446,1.28456,1.00,2.25
2016.09.07 05:45:32.942,1.28446,1.28456,1.00,1.75
2016.09.07 05:45:33.795,1.28445,1.28455,1.12,1.50
2016.09.07 05:45:33.846,1.28445,1.28455,1.12,1.50
2016.09.07 05:45:33.971,1.28445,1.28454,1.00,1.75
2016.09.07 05:45:34.064,1.28445,1.28453,1.00,1.50
2016.09.07 05:45:34.115,1.28445,1.28453,1.12,1.50
2016.09.07 05:45:34.217,1.28445,1.28453,1.00,1.50
2016.09.07 05:45:34.371,1.28444,1.28454,1.00,1.75
2016.09.07 05:45:34.472,1.28445,1.28453,1.00,1.50
2016.09.07 05:45:34.577,1.28445,1.28454,1.50,1.75
2016.09.07 05:45:34.832,1.28445,1.28454,2.25,1.75
2016.09.07 05:45:34.942,1.28445,1.28453,2.25,1.50
2016.09.07 05:45:35.502,1.28445,1.28454,2.25,1.75
2016.09.07 05:45:36.257,1.28445,1.28453,2.25,1.50
2016.09.07 05:45:36.344,1.28445,1.28453,1.50,1.50
2016.09.07 05:45:36.396,1.28444,1.28453,1.12,1.50
2016.09.07 05:45:36.498,1.28443,1.28454,1.87,1.87
2016.09.07 05:45:36.549,1.28443,1.28454,1.87,2.62
2016.09.07 05:45:36.600,1.28443,1.28454,1.20,2.62
2016.09.07 05:45:36.706,1.28442,1.28454,3.00,2.62
2016.09.07 05:45:36.758,1.28442,1.28453,2.25,2.25
2016.09.07 05:45:36.809,1.28442,1.28452,1.00,1.12
2016.09.07 05:45:36.911,1.28441,1.28452,1.00,1.50
2016.09.07 05:45:37.013,1.28441,1.28453,1.00,3.75
2016.09.07 05:45:37.064,1.28441,1.28453,1.00,4.76
2016.09.07 05:45:37.193,1.28441,1.28452,1.00,1.50
2016.09.07 05:45:37.247,1.28441,1.28452,1.50,1.50
2016.09.07 05:45:38.069,1.28441,1.28453,1.50,3.82
2016.09.07 05:45:38.292,1.28441,1.28453,1.50,3.07
2016.09.07 05:45:39.054,1.28441,1.28453,1.50,2.70
2016.09.07 05:45:39.567,1.28441,1.28451,1.50,1.00
2016.09.07 05:45:40.167,1.28441,1.28451,1.50,1.50
2016.09.07 05:45:40.574,1.28441,1.28451,1.00,1.00
2016.09.07 05:45:40.625,1.28441,1.28452,1.00,1.50
2016.09.07 05:45:40.727,1.28441,1.28452,1.00,1.87
2016.09.07 05:45:40.880,1.28441,1.28451,1.00,1.37
2016.09.07 05:45:41.286,1.28441,1.28452,1.00,2.62
2016.09.07 05:45:42.020,1.2844,1.28452,2.25,2.62
2016.09.07 05:45:42.072,1.2844,1.28448,1.50,1.12
2016.09.07 05:45:42.123,1.2844,1.28448,1.00,1.12
2016.09.07 05:45:42.175,1.28438,1.28448,2.62,1.12
2016.09.07 05:45:42.266,1.28438,1.28446,1.12,1.00
2016.09.07 05:45:42.317,1.28438,1.28446,1.00,1.00
2016.09.07 05:45:42.419,1.28437,1.28446,1.00,1.00
2016.09.07 05:45:42.470,1.28437,1.28446,1.00,1.87
2016.09.07 05:45:42.521,1.28437,1.28446,1.50,1.87
2016.09.07 05:45:42.572,1.28437,1.28446,1.00,1.12
2016.09.07 05:45:43.197,1.28437,1.28446,1.00,1.87
2016.09.07 05:45:44.073,1.28437,1.28446,1.00,1.12
2016.09.07 05:45:45.511,1.28437,1.28446,1.50,1.12
2016.09.07 05:45:45.563,1.28438,1.28446,1.00,1.12
2016.09.07 05:45:45.615,1.28439,1.28446,1.50,1.12
2016.09.07 05:45:45.692,1.2844,1.28446,1.00,1.12
2016.09.07 05:45:45.796,1.28439,1.28446,1.50,1.12
2016.09.07 05:45:45.847,1.28439,1.28446,1.50,1.12
2016.09.07 05:45:45.900,1.28438,1.28446,2.62,1.12
2016.09.07 05:45:45.951,1.28438,1.28447,1.87,1.50
2016.09.07 05:45:46.331,1.28438,1.28446,1.87,1.12
2016.09.07 05:45:46.534,1.28439,1.28448,2.02,1.75
2016.09.07 05:45:46.641,1.28439,1.28447,2.02,1.50
2016.09.07 05:45:46.744,1.28439,1.28447,2.62,1.50
2016.09.07 05:45:46.795,1.2844,1.28447,1.00,1.00
2016.09.07 05:45:46.847,1.2844,1.2845,1.00,2.62
2016.09.07 05:45:46.898,1.28439,1.2845,2.62,2.62
2016.09.07 05:45:46.949,1.2844,1.28449,1.00,1.50
2016.09.07 05:45:47.000,1.2844,1.28449,1.00,1.87
2016.09.07 05:45:47.051,1.28439,1.28449,1.50,2.62
2016.09.07 05:45:47.153,1.28441,1.28449,1.00,1.87
2016.09.07 05:45:47.204,1.28441,1.28449,1.00,1.50
2016.09.07 05:45:47.300,1.28441,1.28449,1.00,1.37
2016.09.07 05:45:47.673,1.28438,1.28449,1.87,2.62
2016.09.07 05:45:47.724,1.28438,1.28448,1.00,1.50
2016.09.07 05:45:47.775,1.28438,1.28448,1.00,1.87
2016.09.07 05:45:48.185,1.28438,1.28448,1.00,2.62
2016.09.07 05:45:48.655,1.28438,1.28447,1.00,1.12
2016.09.07 05:45:48.757,1.28438,1.28448,1.00,2.62
2016.09.07 05:45:50.652,1.28438,1.28447,1.00,1.12
2016.09.07 05:45:50.754,1.28438,1.28447,1.00,1.12
2016.09.07 05:45:51.748,1.28438,1.28448,1.00,3.00
2016.09.07 05:45:51.799,1.28438,1.28448,1.00,3.75
2016.09.07 05:45:51.901,1.28438,1.28448,1.00,3.00
2016.09.07 05:45:52.134,1.28439,1.28447,1.00,1.12
2016.09.07 05:45:52.338,1.28438,1.28448,1.00,3.00
2016.09.07 05:45:52.389,1.28438,1.28448,1.50,3.00
2016.09.07 05:45:53.543,1.28438,1.28446,1.50,1.00
2016.09.07 05:45:54.297,1.28438,1.28446,1.00,1.00
2016.09.07 05:45:54.399,1.28438,1.28446,1.50,1.00
2016.09.07 05:45:54.500,1.28438,1.28446,2.25,1.00
2016.09.07 05:45:55.476,1.28438,1.28448,2.25,1.50
2016.09.07 05:45:55.527,1.28438,1.28448,1.50,1.50
2016.09.07 05:45:55.578,1.28438,1.28447,1.50,1.12
2016.09.07 05:45:55.629,1.28439,1.28447,1.00,1.12
2016.09.07 05:45:55.680,1.28439,1.28448,1.00,2.25
2016.09.07 05:45:55.731,1.2844,1.28448,1.00,1.50
2016.09.07 05:45:55.783,1.2844,1.28448,1.00,1.00
2016.09.07 05:45:55.951,1.2844,1.28449,1.00,1.87
2016.09.07 05:45:56.069,1.2844,1.28449,1.00,1.50
2016.09.07 05:45:56.171,1.2844,1.28449,1.50,1.00
2016.09.07 05:45:56.223,1.28441,1.2845,1.00,1.50
2016.09.07 05:45:56.274,1.28441,1.2845,1.00,1.37
2016.09.07 05:45:56.326,1.28442,1.2845,1.00,1.00
2016.09.07 05:45:56.428,1.28442,1.2845,1.00,1.00
2016.09.07 05:45:56.733,1.28441,1.28451,1.12,1.00
2016.09.07 05:45:56.785,1.28441,1.28451,1.12,1.00
2016.09.07 05:45:56.959,1.2844,1.28451,2.62,1.00
2016.09.07 05:45:57.011,1.2844,1.28451,2.77,1.37
2016.09.07 05:45:57.090,1.28441,1.28451,1.00,1.37
2016.09.07 05:45:57.293,1.2844,1.28451,2.77,1.37
2016.09.07 05:45:57.344,1.2844,1.28451,2.25,1.37
2016.09.07 05:45:57.395,1.28441,1.28453,2.25,3.75
2016.09.07 05:45:57.447,1.28441,1.28452,2.62,1.00
2016.09.07 05:45:57.498,1.28443,1.28453,1.00,1.50
2016.09.07 05:45:57.599,1.28443,1.28454,1.00,3.82
2016.09.07 05:45:58.205,1.28443,1.28454,1.00,3.07
2016.09.07 05:45:58.307,1.28443,1.28454,1.00,3.07
2016.09.07 05:45:59.109,1.28443,1.28454,1.00,3.07
2016.09.07 05:45:59.550,1.28443,1.28454,1.00,1.95
2016.09.07 05:45:59.601,1.28443,1.28454,1.50,1.95
2016.09.07 05:45:59.653,1.28443,1.28454,1.87,1.95
2016.09.07 05:45:59.810,1.28443,1.28454,1.12,1.95
2016.09.07 05:45:59.964,1.28443,1.28454,1.12,1.95
2016.09.07 05:46:00.066,1.28443,1.28454,1.12,2.70
2016.09.07 05:46:00.117,1.28444,1.28454,1.00,2.70
2016.09.07 05:46:00.236,1.28444,1.28452,1.00,1.00
2016.09.07 05:46:00.287,1.28444,1.28452,1.00,1.50
2016.09.07 05:46:00.389,1.28444,1.28452,1.00,1.12
2016.09.07 05:46:00.440,1.28444,1.28453,1.00,1.50
2016.09.07 05:46:00.545,1.28444,1.28452,1.00,1.12
2016.09.07 05:46:00.647,1.28444,1.28453,1.00,1.50
2016.09.07 05:46:00.800,1.28444,1.28453,1.50,1.50
2016.09.07 05:46:00.953,1.28444,1.28452,1.50,1.12
2016.09.07 05:46:01.004,1.28444,1.28452,1.50,1.12
2016.09.07 05:46:01.055,1.28444,1.28453,1.50,1.50
2016.09.07 05:46:01.365,1.28444,1.28452,1.50,1.12
2016.09.07 05:46:01.467,1.28444,1.28453,1.50,1.50
2016.09.07 05:46:01.518,1.28444,1.28453,2.25,1.50
2016.09.07 05:46:01.841,1.28444,1.28453,1.50,1.50
2016.09.07 05:46:02.478,1.28444,1.28452,1.50,1.12
2016.09.07 05:46:02.529,1.28444,1.28452,2.25,1.12
2016.09.07 05:46:02.655,1.28444,1.28452,1.50,1.12
2016.09.07 05:46:02.758,1.28444,1.28453,1.50,2.25
2016.09.07 05:46:02.861,1.28444,1.28452,1.50,1.12
2016.09.07 05:46:02.963,1.28444,1.28452,1.50,1.12
2016.09.07 05:46:03.169,1.28444,1.28452,1.50,1.12
2016.09.07 05:46:03.271,1.28444,1.28453,1.50,1.50
2016.09.07 05:46:04.908,1.28444,1.2845,1.00,1.60
2016.09.07 05:46:04.959,1.28439,1.28443,1.87,1.00
2016.09.07 05:46:05.010,1.28439,1.28443,1.05,1.00
2016.09.07 05:46:05.061,1.28439,1.28444,4.75,1.87
2016.09.07 05:46:05.113,1.28439,1.28444,4.50,2.10
2016.09.07 05:46:05.165,1.28434,1.28444,1.12,2.10
2016.09.07 05:46:05.216,1.28434,1.28444,1.50,2.10
2016.09.07 05:46:05.267,1.28434,1.28439,1.50,1.00
2016.09.07 05:46:05.319,1.28434,1.28439,1.87,1.00
2016.09.07 05:46:05.370,1.28434,1.28442,1.87,1.00
2016.09.07 05:46:05.422,1.28434,1.28442,2.62,1.00
2016.09.07 05:46:06.037,1.28434,1.28442,1.87,1.00
2016.09.07 05:46:07.906,1.28434,1.28445,1.87,2.25
2016.09.07 05:46:07.957,1.28435,1.28445,1.00,1.87
2016.09.07 05:46:08.059,1.28435,1.28445,1.00,1.50
2016.09.07 05:46:08.271,1.28435,1.28443,1.00,1.00
2016.09.07 05:46:09.535,1.28435,1.28443,1.50,1.00
2016.09.07 05:46:09.945,1.28435,1.28443,2.25,1.00
2016.09.07 05:46:10.047,1.28435,1.28443,1.50,1.00
2016.09.07 05:46:11.051,1.28435,1.28443,2.25,1.00
2016.09.07 05:46:15.059,1.28435,1.28443,1.50,1.00
2016.09.07 05:46:18.119,1.28435,1.28443,2.25,1.00
2016.09.07 05:46:20.068,1.28435,1.28443,1.50,1.00
2016.09.07 05:46:20.762,1.28436,1.28443,1.00,1.00
2016.09.07 05:46:20.813,1.28436,1.28445,1.35,1.00
2016.09.07 05:46:20.864,1.28437,1.28445,1.00,1.00
2016.09.07 05:46:21.011,1.28437,1.28446,1.50,1.00
2016.09.07 05:46:21.968,1.28439,1.28446,1.00,1.00
2016.09.07 05:46:22.824,1.28438,1.28446,1.00,1.00
2016.09.07 05:46:23.373,1.28438,1.28447,1.00,1.00
2016.09.07 05:46:24.280,1.28438,1.28449,1.35,2.70
2016.09.07 05:46:24.332,1.28439,1.28449,1.50,1.47
2016.09.07 05:46:24.383,1.28439,1.2845,1.50,3.37
2016.09.07 05:46:24.435,1.28441,1.2845,1.00,2.62
2016.09.07 05:46:24.555,1.28441,1.28451,1.00,1.75
2016.09.07 05:46:24.607,1.2844,1.28451,1.50,1.37
2016.09.07 05:46:24.810,1.28442,1.28452,1.00,3.45
2016.09.07 05:46:24.912,1.28442,1.28452,1.00,3.37
2016.09.07 05:46:25.014,1.28442,1.28452,1.00,2.62
2016.09.07 05:46:25.485,1.2844,1.2845,1.00,1.12
2016.09.07 05:46:25.604,1.2844,1.28451,1.50,1.00
2016.09.07 05:46:25.655,1.2844,1.28451,2.25,1.00
2016.09.07 05:46:25.757,1.2844,1.28451,1.50,1.37
2016.09.07 05:46:25.930,1.2844,1.28451,1.50,1.37
2016.09.07 05:46:26.439,1.2844,1.28451,2.25,1.37
2016.09.07 05:46:26.541,1.2844,1.28451,1.50,1.37
2016.09.07 05:46:29.193,1.2844,1.28453,1.87,1.95
2016.09.07 05:46:29.592,1.28442,1.28453,1.00,1.95
2016.09.07 05:46:30.457,1.2844,1.28453,2.62,1.20
2016.09.07 05:46:30.560,1.28442,1.28452,1.00,1.00
2016.09.07 05:46:30.662,1.2844,1.28453,2.62,1.95
2016.09.07 05:46:32.072,1.28442,1.28453,1.50,1.95
2016.09.07 05:46:32.123,1.28442,1.28453,1.00,1.95
2016.09.07 05:46:32.174,1.28442,1.28451,1.00,1.00
2016.09.07 05:46:32.225,1.28442,1.2845,1.00,1.00
2016.09.07 05:46:32.276,1.2844,1.2845,1.87,1.50
2016.09.07 05:46:32.371,1.2844,1.2845,2.25,1.50
2016.09.07 05:46:32.422,1.2844,1.28449,1.87,1.00
2016.09.07 05:46:32.473,1.28441,1.28449,1.00,1.00
2016.09.07 05:46:32.574,1.2844,1.28449,1.87,1.00
2016.09.07 05:46:32.676,1.28441,1.28449,1.00,1.00
2016.09.07 05:46:34.577,1.28442,1.28449,1.00,1.00
2016.09.07 05:46:34.679,1.28441,1.28449,2.25,1.00
2016.09.07 05:46:34.781,1.28441,1.28449,1.00,1.00
2016.09.07 05:46:34.832,1.2844,1.28449,2.70,1.00
2016.09.07 05:46:34.883,1.28442,1.28449,1.00,1.00
2016.09.07 05:46:34.934,1.28442,1.28452,1.00,1.12
2016.09.07 05:46:34.985,1.2844,1.28452,3.22,1.12
2016.09.07 05:46:35.036,1.2844,1.28452,2.70,1.12
2016.09.07 05:46:35.087,1.28442,1.28452,1.00,1.12
2016.09.07 05:46:35.255,1.2844,1.28452,3.07,1.12
2016.09.07 05:46:35.408,1.2844,1.28452,3.07,1.50
2016.09.07 05:46:35.459,1.2844,1.28452,3.07,1.37
2016.09.07 05:46:35.561,1.2844,1.28452,3.60,1.37
2016.09.07 05:46:35.612,1.28442,1.28452,1.00,1.37
2016.09.07 05:46:35.765,1.28442,1.28452,1.00,1.37
2016.09.07 05:46:35.866,1.28442,1.28452,1.00,1.37
2016.09.07 05:46:35.968,1.28442,1.28452,1.00,1.37
2016.09.07 05:46:36.466,1.28442,1.28452,1.00,1.87
2016.09.07 05:46:36.569,1.28442,1.28452,1.00,1.87
2016.09.07 05:46:37.520,1.28442,1.28452,1.00,2.62
2016.09.07 05:46:37.571,1.28442,1.28452,1.00,2.62
2016.09.07 05:46:37.622,1.28442,1.28452,1.00,1.87
2016.09.07 05:46:38.218,1.28442,1.28452,1.00,1.37
2016.09.07 05:46:38.321,1.28442,1.28452,1.00,1.87
2016.09.07 05:46:39.523,1.28442,1.28452,1.00,1.37
2016.09.07 05:46:40.033,1.28443,1.28452,1.00,1.37
2016.09.07 05:46:40.298,1.2844,1.28448,1.00,1.00
2016.09.07 05:46:40.350,1.2844,1.28448,1.00,1.00
2016.09.07 05:46:40.401,1.28438,1.28449,1.50,3.00
2016.09.07 05:46:40.452,1.28438,1.28449,1.50,2.25
2016.09.07 05:46:40.823,1.28438,1.28449,1.50,1.50
2016.09.07 05:46:41.608,1.28438,1.2845,1.50,3.00
2016.09.07 05:46:41.659,1.28438,1.2845,1.50,2.25
2016.09.07 05:46:42.234,1.28438,1.28449,1.50,1.50
2016.09.07 05:46:42.286,1.28439,1.28449,1.00,1.50
2016.09.07 05:46:42.337,1.28439,1.28449,1.50,1.12
2016.09.07 05:46:46.215,1.28439,1.28448,1.50,1.00
2016.09.07 05:46:48.895,1.28439,1.28448,2.25,1.00
2016.09.07 05:46:49.031,1.28441,1.28451,1.00,4.12
2016.09.07 05:46:49.176,1.28441,1.28451,1.00,3.37
2016.09.07 05:46:49.228,1.28441,1.28449,1.00,1.12
2016.09.07 05:46:50.130,1.28441,1.28451,1.00,4.12
2016.09.07 05:46:50.282,1.28441,1.28451,1.00,3.37
2016.09.07 05:46:50.648,1.28439,1.28451,3.00,3.37
2016.09.07 05:46:50.750,1.2844,1.28449,1.00,1.12
2016.09.07 05:46:50.801,1.28441,1.28449,1.00,1.12
2016.09.07 05:46:50.904,1.28441,1.28449,1.50,1.12
2016.09.07 05:46:50.955,1.28441,1.28449,3.00,1.12
2016.09.07 05:46:51.055,1.28441,1.28449,1.50,1.12
2016.09.07 05:46:51.106,1.28441,1.28449,1.12,1.00
2016.09.07 05:46:52.029,1.28441,1.2845,1.12,1.00
2016.09.07 05:46:55.059,1.28441,1.2845,2.62,1.00
2016.09.07 05:46:55.110,1.28442,1.2845,1.00,1.00
2016.09.07 05:46:55.162,1.28442,1.2845,1.50,1.00
2016.09.07 05:46:55.213,1.28442,1.2845,2.25,1.00
2016.09.07 05:46:55.264,1.28442,1.2845,1.87,1.00
2016.09.07 05:46:55.315,1.28442,1.2845,2.25,1.00
2016.09.07 05:46:55.595,1.28442,1.2845,2.62,1.00
2016.09.07 05:46:55.697,1.28442,1.2845,1.50,1.00
2016.09.07 05:46:55.799,1.28442,1.2845,1.87,1.00
2016.09.07 05:46:56.316,1.28442,1.28451,1.87,1.00
2016.09.07 05:46:56.821,1.28442,1.28452,1.87,1.00
2016.09.07 05:46:57.047,1.28442,1.2845,2.62,1.00
2016.09.07 05:46:57.099,1.28442,1.2845,3.00,1.00
2016.09.07 05:46:57.201,1.28442,1.2845,2.25,1.00
2016.09.07 05:46:57.303,1.28443,1.2845,1.12,1.00
2016.09.07 05:46:57.765,1.28443,1.2845,1.00,1.00
2016.09.07 05:46:59.294,1.28442,1.2845,3.00,1.00
2016.09.07 05:46:59.346,1.28442,1.2845,2.25,1.00
2016.09.07 05:46:59.397,1.28442,1.2845,1.50,1.00
2016.09.07 05:46:59.448,1.28441,1.2845,1.37,1.00
2016.09.07 05:46:59.711,1.28441,1.2845,1.12,1.00
2016.09.07 05:46:59.870,1.28441,1.2845,1.00,1.00
2016.09.07 05:46:59.921,1.28441,1.2845,1.00,1.00
2016.09.07 05:47:00.176,1.28441,1.2845,1.50,1.00
2016.09.07 05:47:00.227,1.28441,1.2845,1.12,1.00
2016.09.07 05:47:00.278,1.28441,1.2845,1.00,1.00
2016.09.07 05:47:00.329,1.28441,1.2845,1.50,1.00
2016.09.07 05:47:00.380,1.28441,1.2845,2.25,1.00
2016.09.07 05:47:00.495,1.28442,1.2845,1.50,1.00
2016.09.07 05:47:00.547,1.28442,1.28451,1.87,1.00
2016.09.07 05:47:00.599,1.28443,1.28451,1.12,1.00
2016.09.07 05:47:00.967,1.28443,1.28451,1.00,1.00
2016.09.07 05:47:01.320,1.28443,1.28451,1.50,1.00
2016.09.07 05:47:02.272,1.28443,1.28453,1.50,1.00
2016.09.07 05:47:02.520,1.28444,1.28453,1.00,1.00
2016.09.07 05:47:02.574,1.28444,1.28454,1.12,1.00
2016.09.07 05:47:02.626,1.28446,1.28456,1.50,3.00
2016.09.07 05:47:02.677,1.28446,1.28456,1.50,1.87
2016.09.07 05:47:02.728,1.28448,1.28454,1.00,1.00
2016.09.07 05:47:02.780,1.28446,1.28454,1.37,1.00
2016.09.07 05:47:02.832,1.28446,1.28455,1.12,1.00
2016.09.07 05:47:02.935,1.28446,1.28456,1.12,1.87
2016.09.07 05:47:02.987,1.28446,1.28456,1.50,1.12
2016.09.07 05:47:03.038,1.28446,1.28456,1.12,1.50
2016.09.07 05:47:03.091,1.28447,1.28456,1.00,1.50
2016.09.07 05:47:03.260,1.28447,1.28457,1.00,1.00
2016.09.07 05:47:03.413,1.28447,1.28457,1.50,1.00
2016.09.07 05:47:03.565,1.28448,1.28457,1.00,1.00
2016.09.07 05:47:03.769,1.28449,1.28457,1.00,1.00
2016.09.07 05:47:03.871,1.28447,1.28457,2.25,1.00
2016.09.07 05:47:04.042,1.28447,1.28457,1.12,1.50
2016.09.07 05:47:04.148,1.28447,1.28458,1.00,1.50
2016.09.07 05:47:04.432,1.28447,1.28459,1.00,4.12
2016.09.07 05:47:04.483,1.28447,1.28456,1.00,1.12
2016.09.07 05:47:04.535,1.28446,1.2845,1.12,2.10
2016.09.07 05:47:04.586,1.28444,1.2845,1.12,1.00
2016.09.07 05:47:04.637,1.28443,1.28447,3.00,1.00
2016.09.07 05:47:04.688,1.28443,1.28447,2.25,1.50
2016.09.07 05:47:04.739,1.28443,1.28447,2.62,1.12
2016.09.07 05:47:04.790,1.28442,1.28446,1.00,1.00
2016.09.07 05:47:04.935,1.28439,1.28447,2.25,1.87
2016.09.07 05:47:04.986,1.28436,1.28447,2.62,1.00
2016.09.07 05:47:05.088,1.28436,1.28447,1.87,1.00
2016.09.07 05:47:05.139,1.28436,1.28447,1.50,1.00
2016.09.07 05:47:05.190,1.28436,1.28447,1.87,1.00
2016.09.07 05:47:05.292,1.28437,1.28447,1.47,1.00
2016.09.07 05:47:05.344,1.28437,1.28447,1.10,1.00
2016.09.07 05:47:05.395,1.28437,1.28447,1.00,1.00
2016.09.07 05:47:05.446,1.28438,1.28445,1.00,1.00
2016.09.07 05:47:05.498,1.28438,1.28445,1.50,1.00
2016.09.07 05:47:05.549,1.28438,1.28449,1.50,1.95
2016.09.07 05:47:05.600,1.28438,1.28449,1.50,2.62
2016.09.07 05:47:05.722,1.28438,1.28447,1.87,1.00
2016.09.07 05:47:05.774,1.28438,1.28447,1.50,1.00
2016.09.07 05:47:06.336,1.28438,1.28448,1.50,1.00
2016.09.07 05:47:06.859,1.28438,1.28447,1.50,1.00
2016.09.07 05:47:07.450,1.28438,1.28449,1.50,1.12
2016.09.07 05:47:07.501,1.28438,1.28449,1.50,1.87
2016.09.07 05:47:07.603,1.28438,1.28449,1.50,1.12
2016.09.07 05:47:08.165,1.28438,1.28449,1.50,1.00
2016.09.07 05:47:08.369,1.28439,1.28449,1.00,1.00
2016.09.07 05:47:08.421,1.2844,1.28449,1.00,1.00
2016.09.07 05:47:08.793,1.28439,1.28449,1.50,1.00
2016.09.07 05:47:09.098,1.28439,1.28447,1.50,1.00
2016.09.07 05:47:12.754,1.28439,1.28445,1.50,1.00
2016.09.07 05:47:12.805,1.2844,1.28445,1.00,1.00
2016.09.07 05:47:12.907,1.28439,1.28445,1.50,1.00
2016.09.07 05:47:12.958,1.28441,1.28447,1.00,1.00
2016.09.07 05:47:13.330,1.2844,1.28448,1.50,1.00
2016.09.07 05:47:13.788,1.28441,1.28451,1.00,2.32
2016.09.07 05:47:13.839,1.28441,1.28451,1.00,1.57
2016.09.07 05:47:13.890,1.28443,1.28451,1.12,1.20
2016.09.07 05:47:14.064,1.28444,1.28453,1.00,1.00
2016.09.07 05:47:14.219,1.28444,1.28453,1.50,1.00
2016.09.07 05:47:14.322,1.28444,1.28453,1.00,1.00
2016.09.07 05:47:14.889,1.28444,1.28453,1.50,1.00
2016.09.07 05:47:14.940,1.28444,1.28453,2.25,1.00
2016.09.07 05:47:15.042,1.28445,1.28453,1.00,1.00
2016.09.07 05:47:15.144,1.28445,1.28453,1.00,1.00
2016.09.07 05:47:15.246,1.28444,1.28453,1.87,1.00
2016.09.07 05:47:15.297,1.28444,1.28453,1.50,1.00
2016.09.07 05:47:15.508,1.28445,1.28453,1.00,1.00
2016.09.07 05:47:16.310,1.28444,1.28453,1.50,1.00
2016.09.07 05:47:16.412,1.28444,1.28453,1.00,1.00
2016.09.07 05:47:16.741,1.28445,1.28453,1.00,1.00
2016.09.07 05:47:16.845,1.28444,1.28453,1.12,1.00
2016.09.07 05:47:16.947,1.28444,1.28453,1.87,1.00
2016.09.07 05:47:16.998,1.28444,1.28453,1.50,1.00
2016.09.07 05:47:17.305,1.28445,1.28453,1.00,1.00
2016.09.07 05:47:17.882,1.28446,1.28455,1.00,1.00
2016.09.07 05:47:17.933,1.28446,1.28455,1.50,1.00
2016.09.07 05:47:17.984,1.28446,1.28458,1.50,1.95
2016.09.07 05:47:18.035,1.28446,1.28458,1.50,1.87
2016.09.07 05:47:18.086,1.28446,1.28458,1.87,1.50
2016.09.07 05:47:18.138,1.28446,1.28458,1.12,1.50
2016.09.07 05:47:18.189,1.28446,1.28457,1.00,1.00
2016.09.07 05:47:18.620,1.28445,1.28456,1.87,1.00
2016.09.07 05:47:18.672,1.28446,1.28455,1.00,1.00
2016.09.07 05:47:18.723,1.28446,1.28455,1.00,1.50
2016.09.07 05:47:18.774,1.28446,1.28455,1.00,1.87
2016.09.07 05:47:18.878,1.28446,1.28455,1.00,1.50
2016.09.07 05:47:18.977,1.28445,1.28455,1.00,1.12
2016.09.07 05:47:19.029,1.28444,1.28455,1.95,1.12
2016.09.07 05:47:19.080,1.28444,1.28455,1.95,1.00
2016.09.07 05:47:19.131,1.28445,1.28455,1.00,1.00
2016.09.07 05:47:19.234,1.28444,1.28453,1.12,1.00
2016.09.07 05:47:19.285,1.28443,1.2845,1.87,1.00
2016.09.07 05:47:19.400,1.28443,1.28448,1.00,1.00
2016.09.07 05:47:19.606,1.28443,1.28448,1.12,1.00
2016.09.07 05:47:19.708,1.28443,1.28448,1.87,1.00
2016.09.07 05:47:19.811,1.28443,1.28449,1.50,1.00
2016.09.07 05:47:19.913,1.28443,1.28449,1.87,1.00
2016.09.07 05:47:20.016,1.28443,1.28449,1.50,1.00
2016.09.07 05:47:20.118,1.28443,1.28449,1.00,1.00
2016.09.07 05:47:20.392,1.28443,1.28449,1.87,1.00
2016.09.07 05:47:20.444,1.28444,1.28449,1.00,1.00
2016.09.07 05:47:20.597,1.28444,1.2845,1.50,1.00
2016.09.07 05:47:20.700,1.28444,1.2845,1.00,1.00
2016.09.07 05:47:21.226,1.28444,1.28449,1.00,1.00
2016.09.07 05:47:22.277,1.28445,1.28454,1.00,1.00
2016.09.07 05:47:22.328,1.28446,1.28454,1.00,1.00
2016.09.07 05:47:22.425,1.28444,1.28454,1.50,1.00
2016.09.07 05:47:22.477,1.28444,1.2845,1.12,1.00
2016.09.07 05:47:22.560,1.28444,1.2845,1.00,1.00
2016.09.07 05:47:22.611,1.28443,1.2845,3.00,1.00
2016.09.07 05:47:22.815,1.28444,1.2845,1.00,1.00
2016.09.07 05:47:22.866,1.28444,1.2845,1.00,1.00
2016.09.07 05:47:22.917,1.28443,1.2845,3.00,1.00
2016.09.07 05:47:23.019,1.28443,1.2845,1.87,1.00
2016.09.07 05:47:23.070,1.28443,1.2845,1.50,1.00
2016.09.07 05:47:23.121,1.28443,1.2845,1.87,1.00
2016.09.07 05:47:24.338,1.28443,1.2845,1.50,1.00
2016.09.07 05:47:24.440,1.28443,1.2845,1.87,1.00
2016.09.07 05:47:24.730,1.28443,1.2845,2.62,1.00
2016.09.07 05:47:24.950,1.28443,1.2845,2.25,1.00
2016.09.07 05:47:25.103,1.28443,1.2845,1.50,1.00
2016.09.07 05:47:25.154,1.28442,1.2845,3.45,1.00
2016.09.07 05:47:25.205,1.28441,1.28447,1.00,1.00
2016.09.07 05:47:25.257,1.2844,1.28447,2.70,1.00
2016.09.07 05:47:25.359,1.28441,1.28447,1.00,1.00
2016.09.07 05:47:25.410,1.28441,1.28445,1.00,1.00
2016.09.07 05:47:25.461,1.2844,1.28445,1.87,1.00
2016.09.07 05:47:25.512,1.2844,1.28446,1.50,1.00
2016.09.07 05:47:25.614,1.2844,1.28444,1.00,1.00
2016.09.07 05:47:26.124,1.2844,1.28445,1.00,1.00
2016.09.07 05:47:26.378,1.2844,1.28449,1.37,1.50
2016.09.07 05:47:26.429,1.28439,1.28451,3.00,1.12
2016.09.07 05:47:26.480,1.28441,1.28451,1.00,1.50
2016.09.07 05:47:26.532,1.28442,1.28451,1.00,1.50
2016.09.07 05:47:26.736,1.28442,1.28451,1.00,1.50
2016.09.07 05:47:26.787,1.28441,1.28452,1.12,2.25
2016.09.07 05:47:26.838,1.28441,1.28452,1.12,2.62
2016.09.07 05:47:26.946,1.2844,1.28451,1.00,1.12
2016.09.07 05:47:27.150,1.28441,1.28452,1.00,3.37
2016.09.07 05:47:27.354,1.2844,1.28451,1.00,1.12
2016.09.07 05:47:27.405,1.2844,1.28451,1.00,1.12
2016.09.07 05:47:27.488,1.2844,1.28452,1.00,3.45
2016.09.07 05:47:27.793,1.2844,1.28451,1.00,1.12
2016.09.07 05:47:28.058,1.2844,1.28451,1.00,1.12
2016.09.07 05:47:28.388,1.2844,1.28451,1.00,1.12
2016.09.07 05:47:28.490,1.2844,1.28451,1.10,1.00
2016.09.07 05:47:28.541,1.28441,1.28451,1.00,1.12
2016.09.07 05:47:28.593,1.28441,1.28451,1.00,1.00
2016.09.07 05:47:28.644,1.28441,1.28452,1.00,2.62
2016.09.07 05:47:29.286,1.28441,1.28452,1.00,2.62
2016.09.07 05:47:29.441,1.2844,1.28452,1.00,1.87
2016.09.07 05:47:30.252,1.2844,1.28452,1.00,1.87
2016.09.07 05:47:30.354,1.28439,1.28452,2.62,2.62
2016.09.07 05:47:30.456,1.28441,1.28452,1.00,2.62
2016.09.07 05:47:30.634,1.28439,1.2845,2.25,1.12
2016.09.07 05:47:30.687,1.28439,1.2845,2.62,1.00
2016.09.07 05:47:30.738,1.28439,1.28449,3.00,1.00
2016.09.07 05:47:31.659,1.2844,1.2845,1.12,1.00
2016.09.07 05:47:32.251,1.28439,1.28451,3.00,1.00
2016.09.07 05:47:32.455,1.28439,1.28451,2.25,1.50
2016.09.07 05:47:32.506,1.28439,1.2845,2.25,1.00
2016.09.07 05:47:32.557,1.28439,1.2845,2.25,1.50
2016.09.07 05:47:32.608,1.28439,1.2845,1.87,1.87
2016.09.07 05:47:32.659,1.28439,1.28448,2.25,1.00
2016.09.07 05:47:32.750,1.28439,1.28446,1.50,1.00
2016.09.07 05:47:32.802,1.28438,1.28445,1.00,1.00
2016.09.07 05:47:32.854,1.28435,1.28445,3.45,1.00
2016.09.07 05:47:32.906,1.28436,1.28445,1.50,1.00
2016.09.07 05:47:32.958,1.28436,1.28445,1.12,1.00
2016.09.07 05:47:33.636,1.28436,1.28445,1.87,1.00
2016.09.07 05:47:33.739,1.28436,1.28445,1.12,1.00
2016.09.07 05:47:33.940,1.28436,1.28445,1.87,1.00
2016.09.07 05:47:34.563,1.28436,1.28445,1.12,1.00
2016.09.07 05:47:34.868,1.28437,1.28445,1.00,1.00
2016.09.07 05:47:34.970,1.28436,1.28445,1.12,1.00
2016.09.07 05:47:35.764,1.28437,1.28445,1.00,1.00
2016.09.07 05:47:35.816,1.28437,1.28446,1.00,1.50
2016.09.07 05:47:36.231,1.28437,1.28446,1.00,1.00
2016.09.07 05:47:36.383,1.28435,1.28444,2.62,1.00
2016.09.07 05:47:36.434,1.28435,1.28444,2.25,1.00
2016.09.07 05:47:36.536,1.28435,1.28444,2.62,1.00
2016.09.07 05:47:36.638,1.28435,1.28444,3.37,1.00
2016.09.07 05:47:36.942,1.28435,1.28444,2.62,1.00
2016.09.07 05:47:37.368,1.28435,1.28444,2.25,1.00
2016.09.07 05:47:37.532,1.28434,1.28444,1.00,1.00
2016.09.07 05:47:37.596,1.28434,1.28444,1.12,1.00
2016.09.07 05:47:37.749,1.28434,1.28444,1.87,1.00
2016.09.07 05:47:37.952,1.28434,1.28443,1.12,1.00
2016.09.07 05:47:38.220,1.28435,1.28443,1.00,1.00
2016.09.07 05:47:38.722,1.28436,1.28443,1.00,1.00
2016.09.07 05:47:39.380,1.28436,1.2844,1.00,1.00
2016.09.07 05:47:39.638,1.28435,1.2844,1.50,1.00
2016.09.07 05:47:39.740,1.28435,1.2844,2.25,1.00
2016.09.07 05:47:39.791,1.28435,1.2844,1.87,1.00
2016.09.07 05:47:39.842,1.28435,1.2844,1.50,1.00
2016.09.07 05:47:40.402,1.28435,1.2844,1.87,1.00
2016.09.07 05:47:40.454,1.28435,1.2844,2.62,1.00
2016.09.07 05:47:40.505,1.28435,1.2844,2.25,1.00
2016.09.07 05:47:40.640,1.28436,1.2844,1.00,1.00
2016.09.07 05:47:40.691,1.28436,1.2844,1.00,1.00
2016.09.07 05:47:40.876,1.28436,1.2844,1.00,1.00
2016.09.07 05:47:41.080,1.28436,1.28441,1.00,1.00
2016.09.07 05:47:41.233,1.28436,1.28441,1.12,1.00
2016.09.07 05:47:41.284,1.28436,1.28444,1.50,1.00
2016.09.07 05:47:41.335,1.28436,1.28444,1.00,1.00
2016.09.07 05:47:41.386,1.28436,1.28444,1.00,1.00
2016.09.07 05:47:41.538,1.28436,1.28444,1.00,1.00
2016.09.07 05:47:42.325,1.28436,1.28444,1.87,1.00
2016.09.07 05:47:42.528,1.28436,1.28444,1.50,1.00
2016.09.07 05:47:42.732,1.28436,1.28444,1.00,1.00
2016.09.07 05:47:42.834,1.28436,1.28445,1.50,1.50
2016.09.07 05:47:42.885,1.28437,1.28445,1.50,1.00
2016.09.07 05:47:42.987,1.28437,1.28445,1.00,1.00
2016.09.07 05:47:43.103,1.28438,1.28445,1.00,1.00
2016.09.07 05:47:43.154,1.28438,1.28445,1.50,1.00
2016.09.07 05:47:43.205,1.28438,1.28445,1.50,1.00
2016.09.07 05:47:43.257,1.28437,1.28445,1.50,1.00
2016.09.07 05:47:43.311,1.28437,1.28445,1.87,1.00
2016.09.07 05:47:43.363,1.28437,1.28443,2.25,1.00
2016.09.07 05:47:43.414,1.28437,1.28443,1.12,1.00
2016.09.07 05:47:43.468,1.28437,1.28443,1.00,1.00
2016.09.07 05:47:43.571,1.28437,1.28443,1.50,1.00
2016.09.07 05:47:43.726,1.28437,1.28443,1.87,1.00
2016.09.07 05:47:43.943,1.28438,1.28443,1.00,1.00
2016.09.07 05:47:44.360,1.28437,1.28443,2.25,1.00
2016.09.07 05:47:44.462,1.28437,1.28443,1.37,1.00
2016.09.07 05:47:44.615,1.28436,1.28443,1.87,1.00
2016.09.07 05:47:44.666,1.28436,1.28443,1.00,1.00
2016.09.07 05:47:44.717,1.28436,1.28443,1.37,1.00
2016.09.07 05:47:44.768,1.28435,1.28443,2.44,1.00
2016.09.07 05:47:44.819,1.28436,1.28443,1.00,1.00
2016.09.07 05:47:44.870,1.28435,1.28443,1.87,1.00
2016.09.07 05:47:45.023,1.28436,1.28443,1.00,1.00
2016.09.07 05:47:45.209,1.28435,1.28443,2.06,1.00
2016.09.07 05:47:45.363,1.28436,1.28443,1.00,1.00
2016.09.07 05:47:45.414,1.28436,1.28443,1.37,1.00
2016.09.07 05:47:45.465,1.28435,1.28443,2.25,1.00
2016.09.07 05:47:45.567,1.28436,1.28443,1.50,1.00
2016.09.07 05:47:45.618,1.28436,1.28443,1.12,1.00
2016.09.07 05:47:45.771,1.28436,1.28443,1.00,1.00
2016.09.07 05:47:46.170,1.28436,1.28443,1.50,1.00
2016.09.07 05:47:46.374,1.28436,1.28443,1.87,1.00
2016.09.07 05:47:46.665,1.28436,1.28443,2.62,1.00
2016.09.07 05:47:46.766,1.28436,1.28443,1.50,1.00
2016.09.07 05:47:47.502,1.28436,1.28443,1.37,1.00
2016.09.07 05:47:47.604,1.28436,1.28443,1.00,1.00
2016.09.07 05:47:47.706,1.28436,1.28443,1.50,1.00
2016.09.07 05:47:47.875,1.28436,1.28443,2.62,1.00
2016.09.07 05:47:47.926,1.28436,1.28443,2.25,1.00
2016.09.07 05:47:47.977,1.28436,1.28443,1.87,1.00
2016.09.07 05:47:48.130,1.28436,1.28441,2.25,1.00
2016.09.07 05:47:48.181,1.28436,1.28441,2.62,1.00
2016.09.07 05:47:48.283,1.28436,1.28441,2.25,1.00
2016.09.07 05:47:48.773,1.28436,1.28441,1.87,1.00
2016.09.07 05:47:49.645,1.28436,1.28441,2.25,1.00
2016.09.07 05:47:50.855,1.28436,1.28441,1.12,1.00
2016.09.07 05:47:50.979,1.28435,1.2844,1.50,1.00
2016.09.07 05:47:51.030,1.28434,1.2844,2.25,1.00
2016.09.07 05:47:51.081,1.28434,1.2844,1.12,1.00
2016.09.07 05:47:51.234,1.28434,1.2844,1.00,1.00
2016.09.07 05:47:51.336,1.28433,1.28441,1.87,1.00
2016.09.07 05:47:51.387,1.28433,1.28441,1.50,1.00
2016.09.07 05:47:51.438,1.28434,1.28441,1.00,1.00
2016.09.07 05:47:51.540,1.28434,1.28441,1.12,1.00
2016.09.07 05:47:53.036,1.28433,1.28441,1.12,1.00
2016.09.07 05:47:53.139,1.28433,1.28441,1.12,1.00
2016.09.07 05:47:53.241,1.28433,1.28441,1.50,1.00
2016.09.07 05:47:53.292,1.28433,1.28441,2.25,1.00
2016.09.07 05:47:53.343,1.28433,1.28441,1.87,1.00
2016.09.07 05:47:53.597,1.28433,1.28441,1.37,1.00
2016.09.07 05:47:53.873,1.28433,1.28441,1.00,1.00
2016.09.07 05:47:53.962,1.28433,1.28441,1.00,1.00
2016.09.07 05:47:54.013,1.28433,1.28441,1.12,1.00
2016.09.07 05:47:54.064,1.28433,1.28441,1.87,1.00
2016.09.07 05:47:54.267,1.28433,1.2844,1.12,1.00
2016.09.07 05:47:54.757,1.28433,1.2844,1.00,1.00
2016.09.07 05:47:54.877,1.28433,1.2844,1.50,1.00
2016.09.07 05:47:55.412,1.28433,1.28439,1.50,1.00
2016.09.07 05:47:55.861,1.28433,1.28439,1.87,1.00
2016.09.07 05:47:56.091,1.28433,1.28439,1.12,1.00
2016.09.07 05:47:56.143,1.28432,1.2844,2.62,1.00
2016.09.07 05:47:56.246,1.2843,1.2844,2.32,2.25
2016.09.07 05:47:56.298,1.28428,1.28438,1.50,1.00
2016.09.07 05:47:56.350,1.28428,1.28438,1.12,1.00
2016.09.07 05:47:56.453,1.28427,1.28438,2.25,1.00
2016.09.07 05:47:56.504,1.28428,1.28437,1.12,1.00
2016.09.07 05:47:56.606,1.28427,1.28439,3.37,1.00
2016.09.07 05:47:56.658,1.28427,1.28439,4.50,1.00
2016.09.07 05:47:56.709,1.28427,1.28437,4.87,1.00
2016.09.07 05:47:56.760,1.28427,1.28437,5.62,1.00
2016.09.07 05:47:56.892,1.28427,1.28439,5.62,1.00
2016.09.07 05:47:56.945,1.28427,1.28439,4.87,1.00
2016.09.07 05:47:56.996,1.28427,1.28438,4.12,1.00
2016.09.07 05:47:57.165,1.28427,1.28438,3.37,1.50
2016.09.07 05:47:57.522,1.28427,1.28438,3.37,1.50
2016.09.07 05:47:58.625,1.2843,1.28438,1.27,1.50
2016.09.07 05:47:58.677,1.2843,1.28441,2.02,1.37
2016.09.07 05:47:58.728,1.2843,1.28441,1.85,1.00
2016.09.07 05:47:58.852,1.28432,1.28442,1.12,1.12
2016.09.07 05:47:58.903,1.28432,1.28442,1.12,1.00
2016.09.07 05:47:58.979,1.28432,1.28442,1.37,1.00
2016.09.07 05:47:59.031,1.28433,1.28442,1.00,1.00
2016.09.07 05:47:59.133,1.28432,1.28442,1.37,1.00
2016.09.07 05:47:59.184,1.28431,1.28442,3.07,1.00
2016.09.07 05:47:59.236,1.28431,1.28442,3.07,1.00
2016.09.07 05:47:59.302,1.28431,1.28439,3.07,1.50
2016.09.07 05:47:59.354,1.28431,1.28437,1.57,1.00
2016.09.07 05:47:59.405,1.28429,1.28437,2.62,1.00
2016.09.07 05:47:59.457,1.28428,1.28437,2.62,1.00
2016.09.07 05:47:59.508,1.28429,1.28436,1.00,1.00
2016.09.07 05:47:59.559,1.28427,1.28436,2.32,1.00
2016.09.07 05:47:59.654,1.28425,1.28436,3.37,1.00
2016.09.07 05:47:59.756,1.28425,1.28436,4.12,1.00
2016.09.07 05:47:59.870,1.28425,1.28436,3.37,1.00
2016.09.07 05:48:00.378,1.28425,1.28436,2.62,1.00
2016.09.07 05:48:01.337,1.28425,1.28436,3.37,1.00
2016.09.07 05:48:02.785,1.28425,1.28436,3.00,1.00
2016.09.07 05:48:04.181,1.28425,1.28437,2.25,1.87
2016.09.07 05:48:04.335,1.28425,1.28437,1.50,1.12
2016.09.07 05:48:04.386,1.28425,1.28437,1.50,1.50
2016.09.07 05:48:04.540,1.28425,1.28437,1.50,1.87
2016.09.07 05:48:05.331,1.28425,1.28437,1.50,1.50
2016.09.07 05:48:05.419,1.28425,1.28437,1.50,1.12
2016.09.07 05:48:06.234,1.28425,1.28437,2.25,1.87
2016.09.07 05:48:06.286,1.28425,1.28434,2.25,1.00
2016.09.07 05:48:06.337,1.28422,1.28434,2.70,2.25
2016.09.07 05:48:06.388,1.28422,1.28431,2.70,1.00
2016.09.07 05:48:06.439,1.2842,1.28431,4.50,1.00
2016.09.07 05:48:06.490,1.2842,1.28431,3.75,1.00
2016.09.07 05:48:06.541,1.2842,1.2843,1.50,1.00
2016.09.07 05:48:06.593,1.28419,1.2843,1.75,1.50
2016.09.07 05:48:06.644,1.28419,1.2843,1.75,1.00
2016.09.07 05:48:06.695,1.28419,1.28431,1.12,2.62
2016.09.07 05:48:06.746,1.28418,1.28431,1.87,2.62
2016.09.07 05:48:06.848,1.28418,1.28431,3.00,2.62
2016.09.07 05:48:06.949,1.28418,1.28431,1.87,2.62
2016.09.07 05:48:07.289,1.28418,1.28431,2.62,1.87
2016.09.07 05:48:07.340,1.28419,1.28431,1.37,1.50
2016.09.07 05:48:07.392,1.28419,1.2843,1.87,1.00
2016.09.07 05:48:08.528,1.28419,1.2843,1.87,1.00
2016.09.07 05:48:08.580,1.28419,1.2843,1.87,1.50
2016.09.07 05:48:09.797,1.28419,1.28429,1.12,1.00
2016.09.07 05:48:09.848,1.28419,1.28429,1.75,1.00
2016.09.07 05:48:09.949,1.28419,1.28429,1.12,1.00
2016.09.07 05:48:10.547,1.28418,1.28429,1.57,1.00
2016.09.07 05:48:10.598,1.28418,1.28429,1.57,1.50
2016.09.07 05:48:10.751,1.28418,1.28429,1.57,1.50
2016.09.07 05:48:11.384,1.28418,1.28428,1.57,1.00
2016.09.07 05:48:11.435,1.28418,1.28428,2.70,1.00
2016.09.07 05:48:11.537,1.28418,1.28428,1.57,1.00
2016.09.07 05:48:11.690,1.28418,1.28428,1.57,1.00
2016.09.07 05:48:11.894,1.28418,1.28429,1.57,1.50
2016.09.07 05:48:12.566,1.28418,1.28429,1.57,1.00
2016.09.07 05:48:12.664,1.28418,1.28429,1.57,1.50
2016.09.07 05:48:14.658,1.28418,1.28429,3.07,1.50
2016.09.07 05:48:14.709,1.28418,1.28429,3.00,1.50
2016.09.07 05:48:16.460,1.28418,1.28429,1.50,1.50
2016.09.07 05:48:16.561,1.28418,1.28429,3.00,1.50
2016.09.07 05:48:16.612,1.28418,1.28428,3.00,1.00
2016.09.07 05:48:17.250,1.28418,1.28428,1.50,1.00
2016.09.07 05:48:17.301,1.28419,1.28429,1.37,1.00
2016.09.07 05:48:17.403,1.28418,1.2843,2.25,1.00
2016.09.07 05:48:17.563,1.28418,1.2843,2.32,1.00
2016.09.07 05:48:21.244,1.28418,1.2843,3.82,1.00
2016.09.07 05:48:23.677,1.28418,1.2843,2.32,1.00
2016.09.07 05:48:23.729,1.28418,1.2843,1.57,1.00
2016.09.07 05:48:23.780,1.28418,1.2843,3.07,1.00
2016.09.07 05:48:23.868,1.28418,1.28429,1.57,1.87
2016.09.07 05:48:23.920,1.28418,1.28428,1.57,1.00
2016.09.07 05:48:23.988,1.28418,1.28428,1.12,1.00
2016.09.07 05:48:24.838,1.28419,1.28428,1.00,1.00
2016.09.07 05:48:25.194,1.28419,1.28428,1.12,1.00
2016.09.07 05:48:25.296,1.28419,1.28428,1.00,1.00
2016.09.07 05:48:25.784,1.28419,1.28428,1.00,1.00
2016.09.07 05:48:25.990,1.28419,1.28428,1.12,1.00
2016.09.07 05:48:26.042,1.28419,1.28428,1.50,1.00
2016.09.07 05:48:26.093,1.28419,1.28428,1.12,1.00
2016.09.07 05:48:26.144,1.28419,1.28428,1.00,1.00
2016.09.07 05:48:26.195,1.28419,1.28428,1.37,1.00
2016.09.07 05:48:26.465,1.28419,1.28428,1.00,1.00
2016.09.07 05:48:26.568,1.28419,1.28429,1.37,1.00
2016.09.07 05:48:26.669,1.28419,1.28429,1.50,1.00
2016.09.07 05:48:26.772,1.28419,1.28429,1.12,1.00
2016.09.07 05:48:26.824,1.28419,1.28429,1.12,1.50
2016.09.07 05:48:26.875,1.28419,1.28429,1.12,1.50
2016.09.07 05:48:27.366,1.28419,1.28429,1.12,1.50
2016.09.07 05:48:27.520,1.28419,1.28429,1.12,1.00
2016.09.07 05:48:28.519,1.28419,1.2843,1.12,1.87
2016.09.07 05:48:28.621,1.28419,1.28429,1.12,1.00
2016.09.07 05:48:30.098,1.28419,1.28429,1.12,1.00
2016.09.07 05:48:30.149,1.28419,1.2843,1.12,1.87
2016.09.07 05:48:30.200,1.28419,1.2843,1.12,2.62
2016.09.07 05:48:30.302,1.28419,1.2843,1.12,2.62
2016.09.07 05:48:31.301,1.28419,1.2843,1.12,1.87
2016.09.07 05:48:34.130,1.28419,1.2843,1.12,2.62
2016.09.07 05:48:39.794,1.28419,1.28429,1.12,1.00
2016.09.07 05:48:40.767,1.28419,1.2843,1.12,1.87
2016.09.07 05:48:42.706,1.28419,1.2843,1.00,1.50
2016.09.07 05:48:43.076,1.28417,1.2843,4.57,1.50
2016.09.07 05:48:49.656,1.28419,1.28431,1.00,1.12
2016.09.07 05:48:49.707,1.2842,1.28432,1.37,1.50
2016.09.07 05:48:49.759,1.28422,1.28432,1.12,1.12
2016.09.07 05:48:49.810,1.28422,1.28432,1.12,1.00
2016.09.07 05:48:49.862,1.2842,1.28432,1.75,1.50
2016.09.07 05:48:49.990,1.28421,1.28431,1.00,1.00
2016.09.07 05:48:50.042,1.28419,1.28431,3.45,1.12
2016.09.07 05:48:50.093,1.28419,1.28431,1.57,1.12
2016.09.07 05:48:51.228,1.28419,1.28431,1.57,1.00
2016.09.07 05:48:51.280,1.28421,1.28431,1.00,1.00
2016.09.07 05:48:51.686,1.28419,1.2843,3.45,1.00
2016.09.07 05:48:52.201,1.28419,1.28431,3.45,1.00
2016.09.07 05:48:54.144,1.28419,1.28431,3.45,1.00
2016.09.07 05:48:54.246,1.28419,1.28431,3.45,1.00
2016.09.07 05:48:54.400,1.28419,1.28431,2.70,1.00
2016.09.07 05:48:54.451,1.28419,1.28431,2.70,1.00
2016.09.07 05:48:54.661,1.28419,1.28431,3.45,1.00
2016.09.07 05:48:54.763,1.2842,1.28432,1.50,2.62
2016.09.07 05:48:54.814,1.28419,1.28432,4.20,3.37
2016.09.07 05:48:54.865,1.28419,1.28431,3.45,1.00
2016.09.07 05:48:54.916,1.28419,1.28431,3.45,1.00
2016.09.07 05:48:54.967,1.28419,1.28431,3.45,1.00
2016.09.07 05:48:55.069,1.28419,1.28431,3.45,1.50
2016.09.07 05:48:55.170,1.28419,1.28431,3.37,1.50
2016.09.07 05:48:55.609,1.28419,1.2843,3.37,1.00
2016.09.07 05:48:55.712,1.28419,1.2843,3.37,1.00
2016.09.07 05:48:55.864,1.28419,1.2843,3.37,1.00
2016.09.07 05:48:55.966,1.28419,1.2843,3.37,1.00
2016.09.07 05:48:56.119,1.2842,1.2843,1.50,1.00
2016.09.07 05:49:00.187,1.2842,1.2843,2.25,1.00
2016.09.07 05:49:00.289,1.2842,1.2843,1.50,1.00
2016.09.07 05:49:01.982,1.28421,1.28431,1.12,1.00
2016.09.07 05:49:02.135,1.28421,1.28431,1.50,1.00
2016.09.07 05:49:03.028,1.28421,1.28432,1.50,1.00
2016.09.07 05:49:07.691,1.28421,1.28432,1.50,1.12
2016.09.07 05:49:07.989,1.28421,1.28432,1.50,1.00
2016.09.07 05:49:12.704,1.28421,1.28432,1.50,1.00
2016.09.07 05:49:12.806,1.28421,1.28432,1.50,1.12
2016.09.07 05:49:12.857,1.28421,1.28432,1.00,1.12
2016.09.07 05:49:13.706,1.28421,1.28432,1.00,1.37
2016.09.07 05:49:14.474,1.28421,1.28432,1.00,1.12
2016.09.07 05:49:14.525,1.28421,1.28432,1.00,1.50
2016.09.07 05:49:14.677,1.28421,1.28432,1.00,1.00
2016.09.07 05:49:14.728,1.28421,1.28433,1.00,2.25
2016.09.07 05:49:14.779,1.28421,1.28433,1.00,1.50
2016.09.07 05:49:14.982,1.28421,1.28433,1.00,2.25
2016.09.07 05:49:15.151,1.28421,1.28433,1.50,3.00
2016.09.07 05:49:15.660,1.28421,1.28433,1.50,2.25
2016.09.07 05:49:15.711,1.28422,1.28433,1.00,1.50
2016.09.07 05:49:15.761,1.28422,1.28433,1.00,2.25
2016.09.07 05:49:15.812,1.28421,1.28433,2.25,2.25
2016.09.07 05:49:16.591,1.28421,1.28433,1.50,2.25
2016.09.07 05:49:16.693,1.28421,1.28433,1.00,3.00
2016.09.07 05:49:16.794,1.28421,1.28433,1.00,1.50
2016.09.07 05:49:17.682,1.28421,1.28433,1.00,2.25
2016.09.07 05:49:17.732,1.28422,1.28433,1.00,2.25
2016.09.07 05:49:17.783,1.28422,1.28433,1.00,1.50
2016.09.07 05:49:17.834,1.28421,1.2843,1.50,1.00
2016.09.07 05:49:17.885,1.28421,1.2843,1.00,1.00
2016.09.07 05:49:19.232,1.2842,1.2843,1.37,1.00
2016.09.07 05:49:19.283,1.2842,1.2843,1.12,1.00
2016.09.07 05:49:19.672,1.28419,1.2843,2.25,1.00
2016.09.07 05:49:19.774,1.28419,1.2843,3.00,1.00
2016.09.07 05:49:21.327,1.28419,1.2843,3.07,1.00
2016.09.07 05:49:21.378,1.28419,1.2843,2.32,1.00
2016.09.07 05:49:21.480,1.2842,1.2843,1.12,1.00
2016.09.07 05:49:22.763,1.2842,1.2843,1.50,1.00
2016.09.07 05:49:22.815,1.28421,1.2843,1.12,1.00
2016.09.07 05:49:24.960,1.28421,1.28432,1.12,1.12
2016.09.07 05:49:27.207,1.28421,1.28432,1.12,1.12
2016.09.07 05:49:27.411,1.28421,1.28432,1.12,1.12
2016.09.07 05:49:27.513,1.2842,1.28432,1.50,1.12
2016.09.07 05:49:27.564,1.2842,1.28432,1.50,1.00
2016.09.07 05:49:27.616,1.2842,1.28431,1.50,1.00
2016.09.07 05:49:28.097,1.2842,1.28431,2.25,1.00
2016.09.07 05:49:29.371,1.2842,1.28431,2.62,1.00
2016.09.07 05:49:29.676,1.2842,1.28431,3.37,1.00
2016.09.07 05:49:29.727,1.2842,1.28433,2.62,2.62
2016.09.07 05:49:29.779,1.2842,1.28432,2.62,1.00
2016.09.07 05:49:30.303,1.28423,1.28432,1.00,1.00
2016.09.07 05:49:30.354,1.28423,1.28432,1.50,1.00
2016.09.07 05:49:30.405,1.28425,1.28435,1.12,1.50
2016.09.07 05:49:30.507,1.28426,1.28435,1.00,1.12
2016.09.07 05:49:30.559,1.28426,1.28435,1.00,1.00
2016.09.07 05:49:30.712,1.28426,1.28435,1.12,1.00
2016.09.07 05:49:30.810,1.28424,1.28436,3.75,1.12
2016.09.07 05:49:30.861,1.28425,1.28436,1.50,1.12
2016.09.07 05:49:30.912,1.28426,1.28436,1.00,1.12
2016.09.07 05:49:31.117,1.28426,1.28436,1.12,1.12
2016.09.07 05:49:31.219,1.28426,1.28436,1.00,1.12
2016.09.07 05:49:31.475,1.28426,1.28436,1.12,1.87
2016.09.07 05:49:31.527,1.28425,1.28436,1.50,1.87
2016.09.07 05:49:31.578,1.28425,1.28436,1.00,1.87
2016.09.07 05:49:32.361,1.28425,1.28436,1.00,1.12
2016.09.07 05:49:32.819,1.28425,1.28436,1.87,1.87
2016.09.07 05:49:35.071,1.28425,1.28436,1.87,2.25
2016.09.07 05:49:35.172,1.28425,1.28436,1.87,1.87
2016.09.07 05:49:35.223,1.28425,1.28436,1.50,1.87
2016.09.07 05:49:35.338,1.28425,1.28436,1.00,2.62
2016.09.07 05:49:35.389,1.28424,1.28435,2.62,1.50
2016.09.07 05:49:35.440,1.28424,1.28435,2.25,1.37
2016.09.07 05:49:35.491,1.28424,1.28435,2.25,1.00
2016.09.07 05:49:35.542,1.28424,1.28435,2.25,1.12
2016.09.07 05:49:35.594,1.28424,1.28435,2.25,1.12
2016.09.07 05:49:35.748,1.28424,1.28435,2.25,1.00
2016.09.07 05:49:35.799,1.28425,1.28436,1.00,3.00
2016.09.07 05:49:35.850,1.28425,1.28436,1.00,2.62
2016.09.07 05:49:35.952,1.28425,1.28435,1.00,1.00
2016.09.07 05:49:36.004,1.28425,1.28435,1.37,1.00
2016.09.07 05:49:36.106,1.28425,1.28434,1.00,1.00
2016.09.07 05:49:36.288,1.28424,1.28434,1.50,1.00
2016.09.07 05:49:36.392,1.28424,1.28434,1.75,1.00
2016.09.07 05:49:36.494,1.28424,1.28435,1.50,1.50
2016.09.07 05:49:36.647,1.28424,1.28435,1.50,1.12
2016.09.07 05:49:36.698,1.28424,1.28436,1.75,2.25
2016.09.07 05:49:36.749,1.28424,1.28436,1.75,1.87
2016.09.07 05:49:36.800,1.28425,1.28436,1.50,2.62
2016.09.07 05:49:37.467,1.28425,1.28436,1.50,2.62
2016.09.07 05:49:37.518,1.28425,1.28436,1.50,2.62
2016.09.07 05:49:37.569,1.28425,1.28436,1.50,2.25
2016.09.07 05:49:39.136,1.28425,1.28436,1.50,2.62
2016.09.07 05:49:39.187,1.28425,1.28436,1.50,3.00
2016.09.07 05:49:39.390,1.28424,1.28436,3.00,1.87
2016.09.07 05:49:42.497,1.28424,1.28436,3.00,2.25
2016.09.07 05:49:42.548,1.28424,1.28434,3.00,1.00
2016.09.07 05:49:42.753,1.28424,1.28434,3.00,1.12
2016.09.07 05:49:43.211,1.28424,1.28434,3.00,1.00
2016.09.07 05:49:43.262,1.28424,1.28436,3.00,1.87
2016.09.07 05:49:46.845,1.28424,1.28436,1.50,2.62
2016.09.07 05:49:46.947,1.28424,1.28435,2.25,1.37
2016.09.07 05:49:46.998,1.28424,1.28435,2.62,1.00
2016.09.07 05:49:47.049,1.28424,1.28435,1.87,1.00
2016.09.07 05:49:47.100,1.28424,1.28436,1.87,2.70
2016.09.07 05:49:47.151,1.28424,1.28436,2.62,3.45
2016.09.07 05:49:47.202,1.28424,1.28434,2.62,1.00
2016.09.07 05:49:47.304,1.28424,1.28435,3.00,1.12
2016.09.07 05:49:47.406,1.28424,1.28435,2.62,1.12
2016.09.07 05:49:49.501,1.28424,1.28436,2.62,3.07
2016.09.07 05:49:49.603,1.28424,1.28436,3.37,3.07
2016.09.07 05:49:50.227,1.28424,1.28436,2.62,3.07
2016.09.07 05:49:51.328,1.28424,1.28436,3.37,2.32
2016.09.07 05:49:51.635,1.28425,1.28436,1.12,3.00
2016.09.07 05:49:52.846,1.28425,1.28436,1.12,2.25
2016.09.07 05:49:56.638,1.28425,1.28436,1.50,2.25
2016.09.07 05:49:56.839,1.28425,1.28436,1.12,2.62
2016.09.07 05:49:56.890,1.28425,1.28434,1.12,1.00
2016.09.07 05:49:57.392,1.28425,1.28435,1.12,1.00
2016.09.07 05:49:57.646,1.28425,1.28436,1.12,3.00
2016.09.07 05:49:57.748,1.28425,1.28436,1.12,2.62
2016.09.07 05:49:57.799,1.28425,1.28436,1.12,2.25
2016.09.07 05:49:57.850,1.28425,1.28436,1.12,1.87
2016.09.07 05:49:58.136,1.28424,1.28435,2.62,1.00
2016.09.07 05:49:58.340,1.28424,1.28436,2.62,2.25
2016.09.07 05:49:58.442,1.28424,1.28435,2.62,1.12
2016.09.07 05:49:58.594,1.28424,1.28435,1.87,1.12
2016.09.07 05:49:58.646,1.28424,1.28435,1.00,3.00
2016.09.07 05:49:58.697,1.28424,1.28435,1.00,3.37
2016.09.07 05:49:58.748,1.28424,1.28433,1.00,1.00
2016.09.07 05:49:58.799,1.28423,1.28433,1.12,1.00
2016.09.07 05:49:58.850,1.28423,1.28433,1.12,1.00
2016.09.07 05:49:58.901,1.28423,1.28433,1.12,1.00
2016.09.07 05:49:58.990,1.28423,1.28433,1.00,1.37
2016.09.07 05:49:59.129,1.28423,1.28433,1.00,1.00
2016.09.07 05:49:59.180,1.28423,1.28433,1.00,1.00
2016.09.07 05:49:59.231,1.28423,1.28433,1.87,1.00
2016.09.07 05:49:59.333,1.28423,1.28434,1.87,1.12
2016.09.07 05:49:59.435,1.28423,1.28435,1.50,2.70
2016.09.07 05:49:59.486,1.28423,1.28435,1.50,2.32
2016.09.07 05:49:59.537,1.28424,1.28435,1.00,1.95
2016.09.07 05:49:59.588,1.28424,1.28434,1.00,1.00
2016.09.07 05:49:59.639,1.28424,1.28434,1.50,1.00
2016.09.07 05:50:00.250,1.28424,1.28434,1.00,1.00
2016.09.07 05:50:01.647,1.28425,1.28434,1.00,1.00
2016.09.07 05:50:02.117,1.28424,1.28434,1.00,1.00
2016.09.07 05:50:02.259,1.28424,1.28434,1.00,1.00
2016.09.07 05:50:02.728,1.28424,1.28435,1.00,1.75
2016.09.07 05:50:03.513,1.28424,1.28435,1.00,2.25
2016.09.07 05:50:03.564,1.28424,1.28434,1.00,1.00
2016.09.07 05:50:03.615,1.28424,1.28435,1.00,1.87
2016.09.07 05:50:08.299,1.28424,1.28435,1.50,1.87
2016.09.07 05:50:08.675,1.28424,1.28435,1.50,2.25
2016.09.07 05:50:08.920,1.28424,1.28435,1.50,2.25
2016.09.07 05:50:08.972,1.28422,1.28426,1.20,1.00
2016.09.07 05:50:09.023,1.28421,1.28427,1.65,1.00
2016.09.07 05:50:09.074,1.2842,1.2843,1.12,1.50
2016.09.07 05:50:09.176,1.2842,1.28429,1.12,1.00
2016.09.07 05:50:09.227,1.28419,1.28429,1.50,1.00
2016.09.07 05:50:09.278,1.2842,1.2843,1.95,1.00
2016.09.07 05:50:09.329,1.2842,1.2843,4.05,1.00
2016.09.07 05:50:09.380,1.28423,1.28429,1.30,1.00
2016.09.07 05:50:09.482,1.28423,1.28431,1.30,1.00
2016.09.07 05:50:10.095,1.28422,1.28431,2.47,1.00
2016.09.07 05:50:10.147,1.28422,1.28431,2.10,1.12
2016.09.07 05:50:10.977,1.28424,1.28431,1.12,1.00
2016.09.07 05:50:11.181,1.28424,1.28433,1.12,1.12
2016.09.07 05:50:11.283,1.28424,1.28433,1.50,1.00
2016.09.07 05:50:13.056,1.28424,1.28433,1.00,1.00
2016.09.07 05:50:13.107,1.28424,1.28434,1.00,2.25
2016.09.07 05:50:13.158,1.28424,1.28434,1.50,2.25
2016.09.07 05:50:13.260,1.28424,1.28434,1.00,2.25
2016.09.07 05:50:15.110,1.28424,1.28433,1.00,1.00
2016.09.07 05:50:15.212,1.28424,1.28434,1.00,2.25
2016.09.07 05:50:15.524,1.28424,1.28433,1.00,1.00
2016.09.07 05:50:15.628,1.28424,1.28434,1.00,2.25
2016.09.07 05:50:18.075,1.28424,1.28434,1.50,2.25
2016.09.07 05:50:18.127,1.28424,1.28434,1.00,2.25
2016.09.07 05:50:18.178,1.28423,1.28434,2.25,2.62
2016.09.07 05:50:18.229,1.28423,1.28434,1.87,1.87
2016.09.07 05:50:18.280,1.28423,1.28434,2.47,1.87
2016.09.07 05:50:18.382,1.28424,1.28434,1.50,1.50
2016.09.07 05:50:18.589,1.28424,1.28434,1.00,1.00
2016.09.07 05:50:19.070,1.28424,1.28434,1.50,1.00
2016.09.07 05:50:19.121,1.28424,1.28435,1.50,2.62
2016.09.07 05:50:19.172,1.28424,1.28435,1.00,2.25
2016.09.07 05:50:19.223,1.28424,1.28435,1.00,2.25
2016.09.07 05:50:19.477,1.28424,1.28435,1.50,2.62
2016.09.07 05:50:20.654,1.28424,1.28435,1.00,2.25
2016.09.07 05:50:20.705,1.28424,1.28435,1.00,1.50
2016.09.07 05:50:20.807,1.28424,1.28435,1.00,1.00
2016.09.07 05:50:20.961,1.28424,1.28435,1.50,1.00
2016.09.07 05:50:21.031,1.28424,1.28435,1.50,1.50
2016.09.07 05:50:21.083,1.28424,1.28435,1.00,1.50
2016.09.07 05:50:21.207,1.28424,1.28434,1.00,1.50
2016.09.07 05:50:21.258,1.28423,1.28434,2.85,1.87
2016.09.07 05:50:21.309,1.28423,1.28433,2.47,1.00
2016.09.07 05:50:21.360,1.28423,1.28433,2.10,1.12
2016.09.07 05:50:21.411,1.28423,1.28434,1.50,2.25
2016.09.07 05:50:21.463,1.28423,1.28434,2.85,2.25
2016.09.07 05:50:21.565,1.28424,1.28434,1.12,1.87
2016.09.07 05:50:21.616,1.28424,1.28434,1.12,1.50
2016.09.07 05:50:22.180,1.28423,1.28434,3.60,1.50
2016.09.07 05:50:22.231,1.28423,1.28434,3.60,1.00
2016.09.07 05:50:22.282,1.28424,1.28434,1.12,1.00
2016.09.07 05:50:22.333,1.28424,1.28434,1.12,1.50
2016.09.07 05:50:22.800,1.28423,1.28434,3.22,1.00
2016.09.07 05:50:22.901,1.28423,1.28434,3.22,1.50
2016.09.07 05:50:23.056,1.28423,1.28434,2.62,1.50
2016.09.07 05:50:23.209,1.28423,1.28434,3.97,1.00
2016.09.07 05:50:23.361,1.28424,1.28434,1.12,1.00
2016.09.07 05:50:24.210,1.28424,1.28435,1.12,1.00
2016.09.07 05:50:24.263,1.28423,1.28435,3.37,1.00
2016.09.07 05:50:24.314,1.28423,1.28435,2.62,1.00
2016.09.07 05:50:24.365,1.28423,1.28435,1.87,1.00
2016.09.07 05:50:24.416,1.28423,1.28434,1.12,1.50
2016.09.07 05:50:24.467,1.28422,1.28434,3.22,1.50
2016.09.07 05:50:24.518,1.28422,1.28434,3.97,1.00
2016.09.07 05:50:24.620,1.28423,1.28434,1.30,1.00
2016.09.07 05:50:24.671,1.28423,1.28434,1.72,1.00
2016.09.07 05:50:24.940,1.28423,1.28434,1.12,1.00
2016.09.07 05:50:24.991,1.28422,1.28434,3.97,1.00
2016.09.07 05:50:25.042,1.28422,1.28434,4.72,1.00
2016.09.07 05:50:25.606,1.28423,1.28434,1.50,1.00
2016.09.07 05:50:26.100,1.28423,1.28434,2.10,1.00
2016.09.07 05:50:26.600,1.28423,1.28434,1.50,1.00
2016.09.07 05:50:26.871,1.28423,1.28434,2.10,1.00
2016.09.07 05:50:27.246,1.28423,1.28434,1.50,1.00
2016.09.07 05:50:27.596,1.28423,1.28434,2.10,1.00
2016.09.07 05:50:27.698,1.28424,1.28434,1.00,1.00
2016.09.07 05:50:28.779,1.28423,1.28434,1.50,1.00
2016.09.07 05:50:28.830,1.28423,1.28434,2.10,1.00
2016.09.07 05:50:28.933,1.28423,1.28434,1.50,1.00
2016.09.07 05:50:29.095,1.28423,1.28434,2.10,1.00
2016.09.07 05:50:29.146,1.28423,1.28434,2.85,1.00
2016.09.07 05:50:29.197,1.28424,1.28434,1.00,1.00
2016.09.07 05:50:29.299,1.28423,1.28434,1.50,1.00
2016.09.07 05:50:29.503,1.28423,1.28434,2.10,1.00
2016.09.07 05:50:29.605,1.28423,1.28434,1.50,1.00
2016.09.07 05:50:29.881,1.28424,1.28434,1.87,1.00
2016.09.07 05:50:29.933,1.28424,1.28436,3.60,1.12
2016.09.07 05:50:29.984,1.28424,1.28436,1.72,1.87
2016.09.07 05:50:30.035,1.28423,1.28435,3.00,1.00
2016.09.07 05:50:30.136,1.28423,1.28433,2.25,1.00
2016.09.07 05:50:30.187,1.28424,1.28433,1.00,1.00
2016.09.07 05:50:30.709,1.28423,1.28435,2.85,1.50
2016.09.07 05:50:30.936,1.28423,1.28435,2.25,1.50
2016.09.07 05:50:31.038,1.28423,1.28435,2.85,1.50
2016.09.07 05:50:31.140,1.28423,1.28435,2.10,1.50
2016.09.07 05:50:31.191,1.28424,1.28435,1.00,1.87
2016.09.07 05:50:31.293,1.28423,1.28435,2.10,1.87
2016.09.07 05:50:31.345,1.28423,1.28435,2.10,1.87
2016.09.07 05:50:31.506,1.28423,1.28435,1.50,1.87
2016.09.07 05:50:32.036,1.28423,1.28435,2.10,1.87
2016.09.07 05:50:32.202,1.28424,1.28435,1.00,3.00
2016.09.07 05:50:32.253,1.28424,1.28435,1.00,2.62
2016.09.07 05:50:32.304,1.28423,1.28435,2.10,3.00
2016.09.07 05:50:32.406,1.28423,1.28435,2.10,2.62
2016.09.07 05:50:32.711,1.28423,1.28435,1.50,2.62
2016.09.07 05:50:32.813,1.28424,1.28435,1.00,2.62
2016.09.07 05:50:32.915,1.28423,1.28434,2.85,1.12
2016.09.07 05:50:33.096,1.28423,1.28434,2.25,1.12
2016.09.07 05:50:33.147,1.28423,1.28435,1.50,1.87
2016.09.07 05:50:33.198,1.28423,1.28435,2.10,1.87
2016.09.07 05:50:33.249,1.28423,1.28435,2.10,2.62
2016.09.07 05:50:33.802,1.28423,1.28435,1.50,2.62
2016.09.07 05:50:33.904,1.28423,1.28435,2.10,2.62
2016.09.07 05:50:33.992,1.28423,1.28435,2.10,3.00
2016.09.07 05:50:34.043,1.28423,1.28435,1.50,3.00
2016.09.07 05:50:34.204,1.28423,1.28435,2.10,3.00
2016.09.07 05:50:34.364,1.28423,1.28435,1.50,3.00
2016.09.07 05:50:34.496,1.28423,1.28435,2.10,3.00
2016.09.07 05:50:34.612,1.28423,1.28435,1.50,3.00
2016.09.07 05:50:35.210,1.28423,1.28435,2.10,3.00
2016.09.07 05:50:35.669,1.28423,1.28435,1.50,3.00
2016.09.07 05:50:35.771,1.28424,1.28435,1.00,3.00
2016.09.07 05:50:35.923,1.28424,1.28433,1.00,1.00
2016.09.07 05:50:35.975,1.28423,1.28433,1.50,1.00
2016.09.07 05:50:36.026,1.28423,1.28434,1.50,1.12
2016.09.07 05:50:36.186,1.28424,1.28434,1.00,1.12
2016.09.07 05:50:36.822,1.28424,1.28435,1.12,1.50
2016.09.07 05:50:36.873,1.28424,1.28435,1.50,1.50
2016.09.07 05:50:36.975,1.28424,1.28435,1.00,1.50
2016.09.07 05:50:37.279,1.28424,1.28435,1.00,2.25
2016.09.07 05:50:37.827,1.28424,1.28434,1.00,1.00
2016.09.07 05:50:40.050,1.28424,1.28435,1.00,2.62
2016.09.07 05:50:42.732,1.28424,1.28435,1.00,2.25
2016.09.07 05:50:42.783,1.28424,1.28435,1.12,2.25
2016.09.07 05:50:42.878,1.28424,1.28435,1.12,3.00
2016.09.07 05:50:42.982,1.28424,1.28435,1.72,3.00
2016.09.07 05:50:43.084,1.28424,1.28435,1.12,3.00
2016.09.07 05:50:43.815,1.28424,1.28435,1.87,2.25
2016.09.07 05:50:43.917,1.28424,1.28435,1.12,2.25
2016.09.07 05:50:44.144,1.28424,1.28435,1.12,1.50
2016.09.07 05:50:44.195,1.28423,1.28435,2.62,1.50
2016.09.07 05:50:44.246,1.28423,1.28435,2.62,2.25
2016.09.07 05:50:44.399,1.28423,1.28435,3.22,2.25
2016.09.07 05:50:44.732,1.28424,1.28435,1.12,2.25
2016.09.07 05:50:46.583,1.28424,1.28435,1.87,2.25
2016.09.07 05:50:48.704,1.28424,1.28435,1.12,2.25
2016.09.07 05:50:48.806,1.28424,1.28435,1.87,2.25
2016.09.07 05:50:48.908,1.28424,1.28435,1.12,2.25
2016.09.07 05:50:49.498,1.28424,1.28435,1.72,2.25
2016.09.07 05:50:49.896,1.28424,1.28435,1.12,2.25
2016.09.07 05:50:51.656,1.28424,1.28435,1.12,1.87
2016.09.07 05:50:52.726,1.28423,1.28435,3.22,1.12
2016.09.07 05:50:52.777,1.28423,1.28435,2.62,1.12
2016.09.07 05:50:53.089,1.28424,1.28435,1.12,1.12
2016.09.07 05:50:55.061,1.28424,1.28434,1.12,1.00
2016.09.07 05:50:55.442,1.28424,1.28434,1.12,1.12
2016.09.07 05:50:55.494,1.28424,1.28434,1.12,1.12
2016.09.07 05:50:55.545,1.28423,1.28433,2.10,1.87
2016.09.07 05:50:55.597,1.28424,1.28433,1.00,1.87
2016.09.07 05:50:55.703,1.28423,1.28433,1.12,1.87
2016.09.07 05:50:55.755,1.28423,1.28433,1.12,1.00
2016.09.07 05:50:55.959,1.28423,1.28433,1.72,1.00
2016.09.07 05:50:56.435,1.28423,1.28433,1.12,1.00
2016.09.07 05:50:56.486,1.28423,1.28433,1.12,1.00
2016.09.07 05:50:56.537,1.28422,1.28433,2.85,1.00
2016.09.07 05:50:56.639,1.28423,1.28433,1.12,1.00
2016.09.07 05:50:56.724,1.28423,1.28433,1.12,1.00
2016.09.07 05:50:57.029,1.28423,1.28433,1.72,1.00
2016.09.07 05:50:57.537,1.28423,1.28433,1.12,1.00
2016.09.07 05:50:57.639,1.28423,1.28433,2.85,1.00
2016.09.07 05:50:57.690,1.28423,1.28435,2.85,2.32
2016.09.07 05:50:57.741,1.28424,1.28435,1.12,2.32
2016.09.07 05:50:58.619,1.28424,1.28435,1.12,1.95
2016.09.07 05:50:58.670,1.28423,1.28435,3.60,1.95
2016.09.07 05:50:58.721,1.28423,1.28435,2.85,1.87
2016.09.07 05:50:58.772,1.28423,1.28435,2.25,1.87
2016.09.07 05:50:58.924,1.28424,1.28435,1.30,1.87
2016.09.07 05:50:59.097,1.28423,1.28435,2.85,1.87
2016.09.07 05:50:59.148,1.28424,1.28435,1.30,1.87
2016.09.07 05:50:59.249,1.28424,1.28435,1.72,2.62
2016.09.07 05:50:59.370,1.28424,1.28435,1.12,2.62
2016.09.07 05:50:59.573,1.28423,1.28435,2.10,1.87
2016.09.07 05:50:59.777,1.28423,1.28435,2.85,1.87
2016.09.07 05:51:01.515,1.28424,1.28435,1.30,1.87
2016.09.07 05:51:01.617,1.28424,1.28435,1.72,1.87
2016.09.07 05:51:01.825,1.28424,1.28435,1.12,1.87
2016.09.07 05:51:02.619,1.28423,1.28435,2.25,1.12
2016.09.07 05:51:02.670,1.28424,1.28435,1.12,1.12
2016.09.07 05:51:02.772,1.28423,1.28435,2.85,1.87
2016.09.07 05:51:02.976,1.28424,1.28435,1.12,1.12
2016.09.07 05:51:03.128,1.28424,1.28435,1.87,1.12
2016.09.07 05:51:03.179,1.28424,1.28435,1.12,1.12
2016.09.07 05:51:03.230,1.28423,1.28435,1.50,1.12
2016.09.07 05:51:03.356,1.28424,1.28435,1.12,1.12
2016.09.07 05:51:03.561,1.28423,1.28435,2.10,1.12
2016.09.07 05:51:03.663,1.28423,1.28435,2.85,1.12
2016.09.07 05:51:03.714,1.28424,1.28435,1.12,1.12
2016.09.07 05:51:03.816,1.28423,1.28435,2.85,1.12
2016.09.07 05:51:03.918,1.28424,1.28435,1.30,1.12
2016.09.07 05:51:04.379,1.28423,1.28435,2.85,1.12
2016.09.07 05:51:04.633,1.28424,1.28435,1.87,1.12
2016.09.07 05:51:04.684,1.28424,1.28435,1.12,1.12
2016.09.07 05:51:04.735,1.28424,1.28435,1.87,1.12
2016.09.07 05:51:04.859,1.28424,1.28434,1.00,1.12
2016.09.07 05:51:04.911,1.28423,1.28434,1.50,1.12
2016.09.07 05:51:04.962,1.28423,1.28435,3.00,1.50
2016.09.07 05:51:05.065,1.28423,1.28435,3.00,1.12
2016.09.07 05:51:05.116,1.28424,1.28435,1.12,1.00
2016.09.07 05:51:05.167,1.28424,1.28435,1.87,1.00
2016.09.07 05:51:05.686,1.28424,1.28434,1.87,1.00
2016.09.07 05:51:06.661,1.28424,1.28434,1.12,1.00
2016.09.07 05:51:06.763,1.28423,1.28434,3.00,1.00
2016.09.07 05:51:06.865,1.28424,1.28434,2.47,1.00
2016.09.07 05:51:08.238,1.28424,1.28434,1.87,1.00
2016.09.07 05:51:08.455,1.28424,1.28434,2.47,1.00
2016.09.07 05:51:08.608,1.28424,1.28434,1.87,1.00
2016.09.07 05:51:08.659,1.28424,1.28434,1.12,1.50
2016.09.07 05:51:08.761,1.28423,1.28434,1.37,1.50
2016.09.07 05:51:08.863,1.28422,1.28434,2.92,1.00
2016.09.07 05:51:09.176,1.28422,1.28434,2.17,1.00
2016.09.07 05:51:09.278,1.28423,1.28434,1.72,1.00
2016.09.07 05:51:09.524,1.28423,1.28434,1.37,1.00
2016.09.07 05:51:09.575,1.28422,1.28434,1.20,1.12
2016.09.07 05:51:09.626,1.28422,1.28434,1.42,1.12
2016.09.07 05:51:09.677,1.28422,1.28434,2.17,1.12
2016.09.07 05:51:10.040,1.28423,1.28434,1.35,1.12
2016.09.07 05:51:10.142,1.28423,1.28434,1.00,1.12
2016.09.07 05:51:10.193,1.28423,1.28434,1.12,1.12
2016.09.07 05:51:11.020,1.28423,1.28434,1.72,1.12
2016.09.07 05:51:11.071,1.28423,1.28434,1.30,1.12
2016.09.07 05:51:11.123,1.28422,1.28434,2.32,1.12
2016.09.07 05:51:11.175,1.28422,1.28434,1.57,1.12
2016.09.07 05:51:11.226,1.28422,1.28434,2.17,1.12
2016.09.07 05:51:11.277,1.28422,1.28434,2.92,1.87
2016.09.07 05:51:11.379,1.28423,1.28434,1.12,1.87
2016.09.07 05:51:11.430,1.28423,1.28434,1.87,1.87
2016.09.07 05:51:11.532,1.28424,1.28434,1.00,1.12
2016.09.07 05:51:11.583,1.28424,1.28435,1.00,1.87
2016.09.07 05:51:11.685,1.28423,1.28435,1.12,1.87
2016.09.07 05:51:12.078,1.28423,1.28435,1.12,3.37
2016.09.07 05:51:12.700,1.28423,1.28434,1.87,1.12
2016.09.07 05:51:13.168,1.28423,1.28435,1.87,3.37
2016.09.07 05:51:13.269,1.28423,1.28435,1.12,3.37
2016.09.07 05:51:13.603,1.28423,1.28435,1.12,2.62
2016.09.07 05:51:13.654,1.28423,1.28435,1.12,3.37
2016.09.07 05:51:13.705,1.28423,1.28434,1.87,1.12
2016.09.07 05:51:14.282,1.28423,1.28435,1.87,2.62
2016.09.07 05:51:14.384,1.28425,1.28435,1.00,2.62
2016.09.07 05:51:14.637,1.28425,1.28435,1.00,1.87
2016.09.07 05:51:14.689,1.28423,1.28435,1.87,1.87
2016.09.07 05:51:14.740,1.28423,1.28435,1.87,2.62
2016.09.07 05:51:15.107,1.28423,1.28435,2.47,1.87
2016.09.07 05:51:15.158,1.28423,1.28435,1.72,1.87
2016.09.07 05:51:15.260,1.28423,1.28435,1.12,1.87
2016.09.07 05:51:16.055,1.28423,1.28435,1.72,1.87
2016.09.07 05:51:17.157,1.28423,1.28435,1.12,1.87
2016.09.07 05:51:17.497,1.28423,1.28435,1.12,1.50
2016.09.07 05:51:18.266,1.28423,1.28435,1.72,1.50
2016.09.07 05:51:18.469,1.28423,1.28435,1.12,1.50
2016.09.07 05:51:20.291,1.28423,1.28435,1.72,1.50
2016.09.07 05:51:20.463,1.28423,1.28435,1.12,1.50
2016.09.07 05:51:20.667,1.28423,1.28435,1.72,1.50
2016.09.07 05:51:20.870,1.28423,1.28435,1.12,1.50
2016.09.07 05:51:21.073,1.28423,1.28435,1.72,1.50
2016.09.07 05:51:21.175,1.28423,1.28435,1.12,1.50
2016.09.07 05:51:21.471,1.28423,1.28435,1.72,1.50
2016.09.07 05:51:22.473,1.28424,1.28435,1.00,1.50
2016.09.07 05:51:22.725,1.28424,1.28435,1.00,1.37
2016.09.07 05:51:22.801,1.28424,1.28435,1.12,1.12
2016.09.07 05:51:26.203,1.28424,1.28435,1.12,1.50
2016.09.07 05:51:26.304,1.28424,1.28435,1.12,1.12
2016.09.07 05:51:27.386,1.28424,1.28435,1.12,1.50
2016.09.07 05:51:27.887,1.28424,1.28435,1.12,1.12
2016.09.07 05:51:28.623,1.28423,1.28435,1.87,1.12
2016.09.07 05:51:28.827,1.28424,1.28435,1.12,1.87
2016.09.07 05:51:29.636,1.28424,1.28435,1.12,1.12
2016.09.07 05:51:32.195,1.28424,1.28434,1.12,1.00
2016.09.07 05:51:32.246,1.28424,1.28434,1.87,1.00
2016.09.07 05:51:32.298,1.28424,1.28434,1.00,1.12
2016.09.07 05:51:33.301,1.28424,1.28434,1.50,1.12
2016.09.07 05:51:33.607,1.28424,1.28434,1.00,1.12
2016.09.07 05:51:36.715,1.28424,1.28434,1.50,1.12
2016.09.07 05:51:38.832,1.28424,1.28434,1.50,1.50
2016.09.07 05:51:39.097,1.28424,1.28434,1.00,1.50
2016.09.07 05:51:39.613,1.28424,1.28434,1.00,1.12
2016.09.07 05:51:42.823,1.28424,1.28434,1.00,1.00
2016.09.07 05:51:44.939,1.28424,1.28434,1.50,1.00
2016.09.07 05:51:45.142,1.28424,1.28434,1.00,1.00
2016.09.07 05:51:47.297,1.28423,1.28435,1.50,3.00
2016.09.07 05:51:47.348,1.28423,1.28434,1.12,1.12
2016.09.07 05:51:47.444,1.28422,1.28433,2.55,1.00
2016.09.07 05:51:47.557,1.28422,1.28433,2.55,1.12
2016.09.07 05:51:47.608,1.28422,1.28434,1.80,1.87
2016.09.07 05:51:47.659,1.28422,1.28434,1.42,1.37
2016.09.07 05:51:47.711,1.28422,1.28434,1.10,1.37
2016.09.07 05:51:47.762,1.28422,1.28434,1.20,1.50
2016.09.07 05:51:47.813,1.28422,1.28434,1.12,1.50
2016.09.07 05:51:47.864,1.28422,1.28433,1.12,1.00
2016.09.07 05:51:48.067,1.28422,1.28434,1.12,2.62
2016.09.07 05:51:48.118,1.28422,1.28434,1.12,2.62
2016.09.07 05:51:48.169,1.28422,1.28433,1.12,1.00
2016.09.07 05:51:48.271,1.28422,1.28434,1.12,2.62
2016.09.07 05:51:48.423,1.28422,1.28433,1.12,1.00
2016.09.07 05:51:48.524,1.28422,1.28434,1.12,4.12
2016.09.07 05:51:48.575,1.28422,1.28433,1.12,1.12
2016.09.07 05:51:48.757,1.28422,1.28433,1.12,1.50
2016.09.07 05:51:48.858,1.28422,1.28433,1.12,1.12
2016.09.07 05:51:48.961,1.28422,1.28433,1.12,1.50
2016.09.07 05:51:49.621,1.28421,1.28433,1.50,1.50
2016.09.07 05:51:49.672,1.28421,1.28433,1.50,1.12
2016.09.07 05:51:49.723,1.28421,1.28433,2.25,1.12
2016.09.07 05:51:49.826,1.28421,1.28433,1.50,2.62
2016.09.07 05:51:49.877,1.28421,1.28433,1.37,3.00
2016.09.07 05:51:49.928,1.2842,1.28431,2.32,1.00
2016.09.07 05:51:50.030,1.2842,1.28431,1.57,1.00
2016.09.07 05:51:50.081,1.2842,1.28431,1.50,1.00
2016.09.07 05:51:50.133,1.28421,1.28432,1.00,1.50
2016.09.07 05:51:50.184,1.28421,1.28432,1.00,1.12
2016.09.07 05:51:50.235,1.28421,1.28432,1.12,1.50
2016.09.07 05:51:50.337,1.28421,1.28432,1.12,1.12
2016.09.07 05:51:50.541,1.28421,1.28432,1.12,1.00
2016.09.07 05:51:51.509,1.28422,1.28432,1.00,1.00
2016.09.07 05:51:52.278,1.28421,1.28432,1.50,1.00
2016.09.07 05:51:52.329,1.28421,1.28431,1.00,1.00
2016.09.07 05:51:52.481,1.2842,1.28431,1.87,1.00
2016.09.07 05:51:52.532,1.2842,1.28432,1.12,2.62
2016.09.07 05:51:52.636,1.2842,1.28431,1.12,1.12
2016.09.07 05:51:53.054,1.2842,1.28431,1.87,1.12
2016.09.07 05:51:53.362,1.2842,1.28431,1.87,1.00
2016.09.07 05:51:53.463,1.2842,1.28431,1.87,1.12
2016.09.07 05:51:54.656,1.2842,1.28432,1.87,1.87
2016.09.07 05:51:55.000,1.2842,1.28432,1.87,2.62
2016.09.07 05:51:55.253,1.2842,1.28432,1.87,1.87
2016.09.07 05:51:57.017,1.2842,1.28432,1.87,1.37
2016.09.07 05:52:00.164,1.2842,1.28432,1.12,1.87
2016.09.07 05:52:06.406,1.2842,1.28432,1.12,1.37
2016.09.07 05:52:06.660,1.2842,1.28432,1.12,1.50
2016.09.07 05:52:07.067,1.2842,1.28431,1.12,1.12
2016.09.07 05:52:08.050,1.2842,1.28432,1.12,2.25
2016.09.07 05:52:10.668,1.2842,1.28432,1.12,2.62
2016.09.07 05:52:11.040,1.2842,1.28432,1.12,1.87
2016.09.07 05:52:11.090,1.2842,1.28431,1.12,1.00
2016.09.07 05:52:11.184,1.2842,1.28431,1.00,1.00
2016.09.07 05:52:12.038,1.2842,1.28431,1.00,1.50
2016.09.07 05:52:13.048,1.2842,1.28431,1.00,1.00
2016.09.07 05:52:20.404,1.2842,1.28432,1.00,2.62
2016.09.07 05:52:22.088,1.2842,1.28431,1.00,1.12
2016.09.07 05:52:22.748,1.2842,1.28431,1.00,1.50
2016.09.07 05:52:26.274,1.28421,1.28431,1.00,1.50
2016.09.07 05:52:29.878,1.28421,1.28431,1.00,2.25
2016.09.07 05:52:30.208,1.28419,1.28431,1.50,2.25
2016.09.07 05:52:30.565,1.28419,1.28431,1.50,3.00
2016.09.07 05:52:30.617,1.28419,1.28431,1.00,3.00
2016.09.07 05:52:30.667,1.28419,1.28431,1.00,2.25
2016.09.07 05:52:35.443,1.28419,1.28431,1.50,2.25
2016.09.07 05:52:35.596,1.28419,1.28428,1.50,1.00
2016.09.07 05:52:35.762,1.28419,1.28427,1.00,1.00
2016.09.07 05:52:35.814,1.28417,1.28427,1.12,1.87
2016.09.07 05:52:35.865,1.28417,1.28426,1.00,1.00
2016.09.07 05:52:35.916,1.28416,1.28426,1.12,1.00
2016.09.07 05:52:35.967,1.28416,1.28425,1.12,1.00
2016.09.07 05:52:36.018,1.28415,1.28425,1.37,1.00
2016.09.07 05:52:36.069,1.28415,1.28426,1.37,1.00
2016.09.07 05:52:36.120,1.28415,1.28426,1.00,1.87
2016.09.07 05:52:36.171,1.28414,1.28426,2.32,1.87
2016.09.07 05:52:36.222,1.28414,1.28424,2.32,1.00
2016.09.07 05:52:36.275,1.28414,1.28424,1.57,1.00
2016.09.07 05:52:36.327,1.28414,1.28423,1.10,1.00
2016.09.07 05:52:36.429,1.28414,1.28423,1.00,1.00
2016.09.07 05:52:36.690,1.28414,1.28423,1.00,1.00
2016.09.07 05:52:36.761,1.28414,1.28423,1.50,1.00
2016.09.07 05:52:36.862,1.28413,1.28423,2.85,1.00
2016.09.07 05:52:36.913,1.28413,1.28423,2.47,1.00
2016.09.07 05:52:36.964,1.28413,1.28423,1.87,1.00
2016.09.07 05:52:37.015,1.28413,1.28423,2.47,1.00
2016.09.07 05:52:37.323,1.28413,1.28423,1.87,1.00
2016.09.07 05:52:37.679,1.28413,1.28423,2.47,1.00
2016.09.07 05:52:37.730,1.28414,1.28424,1.00,1.87
2016.09.07 05:52:37.932,1.28413,1.28424,2.47,1.87
2016.09.07 05:52:37.984,1.28413,1.28424,1.50,1.87
2016.09.07 05:52:38.238,1.28414,1.28424,1.12,1.87
2016.09.07 05:52:38.289,1.28414,1.28424,1.12,2.62
2016.09.07 05:52:38.391,1.28414,1.28423,1.12,1.00
2016.09.07 05:52:38.746,1.28413,1.28423,2.10,1.00
2016.09.07 05:52:39.347,1.28414,1.28423,1.12,1.50
2016.09.07 05:52:39.758,1.28413,1.28423,2.85,1.50
2016.09.07 05:52:39.809,1.28414,1.28423,1.30,1.00
2016.09.07 05:52:39.911,1.28413,1.28423,2.25,1.00
2016.09.07 05:52:40.013,1.28413,1.28423,2.85,1.00
2016.09.07 05:52:40.064,1.28414,1.28423,1.12,1.00
2016.09.07 05:52:40.268,1.28413,1.28423,2.10,1.00
2016.09.07 05:52:40.319,1.28413,1.28423,2.85,1.00
2016.09.07 05:52:40.370,1.28413,1.28423,2.85,1.50
2016.09.07 05:52:40.421,1.28413,1.28423,2.10,1.50
2016.09.07 05:52:40.472,1.28413,1.28423,2.25,1.00
2016.09.07 05:52:40.523,1.28413,1.28423,2.85,1.00
2016.09.07 05:52:40.644,1.28413,1.28423,2.85,1.12
2016.09.07 05:52:41.814,1.28413,1.28423,1.50,1.12
2016.09.07 05:52:41.865,1.28414,1.28423,1.00,1.12
2016.09.07 05:52:45.823,1.28413,1.28423,1.12,1.87
2016.09.07 05:52:46.109,1.28413,1.28423,1.50,1.50
2016.09.07 05:52:46.160,1.28414,1.28423,1.00,1.00
2016.09.07 05:52:46.211,1.28414,1.28423,1.00,1.50
2016.09.07 05:52:46.262,1.28413,1.28423,2.10,1.50
2016.09.07 05:52:46.927,1.28413,1.28423,1.35,1.50
2016.09.07 05:52:47.080,1.28413,1.28423,1.30,1.50
2016.09.07 05:52:48.381,1.28413,1.28423,1.72,1.50
2016.09.07 05:52:48.433,1.28413,1.28423,1.87,1.50
2016.09.07 05:52:48.535,1.28413,1.28423,2.25,1.50
2016.09.07 05:52:48.636,1.28414,1.28423,1.00,1.87
2016.09.07 05:52:48.739,1.28414,1.28423,1.00,1.50
2016.09.07 05:52:48.958,1.28413,1.28423,1.87,1.50
2016.09.07 05:52:49.214,1.28413,1.28423,1.12,1.50
2016.09.07 05:52:49.265,1.28414,1.28423,1.00,1.50
2016.09.07 05:52:49.316,1.28414,1.28423,1.00,1.00
2016.09.07 05:52:49.368,1.28414,1.2842,1.00,1.00
2016.09.07 05:52:49.520,1.28413,1.2842,1.12,1.00
2016.09.07 05:52:49.798,1.28413,1.2842,1.50,1.00
2016.09.07 05:52:49.849,1.28414,1.28422,1.12,1.00
2016.09.07 05:52:50.054,1.28413,1.28422,1.50,1.00
2016.09.07 05:52:50.908,1.28413,1.28422,1.12,1.00
2016.09.07 05:52:51.264,1.28413,1.2842,1.12,1.00
2016.09.07 05:52:51.365,1.28414,1.2842,1.00,1.00
2016.09.07 05:52:52.246,1.28414,1.2842,1.00,1.00
2016.09.07 05:52:52.348,1.28414,1.2842,1.87,1.00
2016.09.07 05:52:52.496,1.28414,1.2842,1.12,1.00
2016.09.07 05:52:52.599,1.28413,1.2842,1.50,1.00
2016.09.07 05:52:52.650,1.28413,1.2842,1.87,1.00
2016.09.07 05:52:52.751,1.28414,1.2842,1.00,1.00
2016.09.07 05:52:53.371,1.28413,1.2842,1.72,1.00
2016.09.07 05:52:53.421,1.28414,1.2842,1.00,1.00
2016.09.07 05:52:53.846,1.28414,1.2842,1.12,1.00
2016.09.07 05:52:54.155,1.28413,1.2842,2.10,1.00
2016.09.07 05:52:54.359,1.28414,1.2842,1.12,1.00
2016.09.07 05:52:56.004,1.28413,1.2842,2.10,1.00
2016.09.07 05:52:59.920,1.28413,1.2842,1.50,1.00
2016.09.07 05:53:00.828,1.28413,1.2842,2.25,1.00
2016.09.07 05:53:00.879,1.28414,1.2842,1.12,1.00
2016.09.07 05:53:03.872,1.28414,1.28419,1.12,1.00
2016.09.07 05:53:03.923,1.28414,1.28419,1.00,1.00
2016.09.07 05:53:03.996,1.28413,1.28417,1.12,1.00
2016.09.07 05:53:04.252,1.28414,1.28418,1.00,1.00
2016.09.07 05:53:04.356,1.28413,1.28417,1.12,1.00
2016.09.07 05:53:04.458,1.28414,1.28418,1.00,1.00
2016.09.07 05:53:05.042,1.28413,1.28417,1.12,1.00
2016.09.07 05:53:05.146,1.28412,1.28417,1.00,1.00
2016.09.07 05:53:05.248,1.28411,1.28417,1.72,1.00
2016.09.07 05:53:05.623,1.28412,1.28417,1.35,1.00
2016.09.07 05:53:05.725,1.28412,1.28417,1.00,1.00
2016.09.07 05:53:05.777,1.28411,1.28417,2.47,1.00
2016.09.07 05:53:05.879,1.28412,1.28417,1.00,1.00
2016.09.07 05:53:05.931,1.28412,1.28417,1.50,1.00
2016.09.07 05:53:05.982,1.28414,1.2842,1.00,1.00
2016.09.07 05:53:06.085,1.28413,1.2842,1.12,1.00
2016.09.07 05:53:06.737,1.28414,1.2842,1.00,1.00
2016.09.07 05:53:07.626,1.28413,1.2842,1.12,1.00
2016.09.07 05:53:07.685,1.28414,1.2842,1.00,1.00
2016.09.07 05:53:07.837,1.28413,1.2842,1.72,1.00
2016.09.07 05:53:08.042,1.28414,1.2842,1.00,1.00
2016.09.07 05:53:09.150,1.28413,1.2842,1.72,1.00
2016.09.07 05:53:09.821,1.28413,1.2842,1.12,1.00
2016.09.07 05:53:09.974,1.28414,1.28418,1.00,1.00
2016.09.07 05:53:11.364,1.28413,1.28419,1.12,1.00
2016.09.07 05:53:11.569,1.28413,1.28419,1.72,1.00
2016.09.07 05:53:11.672,1.28414,1.28419,1.00,1.00
2016.09.07 05:53:12.872,1.28413,1.28419,1.72,1.00
2016.09.07 05:53:13.963,1.28414,1.28419,1.00,1.00
2016.09.07 05:53:14.348,1.28413,1.28419,1.72,1.00
2016.09.07 05:53:14.871,1.28414,1.28419,1.00,1.00
2016.09.07 05:53:15.873,1.28413,1.28419,1.72,1.00
2016.09.07 05:53:17.401,1.28413,1.28419,1.87,1.00
2016.09.07 05:53:17.655,1.28414,1.28419,1.00,1.00
2016.09.07 05:53:17.976,1.28413,1.28419,1.12,1.00
2016.09.07 05:53:18.078,1.28414,1.28419,1.00,1.00
2016.09.07 05:53:18.282,1.28413,1.28419,1.72,1.00
2016.09.07 05:53:18.333,1.28413,1.28419,2.62,1.00
2016.09.07 05:53:18.384,1.28413,1.28419,3.22,1.00
2016.09.07 05:53:21.934,1.28413,1.28419,2.62,1.00
2016.09.07 05:53:21.985,1.28414,1.28419,1.00,1.00
2016.09.07 05:53:22.133,1.28413,1.28419,1.12,1.00
2016.09.07 05:53:22.186,1.28413,1.28419,1.72,1.00
2016.09.07 05:53:22.237,1.28413,1.28419,1.12,1.00
2016.09.07 05:53:22.640,1.28413,1.28419,1.87,1.00
2016.09.07 05:53:22.946,1.28413,1.28419,2.47,1.00
2016.09.07 05:53:23.314,1.28413,1.28419,1.72,1.00
2016.09.07 05:53:23.416,1.28413,1.28419,1.12,1.00
2016.09.07 05:53:24.494,1.28413,1.28418,1.12,1.00
2016.09.07 05:53:24.672,1.28414,1.28418,1.00,1.00
2016.09.07 05:53:25.506,1.28414,1.28421,1.00,1.00
2016.09.07 05:53:25.788,1.28414,1.28421,1.12,1.00
2016.09.07 05:53:25.941,1.28414,1.28421,1.50,1.00
2016.09.07 05:53:26.031,1.28414,1.28421,1.12,1.00
2016.09.07 05:53:27.376,1.28414,1.28422,1.00,1.00
2016.09.07 05:53:28.676,1.28413,1.28422,1.72,1.00
2016.09.07 05:53:28.782,1.28413,1.28422,1.12,1.00
2016.09.07 05:53:29.106,1.28413,1.28422,1.72,1.00
2016.09.07 05:53:29.259,1.28414,1.28422,1.00,1.00
2016.09.07 05:53:29.607,1.28413,1.28422,1.72,1.00
2016.09.07 05:53:30.262,1.28413,1.28422,1.12,1.00
2016.09.07 05:53:30.934,1.28413,1.28422,1.72,1.00
2016.09.07 05:53:33.766,1.28414,1.28422,1.00,1.00
2016.09.07 05:53:34.211,1.28413,1.28422,1.87,1.00
2016.09.07 05:53:34.313,1.28414,1.28422,1.00,1.00
2016.09.07 05:53:34.818,1.28413,1.28422,1.87,1.00
2016.09.07 05:53:35.513,1.28414,1.28422,1.00,1.00
2016.09.07 05:53:38.280,1.28414,1.28422,1.50,1.00
2016.09.07 05:53:38.331,1.28414,1.28422,1.00,1.00
2016.09.07 05:53:44.641,1.28414,1.28422,1.50,1.00
2016.09.07 05:53:44.692,1.28414,1.28422,1.00,1.00
2016.09.07 05:53:44.743,1.28413,1.28422,1.87,1.00
2016.09.07 05:53:45.698,1.28413,1.28422,2.62,1.00
2016.09.07 05:53:45.749,1.28414,1.28422,1.00,1.00
2016.09.07 05:53:45.851,1.28413,1.28422,3.22,1.00
2016.09.07 05:53:45.952,1.28414,1.28422,1.00,1.00
2016.09.07 05:53:47.658,1.28414,1.28422,1.12,1.00
2016.09.07 05:53:48.181,1.28414,1.28423,1.12,1.00
2016.09.07 05:53:49.466,1.28413,1.28423,3.60,1.00
2016.09.07 05:53:49.517,1.28413,1.28423,3.22,1.00
2016.09.07 05:53:50.085,1.28413,1.28423,3.97,1.00
2016.09.07 05:53:51.364,1.28414,1.28423,1.12,1.00
2016.09.07 05:53:51.705,1.28414,1.28425,1.72,1.87
2016.09.07 05:53:51.806,1.28414,1.28425,1.12,1.87
2016.09.07 05:53:51.857,1.28413,1.28425,3.97,1.87
2016.09.07 05:53:52.777,1.28414,1.28425,1.12,1.87
2016.09.07 05:53:54.624,1.28414,1.28425,1.12,1.50
2016.09.07 05:53:54.726,1.28414,1.28424,1.12,1.00
2016.09.07 05:53:55.171,1.28417,1.28424,1.00,1.00
2016.09.07 05:53:55.290,1.28417,1.28425,2.10,1.37
2016.09.07 05:53:55.342,1.28419,1.28425,2.10,1.00
2016.09.07 05:53:55.393,1.2842,1.28425,1.35,1.00
2016.09.07 05:53:55.444,1.2842,1.28428,1.60,1.12
2016.09.07 05:53:55.495,1.28419,1.2843,3.30,1.50
2016.09.07 05:53:55.546,1.2842,1.2843,1.35,1.00
2016.09.07 05:53:55.598,1.2842,1.2843,1.60,1.00
2016.09.07 05:53:55.750,1.2842,1.2843,1.35,1.00
2016.09.07 05:53:55.903,1.28419,1.2843,4.42,1.00
2016.09.07 05:53:55.954,1.2842,1.2843,1.00,1.00
2016.09.07 05:53:56.005,1.2842,1.2843,1.50,1.00
2016.09.07 05:53:56.158,1.2842,1.2843,2.10,1.00
2016.09.07 05:53:56.733,1.2842,1.28431,2.10,1.50
2016.09.07 05:53:58.290,1.2842,1.28431,1.50,1.50
2016.09.07 05:53:58.341,1.28421,1.28431,1.00,1.50
2016.09.07 05:53:58.392,1.28421,1.28431,2.10,1.00
2016.09.07 05:53:58.494,1.28421,1.28431,2.85,1.00
2016.09.07 05:53:59.294,1.28422,1.28431,1.12,1.00
2016.09.07 05:53:59.493,1.28422,1.28431,1.87,1.00
2016.09.07 05:53:59.595,1.28422,1.28431,1.12,1.00
2016.09.07 05:53:59.748,1.28425,1.28431,1.35,1.00
2016.09.07 05:53:59.799,1.28426,1.28431,1.00,1.00
2016.09.07 05:53:59.850,1.28423,1.28433,1.12,1.12
2016.09.07 05:53:59.901,1.28423,1.28432,1.50,1.00
2016.09.07 05:53:59.952,1.28422,1.28432,2.25,1.00
2016.09.07 05:54:00.003,1.28422,1.28433,1.87,1.50
2016.09.07 05:54:00.054,1.28424,1.28432,1.50,1.00
2016.09.07 05:54:00.105,1.28427,1.28432,1.00,1.00
2016.09.07 05:54:00.156,1.28424,1.28433,2.10,1.12
2016.09.07 05:54:00.207,1.28424,1.28431,1.35,1.00
2016.09.07 05:54:00.258,1.28424,1.28431,1.00,1.00
2016.09.07 05:54:00.309,1.28423,1.28433,1.12,1.50
2016.09.07 05:54:00.360,1.28422,1.28433,1.87,1.50
2016.09.07 05:54:00.411,1.28422,1.28433,1.00,1.50
2016.09.07 05:54:00.462,1.28422,1.28433,1.00,1.00
2016.09.07 05:54:00.580,1.28422,1.28433,1.50,1.00
2016.09.07 05:54:00.631,1.28422,1.28433,2.25,1.00
2016.09.07 05:54:00.834,1.28422,1.28433,1.50,1.00
2016.09.07 05:54:00.885,1.28422,1.28433,2.25,1.00
2016.09.07 05:54:01.549,1.28422,1.28433,1.50,1.00
2016.09.07 05:54:01.727,1.28423,1.28433,1.12,1.00
2016.09.07 05:54:01.895,1.28423,1.28433,1.87,1.00
2016.09.07 05:54:01.947,1.28423,1.28433,1.50,1.12
2016.09.07 05:54:02.049,1.28423,1.28434,1.50,1.50
2016.09.07 05:54:02.100,1.28423,1.28434,1.50,1.12
2016.09.07 05:54:02.151,1.28423,1.28434,1.50,1.50
2016.09.07 05:54:02.202,1.28423,1.28434,1.00,1.50
2016.09.07 05:54:02.303,1.28423,1.28434,1.00,2.25
2016.09.07 05:54:02.557,1.28424,1.28434,1.35,1.50
2016.09.07 05:54:02.608,1.28426,1.28434,1.00,1.50
2016.09.07 05:54:02.710,1.28427,1.28434,1.00,1.00
2016.09.07 05:54:02.812,1.28428,1.28434,1.00,1.00
2016.09.07 05:54:04.310,1.28427,1.28434,1.72,1.00
2016.09.07 05:54:04.859,1.28427,1.28435,1.72,1.00
2016.09.07 05:54:05.851,1.28427,1.28435,1.12,1.00
2016.09.07 05:54:05.902,1.28429,1.28435,1.00,1.00
2016.09.07 05:54:07.909,1.28427,1.28435,1.87,1.00
2016.09.07 05:54:08.407,1.28428,1.28435,1.00,1.00
2016.09.07 05:54:08.705,1.28427,1.28435,1.87,1.00
2016.09.07 05:54:08.861,1.28427,1.28435,2.47,1.00
2016.09.07 05:54:08.963,1.28427,1.28435,1.87,1.00
2016.09.07 05:54:09.622,1.28428,1.28435,1.00,1.00
2016.09.07 05:54:09.723,1.28427,1.28435,1.87,1.00
2016.09.07 05:54:15.879,1.28427,1.28435,1.12,1.00
2016.09.07 05:54:16.032,1.28426,1.28435,1.87,1.00
2016.09.07 05:54:16.084,1.28426,1.28434,1.12,1.12
2016.09.07 05:54:16.135,1.28423,1.28433,2.62,1.00
2016.09.07 05:54:16.186,1.28423,1.28432,1.50,1.00
2016.09.07 05:54:16.237,1.28422,1.28431,1.12,1.00
2016.09.07 05:54:16.288,1.28421,1.28431,2.62,1.00
2016.09.07 05:54:16.390,1.28422,1.28431,1.12,1.00
2016.09.07 05:54:16.695,1.28421,1.2843,1.87,1.00
2016.09.07 05:54:16.746,1.28421,1.2843,1.87,1.50
2016.09.07 05:54:16.797,1.2842,1.2843,1.50,1.50
2016.09.07 05:54:16.909,1.28419,1.2843,2.25,1.87
2016.09.07 05:54:16.960,1.28419,1.2843,2.25,1.50
2016.09.07 05:54:17.011,1.28419,1.2843,1.12,1.50
2016.09.07 05:54:17.062,1.28419,1.2843,1.12,1.12
2016.09.07 05:54:17.113,1.28419,1.2843,1.87,1.12
2016.09.07 05:54:17.164,1.28419,1.2843,2.62,1.00
2016.09.07 05:54:17.216,1.28419,1.2843,1.87,1.00
2016.09.07 05:54:17.317,1.28419,1.2843,2.62,1.50
2016.09.07 05:54:17.689,1.28419,1.2843,1.87,1.50
2016.09.07 05:54:17.843,1.28419,1.2843,1.87,2.25
2016.09.07 05:54:18.122,1.28419,1.2843,1.12,1.50
2016.09.07 05:54:18.333,1.28419,1.2843,1.12,1.00
2016.09.07 05:54:19.348,1.28419,1.2843,1.87,1.00
2016.09.07 05:54:23.257,1.28419,1.2843,1.87,1.50
2016.09.07 05:54:23.933,1.28419,1.2843,1.87,1.00
2016.09.07 05:54:27.229,1.28419,1.2843,1.12,1.00
2016.09.07 05:54:27.280,1.28419,1.2843,1.12,1.50
2016.09.07 05:54:28.744,1.28418,1.2843,1.95,1.50
2016.09.07 05:54:28.795,1.28418,1.2843,3.45,1.50
2016.09.07 05:54:28.846,1.28419,1.2843,1.37,1.50
2016.09.07 05:54:28.897,1.28419,1.2843,1.50,1.50
2016.09.07 05:54:28.991,1.2842,1.2843,1.12,1.50
2016.09.07 05:54:29.816,1.2842,1.2843,1.12,1.00
2016.09.07 05:54:30.073,1.2842,1.2843,1.87,1.00
2016.09.07 05:54:30.277,1.2842,1.2843,2.25,1.00
2016.09.07 05:54:30.719,1.2842,1.2843,1.50,1.00
2016.09.07 05:54:30.936,1.2842,1.28431,1.50,1.87
2016.09.07 05:54:30.987,1.28419,1.28431,2.62,1.87
2016.09.07 05:54:31.207,1.28419,1.28431,3.37,1.87
2016.09.07 05:54:31.259,1.28419,1.28431,3.75,1.50
2016.09.07 05:54:31.360,1.2842,1.28431,1.50,1.50
2016.09.07 05:54:32.164,1.28419,1.28431,2.62,1.87
2016.09.07 05:54:32.215,1.28419,1.28431,3.37,1.87
2016.09.07 05:54:32.266,1.28419,1.28431,3.75,1.50
2016.09.07 05:54:32.318,1.28419,1.28431,3.00,1.50
2016.09.07 05:54:33.376,1.2842,1.28431,1.50,1.50
2016.09.07 05:54:34.376,1.28422,1.28431,1.00,1.50
2016.09.07 05:54:34.427,1.28422,1.28432,1.50,1.12
2016.09.07 05:54:34.631,1.28422,1.28432,1.00,1.12
2016.09.07 05:54:34.736,1.2842,1.28432,3.37,1.87
2016.09.07 05:54:34.787,1.2842,1.28432,2.62,1.87
2016.09.07 05:54:34.838,1.2842,1.28432,1.12,1.87
2016.09.07 05:54:34.889,1.2842,1.28432,1.00,1.37
2016.09.07 05:54:34.940,1.2842,1.28432,1.00,1.50
2016.09.07 05:54:34.991,1.28419,1.28432,2.70,1.50
2016.09.07 05:54:35.042,1.28419,1.28431,2.70,1.12
2016.09.07 05:54:35.093,1.2842,1.28431,1.00,1.12
2016.09.07 05:54:36.233,1.2842,1.28432,1.00,1.37
2016.09.07 05:54:36.335,1.2842,1.28432,1.00,1.87
2016.09.07 05:54:36.574,1.28419,1.28432,1.47,1.50
2016.09.07 05:54:36.676,1.28419,1.28432,1.47,2.25
2016.09.07 05:54:36.727,1.28419,1.28432,1.47,1.50
2016.09.07 05:54:36.778,1.2842,1.28432,1.00,1.37
2016.09.07 05:54:36.829,1.2842,1.28432,1.00,1.87
2016.09.07 05:54:38.257,1.28424,1.28431,1.35,1.00
2016.09.07 05:54:38.308,1.28424,1.28431,2.10,1.00
2016.09.07 05:54:38.390,1.28422,1.28431,1.00,1.00
2016.09.07 05:54:38.441,1.28422,1.28433,4.50,2.25
2016.09.07 05:54:38.493,1.28425,1.28433,1.00,2.62
2016.09.07 05:54:38.544,1.28422,1.28432,2.25,1.00
2016.09.07 05:54:38.595,1.28421,1.28432,1.37,1.50
2016.09.07 05:54:38.646,1.28421,1.28432,1.37,2.25
2016.09.07 05:54:38.697,1.28421,1.28432,1.87,2.25
2016.09.07 05:54:38.849,1.28421,1.28432,1.50,2.25
2016.09.07 05:54:38.900,1.28421,1.28432,1.00,2.62
2016.09.07 05:54:39.046,1.28421,1.28432,1.00,1.87
2016.09.07 05:54:39.440,1.28421,1.28432,1.00,1.12
2016.09.07 05:54:39.491,1.2842,1.28432,3.37,1.37
2016.09.07 05:54:39.542,1.2842,1.28432,3.37,1.87
2016.09.07 05:54:39.664,1.2842,1.28432,2.62,1.87
2016.09.07 05:54:39.716,1.2842,1.28432,1.87,1.87
2016.09.07 05:54:40.073,1.2842,1.28432,1.87,2.62
2016.09.07 05:54:40.331,1.2842,1.28432,1.12,2.62
2016.09.07 05:54:40.443,1.2842,1.28432,1.12,1.87
2016.09.07 05:54:40.545,1.2842,1.28432,1.12,2.25
2016.09.07 05:54:40.596,1.2842,1.28432,1.00,2.25
2016.09.07 05:54:40.698,1.2842,1.28432,1.12,2.25
2016.09.07 05:54:40.800,1.2842,1.28432,1.00,2.25
2016.09.07 05:54:40.918,1.2842,1.28431,1.00,1.12
2016.09.07 05:54:41.246,1.2842,1.28431,1.00,2.62
2016.09.07 05:54:41.297,1.2842,1.28431,1.12,2.62
2016.09.07 05:54:41.400,1.28419,1.28431,3.07,2.62
2016.09.07 05:54:41.503,1.28419,1.28431,2.32,2.62
2016.09.07 05:54:41.554,1.28419,1.28431,2.32,3.00
2016.09.07 05:54:41.605,1.28419,1.28431,1.87,3.00
2016.09.07 05:54:41.656,1.28418,1.28428,2.32,1.00
2016.09.07 05:54:41.751,1.28418,1.28425,1.57,1.00
2016.09.07 05:54:41.802,1.28417,1.28425,1.12,1.00
2016.09.07 05:54:41.853,1.28415,1.28423,1.50,1.00
2016.09.07 05:54:41.904,1.28414,1.28423,3.00,1.00
2016.09.07 05:54:41.955,1.28414,1.28423,1.87,1.00
2016.09.07 05:54:42.057,1.28414,1.28423,1.57,1.00
2016.09.07 05:54:42.617,1.28414,1.28421,1.20,1.00
2016.09.07 05:54:42.719,1.28415,1.28421,1.00,1.00
2016.09.07 05:54:42.821,1.28414,1.28421,1.20,1.00
2016.09.07 05:54:42.909,1.28414,1.28421,1.10,1.00
2016.09.07 05:54:42.960,1.28413,1.28421,2.25,1.00
2016.09.07 05:54:43.708,1.28413,1.28421,2.62,1.00
2016.09.07 05:54:43.760,1.28414,1.28421,1.10,1.00
2016.09.07 05:54:43.862,1.28413,1.28421,2.62,1.00
2016.09.07 05:54:43.964,1.28413,1.28421,1.87,1.00
2016.09.07 05:54:44.066,1.28414,1.28421,1.10,1.00
2016.09.07 05:54:47.972,1.28413,1.28421,1.87,1.00
2016.09.07 05:54:48.023,1.28414,1.28421,1.10,1.00
2016.09.07 05:54:48.074,1.28414,1.28421,1.00,1.00
2016.09.07 05:54:48.125,1.28413,1.28421,1.57,1.00
2016.09.07 05:54:48.231,1.28413,1.28421,2.17,1.00
2016.09.07 05:54:49.022,1.28414,1.28421,1.00,1.00
2016.09.07 05:54:49.767,1.28413,1.28421,1.57,1.00
2016.09.07 05:54:49.818,1.28413,1.28421,2.17,1.00
2016.09.07 05:54:50.088,1.28413,1.28421,2.92,1.00
2016.09.07 05:54:51.258,1.28413,1.28421,1.57,1.00
2016.09.07 05:54:51.383,1.28414,1.28421,1.00,1.00
2016.09.07 05:54:51.435,1.28413,1.28421,2.17,1.00
2016.09.07 05:54:51.537,1.28414,1.28421,1.00,1.00
2016.09.07 05:54:51.639,1.28413,1.28421,1.50,1.00
2016.09.07 05:54:51.740,1.28414,1.28421,1.00,1.00
2016.09.07 05:54:52.147,1.28413,1.2842,1.50,1.00
2016.09.07 05:54:52.882,1.28413,1.28422,1.50,1.00
2016.09.07 05:54:53.521,1.28413,1.28422,2.10,1.00
2016.09.07 05:54:53.673,1.28413,1.28422,1.50,1.00
2016.09.07 05:54:53.775,1.28414,1.28422,1.00,1.00
2016.09.07 05:54:54.535,1.28413,1.28422,1.87,1.00
2016.09.07 05:54:54.637,1.28414,1.28422,1.00,1.00
2016.09.07 05:54:54.841,1.28413,1.28422,1.87,1.00
2016.09.07 05:54:54.892,1.28413,1.2842,1.87,1.00
2016.09.07 05:54:55.638,1.28414,1.2842,1.00,1.00
2016.09.07 05:54:56.883,1.28414,1.28422,1.00,1.00
2016.09.07 05:54:57.179,1.28413,1.28422,1.87,1.00
2016.09.07 05:54:57.686,1.28413,1.28422,1.12,1.00
2016.09.07 05:54:57.789,1.28413,1.28422,1.87,1.00
2016.09.07 05:54:57.840,1.28414,1.28422,1.00,1.00
2016.09.07 05:55:00.846,1.28413,1.28422,2.25,1.00
2016.09.07 05:55:02.007,1.28413,1.28422,2.10,1.00
2016.09.07 05:55:02.059,1.28414,1.28422,1.00,1.00
2016.09.07 05:55:02.160,1.28413,1.28422,2.10,1.00
2016.09.07 05:55:02.234,1.28413,1.28422,1.50,1.00
2016.09.07 05:55:02.438,1.28413,1.28422,2.10,1.00
2016.09.07 05:55:02.733,1.28414,1.28421,1.00,1.00
2016.09.07 05:55:04.409,1.28414,1.28421,1.50,1.00
2016.09.07 05:55:04.460,1.28414,1.28421,1.00,1.00
2016.09.07 05:55:04.663,1.28414,1.28421,1.50,1.00
2016.09.07 05:55:05.053,1.28414,1.28421,1.87,1.00
2016.09.07 05:55:05.104,1.28414,1.28421,2.62,1.00
2016.09.07 05:55:05.206,1.28414,1.28423,2.62,1.00
2016.09.07 05:55:05.257,1.28414,1.28423,3.00,1.00
2016.09.07 05:55:05.825,1.28414,1.28423,3.60,1.00
2016.09.07 05:55:05.927,1.28414,1.28423,3.00,1.00
2016.09.07 05:55:05.978,1.28415,1.28423,1.00,1.00
2016.09.07 05:55:06.792,1.28414,1.28423,1.12,1.50
2016.09.07 05:55:06.893,1.28414,1.28423,1.12,1.00
2016.09.07 05:55:07.198,1.28415,1.28423,1.00,1.00
2016.09.07 05:55:07.785,1.28413,1.28423,1.12,1.00
2016.09.07 05:55:10.422,1.28413,1.28423,1.87,1.00
2016.09.07 05:55:10.473,1.28414,1.28423,1.00,1.00
2016.09.07 05:55:11.684,1.28413,1.28423,2.25,1.00
2016.09.07 05:55:11.735,1.28413,1.28423,2.10,1.00
2016.09.07 05:55:11.786,1.28413,1.28423,2.10,1.12
2016.09.07 05:55:11.888,1.28414,1.28423,1.12,1.12
2016.09.07 05:55:11.990,1.28414,1.28423,1.12,1.87
2016.09.07 05:55:12.092,1.28414,1.28423,1.12,1.12
2016.09.07 05:55:13.193,1.28413,1.28423,2.10,1.12
2016.09.07 05:55:13.942,1.28413,1.28423,1.50,1.12
2016.09.07 05:55:14.002,1.28412,1.28423,2.47,1.12
2016.09.07 05:55:14.053,1.28413,1.28423,1.50,1.12
2016.09.07 05:55:14.104,1.28413,1.28423,1.50,1.87
2016.09.07 05:55:14.288,1.28413,1.28423,1.50,1.12
2016.09.07 05:55:15.180,1.28414,1.28423,1.12,1.12
2016.09.07 05:55:15.284,1.28413,1.28423,1.50,1.12
2016.09.07 05:55:15.717,1.28413,1.28423,2.10,1.12
2016.09.07 05:55:15.768,1.28414,1.28423,1.12,1.12
2016.09.07 05:55:15.819,1.28414,1.28421,1.12,1.00
2016.09.07 05:55:16.073,1.28413,1.28421,1.50,1.12
2016.09.07 05:55:16.741,1.28413,1.28421,1.12,1.12
2016.09.07 05:55:16.792,1.28412,1.28421,1.50,1.12
2016.09.07 05:55:17.048,1.28414,1.28421,1.00,1.12
2016.09.07 05:55:17.099,1.28413,1.2842,4.72,1.00
2016.09.07 05:55:17.151,1.28414,1.2842,2.10,1.00
2016.09.07 05:55:17.202,1.28413,1.28421,3.97,1.00
2016.09.07 05:55:17.253,1.28413,1.28421,3.75,1.00
2016.09.07 05:55:17.306,1.28413,1.28422,2.47,1.87
2016.09.07 05:55:17.389,1.28414,1.28422,1.12,1.87
2016.09.07 05:55:17.492,1.28414,1.28422,1.30,1.87
2016.09.07 05:55:17.543,1.28413,1.28422,1.50,1.87
2016.09.07 05:55:17.803,1.28414,1.28422,1.12,1.87
2016.09.07 05:55:18.003,1.28413,1.28422,1.50,1.50
2016.09.07 05:55:18.213,1.28413,1.28422,1.50,1.00
2016.09.07 05:55:18.263,1.28414,1.28422,1.12,1.00
2016.09.07 05:55:18.314,1.28414,1.28423,1.12,2.25
2016.09.07 05:55:19.407,1.28413,1.28423,1.50,2.25
2016.09.07 05:55:21.005,1.28414,1.28423,1.12,2.25
2016.09.07 05:55:21.292,1.28413,1.28423,1.50,2.25
2016.09.07 05:55:22.257,1.28413,1.28423,1.00,2.25
2016.09.07 05:55:22.308,1.28412,1.28423,1.72,2.25
2016.09.07 05:55:22.614,1.28412,1.28423,1.12,2.25
2016.09.07 05:55:22.845,1.28412,1.28423,1.50,2.62
2016.09.07 05:55:23.010,1.28412,1.28423,2.10,2.62
2016.09.07 05:55:23.265,1.28412,1.28423,2.85,2.62
2016.09.07 05:55:23.316,1.28412,1.28423,2.10,2.62
2016.09.07 05:55:23.367,1.28412,1.28423,1.35,2.62
2016.09.07 05:55:23.440,1.28412,1.28423,1.50,2.62
2016.09.07 05:55:23.661,1.28412,1.28423,2.10,2.62
2016.09.07 05:55:24.214,1.28412,1.28423,1.50,2.62
2016.09.07 05:55:24.367,1.28412,1.28423,2.10,2.62
2016.09.07 05:55:24.495,1.28412,1.28423,1.50,2.62
2016.09.07 05:55:25.492,1.28412,1.28423,2.10,2.62
2016.09.07 05:55:25.916,1.28412,1.28423,1.50,2.62
2016.09.07 05:55:26.571,1.28412,1.28423,2.25,2.62
2016.09.07 05:55:26.876,1.28412,1.28423,2.85,2.62
2016.09.07 05:55:27.254,1.28412,1.28423,2.25,2.62
2016.09.07 05:55:27.407,1.28412,1.28423,1.00,2.62
2016.09.07 05:55:27.508,1.28412,1.28423,1.35,2.62
2016.09.07 05:55:27.621,1.28412,1.28423,1.00,2.62
2016.09.07 05:55:27.672,1.28412,1.28423,2.10,2.62
2016.09.07 05:55:27.798,1.28412,1.28423,1.50,2.62
2016.09.07 05:55:27.953,1.28412,1.28423,2.10,2.62
2016.09.07 05:55:28.005,1.28412,1.28422,2.10,1.00
2016.09.07 05:55:28.475,1.28412,1.28422,1.50,1.00
2016.09.07 05:55:28.553,1.28412,1.28422,2.10,1.00
2016.09.07 05:55:29.487,1.28412,1.28422,1.50,1.00
2016.09.07 05:55:29.553,1.28412,1.28422,2.10,1.00
2016.09.07 05:55:30.080,1.28412,1.28422,1.50,1.00
2016.09.07 05:55:30.534,1.28412,1.28422,2.10,1.00
2016.09.07 05:55:30.782,1.28412,1.28422,1.50,1.00
2016.09.07 05:55:32.301,1.28412,1.28422,1.00,1.00
2016.09.07 05:55:32.372,1.28412,1.28422,1.50,1.00
2016.09.07 05:55:32.525,1.28412,1.28422,2.25,1.00
2016.09.07 05:55:33.573,1.28412,1.28422,1.50,1.00
2016.09.07 05:55:34.520,1.28412,1.28422,2.10,1.00
2016.09.07 05:55:34.571,1.28412,1.28422,1.50,1.00
2016.09.07 05:55:34.944,1.28412,1.28422,2.10,1.00
2016.09.07 05:55:35.096,1.28412,1.28422,1.50,1.00
2016.09.07 05:55:35.817,1.28412,1.28422,2.10,1.00
2016.09.07 05:55:36.097,1.28412,1.28422,1.50,1.00
2016.09.07 05:55:36.149,1.28412,1.28423,2.25,1.87
2016.09.07 05:55:36.301,1.28412,1.28423,2.85,1.87
2016.09.07 05:55:36.494,1.28412,1.28423,2.25,1.87
2016.09.07 05:55:36.894,1.28412,1.28423,2.85,1.87
2016.09.07 05:55:37.251,1.28412,1.28423,2.25,1.87
2016.09.07 05:55:38.694,1.28412,1.28423,2.85,1.87
2016.09.07 05:55:39.080,1.28412,1.28423,2.25,1.87
2016.09.07 05:55:41.157,1.28412,1.28423,2.10,1.87
2016.09.07 05:55:41.259,1.28412,1.28423,2.85,1.87
2016.09.07 05:55:41.514,1.28412,1.28423,2.25,1.87
2016.09.07 05:55:41.620,1.28412,1.28423,2.25,1.87
2016.09.07 05:55:42.110,1.28412,1.28423,2.25,1.87
2016.09.07 05:55:42.536,1.28412,1.28423,2.85,1.87
2016.09.07 05:55:42.637,1.28412,1.28423,2.25,1.87
2016.09.07 05:55:42.739,1.28412,1.28423,2.25,1.87
2016.09.07 05:55:42.862,1.28412,1.28423,2.85,1.87
2016.09.07 05:55:42.915,1.28412,1.28421,1.00,1.00
2016.09.07 05:55:43.068,1.28412,1.28421,1.50,1.00
2016.09.07 05:55:43.169,1.28412,1.28421,2.25,1.00
2016.09.07 05:55:43.220,1.28412,1.28421,1.12,1.00
2016.09.07 05:55:43.424,1.28411,1.28421,3.22,1.00
2016.09.07 05:55:44.015,1.28411,1.28422,3.22,1.12
2016.09.07 05:55:44.142,1.28412,1.28422,1.30,1.12
2016.09.07 05:55:44.193,1.28412,1.28423,1.35,1.12
2016.09.07 05:55:44.466,1.28412,1.28424,1.35,2.62
2016.09.07 05:55:44.568,1.28412,1.28424,2.10,2.62
2016.09.07 05:55:44.620,1.28412,1.28424,2.10,2.62
2016.09.07 05:55:44.671,1.28412,1.28424,4.42,2.62
2016.09.07 05:55:44.722,1.28413,1.28424,1.72,2.62
2016.09.07 05:55:44.824,1.28413,1.28424,1.30,2.62
2016.09.07 05:55:44.929,1.28414,1.28422,1.00,1.00
2016.09.07 05:55:45.132,1.28414,1.28423,1.00,1.12
2016.09.07 05:55:45.405,1.28415,1.28424,1.00,1.00
2016.09.07 05:55:46.637,1.28414,1.28424,1.00,1.37
2016.09.07 05:55:46.688,1.28414,1.28424,1.00,1.50
2016.09.07 05:55:47.217,1.28415,1.28424,1.00,1.50
2016.09.07 05:55:48.649,1.28414,1.28424,1.00,1.12
2016.09.07 05:55:50.024,1.28411,1.28423,3.22,1.12
2016.09.07 05:55:50.075,1.28412,1.28423,1.12,1.12
2016.09.07 05:55:50.126,1.28412,1.28423,1.72,1.00
2016.09.07 05:55:50.177,1.28411,1.28423,3.97,1.00
2016.09.07 05:55:50.228,1.28412,1.28423,1.30,1.00
2016.09.07 05:55:50.330,1.28412,1.28423,1.72,1.00
2016.09.07 05:55:50.534,1.28412,1.28423,1.72,1.00
2016.09.07 05:55:50.636,1.28412,1.28423,2.10,1.00
2016.09.07 05:55:50.738,1.28413,1.28423,1.35,1.12
2016.09.07 05:55:50.788,1.28413,1.28423,1.00,1.12
2016.09.07 05:55:50.839,1.28413,1.28423,1.00,1.00
2016.09.07 05:55:50.992,1.28413,1.28423,1.35,1.00
2016.09.07 05:55:51.052,1.28413,1.28423,1.35,1.00
2016.09.07 05:55:51.256,1.28412,1.28423,3.97,1.00
2016.09.07 05:55:51.574,1.28412,1.28423,3.22,1.00
2016.09.07 05:55:51.625,1.28412,1.28423,3.22,1.12
2016.09.07 05:55:51.676,1.28412,1.28423,2.85,1.12
2016.09.07 05:55:52.134,1.28412,1.28423,2.85,1.00
2016.09.07 05:55:52.236,1.28412,1.28423,2.85,1.12
2016.09.07 05:55:52.625,1.28412,1.28423,2.85,1.00
2016.09.07 05:55:52.676,1.28413,1.28423,1.72,1.00
2016.09.07 05:55:52.726,1.28413,1.28423,1.35,1.12
2016.09.07 05:55:52.833,1.28413,1.28423,1.72,1.00
2016.09.07 05:55:52.935,1.28413,1.28423,1.12,1.00
2016.09.07 05:55:53.343,1.28413,1.28423,1.72,1.00
2016.09.07 05:55:53.796,1.28413,1.28423,1.12,1.00
2016.09.07 05:55:54.123,1.28413,1.28423,1.72,1.00
2016.09.07 05:55:54.174,1.28413,1.28423,1.72,1.00
2016.09.07 05:55:54.435,1.28413,1.28424,1.72,1.00
2016.09.07 05:55:54.537,1.28413,1.28424,1.30,1.00
2016.09.07 05:55:55.233,1.28413,1.28424,1.72,1.00
2016.09.07 05:55:56.557,1.28412,1.28424,2.47,1.50
2016.09.07 05:55:56.608,1.28412,1.28424,2.47,2.25
2016.09.07 05:55:56.659,1.28412,1.28424,3.22,1.50
2016.09.07 05:55:56.761,1.28412,1.28424,2.47,1.50
2016.09.07 05:55:57.343,1.28413,1.28424,1.35,1.50
2016.09.07 05:55:58.643,1.28413,1.28424,1.00,1.50
2016.09.07 05:55:58.745,1.28413,1.28424,1.50,1.00
2016.09.07 05:55:59.090,1.28413,1.28424,1.00,1.00
2016.09.07 05:56:00.098,1.28413,1.28424,1.35,1.00
2016.09.07 05:56:00.149,1.28413,1.28424,1.00,1.00
2016.09.07 05:56:00.574,1.28412,1.28424,4.05,1.00
2016.09.07 05:56:00.677,1.28413,1.28424,1.35,1.00
2016.09.07 05:56:00.728,1.28413,1.28424,1.00,1.00
2016.09.07 05:56:00.779,1.28413,1.28424,1.00,1.00
2016.09.07 05:56:00.880,1.28412,1.28424,2.92,1.00
2016.09.07 05:56:02.042,1.28412,1.28424,2.32,1.00
2016.09.07 05:56:02.093,1.28412,1.28424,2.70,1.00
2016.09.07 05:56:02.144,1.28412,1.28424,1.95,1.12
2016.09.07 05:56:02.403,1.28412,1.28424,2.55,1.12
2016.09.07 05:56:02.657,1.28413,1.28424,1.00,1.37
2016.09.07 05:56:02.708,1.28413,1.28424,1.00,1.50
2016.09.07 05:56:02.759,1.28412,1.28424,2.92,1.12
2016.09.07 05:56:02.810,1.28412,1.28424,2.92,1.00
2016.09.07 05:56:02.861,1.28412,1.28424,2.92,1.00
2016.09.07 05:56:04.063,1.28412,1.28424,2.17,1.00
2016.09.07 05:56:04.114,1.28413,1.28424,1.67,1.00
2016.09.07 05:56:04.419,1.28414,1.28424,1.72,1.00
2016.09.07 05:56:04.470,1.28417,1.28424,1.12,1.00
2016.09.07 05:56:04.521,1.28417,1.28426,1.12,1.50
2016.09.07 05:56:04.842,1.28417,1.28426,1.12,1.00
2016.09.07 05:56:04.893,1.28415,1.28426,1.12,1.87
2016.09.07 05:56:04.995,1.28416,1.28426,1.50,1.12
2016.09.07 05:56:05.046,1.28416,1.28426,2.25,1.12
2016.09.07 05:56:05.098,1.28416,1.28426,1.50,1.12
2016.09.07 05:56:05.149,1.28417,1.28426,1.00,1.87
2016.09.07 05:56:05.200,1.28417,1.28426,1.00,1.50
2016.09.07 05:56:05.251,1.28416,1.28426,3.00,1.50
2016.09.07 05:56:05.302,1.28416,1.28426,2.25,1.50
2016.09.07 05:56:05.353,1.28416,1.28426,1.50,1.50
2016.09.07 05:56:05.404,1.28416,1.28426,1.00,1.50
2016.09.07 05:56:05.455,1.28415,1.28426,2.25,1.50
2016.09.07 05:56:05.658,1.28415,1.28426,1.50,1.00
2016.09.07 05:56:05.709,1.28415,1.28426,1.00,1.50
2016.09.07 05:56:05.760,1.28415,1.28424,1.00,1.00
2016.09.07 05:56:05.811,1.28413,1.28424,1.50,1.00
2016.09.07 05:56:05.862,1.28413,1.28424,1.87,1.00
2016.09.07 05:56:05.913,1.28413,1.28424,1.50,1.00
2016.09.07 05:56:06.066,1.28414,1.28424,1.10,1.00
2016.09.07 05:56:06.452,1.28414,1.28425,1.10,1.50
2016.09.07 05:56:07.125,1.28414,1.28425,1.10,2.25
2016.09.07 05:56:07.379,1.28413,1.28425,1.87,2.25
2016.09.07 05:56:10.730,1.28413,1.28424,1.87,1.00
2016.09.07 05:56:13.402,1.28417,1.28424,1.00,1.00
2016.09.07 05:56:13.453,1.28416,1.28425,1.67,1.87
2016.09.07 05:56:13.504,1.28415,1.28425,3.60,1.00
2016.09.07 05:56:13.583,1.28417,1.28427,1.00,1.87
2016.09.07 05:56:13.634,1.28417,1.28427,1.00,1.50
2016.09.07 05:56:13.685,1.28417,1.28427,1.50,1.50
2016.09.07 05:56:13.788,1.28417,1.28427,1.37,1.50
2016.09.07 05:56:13.941,1.28417,1.28427,1.87,1.00
2016.09.07 05:56:14.008,1.28417,1.28428,1.87,2.25
2016.09.07 05:56:14.059,1.28417,1.28428,2.25,2.25
2016.09.07 05:56:14.679,1.28417,1.28428,2.25,2.62
2016.09.07 05:56:15.663,1.28417,1.28428,1.50,2.62
2016.09.07 05:56:16.707,1.28417,1.28428,2.25,2.25
2016.09.07 05:56:16.758,1.28417,1.28428,2.32,2.25
2016.09.07 05:56:20.033,1.28417,1.28428,1.57,2.25
2016.09.07 05:56:21.509,1.28418,1.28428,1.00,2.25
2016.09.07 05:56:22.259,1.28418,1.28428,1.00,1.87
2016.09.07 05:56:22.693,1.28418,1.28428,1.00,1.50
2016.09.07 05:56:23.196,1.28418,1.28428,1.00,1.87
2016.09.07 05:56:23.262,1.28418,1.28428,1.12,2.62
2016.09.07 05:56:23.313,1.28418,1.28428,1.12,3.00
2016.09.07 05:56:24.620,1.28418,1.28428,1.12,2.62
2016.09.07 05:56:24.671,1.28418,1.28428,1.12,1.87
2016.09.07 05:56:24.722,1.28418,1.28428,1.12,1.50
2016.09.07 05:56:26.997,1.28418,1.28427,1.12,1.00
2016.09.07 05:56:27.666,1.28418,1.28427,1.00,1.00
2016.09.07 05:56:28.173,1.28418,1.28427,1.12,1.50
2016.09.07 05:56:28.275,1.28417,1.28427,1.57,1.50
2016.09.07 05:56:29.578,1.28416,1.28427,1.12,1.00
2016.09.07 05:56:29.629,1.28415,1.28427,1.37,2.25
2016.09.07 05:56:29.680,1.28415,1.28426,1.37,1.00
2016.09.07 05:56:29.731,1.28414,1.28427,2.62,4.50
2016.09.07 05:56:29.783,1.28414,1.28427,2.62,3.75
2016.09.07 05:56:29.885,1.28414,1.28427,3.22,3.75
2016.09.07 05:56:29.936,1.28414,1.28427,3.22,3.00
2016.09.07 05:56:30.129,1.28414,1.28426,2.47,1.50
2016.09.07 05:56:30.243,1.28414,1.28425,2.25,1.50
2016.09.07 05:56:30.295,1.28413,1.28424,2.32,1.00
2016.09.07 05:56:30.346,1.28413,1.28424,1.95,1.00
2016.09.07 05:56:30.397,1.28414,1.28424,1.00,1.50
2016.09.07 05:56:30.448,1.28414,1.28424,1.00,1.87
2016.09.07 05:56:30.805,1.28414,1.28424,1.00,1.37
2016.09.07 05:56:30.958,1.28414,1.28424,1.00,1.00
2016.09.07 05:56:32.237,1.28414,1.28424,1.12,1.00
2016.09.07 05:56:33.439,1.28414,1.28424,1.00,1.00
2016.09.07 05:56:33.490,1.28414,1.28424,1.50,1.00
2016.09.07 05:56:34.091,1.28414,1.28424,1.00,1.00
2016.09.07 05:56:34.244,1.28414,1.28424,1.00,1.50
2016.09.07 05:56:34.320,1.28414,1.28424,1.00,1.12
2016.09.07 05:56:34.422,1.28414,1.28425,1.72,1.12
2016.09.07 05:56:34.473,1.28414,1.28426,1.72,4.12
2016.09.07 05:56:34.727,1.28414,1.28426,1.72,3.37
2016.09.07 05:56:34.817,1.28416,1.28426,1.00,1.87
2016.09.07 05:56:34.868,1.28416,1.28426,1.50,1.50
2016.09.07 05:56:34.919,1.28416,1.28426,1.75,1.50
2016.09.07 05:56:34.971,1.28416,1.28426,1.75,2.25
2016.09.07 05:56:35.022,1.28414,1.28425,2.32,1.12
2016.09.07 05:56:35.124,1.28414,1.28426,1.95,2.25
2016.09.07 05:56:35.176,1.28415,1.28426,1.00,1.50
2016.09.07 05:56:35.227,1.28415,1.28426,1.00,2.25
2016.09.07 05:56:35.278,1.28415,1.28425,1.00,1.00
2016.09.07 05:56:35.532,1.28415,1.28425,1.50,1.00
2016.09.07 05:56:35.765,1.28415,1.28425,1.00,1.00
2016.09.07 05:56:36.226,1.28414,1.28425,2.70,1.00
2016.09.07 05:56:36.328,1.28415,1.28425,1.00,1.00
2016.09.07 05:56:40.442,1.28415,1.28425,1.00,1.00
2016.09.07 05:56:40.494,1.28416,1.28425,1.50,1.00
2016.09.07 05:56:40.545,1.28416,1.28425,1.50,1.00
2016.09.07 05:56:40.596,1.28416,1.28425,1.00,1.00
2016.09.07 05:56:40.647,1.28416,1.28425,1.00,1.00
2016.09.07 05:56:40.698,1.28416,1.28426,1.00,1.50
2016.09.07 05:56:41.104,1.28416,1.28425,1.00,1.00
2016.09.07 05:56:41.593,1.28415,1.28425,2.25,1.00
2016.09.07 05:56:42.756,1.28415,1.28425,1.87,1.00
2016.09.07 05:56:42.859,1.28415,1.28424,1.87,1.00
2016.09.07 05:56:42.989,1.28414,1.28424,2.32,1.50
2016.09.07 05:56:43.041,1.28414,1.28424,1.57,1.00
2016.09.07 05:56:43.092,1.28413,1.28424,4.12,1.00
2016.09.07 05:56:43.193,1.28414,1.28424,1.57,1.00
2016.09.07 05:56:43.828,1.28413,1.28424,4.87,1.00
2016.09.07 05:56:44.182,1.28413,1.28424,5.47,1.00
2016.09.07 05:56:44.233,1.28414,1.28424,1.42,1.00
2016.09.07 05:56:44.436,1.28413,1.28424,4.72,1.00
2016.09.07 05:56:45.011,1.28413,1.28424,4.12,1.00
2016.09.07 05:56:45.113,1.28413,1.28424,4.72,1.00
2016.09.07 05:56:45.624,1.28414,1.28424,1.57,1.00
2016.09.07 05:56:47.520,1.28413,1.28424,4.12,1.00
2016.09.07 05:56:47.665,1.28413,1.28424,4.72,1.00
2016.09.07 05:56:47.717,1.28413,1.28424,4.12,1.00
2016.09.07 05:56:48.024,1.28413,1.28424,4.72,1.00
2016.09.07 05:56:48.402,1.28413,1.28424,4.12,1.00
2016.09.07 05:56:48.948,1.28413,1.28424,4.72,1.00
2016.09.07 05:56:49.151,1.28413,1.28424,4.12,1.00
2016.09.07 05:56:49.323,1.28413,1.28424,4.72,1.00
2016.09.07 05:56:49.425,1.28413,1.28424,4.12,1.00
2016.09.07 05:56:49.628,1.28413,1.28424,4.72,1.00
2016.09.07 05:56:49.925,1.28413,1.28424,4.12,1.00
2016.09.07 05:56:50.129,1.28414,1.28424,2.92,1.00
2016.09.07 05:56:50.181,1.28414,1.28425,1.95,1.12
2016.09.07 05:56:50.232,1.28414,1.28425,1.20,1.12
2016.09.07 05:56:50.334,1.28414,1.28425,1.95,1.12
2016.09.07 05:56:50.494,1.28414,1.28425,2.55,1.12
2016.09.07 05:56:50.749,1.28414,1.28425,1.95,1.12
2016.09.07 05:56:50.800,1.28414,1.28425,1.20,1.12
2016.09.07 05:56:50.902,1.28414,1.28425,1.95,1.12
2016.09.07 05:56:50.953,1.28414,1.28425,1.80,1.12
2016.09.07 05:56:51.055,1.28415,1.28425,1.00,1.12
2016.09.07 05:56:52.139,1.28414,1.28425,1.20,1.12
2016.09.07 05:56:52.241,1.28414,1.28425,2.55,1.12
2016.09.07 05:56:52.393,1.28414,1.28425,1.20,1.12
2016.09.07 05:56:52.444,1.28414,1.28425,1.80,1.12
2016.09.07 05:56:52.562,1.28415,1.28427,2.10,2.25
2016.09.07 05:56:52.613,1.28416,1.28427,1.12,1.50
2016.09.07 05:56:52.715,1.28416,1.28427,1.57,1.00
2016.09.07 05:56:53.513,1.28416,1.28427,1.20,1.00
2016.09.07 05:56:53.739,1.28416,1.28427,1.10,1.00
2016.09.07 05:56:53.842,1.28416,1.28427,1.57,1.00
2016.09.07 05:56:54.048,1.28416,1.28427,1.10,1.00
2016.09.07 05:56:54.098,1.28415,1.28427,4.50,1.00
2016.09.07 05:56:54.149,1.28416,1.28427,1.20,1.00
2016.09.07 05:56:54.251,1.28415,1.28427,4.50,1.00
2016.09.07 05:56:54.302,1.28416,1.28427,1.10,1.00
2016.09.07 05:56:54.697,1.28415,1.28427,4.50,1.00
2016.09.07 05:56:54.901,1.28416,1.28427,1.10,1.00
2016.09.07 05:56:54.952,1.28416,1.28427,1.57,1.00
2016.09.07 05:56:55.003,1.28416,1.28427,1.20,1.00
2016.09.07 05:56:55.799,1.28416,1.28427,1.57,1.00
2016.09.07 05:56:57.174,1.28416,1.28427,1.57,1.12
2016.09.07 05:56:58.609,1.28416,1.28427,1.20,1.12
2016.09.07 05:56:58.663,1.28416,1.28427,1.20,1.00
2016.09.07 05:56:58.854,1.28416,1.28427,1.95,1.00
2016.09.07 05:56:58.906,1.28416,1.28428,1.95,1.12
2016.09.07 05:56:59.045,1.28416,1.28428,2.70,1.00
2016.09.07 05:56:59.097,1.28417,1.28429,1.00,2.62
2016.09.07 05:56:59.149,1.28417,1.28429,1.50,2.62
2016.09.07 05:56:59.200,1.28417,1.28428,1.50,1.00
2016.09.07 05:56:59.251,1.28417,1.28428,1.12,1.00
2016.09.07 05:56:59.558,1.28417,1.28428,1.87,1.00
2016.09.07 05:56:59.661,1.28417,1.28428,1.12,1.00
2016.09.07 05:56:59.712,1.28416,1.28428,2.70,1.00
2016.09.07 05:57:00.187,1.28416,1.28426,2.70,1.00
2016.09.07 05:57:00.239,1.28416,1.28426,1.20,1.00
2016.09.07 05:57:00.341,1.28415,1.28426,3.37,1.00
2016.09.07 05:57:00.393,1.28415,1.28426,2.62,1.00
2016.09.07 05:57:01.113,1.28415,1.28426,1.87,1.00
2016.09.07 05:57:01.165,1.28415,1.28426,2.62,1.00
2016.09.07 05:57:01.216,1.28415,1.28426,2.25,1.00
2016.09.07 05:57:01.782,1.28415,1.28423,2.25,1.00
2016.09.07 05:57:02.088,1.28415,1.28423,2.25,1.00
2016.09.07 05:57:02.139,1.28416,1.28423,1.00,1.00
2016.09.07 05:57:02.191,1.28416,1.28423,1.00,1.00
2016.09.07 05:57:02.242,1.28415,1.28423,2.25,1.00
2016.09.07 05:57:02.395,1.28415,1.28425,2.25,1.00
2016.09.07 05:57:03.195,1.28415,1.28425,1.50,1.00
2016.09.07 05:57:03.246,1.28415,1.28425,1.00,1.00
2016.09.07 05:57:03.668,1.28414,1.28425,4.95,1.00
2016.09.07 05:57:04.219,1.28414,1.28426,4.95,1.00
2016.09.07 05:57:04.271,1.28414,1.28426,4.95,2.25
2016.09.07 05:57:04.323,1.28414,1.28426,3.07,1.50
2016.09.07 05:57:04.374,1.28414,1.28426,3.07,1.50
2016.09.07 05:57:04.497,1.28414,1.28425,2.32,1.00
2016.09.07 05:57:04.549,1.28414,1.28425,3.07,1.00
2016.09.07 05:57:04.600,1.28414,1.28425,3.07,1.00
2016.09.07 05:57:04.843,1.28414,1.28425,2.32,1.00
2016.09.07 05:57:04.895,1.28414,1.28425,1.85,1.00
2016.09.07 05:57:04.946,1.28416,1.28425,1.50,1.00
2016.09.07 05:57:04.999,1.28416,1.28426,1.50,1.00
2016.09.07 05:57:05.050,1.28416,1.28427,1.50,2.62
2016.09.07 05:57:05.102,1.28416,1.28426,1.57,1.00
2016.09.07 05:57:05.615,1.28416,1.28426,1.85,1.00
2016.09.07 05:57:06.125,1.28416,1.28426,1.57,1.00
2016.09.07 05:57:06.176,1.28415,1.28426,2.62,1.00
2016.09.07 05:57:06.328,1.28415,1.28426,1.87,1.00
2016.09.07 05:57:06.827,1.28416,1.28426,1.42,1.00
2016.09.07 05:57:06.878,1.28416,1.28426,2.17,1.00
2016.09.07 05:57:06.929,1.28418,1.28426,1.35,1.00
2016.09.07 05:57:07.155,1.28419,1.28426,1.00,1.00
2016.09.07 05:57:07.307,1.28419,1.28428,1.00,1.87
2016.09.07 05:57:08.440,1.28419,1.28428,1.35,1.87
2016.09.07 05:57:08.561,1.28419,1.28428,1.60,1.50
2016.09.07 05:57:08.613,1.28419,1.28428,1.60,1.00
2016.09.07 05:57:08.822,1.28419,1.28428,1.35,1.00
2016.09.07 05:57:08.975,1.28419,1.28428,1.72,1.00
2016.09.07 05:57:09.026,1.28419,1.2843,2.55,1.50
2016.09.07 05:57:09.519,1.28419,1.2843,1.80,1.50
2016.09.07 05:57:09.845,1.28419,1.2843,2.55,1.50
2016.09.07 05:57:10.789,1.2842,1.2843,1.00,1.50
2016.09.07 05:57:11.087,1.28419,1.2843,1.05,1.50
2016.09.07 05:57:11.189,1.28419,1.2843,1.05,1.50
2016.09.07 05:57:11.240,1.28419,1.2843,1.80,1.00
2016.09.07 05:57:11.291,1.2842,1.2843,1.35,1.00
2016.09.07 05:57:11.343,1.2842,1.2843,2.10,1.00
2016.09.07 05:57:12.198,1.2842,1.2843,1.35,1.00
2016.09.07 05:57:12.249,1.2842,1.2843,2.10,1.00
2016.09.07 05:57:12.402,1.2842,1.2843,1.35,1.00
2016.09.07 05:57:12.554,1.2842,1.2843,1.00,1.00
2016.09.07 05:57:12.943,1.28419,1.2843,2.55,1.00
2016.09.07 05:57:13.249,1.2842,1.2843,1.35,1.00
2016.09.07 05:57:13.554,1.2842,1.2843,1.00,1.00
2016.09.07 05:57:13.605,1.28419,1.2843,3.30,1.00
2016.09.07 05:57:14.349,1.2842,1.2843,1.35,1.00
2016.09.07 05:57:14.860,1.2842,1.2843,1.42,1.00
2016.09.07 05:57:15.063,1.2842,1.2843,1.10,1.00
2016.09.07 05:57:15.694,1.2842,1.2843,1.42,1.00
2016.09.07 05:57:18.906,1.2842,1.2843,1.10,1.00
2016.09.07 05:57:21.062,1.2842,1.2843,1.10,1.00
2016.09.07 05:57:22.352,1.2842,1.2843,1.42,1.00
2016.09.07 05:57:22.564,1.2842,1.28432,1.42,1.50
2016.09.07 05:57:22.718,1.2842,1.28432,1.80,1.50
2016.09.07 05:57:22.769,1.2842,1.28432,1.80,1.37
2016.09.07 05:57:22.921,1.2842,1.28432,1.10,1.50
2016.09.07 05:57:22.972,1.2842,1.28432,1.57,1.50
2016.09.07 05:57:23.023,1.2842,1.28432,1.57,1.12
2016.09.07 05:57:23.238,1.2842,1.28432,2.17,1.50
2016.09.07 05:57:24.971,1.28421,1.28432,1.00,1.50
2016.09.07 05:57:25.073,1.2842,1.28432,1.57,1.50
2016.09.07 05:57:25.327,1.2842,1.28432,2.17,1.50
2016.09.07 05:57:25.378,1.2842,1.28432,1.42,1.50
2016.09.07 05:57:25.429,1.2842,1.28432,1.35,1.50
2016.09.07 05:57:26.541,1.2842,1.28432,1.35,1.50
2016.09.07 05:57:26.926,1.2842,1.28432,1.12,1.50
2016.09.07 05:57:26.977,1.2842,1.28432,1.12,1.37
2016.09.07 05:57:27.129,1.2842,1.28432,1.72,1.37
2016.09.07 05:57:27.279,1.2842,1.28432,1.35,1.37
2016.09.07 05:57:27.330,1.2842,1.28432,1.35,1.50
2016.09.07 05:57:27.422,1.2842,1.28432,1.00,1.50
2016.09.07 05:57:29.095,1.2842,1.28432,1.50,1.50
2016.09.07 05:57:29.532,1.2842,1.28432,1.00,1.50
2016.09.07 05:57:31.590,1.2842,1.28432,1.35,1.50
2016.09.07 05:57:32.038,1.2842,1.28432,1.00,1.50
2016.09.07 05:57:32.217,1.2842,1.28432,1.50,2.25
2016.09.07 05:57:33.587,1.2842,1.28432,1.50,3.00
2016.09.07 05:57:34.943,1.2842,1.28432,1.87,2.62
2016.09.07 05:57:35.034,1.2842,1.28432,2.25,2.25
2016.09.07 05:57:35.085,1.2842,1.28432,1.50,3.00
2016.09.07 05:57:36.900,1.2842,1.28432,1.50,2.62
2016.09.07 05:57:36.951,1.2842,1.28432,1.87,2.25
2016.09.07 05:57:37.547,1.2842,1.28432,1.12,1.50
2016.09.07 05:57:38.977,1.28419,1.28432,3.22,1.00
2016.09.07 05:57:39.028,1.2842,1.28432,1.30,1.00
2016.09.07 05:57:39.079,1.2842,1.28432,1.30,1.12
2016.09.07 05:57:39.254,1.28419,1.28432,2.47,1.50
2016.09.07 05:57:39.356,1.28419,1.28432,2.47,2.25
2016.09.07 05:57:39.447,1.28419,1.28432,2.47,1.50
2016.09.07 05:57:39.498,1.28419,1.2843,3.22,1.00
2016.09.07 05:57:39.600,1.28419,1.2843,2.10,1.00
2016.09.07 05:57:39.651,1.28419,1.2843,2.10,1.12
2016.09.07 05:57:39.807,1.28419,1.2843,1.50,1.12
2016.09.07 05:57:40.062,1.28419,1.2843,3.00,1.12
2016.09.07 05:57:40.113,1.2842,1.2843,1.00,1.12
2016.09.07 05:57:41.113,1.28419,1.2843,2.10,1.12
2016.09.07 05:57:41.216,1.28419,1.2843,2.85,1.12
2016.09.07 05:57:41.661,1.28419,1.2843,2.10,1.12
2016.09.07 05:57:41.712,1.28419,1.2843,2.85,1.12
2016.09.07 05:57:42.924,1.28419,1.2843,2.25,1.12
2016.09.07 05:57:43.049,1.28419,1.28429,1.87,1.00
2016.09.07 05:57:43.100,1.28419,1.28429,1.12,1.00
2016.09.07 05:57:43.361,1.28419,1.28429,1.12,1.00
2016.09.07 05:57:48.102,1.28419,1.28426,1.12,1.00
2016.09.07 05:57:50.238,1.28419,1.28427,1.12,1.00
2016.09.07 05:57:50.820,1.28419,1.28427,1.87,1.00
2016.09.07 05:57:50.871,1.28419,1.28429,3.60,1.00
2016.09.07 05:57:50.965,1.2842,1.2843,1.35,1.12
2016.09.07 05:57:51.018,1.2842,1.2843,1.70,1.12
2016.09.07 05:57:51.071,1.2842,1.2843,1.42,1.12
2016.09.07 05:57:51.401,1.2842,1.2843,1.70,1.12
2016.09.07 05:57:51.503,1.2842,1.2843,1.42,1.12
2016.09.07 05:57:51.826,1.2842,1.2843,1.35,1.12
2016.09.07 05:57:52.039,1.28419,1.2843,2.85,1.12
2016.09.07 05:57:52.090,1.28419,1.2843,3.60,1.12
2016.09.07 05:57:52.243,1.28419,1.2843,4.35,1.12
2016.09.07 05:57:52.949,1.28419,1.2843,3.60,1.12
2016.09.07 05:57:53.831,1.28419,1.2843,4.35,1.12
2016.09.07 05:57:53.933,1.2842,1.2843,1.35,1.12
2016.09.07 05:57:54.307,1.2842,1.2843,1.35,1.12
2016.09.07 05:57:54.409,1.28421,1.2843,1.00,1.12
2016.09.07 05:57:54.953,1.2842,1.2843,1.35,1.12
2016.09.07 05:57:55.354,1.2842,1.2843,1.35,1.12
2016.09.07 05:57:55.907,1.2842,1.28431,1.35,1.50
2016.09.07 05:57:56.906,1.2842,1.28431,1.72,1.37
2016.09.07 05:57:56.957,1.2842,1.28431,1.72,1.37
2016.09.07 05:57:57.009,1.2842,1.28431,2.10,1.00
2016.09.07 05:57:58.157,1.2842,1.28431,2.10,1.00
2016.09.07 05:57:58.951,1.2842,1.28431,1.72,1.00
2016.09.07 05:57:59.100,1.2842,1.28431,1.72,1.12
2016.09.07 05:57:59.842,1.2842,1.28431,2.47,1.12
2016.09.07 05:58:01.698,1.2842,1.28431,1.72,1.12
2016.09.07 05:58:02.165,1.28424,1.28433,2.10,3.37
2016.09.07 05:58:02.216,1.28424,1.28433,3.60,3.00
2016.09.07 05:58:02.268,1.28424,1.28433,1.60,1.37
2016.09.07 05:58:02.320,1.28425,1.28433,1.35,1.00
2016.09.07 05:58:02.372,1.28425,1.28434,1.00,1.12
2016.09.07 05:58:02.423,1.28423,1.28434,4.72,1.00
2016.09.07 05:58:02.474,1.28423,1.28434,4.12,1.00
2016.09.07 05:58:02.525,1.28424,1.28434,1.12,1.00
2016.09.07 05:58:02.671,1.28424,1.28434,1.00,1.00
2016.09.07 05:58:02.725,1.28423,1.28434,1.30,1.00
2016.09.07 05:58:02.777,1.28424,1.28434,1.00,1.00
2016.09.07 05:58:02.983,1.28423,1.28431,1.12,1.00
2016.09.07 05:58:03.571,1.28424,1.28431,1.00,1.00
2016.09.07 05:58:03.622,1.28426,1.28431,1.00,1.00
2016.09.07 05:58:03.826,1.28425,1.28432,1.00,1.00
2016.09.07 05:58:03.877,1.28424,1.28432,1.00,1.00
2016.09.07 05:58:04.385,1.28425,1.28432,1.00,1.00
2016.09.07 05:58:04.494,1.28425,1.28432,1.50,1.00
2016.09.07 05:58:05.277,1.28425,1.28432,1.00,1.00
2016.09.07 05:58:05.660,1.28425,1.28432,1.50,1.00
2016.09.07 05:58:05.711,1.28425,1.28432,1.00,1.00
2016.09.07 05:58:06.178,1.28425,1.28434,1.00,1.12
2016.09.07 05:58:15.182,1.28425,1.28436,1.00,1.50
2016.09.07 05:58:16.141,1.28425,1.28436,1.00,1.50
2016.09.07 05:58:20.330,1.28424,1.28436,1.57,1.50
2016.09.07 05:58:20.432,1.28425,1.28436,1.00,1.50
2016.09.07 05:58:20.739,1.28426,1.28436,1.00,1.50
2016.09.07 05:58:25.965,1.28426,1.28436,1.00,1.00
2016.09.07 05:58:28.370,1.28424,1.28436,1.00,1.00
2016.09.07 05:58:30.389,1.28423,1.28436,3.07,1.00
2016.09.07 05:58:30.538,1.28424,1.28436,1.00,1.00
2016.09.07 05:58:30.794,1.28424,1.28436,1.00,1.50
2016.09.07 05:58:31.128,1.28424,1.28436,1.00,1.50
2016.09.07 05:58:31.534,1.28424,1.28436,1.00,1.50
2016.09.07 05:58:31.585,1.28423,1.28436,3.37,1.50
2016.09.07 05:58:31.683,1.28423,1.28436,3.00,1.50
2016.09.07 05:58:32.278,1.28423,1.28436,3.37,1.50
2016.09.07 05:58:32.380,1.28424,1.28436,1.00,1.50
2016.09.07 05:58:32.714,1.28424,1.28436,1.50,1.50
2016.09.07 05:58:32.765,1.28424,1.28436,1.50,3.37
2016.09.07 05:58:32.816,1.28424,1.28436,1.00,3.37
2016.09.07 05:58:32.867,1.28424,1.28436,1.00,3.37
2016.09.07 05:58:32.918,1.28424,1.28436,1.50,3.37
2016.09.07 05:58:33.520,1.28424,1.28436,1.00,3.37
2016.09.07 05:58:33.571,1.28425,1.28436,1.00,3.37
2016.09.07 05:58:34.281,1.28424,1.28436,1.00,3.37
2016.09.07 05:58:34.384,1.28425,1.28436,1.00,3.37
2016.09.07 05:58:34.435,1.28425,1.28436,1.00,3.37
2016.09.07 05:58:40.000,1.28425,1.28436,1.12,3.37
2016.09.07 05:58:40.091,1.28425,1.28436,1.12,1.87
2016.09.07 05:58:40.142,1.28424,1.28436,1.87,1.87
2016.09.07 05:58:40.193,1.28424,1.28436,1.50,1.87
2016.09.07 05:58:40.297,1.28424,1.28436,1.87,1.87
2016.09.07 05:58:40.399,1.28424,1.28436,1.50,1.87
2016.09.07 05:58:40.979,1.28424,1.28436,2.25,1.87
2016.09.07 05:58:41.498,1.28424,1.28436,2.62,1.87
2016.09.07 05:58:41.602,1.28424,1.28436,1.87,1.87
2016.09.07 05:58:41.653,1.28424,1.28436,2.62,1.87
2016.09.07 05:58:42.704,1.28424,1.28436,2.62,2.25
2016.09.07 05:58:42.755,1.28424,1.28435,2.62,1.12
2016.09.07 05:58:45.143,1.28424,1.28436,2.62,1.37
2016.09.07 05:58:45.195,1.28424,1.28436,3.37,1.37
2016.09.07 05:58:45.246,1.28424,1.28436,3.00,1.37
2016.09.07 05:58:45.297,1.28426,1.28436,1.00,1.37
2016.09.07 05:58:45.572,1.28425,1.28436,1.00,1.37
2016.09.07 05:58:45.675,1.28426,1.28436,1.00,1.37
2016.09.07 05:58:46.518,1.28426,1.28437,1.00,1.87
2016.09.07 05:58:46.620,1.28426,1.28437,1.00,1.50
2016.09.07 05:58:47.572,1.28427,1.28437,1.00,1.50
2016.09.07 05:58:48.271,1.28425,1.28437,2.62,1.50
2016.09.07 05:58:48.374,1.28426,1.28437,1.00,1.50
2016.09.07 05:58:48.526,1.28426,1.28437,1.00,2.25
2016.09.07 05:58:48.678,1.28426,1.28437,1.00,1.50
2016.09.07 05:58:48.730,1.28426,1.28437,1.00,1.00
2016.09.07 05:58:49.251,1.28427,1.28437,1.00,1.00
2016.09.07 05:58:49.609,1.28425,1.28437,2.25,1.00
2016.09.07 05:58:49.711,1.28427,1.28437,1.00,1.00
2016.09.07 05:58:50.336,1.28426,1.28437,1.00,1.00
2016.09.07 05:58:54.406,1.28427,1.28437,1.00,1.00
2016.09.07 05:58:55.687,1.28426,1.28437,1.00,1.00
2016.09.07 05:58:57.190,1.28427,1.28437,1.00,1.00
2016.09.07 05:58:59.201,1.28427,1.28437,1.00,1.50
2016.09.07 05:58:59.303,1.28427,1.28437,1.00,1.50
2016.09.07 05:59:04.325,1.28428,1.28437,1.00,1.50
2016.09.07 05:59:04.427,1.28427,1.28437,1.00,1.50
2016.09.07 05:59:04.532,1.28427,1.28437,1.10,1.50
2016.09.07 05:59:04.685,1.28427,1.28437,1.10,1.00
2016.09.07 05:59:04.737,1.28426,1.28437,1.12,1.00
2016.09.07 05:59:05.549,1.28426,1.28437,1.50,1.00
2016.09.07 05:59:05.651,1.28426,1.28437,1.12,1.00
2016.09.07 05:59:05.702,1.28427,1.28437,1.10,1.00
2016.09.07 05:59:07.829,1.28427,1.28437,1.00,1.00
2016.09.07 05:59:07.982,1.28427,1.28437,1.00,1.00
2016.09.07 05:59:08.084,1.28427,1.28437,1.00,1.00
2016.09.07 05:59:09.513,1.28426,1.28437,1.20,1.00
2016.09.07 05:59:09.564,1.28426,1.28437,1.10,1.00
2016.09.07 05:59:09.667,1.28426,1.28437,1.20,1.00
2016.09.07 05:59:09.718,1.28427,1.28437,1.00,1.00
2016.09.07 05:59:10.265,1.28427,1.28436,1.00,1.00
2016.09.07 05:59:10.418,1.28426,1.28436,1.20,1.00
2016.09.07 05:59:12.446,1.28427,1.28436,1.00,1.00
2016.09.07 05:59:12.700,1.28427,1.28437,1.00,2.25
2016.09.07 05:59:13.524,1.28426,1.28437,1.20,2.25
2016.09.07 05:59:13.627,1.28427,1.28437,1.00,2.25
2016.09.07 05:59:14.102,1.28425,1.28437,3.00,1.50
2016.09.07 05:59:14.153,1.28425,1.28437,3.37,1.50
2016.09.07 05:59:14.204,1.28427,1.28437,1.00,1.50
2016.09.07 05:59:14.306,1.28425,1.28437,3.37,1.50
2016.09.07 05:59:15.108,1.28427,1.28437,1.00,1.50
2016.09.07 05:59:18.629,1.28427,1.28437,1.00,1.50
2016.09.07 05:59:18.813,1.28426,1.28437,1.10,1.50
2016.09.07 05:59:18.864,1.28426,1.28437,1.12,2.25
2016.09.07 05:59:18.966,1.28426,1.28437,1.20,2.25
2016.09.07 05:59:19.170,1.28426,1.28437,1.10,2.25
2016.09.07 05:59:19.221,1.28427,1.28437,1.00,2.25
2016.09.07 05:59:20.110,1.28427,1.28437,1.00,1.00
2016.09.07 05:59:22.122,1.28427,1.28437,1.00,1.00
2016.09.07 05:59:22.173,1.28427,1.28437,1.00,1.12
2016.09.07 05:59:22.732,1.28426,1.28437,1.20,1.12
2016.09.07 05:59:22.885,1.28426,1.28437,1.57,1.12
2016.09.07 05:59:27.172,1.28426,1.28437,1.20,1.12
2016.09.07 05:59:27.325,1.28427,1.28437,1.00,1.12
2016.09.07 05:59:27.619,1.28427,1.28437,1.00,1.12
2016.09.07 05:59:27.671,1.28427,1.28437,1.00,1.87
2016.09.07 05:59:27.723,1.28427,1.28437,1.00,1.87
2016.09.07 05:59:28.536,1.28427,1.28437,1.00,1.12
2016.09.07 05:59:28.587,1.28427,1.28437,1.12,1.00
2016.09.07 05:59:28.638,1.28429,1.28437,1.00,1.00
2016.09.07 05:59:31.181,1.28429,1.28438,1.00,2.62
2016.09.07 05:59:31.743,1.28427,1.28438,1.12,2.62
2016.09.07 05:59:32.227,1.28428,1.28438,1.00,2.62
2016.09.07 05:59:33.103,1.28428,1.28438,1.12,2.25
2016.09.07 05:59:33.232,1.28427,1.28438,1.37,2.25
2016.09.07 05:59:33.494,1.28427,1.28438,1.00,1.50
2016.09.07 05:59:33.545,1.28428,1.28438,1.00,1.50
2016.09.07 05:59:34.359,1.28429,1.28438,1.00,1.50
2016.09.07 05:59:35.199,1.28429,1.28438,1.00,2.25
2016.09.07 05:59:35.707,1.28428,1.28438,1.00,1.50
2016.09.07 05:59:36.102,1.28428,1.28438,1.00,1.00
2016.09.07 05:59:36.560,1.28427,1.28438,1.10,1.00
2016.09.07 05:59:37.071,1.28428,1.28438,1.00,1.00
2016.09.07 05:59:37.370,1.28429,1.28438,1.00,1.00
2016.09.07 05:59:37.472,1.28429,1.28439,1.00,2.25
2016.09.07 05:59:37.676,1.28428,1.28438,1.00,1.00
2016.09.07 05:59:37.727,1.28429,1.28438,1.00,1.00
2016.09.07 05:59:37.779,1.28429,1.2844,2.25,1.50
2016.09.07 05:59:37.830,1.28432,1.2844,1.00,1.00
2016.09.07 05:59:37.954,1.28433,1.28442,1.00,3.37
2016.09.07 05:59:38.005,1.28433,1.28442,1.00,1.10
2016.09.07 05:59:38.107,1.28433,1.28442,1.00,1.00
2016.09.07 05:59:38.209,1.28433,1.28442,1.00,1.50
2016.09.07 05:59:38.311,1.28433,1.28442,1.00,2.25
2016.09.07 05:59:38.362,1.28431,1.28442,1.50,2.25
2016.09.07 05:59:38.413,1.28431,1.28442,1.00,2.25
2016.09.07 05:59:38.817,1.28431,1.28442,1.50,2.25
2016.09.07 05:59:38.868,1.28433,1.28442,1.00,1.50
2016.09.07 05:59:38.950,1.28433,1.28442,1.00,1.37
2016.09.07 05:59:39.044,1.28434,1.28442,1.00,1.00
2016.09.07 05:59:39.554,1.28433,1.28442,1.50,1.00
2016.09.07 05:59:39.656,1.28434,1.28442,1.00,1.00
2016.09.07 05:59:40.236,1.28436,1.28442,1.00,1.00
2016.09.07 05:59:40.585,1.28436,1.28444,1.00,3.75
2016.09.07 05:59:40.865,1.28434,1.28444,1.00,3.75
2016.09.07 05:59:40.916,1.28434,1.28444,1.12,3.75
2016.09.07 05:59:40.969,1.28434,1.28444,1.12,3.00
2016.09.07 05:59:41.072,1.28434,1.28444,1.12,2.25
2016.09.07 05:59:41.123,1.28434,1.28444,1.00,1.50
2016.09.07 05:59:41.277,1.28435,1.28444,1.00,2.25
2016.09.07 05:59:41.457,1.28435,1.28445,1.00,5.25
2016.09.07 05:59:41.918,1.28435,1.28444,1.00,1.50
2016.09.07 05:59:42.380,1.28434,1.28445,1.00,4.50
2016.09.07 05:59:42.482,1.28434,1.28445,1.00,5.25
2016.09.07 05:59:42.635,1.28433,1.28445,1.87,4.50
2016.09.07 05:59:42.686,1.28433,1.28445,1.87,3.37
2016.09.07 05:59:42.737,1.28435,1.28445,1.00,3.37
2016.09.07 05:59:42.883,1.28433,1.28445,1.87,3.37
2016.09.07 05:59:42.935,1.28434,1.28445,1.00,3.37
2016.09.07 05:59:43.621,1.28434,1.28445,1.00,2.62
2016.09.07 05:59:44.137,1.28433,1.28445,1.87,2.62
2016.09.07 05:59:44.239,1.28434,1.28445,1.00,2.62
2016.09.07 05:59:45.202,1.28434,1.28445,1.00,3.37
2016.09.07 05:59:45.858,1.28433,1.28444,2.25,1.50
2016.09.07 05:59:46.505,1.28433,1.28444,2.25,1.50
2016.09.07 05:59:46.556,1.28436,1.28445,1.00,1.87
2016.09.07 05:59:46.726,1.28436,1.28444,1.00,1.50
2016.09.07 05:59:49.151,1.28433,1.28445,2.62,1.75
2016.09.07 05:59:49.202,1.28433,1.28444,1.87,2.25
2016.09.07 05:59:49.304,1.28433,1.28444,1.50,2.25
2016.09.07 05:59:49.355,1.28433,1.28444,1.50,2.62
2016.09.07 05:59:49.406,1.28433,1.28444,2.25,2.62
2016.09.07 05:59:49.630,1.28433,1.28444,2.62,3.37
2016.09.07 05:59:50.046,1.28433,1.28444,2.25,2.62
2016.09.07 05:59:50.200,1.28433,1.28444,2.25,1.12
2016.09.07 05:59:51.241,1.28433,1.28444,2.62,1.12
2016.09.07 05:59:51.343,1.28433,1.28444,2.25,1.12
2016.09.07 05:59:51.394,1.28433,1.28444,1.50,1.12
2016.09.07 05:59:52.168,1.28433,1.28444,1.87,1.12
2016.09.07 05:59:52.372,1.28433,1.28444,1.50,1.87
2016.09.07 05:59:54.199,1.28433,1.28444,2.25,1.87
2016.09.07 05:59:54.421,1.28433,1.28444,1.50,1.87
2016.09.07 05:59:55.157,1.28433,1.28444,1.12,1.50
2016.09.07 05:59:55.295,1.28434,1.28444,1.00,1.50
2016.09.07 05:59:55.398,1.28433,1.28443,1.12,1.00
2016.09.07 05:59:56.830,1.28433,1.28441,1.50,1.00
2016.09.07 05:59:56.984,1.28432,1.28439,1.85,1.00
2016.09.07 05:59:57.036,1.28432,1.28439,1.87,1.00
2016.09.07 05:59:57.087,1.28432,1.28444,1.12,1.50
2016.09.07 05:59:57.190,1.28433,1.28444,1.57,1.50
2016.09.07 05:59:57.400,1.28433,1.28442,1.57,1.00
2016.09.07 05:59:57.453,1.28433,1.28442,1.10,1.50
2016.09.07 05:59:57.506,1.28428,1.2844,1.87,1.50
2016.09.07 05:59:57.560,1.28425,1.28439,3.00,1.50
2016.09.07 05:59:57.612,1.28425,1.28438,2.25,1.00
2016.09.07 05:59:57.664,1.28425,1.28437,1.12,1.00
2016.09.07 05:59:57.716,1.28425,1.28438,1.12,1.50
2016.09.07 05:59:57.768,1.28426,1.28438,1.10,1.00
2016.09.07 05:59:57.871,1.28426,1.28439,1.00,2.32
2016.09.07 05:59:57.922,1.28426,1.28436,1.00,1.00
2016.09.07 05:59:58.149,1.28425,1.28436,1.10,1.00
2016.09.07 05:59:58.200,1.28426,1.28437,1.00,1.00
2016.09.07 05:59:58.562,1.28426,1.28437,1.00,1.00
2016.09.07 05:59:59.570,1.28426,1.28436,1.00,1.00
2016.09.07 05:59:59.773,1.28423,1.28435,1.57,1.00
2016.09.07 05:59:59.825,1.28423,1.28435,1.10,1.00
2016.09.07 05:59:59.877,1.28425,1.28435,1.00,1.00
2016.09.07 05:59:59.980,1.28423,1.28435,1.12,1.00
