2009.07.03 01:00:03.447,1.1614,1.16175,1.60,1.20
2009.07.03 01:00:13.015,1.1614,1.1616,1.60,1.00
2009.07.03 01:00:13.135,1.1614,1.16185,1.60,1.60
2009.07.03 01:00:22.512,1.1614,1.16205,1.60,9.20
2009.07.03 01:00:55.994,1.1613,1.162,1.60,9.20
2009.07.03 01:00:56.224,1.1613,1.16175,1.60,1.80
2009.07.03 01:01:05.902,1.1613,1.1616,1.60,1.20
2009.07.03 01:01:05.952,1.1613,1.16215,1.60,9.20
2009.07.03 01:01:40.924,1.1613,1.16215,1.60,9.20
2009.07.03 01:02:09.717,1.1613,1.16175,1.60,1.80
2009.07.03 01:02:31.911,1.16145,1.16175,2.40,1.80
2009.07.03 01:02:32.201,1.16145,1.16175,8.00,1.80
2009.07.03 01:02:45.588,1.16145,1.1616,8.00,1.80
2009.07.03 01:02:49.187,1.16145,1.1616,8.00,1.20
2009.07.03 01:02:49.767,1.16145,1.16185,8.00,1.60
2009.07.03 01:02:55.626,1.16145,1.16165,8.00,1.00
2009.07.03 01:02:55.866,1.16145,1.16165,8.00,1.20
2009.07.03 01:03:08.033,1.16145,1.1618,7.20,1.60
2009.07.03 01:03:08.483,1.1614,1.16165,1.00,1.40
2009.07.03 01:03:09.152,1.1614,1.16165,1.00,1.20
2009.07.03 01:03:13.412,1.1613,1.1616,1.60,1.20
2009.07.03 01:03:13.581,1.16125,1.1616,6.60,1.20
2009.07.03 01:03:13.941,1.16125,1.1616,1.80,1.20
2009.07.03 01:03:14.181,1.16125,1.1616,1.60,1.20
2009.07.03 01:03:14.471,1.1612,1.1615,1.00,1.60
2009.07.03 01:03:14.751,1.1613,1.1615,1.60,1.60
2009.07.03 01:03:15.211,1.16135,1.1615,1.60,1.60
2009.07.03 01:03:18.730,1.1613,1.1615,1.60,1.60
2009.07.03 01:03:19.300,1.1613,1.1615,2.20,1.60
2009.07.03 01:03:19.580,1.16135,1.1615,1.60,1.60
2009.07.03 01:03:20.759,1.1613,1.1615,2.20,1.60
2009.07.03 01:03:24.309,1.1613,1.1615,2.20,1.00
2009.07.03 01:03:24.479,1.1613,1.16175,2.20,3.20
2009.07.03 01:03:25.508,1.1614,1.1617,1.00,3.20
2009.07.03 01:03:30.597,1.1614,1.1616,2.20,1.60
2009.07.03 01:03:32.257,1.1614,1.1615,1.00,1.00
2009.07.03 01:03:32.606,1.1614,1.1615,1.00,1.20
2009.07.03 01:03:32.846,1.1613,1.1615,2.20,1.40
2009.07.03 01:03:33.076,1.1613,1.1615,1.00,1.20
2009.07.03 01:03:36.366,1.1614,1.1615,1.00,1.20
2009.07.03 01:03:37.806,1.1614,1.1615,1.00,1.40
2009.07.03 01:03:38.156,1.1614,1.1615,1.00,1.60
2009.07.03 01:03:38.435,1.1614,1.1615,1.00,1.40
2009.07.03 01:03:38.665,1.1614,1.1615,1.00,1.20
2009.07.03 01:03:44.264,1.1613,1.1615,2.20,1.60
2009.07.03 01:03:44.324,1.1614,1.1615,1.00,1.60
2009.07.03 01:03:50.272,1.1615,1.1616,1.60,1.20
2009.07.03 01:03:54.491,1.1614,1.1616,2.20,1.20
2009.07.03 01:03:55.061,1.1614,1.1616,2.20,1.60
2009.07.03 01:03:56.972,1.16145,1.1616,1.60,1.20
2009.07.03 01:03:57.551,1.1615,1.1616,1.60,1.20
2009.07.03 01:04:00.890,1.1614,1.1616,2.20,1.20
2009.07.03 01:04:02.989,1.1615,1.1616,1.60,1.20
2009.07.03 01:04:07.300,1.1615,1.16205,1.60,7.80
2009.07.03 01:04:10.247,1.1615,1.16195,1.60,6.00
2009.07.03 01:04:10.308,1.1615,1.162,1.60,11.00
2009.07.03 01:04:25.504,1.1615,1.162,2.20,11.00
2009.07.03 01:04:30.353,1.1615,1.1618,2.20,3.20
2009.07.03 01:04:30.413,1.1615,1.1617,2.20,1.00
2009.07.03 01:04:30.703,1.1615,1.1617,1.00,1.20
2009.07.03 01:04:39.710,1.1615,1.1616,2.20,1.20
2009.07.03 01:04:40.520,1.1615,1.1616,2.20,1.00
2009.07.03 01:04:40.640,1.1615,1.16205,2.20,1.80
2009.07.03 01:04:40.760,1.1615,1.1621,2.20,11.00
2009.07.03 01:04:40.940,1.1615,1.1621,2.20,5.00
2009.07.03 01:04:41.630,1.1615,1.1621,2.20,3.20
2009.07.03 01:04:43.299,1.1616,1.162,1.00,3.20
2009.07.03 01:04:56.007,1.1617,1.162,1.60,3.20
2009.07.03 01:04:56.066,1.1617,1.16175,1.60,1.00
2009.07.03 01:04:56.227,1.1617,1.16175,1.60,1.20
2009.07.03 01:04:56.566,1.1616,1.16175,2.20,1.20
2009.07.03 01:05:04.165,1.16165,1.1617,1.60,2.80
2009.07.03 01:05:04.404,1.1617,1.1618,1.60,4.00
2009.07.03 01:05:06.214,1.1613,1.1616,4.20,1.00
2009.07.03 01:05:06.444,1.1617,1.16215,1.60,3.20
2009.07.03 01:05:19.421,1.1617,1.16175,1.60,1.00
2009.07.03 01:05:19.601,1.1616,1.16175,2.20,1.00
2009.07.03 01:05:19.881,1.1616,1.16175,2.20,1.20
2009.07.03 01:05:21.390,1.1613,1.1616,3.90,1.40
2009.07.03 01:05:21.510,1.1613,1.1616,3.90,1.60
2009.07.03 01:05:23.120,1.16155,1.1616,1.60,1.60
2009.07.03 01:05:26.289,1.1613,1.1616,1.60,1.60
2009.07.03 01:05:26.469,1.1613,1.1616,1.60,1.80
2009.07.03 01:05:30.558,1.1616,1.1617,2.20,2.30
2009.07.03 01:05:30.618,1.1616,1.1617,2.20,2.10
2009.07.03 01:05:30.738,1.1613,1.1616,4.10,1.60
2009.07.03 01:05:31.138,1.1613,1.1616,6.50,1.20
2009.07.03 01:05:31.608,1.1615,1.1616,1.60,1.20
2009.07.03 01:05:32.348,1.1615,1.1616,1.60,1.60
2009.07.03 01:05:41.585,1.1616,1.16185,1.00,3.20
2009.07.03 01:05:41.925,1.1617,1.16185,1.00,3.20
2009.07.03 01:05:45.205,1.1618,1.16185,1.00,7.20
2009.07.03 01:05:46.244,1.1617,1.1618,1.20,1.00
2009.07.03 01:05:46.424,1.1617,1.1618,1.20,1.60
2009.07.03 01:05:47.564,1.1618,1.16185,1.20,3.20
2009.07.03 01:05:47.964,1.1614,1.1618,2.70,1.60
2009.07.03 01:05:53.493,1.1614,1.1618,2.70,1.40
2009.07.03 01:05:53.673,1.1614,1.1618,2.40,1.20
2009.07.03 01:05:54.822,1.1614,1.1618,3.20,1.60
2009.07.03 01:05:54.932,1.1614,1.1618,3.00,1.80
2009.07.03 01:06:04.460,1.1617,1.1618,1.00,1.80
2009.07.03 01:06:04.750,1.1617,1.1618,1.00,1.20
2009.07.03 01:06:04.800,1.1617,1.16205,1.00,3.20
2009.07.03 01:06:09.509,1.1617,1.1619,1.00,1.40
2009.07.03 01:06:09.689,1.1617,1.1619,1.00,2.80
2009.07.03 01:06:17.367,1.1617,1.1618,1.00,1.20
2009.07.03 01:06:17.657,1.16145,1.1618,1.70,1.80
2009.07.03 01:06:18.357,1.1616,1.1618,2.00,1.20
2009.07.03 01:06:18.536,1.1616,1.1618,2.00,1.00
2009.07.03 01:06:18.817,1.1618,1.1619,1.00,2.80
2009.07.03 01:06:19.516,1.1618,1.1619,1.00,1.40
2009.07.03 01:06:19.686,1.1618,1.162,1.00,3.20
2009.07.03 01:06:20.326,1.1618,1.1619,1.00,2.40
2009.07.03 01:06:21.656,1.1616,1.1618,2.00,1.00
2009.07.03 01:06:23.825,1.1616,1.1618,2.00,1.00
2009.07.03 01:06:23.885,1.1618,1.1619,1.00,2.80
2009.07.03 01:06:34.673,1.1618,1.1619,1.00,1.60
2009.07.03 01:06:34.953,1.1618,1.162,1.00,3.20
2009.07.03 01:06:43.331,1.1618,1.1619,1.00,1.00
2009.07.03 01:06:43.670,1.1618,1.1619,1.00,2.40
2009.07.03 01:06:44.070,1.1618,1.1619,1.00,1.60
2009.07.03 01:06:44.360,1.1618,1.1619,1.00,2.40
2009.07.03 01:06:44.870,1.1618,1.1619,1.00,1.60
2009.07.03 01:06:45.040,1.1618,1.1619,1.00,1.80
2009.07.03 01:06:45.150,1.1618,1.1619,2.20,1.80
2009.07.03 01:06:49.269,1.1618,1.1619,2.20,2.40
2009.07.03 01:06:49.499,1.1618,1.1619,1.00,2.40
2009.07.03 01:06:49.559,1.16165,1.1618,1.60,1.00
2009.07.03 01:06:49.739,1.1618,1.1619,1.00,1.70
2009.07.03 01:06:50.428,1.1618,1.1619,1.00,1.70
2009.07.03 01:06:50.598,1.1618,1.1619,1.00,2.40
2009.07.03 01:06:54.638,1.1618,1.1619,1.00,2.80
2009.07.03 01:06:55.777,1.16165,1.1618,2.00,1.20
2009.07.03 01:06:57.517,1.16165,1.1618,2.00,1.00
2009.07.03 01:06:57.747,1.1618,1.1619,1.00,2.40
2009.07.03 01:07:05.885,1.1618,1.1619,1.00,1.60
2009.07.03 01:07:06.065,1.1618,1.162,1.00,3.20
2009.07.03 01:07:10.674,1.1618,1.1619,1.00,1.00
2009.07.03 01:07:10.794,1.1618,1.1619,1.00,2.40
2009.07.03 01:07:20.841,1.1618,1.1619,1.00,1.00
2009.07.03 01:07:20.901,1.1618,1.162,1.00,3.20
2009.07.03 01:07:25.970,1.1618,1.1619,1.00,1.00
2009.07.03 01:07:26.080,1.1618,1.1619,1.00,2.40
2009.07.03 01:07:39.917,1.1617,1.1619,1.00,2.40
2009.07.03 01:07:51.244,1.1618,1.1619,1.00,2.40
2009.07.03 01:07:51.424,1.1618,1.1619,1.00,2.80
2009.07.03 01:07:59.522,1.1618,1.1619,1.00,1.40
2009.07.03 01:07:59.752,1.1618,1.162,1.00,3.20
2009.07.03 01:08:00.931,1.1618,1.1619,1.00,1.00
2009.07.03 01:08:01.153,1.1618,1.1619,1.00,1.20
2009.07.03 01:08:10.789,1.1618,1.1619,1.00,1.00
2009.07.03 01:08:10.899,1.1618,1.162,1.00,3.20
2009.07.03 01:08:16.738,1.1618,1.1619,1.00,1.00
2009.07.03 01:08:17.088,1.1618,1.1619,1.00,1.20
2009.07.03 01:08:18.937,1.1618,1.162,1.00,3.20
2009.07.03 01:08:38.633,1.16175,1.1619,1.60,2.20
2009.07.03 01:08:38.752,1.1617,1.1619,1.00,2.20
2009.07.03 01:08:41.582,1.1617,1.1619,1.00,1.00
2009.07.03 01:08:41.642,1.1617,1.162,1.00,3.20
2009.07.03 01:08:42.771,1.1617,1.1619,1.00,1.00
2009.07.03 01:08:43.171,1.1617,1.1619,1.00,1.20
2009.07.03 01:08:52.779,1.1617,1.1619,1.00,1.00
2009.07.03 01:08:53.379,1.1617,1.162,1.00,3.20
2009.07.03 01:08:57.748,1.1617,1.1619,1.00,1.00
2009.07.03 01:08:58.088,1.1617,1.1619,1.00,1.00
2009.07.03 01:08:59.367,1.1617,1.162,1.20,3.20
2009.07.03 01:09:00.007,1.1617,1.162,1.00,3.20
2009.07.03 01:09:00.687,1.1617,1.1619,1.00,1.20
2009.07.03 01:09:02.187,1.1617,1.162,1.00,3.20
2009.07.03 01:09:08.425,1.16175,1.16205,1.60,3.20
2009.07.03 01:09:08.545,1.1618,1.16205,1.60,1.60
2009.07.03 01:09:08.725,1.1618,1.1621,1.60,1.60
2009.07.03 01:09:09.525,1.1618,1.1621,1.60,1.20
2009.07.03 01:09:09.765,1.16175,1.1621,1.60,1.20
2009.07.03 01:09:10.865,1.16175,1.16195,1.60,1.00
2009.07.03 01:09:11.085,1.16175,1.16195,1.60,1.20
2009.07.03 01:09:12.534,1.1617,1.1619,1.00,1.20
2009.07.03 01:09:13.804,1.1617,1.1619,1.00,1.00
2009.07.03 01:09:14.274,1.1617,1.16215,1.00,3.20
2009.07.03 01:09:20.572,1.1617,1.16195,1.00,1.00
2009.07.03 01:09:20.632,1.1617,1.16195,1.00,1.20
2009.07.03 01:09:22.812,1.1617,1.16215,1.00,3.20
2009.07.03 01:09:23.972,1.1617,1.16195,1.00,1.00
2009.07.03 01:09:25.375,1.1617,1.1619,1.00,1.00
2009.07.03 01:09:25.491,1.1617,1.16215,1.00,3.20
2009.07.03 01:09:26.891,1.16165,1.16195,1.60,3.20
2009.07.03 01:09:27.161,1.1616,1.16195,1.00,3.20
2009.07.03 01:09:27.501,1.1617,1.16195,1.00,3.20
2009.07.03 01:09:28.081,1.1617,1.16215,1.00,3.20
2009.07.03 01:09:30.150,1.16165,1.16195,1.60,3.20
2009.07.03 01:09:30.560,1.1616,1.16195,1.00,3.20
2009.07.03 01:09:30.730,1.1617,1.16205,1.00,3.20
2009.07.03 01:09:31.140,1.1616,1.16195,2.20,1.00
2009.07.03 01:09:41.108,1.1616,1.162,2.20,3.20
2009.07.03 01:10:01.432,1.1616,1.1619,2.20,1.00
2009.07.03 01:10:05.452,1.1616,1.1619,3.40,1.00
2009.07.03 01:10:05.512,1.16165,1.1619,1.60,1.00
2009.07.03 01:10:10.570,1.1616,1.1619,1.00,3.20
2009.07.03 01:10:10.920,1.16165,1.1619,1.60,1.00
2009.07.03 01:10:11.430,1.16165,1.16215,1.60,3.20
2009.07.03 01:10:13.929,1.16165,1.16195,1.60,1.00
2009.07.03 01:10:14.110,1.16165,1.16195,1.60,1.00
2009.07.03 01:10:20.578,1.1617,1.1619,1.00,1.00
2009.07.03 01:10:20.748,1.1617,1.1619,2.20,1.00
2009.07.03 01:10:24.037,1.1617,1.1619,2.20,1.00
2009.07.03 01:10:24.337,1.1617,1.16215,2.20,3.20
2009.07.03 01:10:42.083,1.16165,1.1619,1.80,1.00
2009.07.03 01:10:42.143,1.1617,1.1619,1.00,1.00
2009.07.03 01:10:42.373,1.1617,1.1619,2.20,1.00
2009.07.03 01:10:51.970,1.1617,1.16215,2.20,3.20
2009.07.03 01:11:22.313,1.16165,1.1619,1.60,1.00
2009.07.03 01:11:33.860,1.16165,1.16195,1.60,1.00
2009.07.03 01:11:34.370,1.16165,1.16195,1.60,1.00
2009.07.03 01:11:37.159,1.16165,1.1619,1.60,1.00
2009.07.03 01:11:37.270,1.16165,1.1619,1.60,1.60
2009.07.03 01:11:38.129,1.16165,1.1619,1.60,1.40
2009.07.03 01:11:38.479,1.16165,1.1619,1.60,1.20
2009.07.03 01:11:41.828,1.1617,1.1619,2.20,1.20
2009.07.03 01:12:03.993,1.1618,1.1621,1.00,3.20
2009.07.03 01:12:09.202,1.1619,1.1621,1.00,3.20
2009.07.03 01:12:14.851,1.1618,1.162,1.00,3.20
2009.07.03 01:12:15.680,1.1619,1.1621,1.00,3.20
2009.07.03 01:12:34.666,1.162,1.1621,1.00,3.20
2009.07.03 01:12:34.846,1.1619,1.162,2.00,1.40
2009.07.03 01:12:34.956,1.1619,1.162,1.00,2.80
2009.07.03 01:12:35.015,1.1619,1.162,1.00,1.40
2009.07.03 01:12:35.355,1.1619,1.1621,1.00,3.20
2009.07.03 01:13:00.378,1.16175,1.16205,1.00,2.80
2009.07.03 01:13:00.558,1.1618,1.162,15.20,2.80
2009.07.03 01:13:02.578,1.1618,1.162,1.60,4.60
2009.07.03 01:13:02.987,1.1618,1.162,11.60,4.60
2009.07.03 01:13:03.267,1.1618,1.162,13.60,1.40
2009.07.03 01:13:04.367,1.1618,1.162,13.60,6.80
2009.07.03 01:13:10.355,1.16175,1.16205,13.60,1.40
2009.07.03 01:13:10.525,1.16175,1.16205,1.00,4.60
2009.07.03 01:13:38.909,1.1617,1.1621,1.60,4.60
2009.07.03 01:13:39.149,1.16172,1.16207,13.60,6.80
2009.07.03 01:13:43.938,1.16172,1.16207,1.00,2.80
2009.07.03 01:13:44.108,1.16178,1.16202,1.00,4.60
2009.07.03 01:13:46.957,1.16178,1.16202,11.60,4.60
2009.07.03 01:13:47.137,1.16178,1.16202,13.60,2.80
2009.07.03 01:13:53.935,1.1618,1.162,1.00,2.80
2009.07.03 01:13:54.115,1.1618,1.162,13.60,1.40
2009.07.03 01:13:55.305,1.1618,1.162,1.00,2.80
2009.07.03 01:13:55.595,1.1618,1.162,1.00,1.40
2009.07.03 01:13:56.075,1.1618,1.162,1.00,1.40
2009.07.03 01:13:56.305,1.16178,1.16202,11.60,4.60
2009.07.03 01:13:59.034,1.1618,1.162,14.00,2.80
2009.07.03 01:14:47.523,1.1619,1.1621,1.00,8.80
2009.07.03 01:14:47.814,1.162,1.1621,1.00,1.00
2009.07.03 01:14:47.993,1.162,1.16235,1.00,3.20
2009.07.03 01:14:49.873,1.162,1.16235,1.00,4.80
2009.07.03 01:14:58.391,1.162,1.1622,1.00,1.00
2009.07.03 01:14:58.561,1.162,1.1622,1.00,1.20
2009.07.03 01:15:08.958,1.162,1.16245,1.00,4.80
2009.07.03 01:15:16.567,1.162,1.1622,1.00,1.00
2009.07.03 01:15:17.258,1.162,1.1622,1.00,1.20
2009.07.03 01:15:26.634,1.162,1.1621,1.00,1.00
2009.07.03 01:15:26.754,1.162,1.16245,1.00,4.80
2009.07.03 01:15:44.650,1.162,1.1622,1.00,1.00
2009.07.03 01:15:44.710,1.162,1.1622,1.00,1.20
2009.07.03 01:15:54.497,1.162,1.1621,1.00,1.00
2009.07.03 01:15:54.717,1.162,1.16235,1.00,3.20
2009.07.03 01:16:13.933,1.162,1.1621,1.00,1.00
2009.07.03 01:16:17.962,1.1619,1.1621,2.20,1.00
2009.07.03 01:16:18.312,1.1619,1.1622,2.20,1.20
2009.07.03 01:16:18.991,1.1619,1.1621,2.20,1.00
2009.07.03 01:16:19.331,1.1619,1.1621,2.20,1.60
2009.07.03 01:16:20.821,1.1619,1.1622,2.20,1.20
2009.07.03 01:16:21.841,1.1619,1.1622,2.20,1.00
2009.07.03 01:16:22.111,1.1619,1.1622,2.20,1.20
2009.07.03 01:16:24.790,1.1619,1.162,2.20,1.00
2009.07.03 01:16:25.890,1.1619,1.1622,2.20,1.00
2009.07.03 01:16:26.070,1.1619,1.1623,2.20,1.20
2009.07.03 01:16:27.059,1.1619,1.162,2.20,1.00
2009.07.03 01:16:27.290,1.1619,1.162,2.20,1.20
2009.07.03 01:16:28.390,1.1618,1.1619,4.20,1.00
2009.07.03 01:16:28.739,1.1619,1.1623,2.20,1.20
2009.07.03 01:16:34.728,1.1619,1.1621,2.20,1.20
2009.07.03 01:16:34.908,1.1619,1.1621,2.20,1.60
2009.07.03 01:16:38.727,1.1619,1.162,2.20,1.00
2009.07.03 01:16:38.787,1.1619,1.162,2.20,1.20
2009.07.03 01:16:39.067,1.1619,1.162,2.20,1.00
2009.07.03 01:16:39.357,1.1619,1.1621,2.20,1.60
2009.07.03 01:16:44.695,1.1619,1.1621,2.20,1.20
2009.07.03 01:16:45.165,1.1619,1.1621,2.20,1.60
2009.07.03 01:16:54.903,1.1619,1.1621,2.20,1.00
2009.07.03 01:16:55.073,1.1619,1.16245,2.20,4.80
2009.07.03 01:16:59.682,1.1619,1.1622,2.20,1.00
2009.07.03 01:17:00.032,1.1619,1.1622,2.20,1.20
2009.07.03 01:17:09.849,1.1619,1.1621,2.20,1.00
2009.07.03 01:17:10.019,1.1619,1.1622,2.20,1.20
2009.07.03 01:17:28.205,1.1619,1.1621,2.20,1.00
2009.07.03 01:17:28.435,1.1619,1.1622,2.20,1.20
2009.07.03 01:17:38.382,1.1619,1.1621,2.20,1.20
2009.07.03 01:18:05.646,1.1619,1.16235,2.20,4.80
2009.07.03 01:18:05.706,1.1619,1.16225,2.20,1.00
2009.07.03 01:18:05.826,1.1619,1.16225,2.20,1.20
2009.07.03 01:18:15.713,1.1619,1.1622,2.20,1.00
2009.07.03 01:18:15.933,1.1619,1.1623,2.20,3.20
2009.07.03 01:18:26.321,1.1619,1.16235,2.20,4.80
2009.07.03 01:18:26.831,1.1619,1.16225,2.20,1.20
2009.07.03 01:18:35.509,1.1621,1.1622,1.60,1.20
2009.07.03 01:18:36.678,1.1621,1.1622,1.60,1.00
2009.07.03 01:18:36.958,1.1621,1.16275,1.60,7.80
2009.07.03 01:18:38.048,1.1621,1.1626,1.60,9.40
2009.07.03 01:18:38.278,1.162,1.16245,2.80,1.00
2009.07.03 01:18:38.458,1.1619,1.16245,2.20,4.00
2009.07.03 01:18:38.738,1.1619,1.16245,2.20,5.60
2009.07.03 01:18:38.968,1.16195,1.16245,1.60,7.20
2009.07.03 01:18:39.198,1.162,1.1627,1.80,13.40
2009.07.03 01:18:39.598,1.162,1.1627,1.80,7.80
2009.07.03 01:18:39.828,1.1621,1.1627,1.60,7.80
2009.07.03 01:18:41.977,1.1621,1.1626,2.80,6.00
2009.07.03 01:18:42.597,1.16225,1.1628,1.00,16.40
2009.07.03 01:18:42.767,1.1623,1.16265,1.60,1.60
2009.07.03 01:18:43.467,1.1622,1.16265,12.00,1.60
2009.07.03 01:18:43.746,1.16225,1.16255,16.80,1.20
2009.07.03 01:18:44.027,1.16225,1.1625,16.80,3.20
2009.07.03 01:18:50.165,1.16225,1.1625,16.80,1.20
2009.07.03 01:18:50.225,1.1623,1.1625,1.00,1.20
2009.07.03 01:18:50.385,1.16235,1.1625,1.60,1.20
2009.07.03 01:18:55.674,1.16235,1.1627,1.40,3.20
2009.07.03 01:19:06.201,1.1624,1.1625,1.00,1.00
2009.07.03 01:19:06.602,1.16245,1.1625,1.60,1.00
2009.07.03 01:19:06.661,1.1625,1.1626,1.60,2.00
2009.07.03 01:19:07.391,1.1625,1.16275,1.60,2.20
2009.07.03 01:19:08.411,1.1625,1.16255,1.60,1.00
2009.07.03 01:19:08.701,1.1625,1.16255,1.60,1.20
2009.07.03 01:19:20.478,1.1625,1.1627,1.60,2.20
2009.07.03 01:19:24.647,1.1625,1.16255,1.60,1.00
2009.07.03 01:19:24.887,1.1625,1.16255,1.60,1.20
2009.07.03 01:19:27.536,1.1624,1.1625,2.00,1.00
2009.07.03 01:19:27.766,1.1625,1.1626,1.60,1.60
2009.07.03 01:19:33.964,1.1625,1.1626,1.60,1.00
2009.07.03 01:19:34.195,1.1625,1.1627,1.60,2.20
2009.07.03 01:19:35.264,1.1625,1.16255,1.60,1.00
2009.07.03 01:19:35.504,1.1625,1.16255,1.60,1.00
2009.07.03 01:19:45.042,1.1625,1.1626,1.60,1.00
2009.07.03 01:19:45.332,1.1625,1.1626,1.60,1.00
2009.07.03 01:19:45.562,1.1625,1.1627,1.60,2.60
2009.07.03 01:20:00.998,1.1624,1.1625,2.80,1.00
2009.07.03 01:20:01.108,1.1625,1.1626,1.00,2.60
2009.07.03 01:20:01.218,1.1625,1.1626,1.00,2.00
2009.07.03 01:20:01.278,1.16255,1.1626,1.60,2.00
2009.07.03 01:20:01.328,1.16255,1.1626,1.60,1.20
2009.07.03 01:20:02.188,1.16255,1.1626,1.60,2.00
2009.07.03 01:20:02.298,1.16255,1.1626,1.60,1.40
2009.07.03 01:20:02.638,1.16235,1.1625,1.40,1.00
2009.07.03 01:20:14.385,1.1624,1.16295,1.40,3.20
2009.07.03 01:20:16.614,1.1624,1.16285,1.00,3.20
2009.07.03 01:20:16.854,1.1624,1.1627,1.00,1.00
2009.07.03 01:20:17.014,1.1624,1.1627,1.00,1.20
2009.07.03 01:20:18.364,1.1624,1.1626,1.40,1.20
2009.07.03 01:20:18.714,1.1624,1.1627,1.40,2.20
2009.07.03 01:20:24.183,1.1624,1.1626,1.40,1.00
2009.07.03 01:20:24.352,1.1624,1.1626,1.40,1.60
2009.07.03 01:20:33.200,1.1624,1.1626,1.40,1.20
2009.07.03 01:20:33.430,1.1624,1.1627,1.40,2.20
2009.07.03 01:20:34.180,1.1624,1.16255,1.40,1.00
2009.07.03 01:20:34.530,1.1624,1.16255,1.40,1.00
2009.07.03 01:20:34.980,1.1624,1.16255,1.40,1.00
2009.07.03 01:20:35.330,1.1624,1.16275,1.40,2.20
2009.07.03 01:20:39.609,1.1624,1.1626,1.40,1.00
2009.07.03 01:20:39.719,1.1624,1.1627,1.40,2.20
2009.07.03 01:20:41.018,1.1624,1.16255,1.40,1.00
2009.07.03 01:20:41.198,1.1624,1.16255,1.40,1.00
2009.07.03 01:20:41.928,1.1624,1.16265,1.40,1.20
2009.07.03 01:20:42.218,1.1624,1.1626,1.40,1.00
2009.07.03 01:20:42.438,1.1624,1.1627,1.40,2.20
2009.07.03 01:20:43.128,1.1624,1.16255,1.40,1.20
2009.07.03 01:20:44.458,1.1624,1.1626,1.40,1.20
2009.07.03 01:20:44.797,1.1624,1.1626,1.40,1.00
2009.07.03 01:20:44.967,1.1624,1.1627,1.40,2.20
2009.07.03 01:20:50.536,1.1623,1.1626,1.40,1.40
2009.07.03 01:20:50.936,1.1623,1.1626,1.00,1.60
2009.07.03 01:20:53.295,1.1623,1.1626,1.00,1.40
2009.07.03 01:20:53.405,1.1623,1.1626,1.40,1.20
2009.07.03 01:20:54.575,1.1623,1.1625,1.00,1.20
2009.07.03 01:20:55.505,1.1623,1.1625,1.40,1.00
2009.07.03 01:20:55.795,1.1623,1.1626,1.40,1.20
2009.07.03 01:20:55.975,1.1623,1.1626,1.40,1.00
2009.07.03 01:20:56.085,1.1623,1.1627,1.40,2.20
2009.07.03 01:20:56.145,1.1623,1.1627,1.00,2.20
2009.07.03 01:20:56.655,1.1623,1.16255,1.00,1.00
2009.07.03 01:20:56.834,1.1623,1.16255,1.00,1.20
2009.07.03 01:20:57.684,1.1623,1.1626,1.40,1.20
2009.07.03 01:20:58.214,1.1623,1.1626,1.40,1.00
2009.07.03 01:20:58.334,1.1623,1.1627,1.40,2.20
2009.07.03 01:20:59.154,1.1623,1.1626,1.40,1.60
2009.07.03 01:21:08.052,1.1623,1.1626,1.40,1.40
2009.07.03 01:21:08.172,1.1623,1.1626,1.40,1.20
2009.07.03 01:21:08.692,1.1624,1.1626,1.40,1.00
2009.07.03 01:21:09.032,1.1624,1.1627,1.40,2.20
2009.07.03 01:21:09.331,1.1624,1.16255,1.40,1.20
2009.07.03 01:21:12.341,1.1624,1.1627,1.40,2.20
2009.07.03 01:21:12.691,1.1624,1.1626,1.40,1.60
2009.07.03 01:21:12.811,1.1624,1.1625,1.40,1.00
2009.07.03 01:21:12.871,1.1624,1.1625,1.40,1.20
2009.07.03 01:21:13.491,1.1624,1.1625,1.40,1.00
2009.07.03 01:21:13.610,1.1624,1.1626,1.40,1.20
2009.07.03 01:21:13.960,1.1624,1.1626,1.40,1.00
2009.07.03 01:21:56.020,1.1624,1.1626,1.40,1.20
2009.07.03 01:21:58.010,1.1624,1.1625,1.40,1.00
2009.07.03 01:21:59.030,1.1624,1.1625,1.40,1.00
2009.07.03 01:21:59.329,1.1624,1.1626,1.40,1.20
2009.07.03 01:21:59.689,1.1624,1.1626,1.40,2.60
2009.07.03 01:22:00.209,1.1624,1.1626,1.40,2.80
2009.07.03 01:22:00.569,1.1624,1.1626,1.40,2.80
2009.07.03 01:22:07.008,1.1624,1.1626,1.00,2.80
2009.07.03 01:22:08.757,1.16235,1.1626,1.60,2.80
2009.07.03 01:22:09.197,1.1623,1.1626,1.40,2.80
2009.07.03 01:22:10.097,1.1623,1.1626,1.40,2.00
2009.07.03 01:22:10.437,1.1623,1.1626,1.40,1.20
2009.07.03 01:22:17.945,1.1623,1.1626,1.40,1.00
2009.07.03 01:22:18.005,1.1623,1.1628,1.40,3.20
2009.07.03 01:22:48.218,1.16225,1.1625,12.00,3.20
2009.07.03 01:22:50.117,1.16225,1.1626,12.00,5.60
2009.07.03 01:22:50.347,1.16225,1.1626,12.00,3.20
2009.07.03 01:22:55.836,1.1624,1.16265,8.00,4.40
2009.07.03 01:22:56.186,1.1624,1.16265,6.40,4.40
2009.07.03 01:22:56.306,1.1623,1.1626,1.60,3.20
2009.07.03 01:22:56.406,1.1622,1.1626,16.80,3.20
2009.07.03 01:22:57.116,1.16225,1.1625,16.80,1.00
2009.07.03 01:22:59.515,1.1624,1.1625,8.00,1.00
2009.07.03 01:23:01.225,1.16245,1.1625,8.00,1.00
2009.07.03 01:23:01.345,1.16245,1.1627,8.00,4.40
2009.07.03 01:23:02.374,1.16245,1.16265,8.00,4.80
2009.07.03 01:23:02.604,1.16245,1.16265,8.00,5.40
2009.07.03 01:23:04.614,1.16235,1.1626,6.40,3.20
2009.07.03 01:23:04.944,1.16225,1.1626,10.40,3.20
2009.07.03 01:23:15.751,1.16235,1.16265,1.00,3.20
2009.07.03 01:23:15.861,1.1624,1.16265,1.60,3.20
2009.07.03 01:23:18.051,1.16235,1.1626,7.20,3.20
2009.07.03 01:23:18.340,1.16235,1.1626,8.80,3.20
2009.07.03 01:23:20.010,1.16235,1.1626,1.60,3.20
2009.07.03 01:23:20.230,1.16225,1.1626,10.40,3.20
2009.07.03 01:23:20.530,1.16235,1.1626,1.20,3.20
2009.07.03 01:23:20.640,1.1625,1.1626,1.00,2.80
2009.07.03 01:23:20.920,1.16255,1.16295,9.60,3.20
2009.07.03 01:23:21.090,1.1626,1.1629,1.00,1.60
2009.07.03 01:23:21.150,1.1626,1.16295,1.00,6.00
2009.07.03 01:23:21.260,1.16255,1.163,8.80,3.20
2009.07.03 01:23:21.590,1.1626,1.16305,1.00,4.00
2009.07.03 01:23:21.650,1.16265,1.163,8.80,3.20
2009.07.03 01:23:21.869,1.1627,1.16305,1.00,4.60
2009.07.03 01:23:21.980,1.1627,1.16295,1.00,5.00
2009.07.03 01:23:22.099,1.1627,1.1628,1.00,1.20
2009.07.03 01:23:23.029,1.1627,1.1628,1.00,1.00
2009.07.03 01:23:23.209,1.16265,1.1627,5.00,1.20
2009.07.03 01:23:24.179,1.16265,1.1627,5.00,1.00
2009.07.03 01:23:28.808,1.1627,1.1628,1.00,2.20
2009.07.03 01:23:29.198,1.16265,1.1627,4.80,1.60
2009.07.03 01:23:29.488,1.16245,1.1627,1.40,1.60
2009.07.03 01:23:33.667,1.16245,1.1627,5.60,3.20
2009.07.03 01:23:35.166,1.16245,1.1627,12.00,3.20
2009.07.03 01:23:35.626,1.1625,1.1627,1.00,1.60
2009.07.03 01:23:35.846,1.1625,1.1627,1.40,1.60
2009.07.03 01:23:39.595,1.1628,1.1629,1.40,2.60
2009.07.03 01:23:40.095,1.1628,1.1629,1.00,2.60
2009.07.03 01:23:40.265,1.1628,1.1629,1.40,2.60
2009.07.03 01:23:44.336,1.1628,1.1629,1.40,1.20
2009.07.03 01:23:44.686,1.1628,1.163,3.00,1.00
2009.07.03 01:23:44.855,1.1628,1.16345,3.00,7.00
2009.07.03 01:23:45.035,1.1628,1.16345,2.20,7.00
2009.07.03 01:23:45.425,1.16285,1.16345,2.40,7.00
2009.07.03 01:23:45.606,1.16285,1.1632,1.60,1.00
2009.07.03 01:23:45.775,1.1629,1.1632,1.60,1.00
2009.07.03 01:23:46.415,1.1628,1.1632,2.80,1.80
2009.07.03 01:23:46.645,1.1628,1.1631,1.60,1.80
2009.07.03 01:23:46.885,1.1628,1.163,1.60,1.80
2009.07.03 01:23:47.115,1.1628,1.163,1.60,1.60
2009.07.03 01:23:47.285,1.1628,1.163,1.60,1.60
2009.07.03 01:23:49.804,1.1627,1.163,2.40,1.60
2009.07.03 01:23:50.104,1.1627,1.163,1.80,1.60
2009.07.03 01:23:50.904,1.1627,1.163,1.20,1.60
2009.07.03 01:23:50.954,1.1627,1.163,1.00,1.60
2009.07.03 01:23:59.812,1.1627,1.1631,1.00,1.00
2009.07.03 01:23:59.982,1.1627,1.1631,1.00,1.20
2009.07.03 01:24:01.082,1.1628,1.163,1.60,1.20
2009.07.03 01:24:14.958,1.16285,1.1629,1.60,1.00
2009.07.03 01:24:15.308,1.16285,1.16305,1.60,2.20
2009.07.03 01:24:15.478,1.16285,1.16305,1.60,2.80
2009.07.03 01:24:20.097,1.16285,1.1629,1.60,6.40
2009.07.03 01:24:20.807,1.16225,1.16265,1.60,1.00
2009.07.03 01:24:20.917,1.16215,1.16285,1.00,1.20
2009.07.03 01:24:21.087,1.16215,1.16285,1.00,1.20
2009.07.03 01:24:21.257,1.16215,1.16285,1.00,1.60
2009.07.03 01:24:23.946,1.16225,1.1627,1.00,1.00
2009.07.03 01:24:24.006,1.16225,1.16295,1.00,1.20
2009.07.03 01:24:24.666,1.16235,1.16295,1.60,1.20
2009.07.03 01:24:25.866,1.1624,1.16285,1.60,1.60
2009.07.03 01:24:25.985,1.1624,1.16275,1.60,1.00
2009.07.03 01:24:28.045,1.16265,1.16305,1.00,2.40
2009.07.03 01:24:28.375,1.16265,1.16305,1.00,2.20
2009.07.03 01:24:33.893,1.1628,1.163,1.00,2.40
2009.07.03 01:24:33.944,1.16245,1.163,1.60,2.40
2009.07.03 01:24:34.473,1.1623,1.1629,1.80,1.20
2009.07.03 01:24:36.833,1.1625,1.1629,1.00,1.20
2009.07.03 01:24:36.893,1.16265,1.1629,1.00,1.20
2009.07.03 01:24:36.943,1.16265,1.1629,1.00,1.00
2009.07.03 01:24:37.063,1.16265,1.163,1.00,2.40
2009.07.03 01:24:37.403,1.16265,1.163,1.00,3.60
2009.07.03 01:24:40.572,1.1627,1.163,1.00,2.40
2009.07.03 01:24:43.951,1.16265,1.163,6.40,2.40
2009.07.03 01:24:44.811,1.16265,1.16305,6.40,5.60
2009.07.03 01:24:45.801,1.16265,1.163,6.40,2.40
2009.07.03 01:24:45.861,1.16265,1.163,6.60,2.40
2009.07.03 01:24:51.539,1.1627,1.163,1.40,1.20
2009.07.03 01:24:52.629,1.1628,1.163,1.60,1.20
2009.07.03 01:24:59.258,1.16295,1.1631,1.00,1.60
2009.07.03 01:25:01.147,1.163,1.1631,1.00,2.00
2009.07.03 01:25:01.207,1.163,1.1631,1.00,2.40
2009.07.03 01:25:09.045,1.16295,1.16345,3.20,7.60
2009.07.03 01:25:09.225,1.16295,1.16345,3.20,7.20
2009.07.03 01:25:09.395,1.16295,1.1634,4.00,3.20
2009.07.03 01:25:09.755,1.163,1.1632,1.00,1.20
2009.07.03 01:25:24.392,1.16285,1.1631,1.60,1.00
2009.07.03 01:25:24.621,1.16285,1.1631,1.60,1.60
2009.07.03 01:25:31.950,1.16265,1.16305,1.00,4.80
2009.07.03 01:25:34.259,1.1627,1.16305,1.00,4.00
2009.07.03 01:25:34.599,1.1627,1.16305,1.00,3.20
2009.07.03 01:25:50.875,1.1627,1.16305,1.00,4.00
2009.07.03 01:25:50.995,1.1627,1.16305,1.00,4.80
2009.07.03 01:25:53.944,1.1627,1.16305,1.00,6.40
2009.07.03 01:25:54.234,1.16245,1.16295,3.00,1.00
2009.07.03 01:25:54.694,1.16245,1.16295,1.40,1.60
2009.07.03 01:25:56.494,1.1625,1.16285,1.40,3.20
2009.07.03 01:25:56.554,1.1625,1.16285,1.00,3.20
2009.07.03 01:26:04.282,1.1625,1.1627,1.00,1.20
2009.07.03 01:26:04.572,1.1625,1.1627,1.40,1.00
2009.07.03 01:26:04.812,1.1625,1.16295,1.40,1.60
2009.07.03 01:26:09.191,1.1625,1.1628,1.00,3.20
2009.07.03 01:26:09.711,1.1625,1.1628,1.00,4.00
2009.07.03 01:26:12.280,1.1625,1.1627,1.00,1.20
2009.07.03 01:26:12.450,1.1625,1.16295,1.40,1.60
2009.07.03 01:26:13.180,1.1625,1.16295,1.40,3.20
2009.07.03 01:26:13.470,1.16265,1.1629,1.00,2.80
2009.07.03 01:26:13.760,1.16265,1.1629,1.00,2.20
2009.07.03 01:26:28.326,1.1625,1.1628,1.40,4.80
2009.07.03 01:26:28.496,1.1625,1.16285,1.40,4.80
2009.07.03 01:26:28.656,1.1625,1.16285,1.00,4.80
2009.07.03 01:26:32.655,1.16245,1.16275,1.60,1.00
2009.07.03 01:26:32.936,1.16245,1.1628,1.60,3.60
2009.07.03 01:26:33.225,1.1621,1.16265,1.60,1.20
2009.07.03 01:26:33.575,1.162,1.16265,1.60,1.20
2009.07.03 01:26:34.085,1.16195,1.1627,1.60,8.60
2009.07.03 01:26:34.775,1.16215,1.1626,1.00,6.20
2009.07.03 01:26:35.115,1.16215,1.1626,1.00,1.20
2009.07.03 01:26:43.033,1.1622,1.1626,1.00,1.00
2009.07.03 01:26:43.422,1.1622,1.1628,1.00,7.80
2009.07.03 01:26:44.972,1.1622,1.16275,1.40,7.80
2009.07.03 01:26:58.639,1.1622,1.16265,1.40,1.00
2009.07.03 01:26:58.929,1.1622,1.16265,1.00,1.20
2009.07.03 01:27:08.666,1.1622,1.1626,1.00,1.00
2009.07.03 01:27:09.046,1.1622,1.1628,1.00,7.80
2009.07.03 01:27:11.966,1.1622,1.16265,1.00,4.80
2009.07.03 01:27:14.455,1.1622,1.1626,1.40,9.00
2009.07.03 01:27:20.924,1.1622,1.1625,1.40,1.20
2009.07.03 01:27:30.951,1.1622,1.1625,1.00,1.20
2009.07.03 01:27:31.231,1.1622,1.1625,1.40,1.20
2009.07.03 01:27:31.581,1.1622,1.1625,1.00,1.20
2009.07.03 01:27:31.701,1.1622,1.1625,1.40,1.20
2009.07.03 01:27:40.599,1.1622,1.1625,1.40,1.00
2009.07.03 01:27:40.838,1.1622,1.1626,1.40,9.00
2009.07.03 01:27:46.747,1.1622,1.1626,1.40,8.60
2009.07.03 01:27:46.927,1.1622,1.1626,1.40,8.00
2009.07.03 01:28:00.564,1.1622,1.1625,1.40,1.00
2009.07.03 01:28:00.744,1.1622,1.16275,1.40,9.60
2009.07.03 01:28:47.293,1.1622,1.1626,1.40,1.00
2009.07.03 01:28:47.403,1.1622,1.1626,1.40,1.20
2009.07.03 01:28:50.612,1.1622,1.16255,1.00,3.20
2009.07.03 01:28:52.641,1.16215,1.1625,4.00,3.20
2009.07.03 01:28:52.971,1.1622,1.16255,1.00,3.20
2009.07.03 01:29:51.847,1.16215,1.1625,4.00,3.20
2009.07.03 01:29:51.967,1.1622,1.16255,1.00,3.20
2009.07.03 01:29:54.366,1.16215,1.1625,4.00,3.20
2009.07.03 01:29:54.646,1.1622,1.16255,1.00,3.20
2009.07.03 01:30:14.852,1.16215,1.16245,4.00,9.60
2009.07.03 01:30:15.201,1.1622,1.1624,1.00,8.00
2009.07.03 01:30:17.621,1.16215,1.16235,4.00,8.00
2009.07.03 01:30:17.961,1.1622,1.16235,1.00,8.00
2009.07.03 01:31:00.002,1.16206,1.16226,15.20,2.80
2009.07.03 01:31:02.022,1.16201,1.16221,13.60,1.40
2009.07.03 01:31:02.431,1.16198,1.16218,1.00,4.60
2009.07.03 01:31:02.711,1.16197,1.16217,13.60,1.60
2009.07.03 01:31:03.811,1.16195,1.16215,13.60,1.40
2009.07.03 01:31:09.799,1.16191,1.16221,13.60,1.40
2009.07.03 01:31:09.969,1.16191,1.16221,1.00,3.20
2009.07.03 01:31:38.353,1.16185,1.16225,13.60,3.20
2009.07.03 01:31:38.593,1.16186,1.16221,1.00,2.80
2009.07.03 01:31:43.382,1.16186,1.16221,13.60,6.80
2009.07.03 01:31:43.552,1.1619,1.16215,13.60,1.40
2009.07.03 01:31:45.478,1.16187,1.16217,13.60,1.40
2009.07.03 01:31:46.401,1.16188,1.16213,11.60,4.60
2009.07.03 01:31:46.581,1.16189,1.16214,1.00,2.80
2009.07.03 01:31:53.379,1.16194,1.16214,13.60,6.80
2009.07.03 01:31:53.559,1.16194,1.16214,1.00,2.80
2009.07.03 01:31:54.749,1.16195,1.16215,13.60,2.80
2009.07.03 01:31:55.039,1.16194,1.16214,13.60,2.80
2009.07.03 01:31:55.519,1.16191,1.16211,1.00,2.80
2009.07.03 01:31:55.749,1.16184,1.16209,1.60,4.60
2009.07.03 01:31:58.478,1.16183,1.16203,1.00,2.80
2009.07.03 01:32:10.494,1.16215,1.16235,4.00,8.00
2009.07.03 01:32:18.232,1.1624,1.1625,1.00,6.70
2009.07.03 01:32:18.292,1.1624,1.16255,1.00,4.00
2009.07.03 01:32:18.522,1.1624,1.1627,1.00,9.40
2009.07.03 01:32:18.572,1.16235,1.1627,9.60,9.40
2009.07.03 01:32:18.962,1.1623,1.1627,1.60,9.40
2009.07.03 01:32:19.022,1.1621,1.1627,1.00,9.40
2009.07.03 01:32:19.182,1.1621,1.1626,1.00,1.00
2009.07.03 01:32:19.462,1.1622,1.1626,1.40,1.20
2009.07.03 01:32:25.600,1.1622,1.16235,1.40,1.20
2009.07.03 01:32:25.890,1.16215,1.16235,4.00,1.20
2009.07.03 01:32:26.070,1.1622,1.16235,1.00,1.20
2009.07.03 01:32:35.538,1.1622,1.1623,1.00,1.00
2009.07.03 01:32:35.717,1.1622,1.16265,1.00,5.00
2009.07.03 01:32:36.177,1.1622,1.16265,1.00,4.00
2009.07.03 01:32:36.357,1.1622,1.16265,1.00,3.20
2009.07.03 01:32:37.287,1.16215,1.1626,4.00,8.00
2009.07.03 01:32:37.577,1.16215,1.1625,4.00,8.00
2009.07.03 01:32:37.637,1.16215,1.1626,4.00,11.20
2009.07.03 01:32:38.097,1.1622,1.16255,1.00,8.00
2009.07.03 01:32:49.804,1.1622,1.16255,1.40,8.00
2009.07.03 01:32:49.914,1.1622,1.1624,1.40,1.00
2009.07.03 01:32:50.254,1.1622,1.1624,1.40,1.20
2009.07.03 01:32:52.424,1.1622,1.1623,1.00,1.20
2009.07.03 01:32:53.323,1.1622,1.1623,1.40,1.20
2009.07.03 01:33:00.092,1.1622,1.16275,1.40,8.00
2009.07.03 01:33:00.851,1.1622,1.16275,1.00,8.00
2009.07.03 01:33:01.881,1.1622,1.16265,1.40,8.00
2009.07.03 01:33:32.524,1.1622,1.1623,1.40,1.00
2009.07.03 01:33:32.644,1.1622,1.16275,1.40,8.00
2009.07.03 01:33:33.793,1.1622,1.16265,1.00,8.00
2009.07.03 01:33:34.723,1.1622,1.16265,1.40,8.00
2009.07.03 01:33:40.472,1.1622,1.1624,1.00,1.20
2009.07.03 01:33:40.752,1.1622,1.1624,1.40,1.20
2009.07.03 01:33:42.352,1.1622,1.1623,1.40,1.40
2009.07.03 01:33:42.701,1.1622,1.1623,1.40,1.80
2009.07.03 01:33:50.499,1.1622,1.1623,1.40,1.20
2009.07.03 01:33:56.658,1.1622,1.1623,1.40,1.40
2009.07.03 01:33:57.008,1.1622,1.1623,1.40,1.80
2009.07.03 01:34:06.866,1.1622,1.1623,1.40,1.20
2009.07.03 01:34:16.773,1.1622,1.1623,1.40,1.00
2009.07.03 01:34:16.953,1.1622,1.16275,1.40,1.60
2009.07.03 01:34:17.943,1.1622,1.1626,1.00,1.20
2009.07.03 01:34:18.123,1.1622,1.1625,1.00,1.80
2009.07.03 01:34:18.353,1.1622,1.1625,1.40,1.80
2009.07.03 01:34:19.103,1.1622,1.1625,1.00,1.80
2009.07.03 01:34:20.092,1.1622,1.1625,1.40,1.80
2009.07.03 01:34:40.667,1.1622,1.16255,1.40,1.80
2009.07.03 01:34:44.407,1.1622,1.16235,1.40,1.00
2009.07.03 01:34:44.756,1.1622,1.16235,1.40,1.20
2009.07.03 01:34:46.116,1.1622,1.1623,1.40,1.80
2009.07.03 01:35:04.582,1.1622,1.1623,1.40,1.20
2009.07.03 01:35:04.642,1.1622,1.16255,1.40,1.80
2009.07.03 01:35:08.841,1.1622,1.1625,1.40,1.20
2009.07.03 01:35:09.061,1.1622,1.1627,1.40,1.60
2009.07.03 01:35:10.290,1.1622,1.16265,1.00,1.60
2009.07.03 01:35:10.520,1.1622,1.1624,1.00,1.80
2009.07.03 01:35:10.760,1.1622,1.1624,1.40,1.80
2009.07.03 01:35:20.468,1.1622,1.16275,1.40,1.60
2009.07.03 01:35:22.918,1.1622,1.16255,1.00,1.20
2009.07.03 01:35:23.267,1.1622,1.16235,1.00,1.80
2009.07.03 01:35:29.396,1.16215,1.1622,2.80,1.60
2009.07.03 01:35:32.995,1.16215,1.1622,2.80,1.20
2009.07.03 01:35:33.325,1.16215,1.1622,2.80,1.20
2009.07.03 01:35:35.034,1.16215,1.1622,2.80,1.00
2009.07.03 01:35:36.664,1.16215,1.1622,2.80,1.20
2009.07.03 01:35:39.203,1.16215,1.1622,2.80,1.00
2009.07.03 01:35:39.373,1.1622,1.1623,1.40,1.20
2009.07.03 01:35:39.713,1.1622,1.1623,1.40,1.80
2009.07.03 01:35:39.834,1.1622,1.1623,1.00,1.80
2009.07.03 01:35:40.293,1.1622,1.1623,1.40,1.80
2009.07.03 01:35:46.551,1.1622,1.1623,1.40,2.40
2009.07.03 01:35:46.672,1.1622,1.1623,1.00,3.00
2009.07.03 01:35:47.061,1.1622,1.1623,1.40,2.80
2009.07.03 01:35:47.231,1.1622,1.1623,1.00,2.80
2009.07.03 01:35:47.451,1.16215,1.1622,3.60,1.00
2009.07.03 01:35:47.751,1.16215,1.1622,3.60,1.20
2009.07.03 01:35:49.061,1.1622,1.1623,1.40,1.10
2009.07.03 01:35:49.171,1.16215,1.1622,3.60,1.00
2009.07.03 01:35:49.531,1.16215,1.1622,3.60,1.20
2009.07.03 01:35:56.599,1.16215,1.1622,3.60,1.00
2009.07.03 01:35:56.829,1.16215,1.1622,3.60,1.20
2009.07.03 01:35:57.679,1.16215,1.1622,3.60,1.00
2009.07.03 01:35:57.849,1.1622,1.1623,1.00,2.80
2009.07.03 01:35:58.179,1.1622,1.1623,1.40,2.80
2009.07.03 01:36:07.607,1.1622,1.1623,1.40,1.40
2009.07.03 01:36:07.887,1.1622,1.16275,1.40,1.60
2009.07.03 01:36:13.215,1.1622,1.1624,1.00,2.40
2009.07.03 01:36:13.685,1.1622,1.1624,1.40,2.80
2009.07.03 01:36:19.933,1.16215,1.1622,3.20,1.00
2009.07.03 01:36:20.274,1.16215,1.1622,3.60,1.00
2009.07.03 01:36:20.733,1.16215,1.1622,3.60,1.20
2009.07.03 01:36:22.153,1.1622,1.1623,1.40,1.70
2009.07.03 01:36:23.273,1.1622,1.1623,1.40,1.30
2009.07.03 01:36:23.373,1.16215,1.1622,3.60,1.00
2009.07.03 01:36:30.121,1.1622,1.1623,1.00,1.80
2009.07.03 01:36:30.411,1.16215,1.1622,3.60,1.00
2009.07.03 01:36:40.470,1.1622,1.1623,1.40,1.30
2009.07.03 01:36:50.536,1.16215,1.1622,3.80,1.00
2009.07.03 01:36:51.096,1.16215,1.1622,3.80,1.20
2009.07.03 01:36:53.516,1.16215,1.1622,3.60,1.20
2009.07.03 01:36:54.265,1.1622,1.1623,1.40,1.70
2009.07.03 01:36:55.965,1.1621,1.1622,2.20,1.20
2009.07.03 01:36:56.075,1.162,1.1622,3.40,1.20
2009.07.03 01:36:56.465,1.162,1.1622,2.20,1.20
2009.07.03 01:36:56.889,1.162,1.1622,3.00,1.20
2009.07.03 01:37:00.684,1.162,1.1622,3.00,1.00
2009.07.03 01:37:00.924,1.162,1.1623,3.00,1.40
2009.07.03 01:37:01.364,1.162,1.1623,3.00,2.80
2009.07.03 01:37:01.814,1.162,1.1623,2.20,2.80
2009.07.03 01:37:01.993,1.162,1.1623,3.00,2.80
2009.07.03 01:37:08.772,1.162,1.1623,2.40,2.80
2009.07.03 01:37:08.892,1.162,1.1622,1.60,1.20
2009.07.03 01:37:09.172,1.16195,1.1622,1.60,1.20
2009.07.03 01:37:09.222,1.16195,1.1621,1.60,1.00
2009.07.03 01:37:09.332,1.16175,1.1621,1.80,1.00
2009.07.03 01:37:09.552,1.16175,1.1621,1.80,1.20
2009.07.03 01:37:09.672,1.1617,1.1621,1.80,1.20
2009.07.03 01:37:09.962,1.1617,1.1621,1.00,1.20
2009.07.03 01:37:10.421,1.16165,1.1621,1.80,1.20
2009.07.03 01:37:10.661,1.16165,1.16195,1.00,1.20
2009.07.03 01:37:11.061,1.1616,1.16195,1.00,1.20
2009.07.03 01:37:11.291,1.1615,1.16185,1.00,1.80
2009.07.03 01:37:11.741,1.1616,1.1618,1.00,1.80
2009.07.03 01:37:12.041,1.1617,1.1618,1.60,1.20
2009.07.03 01:37:12.491,1.1617,1.1618,1.60,1.00
2009.07.03 01:37:12.721,1.1617,1.1619,1.60,1.20
2009.07.03 01:37:12.831,1.16175,1.1619,1.60,1.20
2009.07.03 01:37:13.061,1.1617,1.1619,1.60,1.20
2009.07.03 01:37:13.761,1.1617,1.1619,1.60,1.00
2009.07.03 01:37:13.821,1.1617,1.16215,1.60,1.20
2009.07.03 01:37:19.479,1.16175,1.1621,1.60,1.20
2009.07.03 01:37:29.877,1.16175,1.1622,1.60,1.00
2009.07.03 01:37:30.276,1.1617,1.1622,1.60,1.20
2009.07.03 01:37:40.225,1.1617,1.1625,1.60,6.00
2009.07.03 01:37:44.343,1.1617,1.16245,1.60,3.20
2009.07.03 01:37:46.413,1.1617,1.1622,1.60,1.20
2009.07.03 01:37:56.150,1.1617,1.1621,1.60,1.00
2009.07.03 01:37:56.450,1.1617,1.16265,1.60,3.20
2009.07.03 01:38:39.180,1.1617,1.16245,1.60,1.60
2009.07.03 01:38:39.410,1.1617,1.16235,1.60,4.80
2009.07.03 01:38:39.460,1.1617,1.16225,1.60,1.60
2009.07.03 01:38:39.930,1.1616,1.162,1.00,1.60
2009.07.03 01:38:59.535,1.1616,1.1619,1.00,1.00
2009.07.03 01:38:59.935,1.1616,1.1623,1.00,3.20
2009.07.03 01:39:10.802,1.1616,1.1619,1.00,1.60
2009.07.03 01:39:12.122,1.1616,1.1618,1.00,1.20
2009.07.03 01:39:21.800,1.1616,1.1618,1.00,1.00
2009.07.03 01:39:22.130,1.1616,1.16235,1.00,3.20
2009.07.03 01:39:22.410,1.16155,1.16235,5.60,3.20
2009.07.03 01:39:40.135,1.16155,1.16235,7.20,3.20
2009.07.03 01:39:40.955,1.16155,1.16225,3.20,4.80
2009.07.03 01:39:41.195,1.16135,1.1621,1.60,4.80
2009.07.03 01:39:41.465,1.16135,1.16175,1.60,1.20
2009.07.03 01:39:41.695,1.16125,1.16175,1.80,1.20
2009.07.03 01:39:53.682,1.1612,1.1616,1.00,1.20
2009.07.03 01:39:53.742,1.16115,1.16205,1.80,9.20
2009.07.03 01:40:01.590,1.16115,1.1618,1.60,6.00
2009.07.03 01:40:01.890,1.1609,1.1616,3.60,2.20
2009.07.03 01:40:02.240,1.1609,1.1616,14.00,2.20
2009.07.03 01:40:08.009,1.16095,1.1615,13.60,2.20
2009.07.03 01:40:11.688,1.16095,1.1615,13.60,3.20
2009.07.03 01:40:33.482,1.16095,1.16145,13.60,1.60
2009.07.03 01:40:33.662,1.161,1.16145,1.00,8.00
2009.07.03 01:40:33.832,1.161,1.16145,1.00,6.40
2009.07.03 01:40:34.172,1.161,1.1615,2.40,1.00
2009.07.03 01:40:34.462,1.161,1.1615,1.60,1.00
2009.07.03 01:40:34.642,1.1611,1.1615,1.00,1.00
2009.07.03 01:40:34.752,1.1611,1.1615,1.00,1.00
2009.07.03 01:40:34.812,1.16115,1.1616,1.60,1.80
2009.07.03 01:40:37.341,1.16115,1.16155,1.60,4.80
2009.07.03 01:40:37.511,1.16115,1.1615,1.60,2.00
2009.07.03 01:40:37.841,1.1609,1.1615,13.60,2.20
2009.07.03 01:40:41.401,1.161,1.1615,1.00,2.20
2009.07.03 01:40:47.407,1.161,1.16155,1.00,10.20
2009.07.03 01:40:47.577,1.161,1.16155,1.00,9.60
2009.07.03 01:40:49.837,1.16095,1.1615,13.60,3.20
2009.07.03 01:41:11.043,1.16078,1.16108,1.20,2.80
2009.07.03 01:41:11.333,1.16086,1.16106,2.00,2.80
2009.07.03 01:41:11.513,1.16091,1.16111,1.20,4.30
2009.07.03 01:41:11.853,1.16096,1.16116,2.00,6.80
2009.07.03 01:41:12.023,1.16106,1.16126,1.20,2.40
2009.07.03 01:41:12.363,1.1611,1.1614,1.00,6.80
2009.07.03 01:41:15.552,1.16103,1.16147,1.00,1.60
2009.07.03 01:41:15.842,1.16096,1.16131,1.20,4.30
2009.07.03 01:41:16.302,1.1608,1.1612,1.00,6.80
2009.07.03 01:41:18.392,1.16084,1.16094,1.20,5.80
2009.07.03 01:41:19.132,1.16075,1.16085,2.00,6.80
2009.07.03 01:41:19.311,1.16073,1.16083,1.20,2.80
2009.07.03 01:41:21.141,1.16078,1.16083,1.20,2.80
2009.07.03 01:41:21.411,1.16084,1.16089,1.00,1.60
2009.07.03 01:41:21.631,1.1609,1.16095,1.00,6.80
2009.07.03 01:41:21.971,1.16094,1.16104,1.20,2.40
2009.07.03 01:41:22.031,1.16092,1.16112,2.00,5.20
2009.07.03 01:41:25.900,1.16089,1.16124,2.00,5.20
2009.07.03 01:41:52.004,1.16083,1.16133,3.60,6.80
2009.07.03 01:42:01.489,1.16095,1.1615,14.00,3.20
2009.07.03 01:42:04.068,1.16095,1.162,2.80,7.80
2009.07.03 01:42:09.227,1.1611,1.16165,2.80,4.80
2009.07.03 01:42:09.590,1.1611,1.1616,1.60,1.60
2009.07.03 01:42:09.817,1.161,1.1616,1.40,1.60
2009.07.03 01:42:18.885,1.161,1.1615,1.00,1.60
2009.07.03 01:42:19.125,1.161,1.1615,1.00,3.20
2009.07.03 01:43:19.901,1.1611,1.1614,1.00,1.60
2009.07.03 01:43:20.140,1.1611,1.1614,2.40,8.00
2009.07.03 01:43:20.260,1.1611,1.1614,4.00,8.00
2009.07.03 01:44:02.204,1.16111,1.16181,1.20,1.00
2009.07.03 01:44:02.324,1.16128,1.16153,4.40,1.20
2009.07.03 01:44:04.463,1.16121,1.16151,4.80,1.20
2009.07.03 01:44:06.223,1.16126,1.16136,1.20,1.00
2009.07.03 01:44:06.503,1.16121,1.16131,1.20,1.60
2009.07.03 01:44:12.022,1.16115,1.1613,5.20,1.20
2009.07.03 01:44:12.082,1.16113,1.16128,1.20,1.20
2009.07.03 01:44:12.252,1.16112,1.16127,1.20,1.60
2009.07.03 01:44:12.362,1.16114,1.16124,1.20,1.20
2009.07.03 01:44:12.482,1.16116,1.16126,1.20,1.60
2009.07.03 01:44:12.891,1.16112,1.16137,3.80,1.20
2009.07.03 01:44:12.952,1.16114,1.16139,1.20,1.20
2009.07.03 01:44:13.921,1.16113,1.16143,1.20,1.60
2009.07.03 01:44:14.451,1.1611,1.16145,4.40,1.20
2009.07.03 01:44:14.681,1.1612,1.16135,1.20,1.20
2009.07.03 01:44:15.151,1.16116,1.16141,1.20,1.60
2009.07.03 01:44:15.781,1.16115,1.16145,1.20,1.20
2009.07.03 01:44:16.021,1.16114,1.16144,1.20,1.00
2009.07.03 01:44:25.718,1.16113,1.16143,1.20,1.20
2009.07.03 01:44:26.518,1.16114,1.16139,1.20,1.20
2009.07.03 01:44:26.808,1.16111,1.16141,1.20,1.00
2009.07.03 01:44:27.948,1.1611,1.1614,1.20,1.00
2009.07.03 01:44:28.118,1.16112,1.16137,1.20,1.20
2009.07.03 01:44:28.358,1.16108,1.16138,4.80,1.20
2009.07.03 01:44:31.397,1.16114,1.16129,4.80,1.20
2009.07.03 01:44:31.747,1.16117,1.16127,1.20,1.60
2009.07.03 01:44:32.487,1.1611,1.1614,1.20,1.00
2009.07.03 01:44:32.847,1.1611,1.16145,1.20,1.20
2009.07.03 01:44:33.027,1.16124,1.16134,1.20,1.00
2009.07.03 01:44:34.406,1.16122,1.16137,1.20,1.00
2009.07.03 01:44:34.647,1.1612,1.16135,1.20,1.60
2009.07.03 01:44:37.106,1.16104,1.16139,1.20,1.40
2009.07.03 01:44:37.166,1.16095,1.16135,1.20,1.00
2009.07.03 01:44:37.276,1.161,1.1612,1.20,1.00
2009.07.03 01:44:37.996,1.16101,1.16121,1.20,1.00
2009.07.03 01:44:38.106,1.16106,1.16121,5.20,1.20
2009.07.03 01:44:39.175,1.16101,1.16136,1.20,1.00
2009.07.03 01:44:39.345,1.16116,1.16131,1.20,1.00
2009.07.03 01:44:40.155,1.16119,1.16134,1.20,1.00
2009.07.03 01:44:41.245,1.16111,1.16146,1.20,1.00
2009.07.03 01:44:41.475,1.16119,1.16134,4.80,1.00
2009.07.03 01:44:42.794,1.16115,1.16135,1.20,1.40
2009.07.03 01:44:47.483,1.16111,1.16131,1.20,1.00
2009.07.03 01:44:47.643,1.16109,1.16129,1.20,1.60
2009.07.03 01:44:47.753,1.161,1.16135,4.80,1.20
2009.07.03 01:44:50.947,1.16095,1.16145,1.20,1.00
2009.07.03 01:44:56.521,1.16103,1.16138,1.20,1.20
2009.07.03 01:44:57.201,1.16103,1.16138,1.20,1.40
2009.07.03 01:44:57.561,1.16097,1.16137,1.20,1.20
2009.07.03 01:44:57.681,1.16089,1.16134,1.20,1.20
2009.07.03 01:44:58.051,1.1608,1.16125,1.20,1.20
2009.07.03 01:44:58.170,1.16072,1.16122,1.20,1.00
2009.07.03 01:45:22.771,1.16115,1.16135,1.60,8.00
2009.07.03 01:45:23.061,1.16095,1.16135,3.20,8.00
2009.07.03 01:45:28.679,1.161,1.16135,1.80,8.00
2009.07.03 01:45:29.029,1.16095,1.1613,12.00,3.20
2009.07.03 01:45:48.955,1.16095,1.1612,12.00,1.00
2009.07.03 01:45:49.194,1.16095,1.1612,12.00,1.20
2009.07.03 01:45:54.723,1.161,1.1611,1.00,1.20
2009.07.03 01:46:11.389,1.161,1.1611,1.00,1.00
2009.07.03 01:46:11.899,1.161,1.16145,1.00,3.20
2009.07.03 01:46:17.928,1.161,1.1612,1.00,1.00
2009.07.03 01:46:18.557,1.161,1.1612,1.00,1.00
2009.07.03 01:46:20.827,1.161,1.1611,1.00,1.00
2009.07.03 01:46:20.887,1.16095,1.1611,12.00,1.00
2009.07.03 01:46:21.067,1.16095,1.1612,12.00,1.80
2009.07.03 01:46:21.297,1.161,1.1612,1.00,1.80
2009.07.03 01:46:21.576,1.16095,1.1612,8.60,1.80
2009.07.03 01:46:21.926,1.16095,1.1612,8.80,1.80
2009.07.03 01:46:22.916,1.161,1.1612,1.40,1.80
2009.07.03 01:46:24.626,1.161,1.1612,1.00,1.80
2009.07.03 01:46:30.944,1.161,1.1612,1.00,1.20
2009.07.03 01:46:31.284,1.161,1.1614,1.00,8.00
2009.07.03 01:46:45.421,1.161,1.16125,1.00,1.00
2009.07.03 01:46:45.531,1.161,1.16125,1.40,1.20
2009.07.03 01:46:57.448,1.161,1.16125,1.40,1.00
2009.07.03 01:46:57.778,1.161,1.16125,1.40,1.00
2009.07.03 01:47:00.867,1.161,1.1612,1.00,1.00
2009.07.03 01:47:00.987,1.161,1.1612,1.40,1.00
2009.07.03 01:47:01.317,1.161,1.1612,1.40,1.60
2009.07.03 01:47:01.487,1.161,1.1612,1.00,1.60
2009.07.03 01:47:06.446,1.161,1.1612,1.40,1.60
2009.07.03 01:47:11.115,1.161,1.1612,1.40,1.00
2009.07.03 01:47:11.234,1.161,1.1614,1.40,8.00
2009.07.03 01:47:18.073,1.161,1.16135,1.40,1.60
2009.07.03 01:47:34.169,1.161,1.16135,1.40,8.00
2009.07.03 01:47:49.795,1.161,1.16125,1.40,1.20
2009.07.03 01:47:49.975,1.161,1.16125,1.00,1.20
2009.07.03 01:47:50.095,1.161,1.16125,1.00,2.40
2009.07.03 01:47:59.243,1.1611,1.1612,1.00,2.40
2009.07.03 01:47:59.833,1.1611,1.1612,1.00,1.20
2009.07.03 01:47:59.883,1.1611,1.1614,1.00,8.00
2009.07.03 01:48:02.312,1.1611,1.16135,1.00,1.60
2009.07.03 01:48:04.472,1.1611,1.16125,1.00,1.20
2009.07.03 01:48:05.971,1.161,1.1612,3.00,1.20
2009.07.03 01:48:06.021,1.161,1.1612,1.40,1.20
2009.07.03 01:48:08.341,1.161,1.1612,1.00,1.20
2009.07.03 01:48:08.571,1.16095,1.1612,3.20,1.20
2009.07.03 01:48:08.751,1.16095,1.1612,3.20,1.80
2009.07.03 01:48:09.151,1.16095,1.1612,4.00,1.80
2009.07.03 01:48:18.788,1.16095,1.1612,4.00,1.20
2009.07.03 01:48:18.908,1.16095,1.16145,4.00,9.60
2009.07.03 01:48:21.038,1.161,1.1614,1.00,9.60
2009.07.03 01:48:22.547,1.161,1.16125,1.00,2.20
2009.07.03 01:48:32.125,1.161,1.1612,1.00,1.00
2009.07.03 01:48:32.405,1.161,1.16145,1.00,9.60
2009.07.03 01:48:39.713,1.161,1.1614,1.00,3.60
2009.07.03 01:48:40.433,1.161,1.16135,1.00,1.60
2009.07.03 01:49:14.005,1.161,1.16125,1.00,1.20
2009.07.03 01:49:14.305,1.161,1.16125,1.00,1.80
2009.07.03 01:49:14.845,1.161,1.16115,1.00,1.00
2009.07.03 01:49:15.015,1.16095,1.1611,4.00,1.00
2009.07.03 01:49:18.044,1.16095,1.1611,4.00,1.00
2009.07.03 01:49:18.384,1.16095,1.1611,4.00,1.20
2009.07.03 01:49:21.853,1.161,1.1611,1.00,1.20
2009.07.03 01:49:28.361,1.161,1.16145,1.00,1.60
2009.07.03 01:50:19.799,1.161,1.1612,1.00,1.00
2009.07.03 01:50:20.199,1.161,1.1612,1.00,1.20
2009.07.03 01:50:27.887,1.16095,1.1611,3.20,1.20
2009.07.03 01:50:29.847,1.16095,1.1611,3.20,1.00
2009.07.03 01:50:30.297,1.16095,1.16145,3.20,1.60
2009.07.03 01:50:35.235,1.161,1.1611,1.00,1.20
2009.07.03 01:50:40.124,1.16095,1.161,2.40,1.20
2009.07.03 01:50:41.564,1.16095,1.161,1.20,1.20
2009.07.03 01:50:41.864,1.16095,1.1611,1.60,1.20
2009.07.03 01:50:42.494,1.16095,1.1611,1.60,1.00
2009.07.03 01:50:42.834,1.16095,1.1611,1.60,1.20
2009.07.03 01:50:44.403,1.1609,1.1611,1.60,1.20
2009.07.03 01:50:44.793,1.16055,1.1611,1.60,1.20
2009.07.03 01:50:51.003,1.16065,1.1609,1.60,1.20
2009.07.03 01:50:54.161,1.1606,1.1608,1.40,1.20
2009.07.03 01:50:55.631,1.1606,1.1608,1.40,1.00
2009.07.03 01:50:55.990,1.1606,1.16135,1.40,1.20
2009.07.03 01:50:56.780,1.1606,1.16135,1.40,1.00
2009.07.03 01:50:57.010,1.1606,1.1612,1.40,1.20
2009.07.03 01:51:00.589,1.1606,1.1611,1.40,1.00
2009.07.03 01:51:00.869,1.1606,1.1611,1.40,1.20
2009.07.03 01:51:02.369,1.1606,1.1611,1.40,1.40
2009.07.03 01:51:02.599,1.1606,1.1611,1.40,1.60
2009.07.03 01:51:06.688,1.1606,1.1611,2.00,1.20
2009.07.03 01:51:07.398,1.1606,1.1611,2.00,1.00
2009.07.03 01:51:07.678,1.1606,1.1611,2.00,1.20
2009.07.03 01:51:12.167,1.16055,1.1611,5.60,1.20
2009.07.03 01:51:12.976,1.16055,1.16115,4.60,4.00
2009.07.03 01:51:14.516,1.16055,1.16115,5.20,4.00
2009.07.03 01:51:24.023,1.16055,1.16115,4.60,4.00
2009.07.03 01:51:29.493,1.16055,1.16115,5.20,3.20
2009.07.03 01:51:31.552,1.16055,1.16115,5.20,4.40
2009.07.03 01:51:32.472,1.16055,1.16115,4.60,4.40
2009.07.03 01:51:35.331,1.16055,1.16115,5.20,4.40
2009.07.03 01:51:45.888,1.16055,1.16115,4.60,3.20
2009.07.03 01:51:50.527,1.16055,1.16115,4.00,3.20
2009.07.03 01:51:59.785,1.16055,1.1611,5.40,1.20
2009.07.03 01:52:09.482,1.16055,1.1611,5.00,1.00
2009.07.03 01:52:09.763,1.16055,1.16135,5.00,9.20
2009.07.03 01:52:12.702,1.16055,1.1613,7.20,9.20
2009.07.03 01:52:16.251,1.1606,1.1613,1.00,6.00
2009.07.03 01:52:22.869,1.16055,1.1613,7.20,9.20
2009.07.03 01:52:34.746,1.16055,1.16115,7.20,1.20
2009.07.03 01:52:35.217,1.16055,1.1612,6.40,4.40
2009.07.03 01:52:35.756,1.16055,1.1609,6.40,1.00
2009.07.03 01:52:36.417,1.16055,1.1609,6.40,1.00
2009.07.03 01:52:45.794,1.16055,1.1608,6.40,1.00
2009.07.03 01:52:45.904,1.16055,1.16125,6.40,3.20
2009.07.03 01:52:46.454,1.16055,1.1614,7.20,9.20
2009.07.03 01:52:50.163,1.16055,1.16095,7.20,1.00
2009.07.03 01:52:50.393,1.16055,1.16095,7.20,1.00
2009.07.03 01:53:43.060,1.1608,1.1611,1.00,1.20
2009.07.03 01:53:52.038,1.1608,1.1612,1.00,1.00
2009.07.03 01:53:52.208,1.1608,1.1612,1.00,1.20
2009.07.03 01:53:52.838,1.16075,1.1612,4.00,1.20
2009.07.03 01:54:01.686,1.16075,1.1611,4.00,1.00
2009.07.03 01:54:01.906,1.16075,1.16135,4.00,3.20
2009.07.03 01:54:07.374,1.16075,1.1613,2.40,3.20
2009.07.03 01:54:07.554,1.16075,1.16115,1.60,1.00
2009.07.03 01:54:07.774,1.1607,1.1612,1.60,3.60
2009.07.03 01:54:08.064,1.1605,1.1612,4.40,4.00
2009.07.03 01:54:17.452,1.16055,1.16115,4.00,3.60
2009.07.03 01:54:17.972,1.16055,1.16115,4.00,3.20
2009.07.03 01:54:32.659,1.16055,1.16115,4.00,4.00
2009.07.03 01:54:32.958,1.16055,1.16105,5.00,1.20
2009.07.03 01:54:42.206,1.1605,1.161,5.60,1.20
2009.07.03 01:54:42.606,1.1605,1.161,4.00,1.20
2009.07.03 01:54:42.836,1.1605,1.161,3.20,1.20
2009.07.03 01:54:43.306,1.1605,1.161,1.00,3.20
2009.07.03 01:54:45.965,1.1605,1.161,1.00,9.60
2009.07.03 01:54:46.305,1.16045,1.1609,4.00,1.60
2009.07.03 01:54:46.425,1.16045,1.1609,4.00,4.80
2009.07.03 01:54:46.775,1.16045,1.16085,3.20,3.20
2009.07.03 01:54:53.173,1.1605,1.16085,1.00,3.20
2009.07.03 01:54:59.072,1.16025,1.16085,5.60,3.20
2009.07.03 01:54:59.492,1.16015,1.1607,1.00,3.20
2009.07.03 01:55:06.000,1.1601,1.16065,4.40,3.20
2009.07.03 01:55:11.119,1.1602,1.16065,1.00,3.20
2009.07.03 01:55:20.767,1.1601,1.16065,4.40,3.20
2009.07.03 01:55:26.225,1.1601,1.16065,4.00,3.20
2009.07.03 01:55:35.893,1.1602,1.16065,1.00,3.20
2009.07.03 01:55:49.280,1.1602,1.16065,1.00,3.20
2009.07.03 01:55:54.218,1.1602,1.1606,1.00,1.00
2009.07.03 01:55:54.618,1.1602,1.1606,1.00,1.00
2009.07.03 01:55:58.937,1.1602,1.1606,1.00,1.20
2009.07.03 01:55:59.227,1.1601,1.1606,4.00,1.20
2009.07.03 01:55:59.527,1.1601,1.1606,3.80,1.20
2009.07.03 01:56:03.946,1.1601,1.1606,3.20,1.20
2009.07.03 01:56:06.605,1.1602,1.1606,1.00,1.00
2009.07.03 01:56:06.775,1.1602,1.1606,1.00,1.20
2009.07.03 01:56:16.703,1.1602,1.1606,1.00,1.00
2009.07.03 01:56:16.813,1.1601,1.16065,3.20,3.20
2009.07.03 01:56:43.117,1.1601,1.1606,3.20,1.00
2009.07.03 01:56:43.287,1.1601,1.16065,3.20,3.20
2009.07.03 01:56:46.506,1.1601,1.1606,3.80,1.00
2009.07.03 01:56:47.166,1.1601,1.1606,3.80,1.20
2009.07.03 01:56:49.325,1.1601,1.1606,3.80,1.00
2009.07.03 01:56:49.615,1.1601,1.1606,3.80,1.00
2009.07.03 01:56:49.855,1.1601,1.1606,3.80,1.00
2009.07.03 01:56:50.185,1.1601,1.16065,3.40,3.20
2009.07.03 01:56:51.185,1.1601,1.16055,1.00,1.60
2009.07.03 01:56:51.465,1.1601,1.16055,1.00,3.20
2009.07.03 01:57:01.942,1.1601,1.1605,1.00,3.20
2009.07.03 01:57:08.191,1.16005,1.1602,1.60,1.60
2009.07.03 01:57:08.301,1.15985,1.1602,2.40,3.20
2009.07.03 01:57:08.531,1.15985,1.1604,1.00,2.40
2009.07.03 01:57:08.641,1.15985,1.1604,1.00,1.60
2009.07.03 01:57:08.872,1.15985,1.16045,1.00,1.60
2009.07.03 01:57:08.930,1.15985,1.1607,1.00,2.20
2009.07.03 01:57:09.270,1.1599,1.1605,1.00,2.20
2009.07.03 01:57:14.159,1.15995,1.1605,4.00,4.00
2009.07.03 01:57:14.329,1.15995,1.16085,4.00,12.00
2009.07.03 01:57:23.867,1.16,1.16075,1.00,12.00
2009.07.03 01:57:35.334,1.15995,1.1606,5.00,3.20
2009.07.03 01:57:35.564,1.15995,1.1606,4.00,3.20
2009.07.03 01:57:38.333,1.15995,1.1606,4.00,4.00
2009.07.03 01:57:38.573,1.16,1.16065,1.00,9.60
2009.07.03 01:57:40.613,1.15995,1.1606,4.00,3.20
2009.07.03 01:57:51.570,1.15995,1.16035,3.20,8.00
2009.07.03 01:57:51.690,1.1599,1.1603,1.00,3.20
2009.07.03 01:57:52.100,1.1599,1.1603,1.00,2.20
2009.07.03 01:57:52.270,1.1599,1.16025,1.00,2.20
2009.07.03 01:57:55.529,1.1595,1.16025,3.20,2.20
2009.07.03 01:58:10.725,1.1595,1.16025,3.20,2.20
2009.07.03 01:58:21.503,1.1598,1.16025,1.00,2.20
2009.07.03 01:58:31.391,1.1595,1.16025,3.20,2.20
2009.07.03 01:58:34.150,1.1596,1.16015,3.20,2.20
2009.07.03 01:58:49.126,1.1595,1.16025,3.20,2.20
2009.07.03 01:59:00.103,1.15965,1.16,1.20,2.20
2009.07.03 01:59:05.402,1.15945,1.15995,1.00,2.20
2009.07.03 01:59:05.622,1.15945,1.16005,1.00,8.00
2009.07.03 01:59:05.863,1.15945,1.16005,1.00,3.80
2009.07.03 01:59:08.281,1.1594,1.16,1.00,2.20
2009.07.03 01:59:09.221,1.1594,1.16005,1.00,3.80
2009.07.03 01:59:12.800,1.1594,1.15995,1.00,1.00
2009.07.03 01:59:16.500,1.1594,1.1599,1.00,4.80
2009.07.03 01:59:16.849,1.1594,1.1598,1.00,1.20
2009.07.03 01:59:18.089,1.159,1.1598,4.00,1.20
2009.07.03 01:59:18.549,1.1592,1.1598,1.00,1.20
2009.07.03 01:59:26.277,1.1593,1.15985,1.00,4.40
2009.07.03 01:59:26.387,1.1593,1.15985,1.00,3.80
2009.07.03 01:59:26.557,1.1593,1.15985,1.00,3.20
2009.07.03 01:59:27.597,1.1594,1.15985,1.00,3.20
2009.07.03 01:59:30.576,1.1594,1.15985,1.00,3.20
2009.07.03 01:59:31.026,1.1594,1.1599,1.00,5.40
2009.07.03 01:59:33.525,1.1594,1.1598,1.20,1.00
2009.07.03 01:59:33.756,1.1594,1.1599,1.20,2.20
2009.07.03 01:59:35.355,1.1594,1.1599,1.00,2.20
2009.07.03 01:59:36.984,1.1594,1.1599,1.20,2.20
2009.07.03 01:59:37.154,1.1594,1.1599,1.20,5.40
2009.07.03 01:59:40.004,1.1594,1.1599,1.40,5.40
2009.07.03 01:59:42.363,1.1594,1.1599,1.40,2.20
2009.07.03 01:59:50.321,1.15915,1.1599,3.20,2.20
