2017.12.08 16:00:00.114,1.28617,1.28626,2.25,3.00
2017.12.08 16:00:00.455,1.28613,1.28621,1.12,1.50
2017.12.08 16:00:00.764,1.2861,1.28617,1.50,1.00
2017.12.08 16:00:01.398,1.28611,1.28618,1.00,1.00
2017.12.08 16:00:01.659,1.28613,1.28621,1.00,1.00
2017.12.08 16:00:02.026,1.28613,1.28623,2.62,1.10
2017.12.08 16:00:02.232,1.28611,1.28619,1.50,1.50
2017.12.08 16:00:02.543,1.28601,1.28609,1.00,3.45
2017.12.08 16:00:02.898,1.28595,1.28606,3.00,3.82
2017.12.08 16:00:03.053,1.28598,1.28605,1.00,1.45
2017.12.08 16:00:03.157,1.286,1.28607,1.00,1.37
2017.12.08 16:00:03.685,1.28601,1.28609,1.00,1.95
2017.12.08 16:00:03.839,1.28603,1.28609,1.00,1.00
2017.12.08 16:00:04.039,1.28603,1.28611,1.00,2.17
2017.12.08 16:00:04.556,1.28604,1.28612,1.00,2.17
2017.12.08 16:00:05.057,1.28604,1.28612,1.50,1.12
2017.12.08 16:00:05.109,1.28602,1.28612,1.00,4.05
2017.12.08 16:00:05.366,1.28601,1.2861,2.25,2.25
2017.12.08 16:00:05.869,1.28603,1.2861,1.00,2.25
2017.12.08 16:00:06.925,1.28603,1.28612,1.50,3.45
2017.12.08 16:00:07.469,1.28603,1.28612,1.50,4.05
2017.12.08 16:00:07.915,1.28605,1.28615,1.12,3.45
2017.12.08 16:00:08.266,1.2861,1.28618,1.50,1.00
2017.12.08 16:00:09.254,1.28608,1.28613,1.12,1.00
2017.12.08 16:00:09.307,1.28605,1.28613,1.57,1.00
2017.12.08 16:00:09.411,1.28603,1.28612,1.50,1.00
2017.12.08 16:00:09.936,1.28603,1.28613,1.00,1.57
2017.12.08 16:00:10.295,1.28605,1.28612,1.00,1.00
2017.12.08 16:00:10.514,1.28603,1.28613,1.50,1.10
2017.12.08 16:00:11.290,1.28603,1.28613,2.85,1.10
2017.12.08 16:00:11.459,1.28609,1.28618,2.25,1.00
2017.12.08 16:00:11.974,1.2861,1.28618,1.00,1.00
2017.12.08 16:00:12.495,1.2861,1.28619,1.00,1.00
2017.12.08 16:00:13.087,1.2861,1.2862,1.00,1.50
2017.12.08 16:00:13.195,1.28612,1.2862,1.00,1.50
2017.12.08 16:00:13.698,1.28612,1.28621,1.00,1.50
2017.12.08 16:00:14.099,1.28612,1.28619,1.00,1.00
2017.12.08 16:00:14.155,1.2861,1.28618,1.00,1.00
2017.12.08 16:00:16.740,1.2861,1.28619,1.00,1.50
2017.12.08 16:00:18.147,1.2861,1.2862,1.50,3.00
2017.12.08 16:00:18.199,1.2861,1.28617,1.50,1.00
2017.12.08 16:00:18.860,1.2861,1.28619,1.00,3.00
2017.12.08 16:00:20.006,1.28609,1.28619,1.00,1.50
2017.12.08 16:00:20.112,1.28608,1.28616,1.00,1.00
2017.12.08 16:00:20.166,1.28606,1.28615,1.50,2.10
2017.12.08 16:00:22.531,1.28606,1.28616,1.50,2.25
2017.12.08 16:00:23.411,1.28607,1.28615,1.00,1.00
2017.12.08 16:00:24.147,1.28606,1.28615,1.00,3.00
2017.12.08 16:00:24.673,1.28605,1.28614,1.50,1.50
2017.12.08 16:00:26.189,1.28605,1.28615,1.00,3.37
2017.12.08 16:00:26.831,1.28605,1.28614,1.00,1.50
2017.12.08 16:00:26.935,1.28602,1.28612,1.50,1.00
2017.12.08 16:00:26.987,1.28602,1.2861,1.00,1.00
2017.12.08 16:00:27.525,1.28597,1.28606,1.12,2.25
2017.12.08 16:00:27.785,1.28596,1.28604,1.50,1.00
2017.12.08 16:00:28.297,1.28597,1.28605,1.00,2.25
2017.12.08 16:00:28.400,1.28598,1.28607,1.00,1.10
2017.12.08 16:00:28.503,1.28598,1.28609,1.00,1.50
2017.12.08 16:00:28.811,1.28598,1.28605,1.00,1.00
2017.12.08 16:00:29.593,1.28598,1.28607,1.50,1.00
2017.12.08 16:00:29.909,1.28596,1.28603,1.87,1.00
2017.12.08 16:00:31.608,1.28596,1.28604,1.00,1.00
2017.12.08 16:00:32.160,1.28596,1.28603,1.00,1.00
2017.12.08 16:00:33.336,1.28597,1.28603,1.00,1.00
2017.12.08 16:00:33.388,1.28597,1.28607,1.50,3.82
2017.12.08 16:00:33.652,1.28597,1.28604,1.00,1.00
2017.12.08 16:00:33.755,1.28597,1.28606,1.00,2.25
2017.12.08 16:00:34.284,1.28596,1.28606,1.00,1.00
2017.12.08 16:00:34.489,1.28597,1.28608,1.00,2.32
2017.12.08 16:00:34.695,1.28597,1.28605,1.00,1.00
2017.12.08 16:00:37.369,1.28597,1.28608,1.00,1.57
2017.12.08 16:00:37.989,1.28597,1.28607,1.00,1.00
2017.12.08 16:00:38.042,1.28597,1.28605,1.00,1.00
2017.12.08 16:00:39.465,1.28597,1.28606,1.00,1.00
2017.12.08 16:00:41.286,1.28597,1.28605,1.00,1.00
2017.12.08 16:00:42.254,1.28597,1.28604,1.00,1.00
2017.12.08 16:00:42.762,1.28597,1.28605,1.00,1.00
2017.12.08 16:00:43.107,1.28595,1.28603,1.00,1.00
2017.12.08 16:00:45.185,1.28595,1.28604,1.00,1.10
2017.12.08 16:00:48.517,1.28595,1.28603,1.00,1.00
2017.12.08 16:00:52.749,1.28595,1.28602,1.00,1.00
2017.12.08 16:00:57.203,1.28593,1.28602,2.25,1.50
2017.12.08 16:00:57.642,1.28593,1.286,1.50,1.00
2017.12.08 16:00:57.694,1.28593,1.28602,1.50,1.50
2017.12.08 16:01:00.103,1.28593,1.28601,1.50,1.00
2017.12.08 16:01:01.826,1.28592,1.28601,1.12,1.00
2017.12.08 16:01:02.327,1.28593,1.28601,1.00,1.00
2017.12.08 16:01:03.933,1.28594,1.28601,1.00,1.00
2017.12.08 16:01:04.457,1.28593,1.28601,1.00,1.00
2017.12.08 16:01:06.948,1.28593,1.28603,2.62,1.00
2017.12.08 16:01:07.455,1.28594,1.28603,1.00,1.00
2017.12.08 16:01:08.425,1.28594,1.28602,1.00,1.00
2017.12.08 16:01:08.943,1.28594,1.28603,1.00,3.75
2017.12.08 16:01:10.985,1.28593,1.28604,2.25,1.00
2017.12.08 16:01:11.495,1.28594,1.28605,2.25,1.95
2017.12.08 16:01:11.741,1.28594,1.28603,2.25,1.00
2017.12.08 16:01:12.281,1.28595,1.28603,1.00,1.00
2017.12.08 16:01:13.372,1.28595,1.28604,1.50,3.00
2017.12.08 16:01:13.959,1.28594,1.28605,2.25,1.10
2017.12.08 16:01:14.293,1.28596,1.28605,2.70,1.50
2017.12.08 16:01:14.850,1.28596,1.28606,1.50,2.25
2017.12.08 16:01:17.121,1.28597,1.28606,1.00,1.00
2017.12.08 16:01:17.586,1.28595,1.28601,1.00,1.00
2017.12.08 16:01:18.514,1.28596,1.28603,1.50,1.00
2017.12.08 16:01:18.669,1.28596,1.28605,2.32,3.75
2017.12.08 16:01:18.773,1.28596,1.28603,1.50,1.00
2017.12.08 16:01:20.223,1.28598,1.28604,1.50,1.00
2017.12.08 16:01:20.751,1.28598,1.28605,1.50,1.00
2017.12.08 16:01:21.731,1.28599,1.28606,1.00,1.00
2017.12.08 16:01:22.237,1.28598,1.28604,1.10,1.00
2017.12.08 16:01:22.342,1.28594,1.28601,1.25,1.00
2017.12.08 16:01:22.860,1.28594,1.28602,2.25,1.00
2017.12.08 16:01:23.624,1.28594,1.28603,1.50,1.00
2017.12.08 16:01:27.192,1.28594,1.28601,1.00,1.00
2017.12.08 16:01:27.244,1.28594,1.28603,1.00,2.25
2017.12.08 16:01:27.795,1.28594,1.28602,1.10,1.00
2017.12.08 16:01:28.406,1.28594,1.28601,1.10,1.00
2017.12.08 16:01:28.916,1.28594,1.28602,1.00,1.00
2017.12.08 16:01:30.924,1.28592,1.28602,1.50,1.50
2017.12.08 16:01:30.977,1.28594,1.28602,1.00,1.87
2017.12.08 16:01:31.470,1.28592,1.28602,1.87,1.87
2017.12.08 16:01:32.322,1.28592,1.286,1.87,1.87
2017.12.08 16:01:32.939,1.28591,1.286,1.00,1.00
2017.12.08 16:01:33.269,1.28593,1.28601,1.00,1.87
2017.12.08 16:01:33.785,1.28593,1.28602,1.00,2.25
2017.12.08 16:01:34.643,1.28593,1.28601,1.00,1.00
2017.12.08 16:01:35.301,1.28594,1.28601,1.00,1.50
2017.12.08 16:01:35.900,1.28593,1.28601,1.50,1.50
2017.12.08 16:01:36.494,1.28594,1.28601,1.00,1.50
2017.12.08 16:01:37.030,1.28593,1.28601,1.50,1.50
2017.12.08 16:01:37.340,1.28595,1.28602,1.00,1.00
2017.12.08 16:01:37.589,1.28595,1.28605,1.00,1.00
2017.12.08 16:01:38.137,1.28596,1.28604,1.00,1.00
2017.12.08 16:01:38.189,1.28597,1.28606,2.25,1.00
2017.12.08 16:01:38.562,1.28599,1.28607,1.00,3.00
2017.12.08 16:01:39.549,1.28599,1.28605,1.00,1.00
2017.12.08 16:01:40.168,1.28596,1.28605,3.82,1.00
2017.12.08 16:01:40.780,1.28597,1.28605,1.10,2.25
2017.12.08 16:01:41.932,1.28598,1.28607,1.45,1.50
2017.12.08 16:01:42.463,1.28599,1.28608,1.20,3.00
2017.12.08 16:01:43.311,1.28599,1.28608,1.20,1.50
2017.12.08 16:01:43.658,1.28597,1.28606,1.95,1.00
2017.12.08 16:01:44.177,1.28597,1.28605,1.95,2.25
2017.12.08 16:01:44.578,1.28598,1.28606,1.95,2.25
2017.12.08 16:01:45.131,1.28598,1.28607,2.70,1.00
2017.12.08 16:01:45.905,1.28598,1.28605,1.45,1.00
2017.12.08 16:01:46.114,1.28598,1.28607,1.45,1.50
2017.12.08 16:01:46.424,1.28598,1.28605,1.45,1.00
2017.12.08 16:01:46.476,1.28598,1.28607,1.45,2.25
2017.12.08 16:01:46.626,1.28598,1.28607,1.20,3.00
2017.12.08 16:01:47.013,1.28598,1.28604,1.20,1.00
2017.12.08 16:01:47.065,1.28598,1.28606,1.20,1.00
2017.12.08 16:01:47.220,1.28598,1.28604,1.20,1.00
2017.12.08 16:01:47.273,1.28599,1.28607,1.10,2.25
2017.12.08 16:01:47.445,1.28599,1.28607,2.70,2.25
2017.12.08 16:01:47.607,1.28598,1.28605,1.00,1.00
2017.12.08 16:01:47.712,1.28598,1.28603,1.00,1.00
2017.12.08 16:01:47.866,1.28598,1.28605,1.00,1.00
2017.12.08 16:01:47.918,1.28599,1.28607,1.00,2.25
2017.12.08 16:01:48.561,1.28599,1.28608,1.50,1.50
2017.12.08 16:01:49.475,1.286,1.28609,3.00,1.00
2017.12.08 16:01:50.000,1.28601,1.28608,1.00,1.00
2017.12.08 16:01:50.545,1.286,1.28608,1.00,1.00
2017.12.08 16:01:51.090,1.28601,1.28608,1.00,1.00
2017.12.08 16:01:51.624,1.28601,1.28609,2.25,1.50
2017.12.08 16:01:51.931,1.28601,1.28607,1.00,1.00
2017.12.08 16:01:52.622,1.28602,1.28607,1.00,1.00
2017.12.08 16:01:54.935,1.28602,1.28609,1.00,2.25
2017.12.08 16:01:57.158,1.28602,1.28608,1.00,1.00
2017.12.08 16:02:00.490,1.28601,1.28608,1.50,1.00
2017.12.08 16:02:01.101,1.286,1.28608,1.00,1.00
2017.12.08 16:02:01.689,1.28601,1.28607,1.00,1.00
2017.12.08 16:02:02.516,1.28602,1.28608,1.00,1.00
2017.12.08 16:02:03.680,1.28601,1.28608,2.25,1.00
2017.12.08 16:02:04.284,1.28601,1.28607,1.50,1.00
2017.12.08 16:02:05.001,1.28601,1.28609,3.00,1.00
2017.12.08 16:02:06.070,1.28602,1.28609,1.00,1.00
2017.12.08 16:02:06.769,1.28601,1.28609,1.50,1.00
2017.12.08 16:02:07.262,1.28603,1.2861,1.00,1.00
2017.12.08 16:02:07.595,1.28601,1.2861,3.75,1.00
2017.12.08 16:02:08.099,1.28603,1.2861,1.00,1.00
2017.12.08 16:02:08.604,1.28602,1.2861,2.25,1.00
2017.12.08 16:02:09.410,1.28601,1.2861,4.87,1.00
2017.12.08 16:02:10.367,1.28602,1.2861,1.00,1.00
2017.12.08 16:02:11.086,1.28601,1.2861,4.12,1.00
2017.12.08 16:02:11.601,1.28602,1.2861,1.00,1.00
2017.12.08 16:02:12.083,1.28601,1.28608,2.62,1.00
2017.12.08 16:02:12.237,1.28602,1.2861,1.00,1.00
2017.12.08 16:02:12.788,1.28602,1.28609,1.00,1.00
2017.12.08 16:02:14.155,1.28601,1.28609,1.50,1.00
2017.12.08 16:02:15.657,1.28602,1.2861,1.00,1.50
2017.12.08 16:02:16.117,1.28601,1.28607,1.00,1.00
2017.12.08 16:02:16.718,1.28601,1.28608,1.00,1.00
2017.12.08 16:02:17.080,1.28602,1.2861,1.50,1.00
2017.12.08 16:02:17.184,1.28603,1.28612,1.00,1.87
2017.12.08 16:02:17.237,1.28603,1.2861,1.00,1.00
2017.12.08 16:02:20.701,1.28599,1.28608,1.50,1.50
2017.12.08 16:02:20.805,1.28601,1.28609,1.00,1.12
2017.12.08 16:02:21.348,1.28602,1.2861,1.00,1.12
2017.12.08 16:02:21.907,1.28602,1.28611,1.00,1.00
2017.12.08 16:02:22.390,1.28604,1.28612,1.00,1.50
2017.12.08 16:02:27.332,1.28604,1.28611,1.00,1.00
2017.12.08 16:02:27.639,1.28604,1.28609,1.00,1.00
2017.12.08 16:02:27.691,1.28604,1.28611,1.00,1.00
2017.12.08 16:02:28.315,1.28604,1.28612,1.00,1.87
2017.12.08 16:02:28.418,1.28608,1.28613,3.75,1.00
2017.12.08 16:02:28.471,1.2861,1.28618,1.50,1.00
2017.12.08 16:02:29.001,1.28609,1.28619,1.50,1.00
2017.12.08 16:02:29.709,1.28609,1.28618,1.50,1.00
2017.12.08 16:02:30.210,1.28609,1.28619,1.50,1.50
2017.12.08 16:02:30.953,1.28609,1.28618,1.50,1.00
2017.12.08 16:02:31.570,1.28611,1.28619,1.20,1.00
2017.12.08 16:02:32.868,1.28611,1.2862,1.00,2.25
2017.12.08 16:02:33.203,1.28609,1.28618,2.25,2.25
2017.12.08 16:02:33.724,1.2861,1.28618,1.00,1.00
2017.12.08 16:02:34.271,1.28611,1.28618,1.00,1.00
2017.12.08 16:02:34.803,1.2861,1.28618,1.00,3.75
2017.12.08 16:02:35.350,1.2861,1.28617,1.00,1.00
2017.12.08 16:02:35.858,1.2861,1.28618,1.00,1.12
2017.12.08 16:02:36.166,1.28612,1.28618,1.00,1.00
2017.12.08 16:02:36.679,1.28612,1.28619,1.00,1.50
2017.12.08 16:02:37.195,1.28612,1.28618,1.00,1.00
2017.12.08 16:02:37.737,1.28612,1.28619,1.00,2.25
2017.12.08 16:02:38.411,1.28612,1.2862,1.50,1.50
2017.12.08 16:02:38.727,1.28614,1.28619,1.00,1.00
2017.12.08 16:02:39.255,1.28615,1.28619,1.00,1.00
2017.12.08 16:02:40.089,1.28615,1.2862,1.00,2.25
2017.12.08 16:02:40.626,1.28613,1.2862,1.00,3.00
2017.12.08 16:02:40.781,1.28613,1.28618,1.00,1.35
2017.12.08 16:02:41.323,1.28613,1.28619,1.00,1.00
2017.12.08 16:02:41.824,1.28612,1.28618,1.00,1.00
2017.12.08 16:02:42.139,1.28612,1.2862,1.00,2.10
2017.12.08 16:02:42.319,1.28612,1.28618,1.00,1.00
2017.12.08 16:02:42.928,1.28612,1.28619,1.00,1.50
2017.12.08 16:02:43.455,1.28612,1.28618,1.00,1.00
2017.12.08 16:02:43.847,1.28615,1.28619,1.00,1.00
2017.12.08 16:02:44.457,1.28615,1.2862,1.50,2.25
2017.12.08 16:02:45.585,1.28615,1.28619,1.00,1.50
2017.12.08 16:02:45.755,1.28619,1.28625,1.00,2.32
2017.12.08 16:02:45.807,1.2862,1.28624,1.00,1.00
2017.12.08 16:02:45.912,1.28624,1.28628,1.00,1.00
2017.12.08 16:02:46.472,1.28624,1.28629,1.00,1.00
2017.12.08 16:02:46.981,1.28624,1.28628,1.00,1.00
2017.12.08 16:02:47.607,1.28623,1.28628,1.00,1.00
2017.12.08 16:02:51.351,1.28622,1.28628,1.50,1.50
2017.12.08 16:02:51.403,1.2862,1.28627,1.10,1.00
2017.12.08 16:02:51.952,1.2862,1.28626,1.00,1.00
2017.12.08 16:02:52.157,1.28618,1.28625,1.00,1.00
2017.12.08 16:02:52.660,1.28617,1.28625,2.32,1.50
2017.12.08 16:02:53.641,1.28618,1.28625,1.00,1.50
2017.12.08 16:02:54.292,1.28617,1.28625,2.32,1.50
2017.12.08 16:02:55.087,1.28617,1.28624,1.50,1.00
2017.12.08 16:02:55.452,1.28622,1.28626,1.00,2.25
2017.12.08 16:02:55.964,1.28622,1.28626,1.00,1.00
2017.12.08 16:02:56.470,1.28622,1.28627,1.50,1.00
2017.12.08 16:02:56.973,1.28623,1.28628,1.00,1.00
2017.12.08 16:02:58.015,1.28624,1.28629,1.00,1.00
2017.12.08 16:02:58.540,1.28624,1.28628,1.00,1.00
2017.12.08 16:03:00.750,1.28627,1.28631,1.00,1.00
2017.12.08 16:03:00.802,1.28626,1.28632,1.00,1.00
2017.12.08 16:03:01.084,1.28628,1.28635,1.00,1.00
2017.12.08 16:03:01.672,1.2863,1.28635,1.00,1.00
2017.12.08 16:03:07.871,1.28627,1.28635,2.70,1.00
2017.12.08 16:03:08.392,1.2863,1.28635,1.00,1.00
2017.12.08 16:03:10.280,1.2863,1.28636,1.00,1.00
2017.12.08 16:03:10.609,1.28627,1.28634,1.10,1.00
2017.12.08 16:03:10.662,1.28626,1.28632,1.20,1.00
2017.12.08 16:03:10.714,1.28625,1.28631,1.00,1.00
2017.12.08 16:03:11.124,1.28623,1.28631,1.10,1.50
2017.12.08 16:03:11.509,1.28623,1.28631,1.20,1.50
2017.12.08 16:03:12.025,1.28623,1.28632,2.70,1.50
2017.12.08 16:03:13.028,1.28623,1.28632,2.70,1.50
2017.12.08 16:03:14.123,1.28623,1.28632,1.57,1.50
2017.12.08 16:03:14.626,1.28624,1.28632,1.50,1.00
2017.12.08 16:03:15.391,1.28623,1.28632,1.57,1.00
2017.12.08 16:03:16.489,1.28628,1.28635,1.00,1.50
2017.12.08 16:03:20.476,1.28629,1.28637,1.00,3.37
2017.12.08 16:03:20.528,1.28632,1.28637,1.00,2.25
2017.12.08 16:03:20.916,1.28634,1.28638,1.00,1.00
2017.12.08 16:03:20.968,1.28633,1.2864,1.00,1.50
2017.12.08 16:03:21.020,1.28635,1.2864,1.00,1.00
2017.12.08 16:03:21.548,1.28634,1.28641,1.00,1.50
2017.12.08 16:03:21.906,1.28637,1.28643,1.00,1.50
2017.12.08 16:03:22.216,1.28636,1.28641,1.00,1.00
2017.12.08 16:03:23.070,1.28634,1.28641,1.00,1.50
2017.12.08 16:03:23.122,1.28631,1.2864,2.32,1.00
2017.12.08 16:03:23.174,1.28631,1.28638,1.10,1.00
2017.12.08 16:03:23.675,1.2863,1.28637,1.00,1.00
2017.12.08 16:03:24.186,1.28631,1.28638,1.00,2.25
2017.12.08 16:03:25.401,1.2863,1.28636,1.00,1.00
2017.12.08 16:03:26.113,1.2863,1.28635,1.00,1.00
2017.12.08 16:03:26.496,1.2863,1.28637,1.00,1.25
2017.12.08 16:03:27.004,1.28631,1.28636,1.00,1.00
2017.12.08 16:03:27.520,1.28631,1.28637,1.00,1.00
2017.12.08 16:03:28.116,1.28629,1.28637,1.00,1.00
2017.12.08 16:03:28.671,1.2863,1.28637,1.00,2.25
2017.12.08 16:03:28.723,1.28632,1.28637,1.00,1.50
2017.12.08 16:03:29.034,1.28629,1.28637,1.00,2.25
2017.12.08 16:03:30.164,1.28631,1.28637,1.00,1.50
2017.12.08 16:03:30.216,1.28629,1.28637,2.25,1.00
2017.12.08 16:03:30.268,1.28635,1.28641,1.00,1.00
2017.12.08 16:03:30.806,1.28636,1.28643,1.00,1.50
2017.12.08 16:03:34.544,1.28635,1.28643,1.10,3.00
2017.12.08 16:03:35.055,1.28634,1.28643,1.50,3.00
2017.12.08 16:03:36.271,1.28634,1.28642,1.50,1.25
2017.12.08 16:03:37.602,1.28632,1.28639,1.00,1.00
2017.12.08 16:03:37.753,1.2863,1.28638,1.00,1.00
2017.12.08 16:03:39.379,1.2863,1.28639,1.00,1.50
2017.12.08 16:03:39.712,1.28632,1.28639,1.00,1.00
2017.12.08 16:03:40.435,1.2863,1.28639,1.00,1.00
2017.12.08 16:03:43.971,1.28631,1.28639,1.00,1.50
2017.12.08 16:03:45.370,1.28632,1.28639,1.00,1.00
2017.12.08 16:03:45.882,1.28631,1.28638,1.00,1.00
2017.12.08 16:03:47.572,1.28631,1.28639,1.00,2.25
2017.12.08 16:03:47.879,1.28631,1.28637,1.00,1.00
2017.12.08 16:03:48.208,1.28624,1.2863,1.00,1.00
2017.12.08 16:03:48.724,1.28623,1.28629,1.00,1.69
2017.12.08 16:03:49.238,1.28623,1.2863,1.00,1.50
2017.12.08 16:03:51.601,1.28629,1.28634,1.00,1.00
2017.12.08 16:03:51.756,1.28627,1.28635,1.00,2.25
2017.12.08 16:03:51.861,1.28629,1.28635,1.00,1.00
2017.12.08 16:03:51.965,1.28629,1.28637,1.00,1.50
2017.12.08 16:03:52.222,1.28627,1.28637,1.57,1.00
2017.12.08 16:03:52.274,1.2863,1.28637,1.00,1.00
2017.12.08 16:03:52.531,1.28628,1.28637,1.00,1.00
2017.12.08 16:03:53.044,1.28629,1.28636,1.00,2.25
2017.12.08 16:03:53.553,1.28629,1.28635,1.00,1.00
2017.12.08 16:03:54.077,1.28629,1.28636,1.00,1.50
2017.12.08 16:03:54.155,1.28629,1.28633,1.00,1.00
2017.12.08 16:03:54.678,1.28628,1.28632,1.00,1.00
2017.12.08 16:03:54.729,1.28629,1.28636,1.00,1.50
2017.12.08 16:03:55.667,1.28629,1.28635,1.00,1.00
2017.12.08 16:03:56.177,1.28629,1.28636,1.00,1.00
2017.12.08 16:03:57.574,1.28629,1.28637,1.00,2.25
2017.12.08 16:03:57.728,1.28631,1.28636,1.00,1.00
2017.12.08 16:03:57.780,1.28631,1.28638,1.00,1.00
2017.12.08 16:03:58.640,1.28631,1.28637,1.00,1.00
2017.12.08 16:03:59.204,1.28631,1.28638,1.00,2.25
2017.12.08 16:04:00.491,1.28631,1.28637,1.00,1.00
2017.12.08 16:04:00.969,1.28631,1.28639,1.00,1.50
2017.12.08 16:04:03.405,1.28631,1.28639,1.20,3.00
2017.12.08 16:04:03.840,1.28632,1.28642,1.20,2.25
2017.12.08 16:04:03.943,1.28633,1.28642,1.20,2.25
2017.12.08 16:04:04.250,1.28633,1.28639,1.20,1.00
2017.12.08 16:04:04.810,1.28633,1.28639,1.20,1.00
2017.12.08 16:04:05.972,1.28633,1.28641,1.20,2.25
2017.12.08 16:04:09.846,1.28633,1.28637,1.20,1.00
2017.12.08 16:04:09.949,1.28632,1.28637,1.00,1.00
2017.12.08 16:04:10.515,1.28632,1.28636,1.00,1.00
2017.12.08 16:04:11.339,1.28633,1.28637,1.00,1.00
2017.12.08 16:04:12.858,1.28634,1.28639,1.00,1.00
2017.12.08 16:04:13.426,1.28635,1.28639,1.00,1.00
2017.12.08 16:04:14.176,1.28634,1.28642,1.00,1.50
2017.12.08 16:04:14.228,1.28637,1.28642,1.00,1.00
2017.12.08 16:04:16.278,1.28637,1.28643,1.00,1.50
2017.12.08 16:04:16.981,1.28637,1.28644,1.00,2.25
2017.12.08 16:04:19.436,1.28637,1.28643,1.00,1.00
2017.12.08 16:04:20.736,1.28637,1.28642,1.00,1.00
2017.12.08 16:04:21.232,1.28637,1.28644,1.00,1.12
2017.12.08 16:04:21.441,1.28638,1.28646,1.00,1.50
2017.12.08 16:04:22.033,1.28639,1.28646,1.00,1.50
2017.12.08 16:04:26.891,1.2864,1.28646,1.00,2.25
2017.12.08 16:04:30.813,1.2864,1.28645,1.00,1.00
2017.12.08 16:04:32.153,1.28639,1.28645,1.00,1.00
2017.12.08 16:04:32.205,1.28642,1.2865,1.00,3.75
2017.12.08 16:04:32.309,1.28644,1.28652,1.00,1.87
2017.12.08 16:04:32.913,1.28644,1.28651,1.00,1.00
2017.12.08 16:04:33.511,1.28644,1.28652,1.00,1.50
2017.12.08 16:04:34.432,1.28644,1.28651,1.00,1.00
2017.12.08 16:04:35.024,1.28643,1.28652,1.00,3.00
2017.12.08 16:04:35.574,1.28643,1.28651,1.00,1.00
2017.12.08 16:04:36.194,1.28643,1.28652,1.10,2.25
2017.12.08 16:04:36.796,1.28644,1.28651,1.00,1.00
2017.12.08 16:04:37.740,1.28644,1.28652,1.00,1.50
2017.12.08 16:04:38.224,1.28643,1.2865,1.00,1.00
2017.12.08 16:04:38.730,1.28642,1.28651,3.00,1.50
2017.12.08 16:04:39.038,1.28642,1.28649,1.00,1.00
2017.12.08 16:04:39.360,1.28639,1.28646,1.50,1.00
2017.12.08 16:04:39.926,1.28639,1.28647,1.50,1.50
2017.12.08 16:04:40.454,1.28639,1.28646,1.50,1.00
2017.12.08 16:04:40.957,1.28639,1.28647,1.00,1.50
2017.12.08 16:04:41.491,1.28639,1.28646,1.00,1.00
2017.12.08 16:04:42.023,1.28639,1.28647,1.00,1.50
2017.12.08 16:04:42.582,1.28639,1.28646,1.00,1.00
2017.12.08 16:04:43.083,1.28639,1.28647,1.00,1.50
2017.12.08 16:04:45.203,1.2864,1.28647,1.45,1.00
2017.12.08 16:04:45.256,1.28645,1.28652,1.00,1.00
2017.12.08 16:04:45.412,1.28645,1.28652,1.45,1.50
2017.12.08 16:04:45.831,1.28647,1.28655,1.45,1.00
2017.12.08 16:04:46.077,1.28648,1.28656,1.45,1.00
2017.12.08 16:04:47.884,1.28649,1.28657,1.20,2.25
2017.12.08 16:04:48.996,1.28653,1.28659,1.00,1.50
2017.12.08 16:04:49.151,1.28649,1.2866,3.07,1.87
2017.12.08 16:04:49.750,1.2865,1.2866,1.00,1.00
2017.12.08 16:04:50.261,1.28651,1.2866,1.00,2.25
2017.12.08 16:04:50.586,1.28651,1.28658,1.00,1.00
2017.12.08 16:04:52.927,1.28651,1.2866,1.50,1.50
2017.12.08 16:04:53.546,1.28653,1.2866,1.00,1.00
2017.12.08 16:04:55.290,1.28652,1.2866,1.10,1.00
2017.12.08 16:04:57.607,1.28653,1.2866,1.00,1.00
2017.12.08 16:04:57.932,1.28653,1.28658,1.00,1.00
2017.12.08 16:04:58.544,1.2865,1.28657,1.10,1.00
2017.12.08 16:04:59.056,1.28649,1.28657,1.00,1.00
2017.12.08 16:04:59.109,1.28649,1.28659,1.00,3.00
2017.12.08 16:04:59.160,1.28649,1.28659,1.20,1.50
2017.12.08 16:04:59.672,1.28651,1.28658,1.00,1.00
2017.12.08 16:05:00.310,1.28651,1.28659,1.00,2.25
2017.12.08 16:05:00.845,1.28651,1.28658,1.00,1.50
2017.12.08 16:05:01.549,1.28651,1.28659,1.00,1.50
2017.12.08 16:05:03.475,1.28651,1.28658,1.00,1.00
2017.12.08 16:05:03.681,1.28647,1.28656,2.70,1.00
2017.12.08 16:05:04.219,1.28647,1.28657,1.95,1.00
2017.12.08 16:05:04.322,1.28651,1.28657,1.00,1.00
2017.12.08 16:05:07.052,1.28651,1.28656,1.00,1.00
2017.12.08 16:05:08.463,1.2865,1.28656,1.00,1.00
2017.12.08 16:05:15.076,1.2865,1.28657,1.00,3.75
2017.12.08 16:05:15.627,1.28654,1.28659,1.00,1.00
2017.12.08 16:05:15.795,1.28658,1.28665,1.00,1.00
2017.12.08 16:05:15.847,1.28661,1.28667,1.00,1.50
2017.12.08 16:05:15.898,1.28659,1.28667,1.00,1.00
2017.12.08 16:05:15.950,1.28659,1.28669,1.95,1.50
2017.12.08 16:05:16.054,1.28661,1.2867,1.45,1.50
2017.12.08 16:05:16.639,1.28662,1.2867,1.00,1.50
2017.12.08 16:05:17.152,1.28662,1.28671,1.00,2.25
2017.12.08 16:05:18.432,1.28662,1.2867,1.00,1.00
2017.12.08 16:05:18.791,1.2866,1.28669,1.00,1.00
2017.12.08 16:05:18.945,1.2866,1.28671,1.10,1.50
2017.12.08 16:05:19.238,1.28661,1.28669,1.00,1.00
2017.12.08 16:05:20.953,1.28661,1.2867,1.00,1.00
2017.12.08 16:05:21.841,1.28661,1.28667,1.00,1.00
2017.12.08 16:05:21.894,1.28657,1.28666,1.20,1.00
2017.12.08 16:05:21.946,1.28657,1.28665,1.00,1.50
2017.12.08 16:05:22.648,1.28656,1.28664,1.00,1.00
2017.12.08 16:05:23.113,1.28657,1.28666,1.50,1.50
2017.12.08 16:05:23.165,1.2866,1.28668,1.00,1.87
2017.12.08 16:05:23.490,1.28658,1.28665,1.10,1.00
2017.12.08 16:05:24.302,1.28656,1.28664,1.57,1.00
2017.12.08 16:05:24.488,1.28656,1.28662,1.00,1.50
2017.12.08 16:05:24.540,1.28652,1.2866,1.57,1.00
2017.12.08 16:05:25.078,1.28652,1.28661,2.32,1.00
2017.12.08 16:05:25.779,1.28655,1.28662,1.00,1.50
2017.12.08 16:05:26.140,1.28657,1.28665,1.00,1.00
2017.12.08 16:05:27.153,1.28658,1.28665,1.00,1.00
2017.12.08 16:05:27.658,1.28658,1.28664,1.00,1.00
2017.12.08 16:05:27.975,1.28656,1.28662,1.00,1.00
2017.12.08 16:05:28.486,1.28655,1.28662,1.00,1.00
2017.12.08 16:05:29.164,1.28654,1.28662,1.00,1.00
2017.12.08 16:05:29.694,1.28655,1.28662,1.00,1.00
2017.12.08 16:05:30.112,1.28652,1.28661,1.50,1.50
2017.12.08 16:05:31.260,1.28653,1.28661,1.00,1.00
2017.12.08 16:05:31.627,1.28654,1.28664,1.00,2.62
2017.12.08 16:05:34.483,1.28655,1.28664,1.00,1.50
2017.12.08 16:05:35.298,1.28656,1.28664,1.00,1.00
2017.12.08 16:05:35.802,1.28661,1.28669,1.00,2.25
2017.12.08 16:05:35.990,1.28663,1.28672,1.50,1.12
2017.12.08 16:05:36.043,1.28663,1.28669,1.00,1.00
2017.12.08 16:05:36.095,1.28661,1.28668,1.57,1.00
2017.12.08 16:05:36.198,1.28659,1.28668,1.10,1.00
2017.12.08 16:05:36.709,1.28658,1.28667,1.00,1.00
2017.12.08 16:05:37.649,1.28656,1.28664,1.10,1.00
2017.12.08 16:05:38.651,1.28656,1.28663,1.00,1.00
2017.12.08 16:05:39.381,1.28656,1.28662,1.00,1.00
2017.12.08 16:05:39.920,1.28656,1.28663,1.00,1.00
2017.12.08 16:05:40.716,1.28656,1.28664,1.00,2.25
2017.12.08 16:05:41.591,1.28656,1.28663,1.00,1.00
2017.12.08 16:05:42.281,1.28656,1.28664,1.00,2.25
2017.12.08 16:05:44.143,1.28656,1.28663,1.00,1.00
2017.12.08 16:05:44.753,1.28656,1.28664,1.00,3.00
2017.12.08 16:05:46.256,1.28656,1.28662,1.00,1.00
2017.12.08 16:05:46.842,1.28656,1.28663,1.00,1.00
2017.12.08 16:05:47.392,1.28656,1.28664,1.00,3.00
2017.12.08 16:05:48.254,1.28656,1.28663,1.00,1.00
2017.12.08 16:05:49.916,1.28656,1.28664,1.00,3.00
2017.12.08 16:05:50.843,1.28656,1.28662,1.00,1.00
2017.12.08 16:05:51.415,1.28656,1.28663,1.00,1.00
2017.12.08 16:05:52.061,1.28656,1.28662,1.00,1.00
2017.12.08 16:05:53.497,1.28654,1.28662,1.00,1.00
2017.12.08 16:05:54.028,1.28654,1.2866,1.00,1.00
2017.12.08 16:05:54.543,1.28653,1.28661,1.00,2.25
2017.12.08 16:05:55.427,1.28653,1.2866,1.00,1.00
2017.12.08 16:05:56.172,1.28653,1.28661,1.00,2.25
2017.12.08 16:05:56.690,1.28653,1.2866,1.00,1.00
2017.12.08 16:05:57.214,1.28653,1.28661,1.00,2.25
2017.12.08 16:05:57.963,1.28653,1.2866,1.00,1.00
2017.12.08 16:05:58.934,1.28653,1.28661,1.00,2.25
2017.12.08 16:06:02.324,1.28653,1.28659,1.00,1.00
2017.12.08 16:06:02.428,1.28651,1.28659,1.50,1.50
2017.12.08 16:06:02.603,1.28652,1.28661,1.00,1.00
2017.12.08 16:06:03.605,1.28652,1.28662,1.50,2.25
2017.12.08 16:06:04.571,1.28652,1.28661,2.32,1.00
2017.12.08 16:06:05.099,1.28652,1.28662,1.10,2.25
2017.12.08 16:06:05.693,1.28653,1.28663,1.50,2.25
2017.12.08 16:06:05.745,1.28655,1.28663,1.00,1.50
2017.12.08 16:06:07.757,1.28654,1.28663,1.00,3.37
2017.12.08 16:06:08.067,1.28654,1.28661,1.00,1.00
2017.12.08 16:06:08.637,1.28654,1.28662,1.00,1.50
2017.12.08 16:06:09.253,1.28652,1.28658,1.57,1.00
2017.12.08 16:06:09.766,1.28652,1.28657,1.00,1.00
2017.12.08 16:06:11.031,1.28649,1.28658,2.32,1.50
2017.12.08 16:06:11.300,1.28652,1.28661,1.50,2.25
2017.12.08 16:06:11.762,1.28653,1.28663,1.10,1.50
2017.12.08 16:06:12.396,1.28653,1.28663,1.20,1.00
2017.12.08 16:06:15.535,1.28653,1.28663,3.45,1.00
2017.12.08 16:06:17.738,1.28659,1.28664,1.95,1.00
2017.12.08 16:06:17.867,1.28661,1.28668,1.00,1.00
2017.12.08 16:06:17.973,1.28663,1.2867,1.00,1.00
2017.12.08 16:06:18.505,1.28663,1.28671,1.10,1.00
2017.12.08 16:06:18.737,1.28666,1.28675,1.00,2.25
2017.12.08 16:06:18.789,1.28668,1.28676,1.10,1.00
2017.12.08 16:06:19.750,1.28668,1.28677,1.00,3.00
2017.12.08 16:06:20.353,1.28668,1.28676,1.00,1.00
2017.12.08 16:06:21.242,1.28668,1.28677,1.00,3.75
2017.12.08 16:06:21.622,1.28665,1.28673,1.00,1.00
2017.12.08 16:06:22.134,1.28664,1.28673,1.10,1.00
2017.12.08 16:06:22.771,1.28664,1.28673,1.95,1.00
2017.12.08 16:06:23.346,1.28664,1.28672,1.10,1.00
2017.12.08 16:06:23.689,1.28664,1.2867,1.00,1.00
2017.12.08 16:06:24.342,1.28664,1.28671,1.00,1.00
2017.12.08 16:06:25.031,1.28664,1.28672,1.00,1.50
2017.12.08 16:06:25.616,1.28665,1.28673,1.00,3.00
2017.12.08 16:06:26.141,1.28665,1.28672,1.00,1.00
2017.12.08 16:06:27.192,1.28664,1.28673,1.57,1.00
2017.12.08 16:06:30.206,1.28666,1.28673,1.00,1.00
2017.12.08 16:06:30.360,1.28664,1.28673,1.57,1.00
2017.12.08 16:06:30.902,1.28664,1.28672,2.32,1.00
2017.12.08 16:06:31.461,1.28664,1.28672,2.32,1.00
2017.12.08 16:06:32.779,1.28664,1.28673,1.57,1.00
2017.12.08 16:06:32.832,1.28667,1.28673,1.00,1.00
2017.12.08 16:06:32.884,1.2867,1.28679,1.10,1.87
2017.12.08 16:06:33.400,1.2867,1.28678,1.10,1.00
2017.12.08 16:06:33.946,1.2867,1.28679,1.57,3.00
2017.12.08 16:06:34.443,1.28669,1.28677,1.10,1.50
2017.12.08 16:06:34.701,1.2867,1.28679,1.00,3.00
2017.12.08 16:06:37.740,1.28671,1.28679,1.00,1.50
2017.12.08 16:06:38.253,1.28671,1.2868,1.10,3.00
2017.12.08 16:06:38.755,1.28671,1.28679,1.00,1.50
2017.12.08 16:06:40.587,1.2867,1.28678,1.57,1.00
2017.12.08 16:06:41.203,1.2867,1.28679,1.10,1.50
2017.12.08 16:06:42.216,1.2867,1.28679,1.07,1.00
2017.12.08 16:06:42.733,1.28671,1.2868,1.10,1.00
2017.12.08 16:06:43.327,1.28671,1.2868,1.07,1.00
2017.12.08 16:06:44.170,1.28671,1.2868,1.10,1.00
2017.12.08 16:06:48.447,1.28671,1.2868,1.07,1.50
2017.12.08 16:06:48.883,1.28673,1.28682,1.00,1.50
2017.12.08 16:06:49.222,1.28676,1.28683,1.00,1.00
2017.12.08 16:06:50.399,1.28674,1.28683,1.20,1.00
2017.12.08 16:06:50.594,1.28673,1.28682,1.12,1.00
2017.12.08 16:06:51.121,1.28672,1.28681,1.95,1.50
2017.12.08 16:06:52.140,1.28671,1.2868,1.10,1.00
2017.12.08 16:06:52.353,1.2868,1.28685,1.00,2.25
2017.12.08 16:06:52.457,1.28686,1.28693,1.00,1.00
2017.12.08 16:06:52.509,1.28684,1.28693,3.45,1.00
2017.12.08 16:06:53.227,1.28685,1.28694,1.45,1.87
2017.12.08 16:06:53.433,1.28685,1.28694,1.20,1.12
2017.12.08 16:06:53.957,1.28684,1.28694,3.82,3.97
2017.12.08 16:06:54.111,1.28684,1.2869,1.45,1.35
2017.12.08 16:06:54.163,1.28683,1.28688,1.00,1.00
2017.12.08 16:06:54.266,1.28685,1.28689,1.00,1.50
2017.12.08 16:06:54.472,1.28684,1.28692,1.10,1.00
2017.12.08 16:06:55.012,1.28685,1.28692,1.10,2.85
2017.12.08 16:06:55.530,1.28681,1.2869,1.00,2.25
2017.12.08 16:06:55.634,1.28681,1.28688,1.00,1.00
2017.12.08 16:06:56.041,1.28681,1.2869,1.00,5.25
2017.12.08 16:06:56.586,1.2868,1.2869,1.10,4.50
2017.12.08 16:06:58.393,1.28683,1.2869,1.00,2.25
2017.12.08 16:06:58.548,1.28683,1.28692,1.20,1.25
2017.12.08 16:06:59.063,1.28682,1.28691,1.20,1.00
2017.12.08 16:06:59.571,1.2868,1.2869,1.57,1.50
2017.12.08 16:06:59.983,1.28685,1.28691,1.00,1.00
2017.12.08 16:07:00.086,1.28683,1.28691,1.10,1.00
2017.12.08 16:07:00.240,1.28685,1.28692,1.00,1.00
2017.12.08 16:07:00.293,1.28685,1.28694,1.00,1.12
2017.12.08 16:07:00.875,1.28686,1.28694,1.00,1.87
2017.12.08 16:07:01.392,1.28685,1.28694,1.00,3.37
2017.12.08 16:07:01.636,1.28685,1.28692,1.00,1.00
2017.12.08 16:07:02.240,1.28685,1.28693,1.00,2.25
2017.12.08 16:07:02.581,1.28691,1.28695,1.87,1.00
2017.12.08 16:07:02.634,1.28697,1.28702,1.00,1.00
2017.12.08 16:07:05.632,1.28697,1.28701,1.00,1.00
2017.12.08 16:07:06.458,1.28694,1.28701,1.50,1.00
2017.12.08 16:07:06.664,1.28694,1.28703,1.12,1.00
2017.12.08 16:07:07.503,1.28695,1.28703,1.00,2.25
2017.12.08 16:07:09.354,1.28692,1.28702,1.57,2.25
2017.12.08 16:07:10.054,1.28692,1.28699,1.10,1.00
2017.12.08 16:07:10.106,1.28689,1.28697,1.27,1.00
2017.12.08 16:07:10.210,1.28685,1.28695,1.00,1.00
2017.12.08 16:07:10.723,1.28685,1.28696,1.50,2.25
2017.12.08 16:07:13.831,1.28685,1.28696,2.32,2.25
2017.12.08 16:07:15.206,1.28685,1.28696,1.50,1.69
2017.12.08 16:07:15.805,1.28686,1.28696,1.00,1.00
2017.12.08 16:07:16.461,1.28687,1.28696,1.00,1.00
2017.12.08 16:07:16.731,1.28692,1.28699,1.10,1.00
2017.12.08 16:07:16.783,1.28692,1.28702,1.10,1.87
2017.12.08 16:07:17.252,1.28692,1.287,3.75,1.00
2017.12.08 16:07:17.665,1.28692,1.28696,3.75,1.00
2017.12.08 16:07:17.717,1.28692,1.28699,3.75,6.00
2017.12.08 16:07:17.871,1.28692,1.28696,3.75,1.00
2017.12.08 16:07:18.204,1.28687,1.28696,4.50,1.00
2017.12.08 16:07:18.720,1.28687,1.28695,3.75,1.00
2017.12.08 16:07:19.323,1.28687,1.28697,3.75,1.69
2017.12.08 16:07:21.041,1.28687,1.28696,3.75,1.00
2017.12.08 16:07:21.687,1.28686,1.28696,3.00,1.00
2017.12.08 16:07:22.780,1.28686,1.28695,3.75,1.00
2017.12.08 16:07:23.265,1.28689,1.28697,5.25,1.00
2017.12.08 16:07:23.368,1.2869,1.28699,1.10,1.00
2017.12.08 16:07:23.981,1.28691,1.28699,1.00,1.00
2017.12.08 16:07:24.764,1.2869,1.28699,1.00,1.00
2017.12.08 16:07:25.282,1.28691,1.28699,1.00,1.00
2017.12.08 16:07:25.608,1.28694,1.287,3.22,1.00
2017.12.08 16:07:25.662,1.28698,1.28704,1.35,1.00
2017.12.08 16:07:25.817,1.28699,1.28708,1.00,1.00
2017.12.08 16:07:25.869,1.287,1.28711,1.20,2.25
2017.12.08 16:07:25.972,1.28702,1.28711,3.75,1.00
2017.12.08 16:07:26.953,1.28702,1.28708,3.75,1.00
2017.12.08 16:07:27.465,1.28702,1.28709,3.75,1.00
2017.12.08 16:07:27.834,1.28704,1.2871,7.50,1.00
2017.12.08 16:07:28.811,1.28704,1.28711,7.50,1.00
2017.12.08 16:07:28.966,1.28701,1.28711,1.00,1.00
2017.12.08 16:07:29.326,1.28703,1.28711,1.00,1.00
2017.12.08 16:07:29.941,1.28702,1.28711,1.00,1.00
2017.12.08 16:07:30.537,1.28702,1.28712,1.00,3.37
2017.12.08 16:07:31.037,1.28702,1.2871,1.00,1.00
2017.12.08 16:07:31.245,1.287,1.2871,3.07,2.25
2017.12.08 16:07:31.297,1.28702,1.2871,1.00,1.50
2017.12.08 16:07:31.807,1.28702,1.28711,1.00,1.50
2017.12.08 16:07:32.840,1.28702,1.28711,1.00,3.75
2017.12.08 16:07:33.157,1.28704,1.28712,7.50,2.70
2017.12.08 16:07:34.216,1.28706,1.28712,1.00,1.50
2017.12.08 16:07:34.405,1.28704,1.28712,7.50,1.50
2017.12.08 16:07:35.328,1.28703,1.28712,1.00,1.50
2017.12.08 16:07:37.177,1.28704,1.28712,1.00,1.00
2017.12.08 16:07:37.865,1.28703,1.28712,1.00,1.00
2017.12.08 16:07:38.410,1.28703,1.28711,1.00,1.00
2017.12.08 16:07:39.152,1.28701,1.28711,1.10,1.00
2017.12.08 16:07:39.700,1.28702,1.28711,1.00,1.00
2017.12.08 16:07:43.649,1.28701,1.2871,1.50,1.00
2017.12.08 16:07:44.158,1.28702,1.28711,1.00,1.00
2017.12.08 16:07:44.639,1.28706,1.28713,1.00,1.50
2017.12.08 16:07:44.792,1.28706,1.28715,1.50,1.50
2017.12.08 16:07:45.317,1.28707,1.28714,3.75,1.00
2017.12.08 16:07:47.029,1.28707,1.28715,5.25,1.50
2017.12.08 16:07:47.081,1.28711,1.28717,4.50,1.00
2017.12.08 16:07:47.134,1.28711,1.28719,3.75,1.50
2017.12.08 16:07:47.187,1.28715,1.2872,1.00,1.50
2017.12.08 16:07:47.238,1.28711,1.28718,4.50,1.00
2017.12.08 16:07:47.291,1.28711,1.28716,3.75,1.00
2017.12.08 16:07:47.624,1.28703,1.28708,1.95,1.00
2017.12.08 16:07:47.676,1.28702,1.28711,2.55,1.00
2017.12.08 16:07:47.781,1.28706,1.28715,1.20,1.50
2017.12.08 16:07:47.929,1.28705,1.28712,1.00,1.00
2017.12.08 16:07:48.453,1.28704,1.28712,1.87,1.00
2017.12.08 16:07:48.954,1.28705,1.28712,3.00,1.00
2017.12.08 16:07:49.619,1.28711,1.28715,1.00,1.00
2017.12.08 16:07:49.820,1.28714,1.28721,1.30,1.00
2017.12.08 16:07:49.873,1.28716,1.28725,1.00,3.75
2017.12.08 16:07:49.925,1.28715,1.28723,1.00,1.00
2017.12.08 16:07:50.233,1.28712,1.28722,5.25,1.00
2017.12.08 16:07:50.775,1.28712,1.28721,5.62,1.00
2017.12.08 16:07:51.276,1.28712,1.28722,5.62,1.95
2017.12.08 16:07:52.044,1.28713,1.28721,1.00,1.00
2017.12.08 16:07:53.606,1.28712,1.2872,3.75,1.00
2017.12.08 16:07:55.798,1.28713,1.2872,3.75,1.00
2017.12.08 16:07:56.326,1.28713,1.28721,3.75,1.50
2017.12.08 16:07:58.695,1.28711,1.28721,3.00,1.50
2017.12.08 16:07:59.174,1.28718,1.28726,2.85,1.87
2017.12.08 16:07:59.485,1.28721,1.28731,1.50,1.50
2017.12.08 16:07:59.536,1.2872,1.28729,3.00,1.00
2017.12.08 16:07:59.855,1.2872,1.28731,3.00,3.00
2017.12.08 16:08:00.385,1.2872,1.2873,3.00,1.00
2017.12.08 16:08:00.889,1.2872,1.28731,2.25,3.00
2017.12.08 16:08:01.738,1.28721,1.28731,1.35,1.87
2017.12.08 16:08:01.790,1.28725,1.28733,3.75,1.00
2017.12.08 16:08:02.675,1.28725,1.28732,3.75,1.50
2017.12.08 16:08:03.353,1.28722,1.28732,2.25,1.50
2017.12.08 16:08:03.862,1.28724,1.28732,1.00,1.50
2017.12.08 16:08:04.012,1.28722,1.28731,1.12,1.00
2017.12.08 16:08:05.145,1.28722,1.28732,1.87,3.00
2017.12.08 16:08:05.401,1.28722,1.2873,1.12,1.00
2017.12.08 16:08:05.750,1.28722,1.28728,1.12,1.00
2017.12.08 16:08:06.065,1.28725,1.28731,1.35,1.00
2017.12.08 16:08:06.117,1.28726,1.28734,1.00,1.57
2017.12.08 16:08:06.425,1.28727,1.28734,1.50,1.00
2017.12.08 16:08:06.477,1.28727,1.28736,1.50,1.00
2017.12.08 16:08:06.979,1.2873,1.28736,1.00,1.00
2017.12.08 16:08:07.273,1.28734,1.28741,1.12,1.95
2017.12.08 16:08:07.786,1.28735,1.28741,1.12,1.00
2017.12.08 16:08:07.992,1.28733,1.28743,5.25,1.00
2017.12.08 16:08:08.043,1.28733,1.28739,3.00,1.00
2017.12.08 16:08:08.581,1.28734,1.28739,1.12,1.00
2017.12.08 16:08:09.085,1.28733,1.28741,4.87,1.00
2017.12.08 16:08:09.590,1.28733,1.28742,4.87,1.00
2017.12.08 16:08:10.463,1.28733,1.28742,1.12,1.00
2017.12.08 16:08:11.006,1.28734,1.28742,1.00,1.00
2017.12.08 16:08:11.596,1.28732,1.28742,5.25,1.00
2017.12.08 16:08:12.444,1.28733,1.28737,1.12,1.00
2017.12.08 16:08:12.910,1.28733,1.28741,1.12,1.50
2017.12.08 16:08:13.423,1.28733,1.28742,1.87,1.00
2017.12.08 16:08:13.628,1.28731,1.28737,1.00,1.00
2017.12.08 16:08:14.137,1.2873,1.28736,2.25,1.00
2017.12.08 16:08:14.449,1.2873,1.28734,2.25,1.00
2017.12.08 16:08:14.963,1.2873,1.28735,2.25,1.00
2017.12.08 16:08:15.159,1.28727,1.28736,1.12,1.00
2017.12.08 16:08:16.345,1.28728,1.28736,1.12,1.00
2017.12.08 16:08:16.397,1.28731,1.28737,1.00,1.00
2017.12.08 16:08:16.938,1.28731,1.28736,3.75,1.00
2017.12.08 16:08:17.477,1.28731,1.28737,3.75,1.00
2017.12.08 16:08:17.787,1.28731,1.28739,3.75,1.00
2017.12.08 16:08:18.304,1.2873,1.2874,1.00,2.25
2017.12.08 16:08:19.255,1.28731,1.2874,1.00,1.50
2017.12.08 16:08:19.620,1.28729,1.28739,1.57,1.00
2017.12.08 16:08:20.133,1.28728,1.28738,1.12,1.00
2017.12.08 16:08:20.807,1.28729,1.28739,1.00,2.25
2017.12.08 16:08:21.344,1.28728,1.28738,1.50,1.00
2017.12.08 16:08:22.811,1.2873,1.28738,1.00,1.50
2017.12.08 16:08:23.370,1.28731,1.28738,2.25,1.00
2017.12.08 16:08:23.884,1.28731,1.28739,2.25,1.50
2017.12.08 16:08:24.834,1.28731,1.28738,2.25,1.00
2017.12.08 16:08:25.243,1.28729,1.28738,1.50,1.00
2017.12.08 16:08:26.166,1.2873,1.28739,1.00,1.50
2017.12.08 16:08:28.154,1.28729,1.28739,4.50,1.50
2017.12.08 16:08:28.686,1.28729,1.28738,4.50,1.50
2017.12.08 16:08:30.131,1.28729,1.28737,1.00,1.00
2017.12.08 16:08:30.452,1.28729,1.28739,1.00,1.00
2017.12.08 16:08:30.506,1.28729,1.28737,1.57,1.00
2017.12.08 16:08:30.711,1.28729,1.28739,1.00,1.00
2017.12.08 16:08:31.225,1.2873,1.28738,1.00,1.00
2017.12.08 16:08:31.757,1.28729,1.28737,1.00,1.00
2017.12.08 16:08:32.304,1.28728,1.28737,1.50,1.00
2017.12.08 16:08:32.662,1.28728,1.28739,1.50,1.00
2017.12.08 16:08:33.039,1.28729,1.28737,3.75,1.00
2017.12.08 16:08:33.570,1.28729,1.28735,3.75,1.00
2017.12.08 16:08:33.622,1.28729,1.28737,3.75,1.50
2017.12.08 16:08:34.617,1.28727,1.28737,1.10,1.50
2017.12.08 16:08:35.144,1.28726,1.28736,3.75,1.50
2017.12.08 16:08:35.196,1.28726,1.28731,3.75,1.00
2017.12.08 16:08:36.078,1.28722,1.28731,3.00,1.00
2017.12.08 16:08:36.651,1.28722,1.28731,4.35,1.00
2017.12.08 16:08:36.703,1.28726,1.28734,1.00,1.00
2017.12.08 16:08:36.806,1.28725,1.28736,1.50,1.00
2017.12.08 16:08:37.338,1.28727,1.28736,1.00,1.00
2017.12.08 16:08:37.829,1.28725,1.28736,3.22,1.00
2017.12.08 16:08:38.084,1.28727,1.28735,1.00,1.00
2017.12.08 16:08:38.467,1.28729,1.28737,1.00,1.10
2017.12.08 16:08:38.752,1.28726,1.28736,1.00,1.00
2017.12.08 16:08:38.919,1.28729,1.28737,1.00,1.00
2017.12.08 16:08:38.971,1.28726,1.28737,1.00,1.50
2017.12.08 16:08:39.176,1.28729,1.28737,1.00,1.00
2017.12.08 16:08:39.228,1.28727,1.28736,1.00,1.00
2017.12.08 16:08:39.749,1.28728,1.28737,1.00,1.50
2017.12.08 16:08:40.253,1.28728,1.28736,1.00,1.00
2017.12.08 16:08:41.302,1.28728,1.28737,1.00,1.00
2017.12.08 16:08:41.354,1.28727,1.28735,2.25,1.00
2017.12.08 16:08:41.615,1.28727,1.28737,2.25,1.00
2017.12.08 16:08:41.769,1.28729,1.28737,1.00,1.00
2017.12.08 16:08:41.924,1.28727,1.28737,1.50,1.50
2017.12.08 16:08:42.284,1.28729,1.28737,1.00,1.00
2017.12.08 16:08:43.107,1.28728,1.28736,1.00,1.00
2017.12.08 16:08:44.379,1.28728,1.28737,2.25,1.50
2017.12.08 16:08:44.584,1.28728,1.28739,3.75,2.32
2017.12.08 16:08:44.960,1.28728,1.28736,3.75,1.00
2017.12.08 16:08:46.485,1.28727,1.28736,1.00,3.37
2017.12.08 16:08:46.795,1.28725,1.28732,1.00,1.00
2017.12.08 16:08:47.550,1.28726,1.28736,1.87,2.25
2017.12.08 16:08:48.275,1.28726,1.28737,1.87,1.00
2017.12.08 16:08:48.591,1.28728,1.28737,1.00,1.00
2017.12.08 16:08:48.899,1.28728,1.28735,3.75,1.00
2017.12.08 16:08:48.952,1.28728,1.28738,3.75,1.00
2017.12.08 16:08:49.483,1.28728,1.28736,4.50,1.00
2017.12.08 16:08:49.535,1.28728,1.28738,3.75,1.00
2017.12.08 16:08:50.065,1.28728,1.28739,4.50,2.25
2017.12.08 16:08:50.168,1.28728,1.28736,4.50,1.00
2017.12.08 16:08:50.424,1.28728,1.28738,3.75,1.00
2017.12.08 16:08:50.999,1.28729,1.28737,1.00,1.00
2017.12.08 16:08:51.543,1.28728,1.28737,3.75,1.00
2017.12.08 16:08:52.085,1.28729,1.28737,1.00,1.00
2017.12.08 16:08:52.188,1.28729,1.28734,1.00,1.00
2017.12.08 16:08:52.498,1.28728,1.28731,3.00,1.00
2017.12.08 16:08:53.177,1.28729,1.28734,1.00,1.00
2017.12.08 16:08:53.280,1.28729,1.28736,1.00,1.50
2017.12.08 16:08:53.961,1.28727,1.28736,1.00,1.00
2017.12.08 16:08:54.492,1.28727,1.28735,1.50,1.00
2017.12.08 16:08:55.034,1.28727,1.28736,1.00,1.00
2017.12.08 16:08:55.569,1.28727,1.28737,1.00,2.25
2017.12.08 16:08:56.106,1.28727,1.28736,1.00,1.00
2017.12.08 16:08:56.721,1.28724,1.28734,2.25,1.00
2017.12.08 16:08:56.824,1.28726,1.28735,1.50,1.50
2017.12.08 16:08:57.418,1.28727,1.28736,1.00,1.50
2017.12.08 16:08:57.725,1.28727,1.28734,1.00,1.00
2017.12.08 16:08:57.828,1.28727,1.28736,1.00,1.00
2017.12.08 16:08:58.329,1.28728,1.28736,1.00,1.00
2017.12.08 16:08:58.881,1.28727,1.28737,2.25,1.50
2017.12.08 16:08:58.932,1.28729,1.28737,1.00,1.00
2017.12.08 16:08:59.422,1.28727,1.28737,2.32,1.00
2017.12.08 16:08:59.797,1.2873,1.28737,2.25,1.00
2017.12.08 16:09:00.858,1.2873,1.28736,2.25,1.00
2017.12.08 16:09:02.765,1.2873,1.28737,3.75,1.50
2017.12.08 16:09:03.073,1.2873,1.28734,3.75,1.00
2017.12.08 16:09:03.414,1.28729,1.28732,3.75,1.00
2017.12.08 16:09:04.300,1.28726,1.28732,1.00,1.00
2017.12.08 16:09:04.826,1.28726,1.28734,1.00,1.00
2017.12.08 16:09:05.346,1.28726,1.28733,1.00,1.00
2017.12.08 16:09:05.400,1.28735,1.28739,3.75,3.00
2017.12.08 16:09:05.506,1.28735,1.28741,3.75,2.25
2017.12.08 16:09:05.643,1.28735,1.28739,3.75,1.00
2017.12.08 16:09:06.157,1.28734,1.28738,3.75,1.00
2017.12.08 16:09:06.666,1.28733,1.28737,3.75,1.00
2017.12.08 16:09:06.770,1.2873,1.28737,4.50,1.50
2017.12.08 16:09:07.267,1.2873,1.28739,1.00,1.00
2017.12.08 16:09:07.587,1.28729,1.28737,2.85,1.00
2017.12.08 16:09:07.992,1.28731,1.28737,1.00,1.00
2017.12.08 16:09:08.094,1.28729,1.28737,3.60,1.00
2017.12.08 16:09:08.263,1.28729,1.28739,3.60,1.00
2017.12.08 16:09:08.915,1.2873,1.28739,1.50,1.00
2017.12.08 16:09:09.747,1.28729,1.28739,3.67,1.00
2017.12.08 16:09:09.891,1.28731,1.28739,2.25,1.00
2017.12.08 16:09:10.305,1.28736,1.2874,1.00,1.50
2017.12.08 16:09:10.358,1.28736,1.28741,1.00,1.00
2017.12.08 16:09:10.411,1.2874,1.28744,3.75,1.50
2017.12.08 16:09:10.817,1.28737,1.28741,7.50,1.00
2017.12.08 16:09:11.227,1.28736,1.28741,1.00,1.00
2017.12.08 16:09:11.765,1.28737,1.28741,1.00,1.00
2017.12.08 16:09:13.325,1.28735,1.28741,1.00,1.00
2017.12.08 16:09:13.843,1.28734,1.28741,3.75,1.00
2017.12.08 16:09:14.385,1.28736,1.28741,1.00,1.00
2017.12.08 16:09:14.437,1.28734,1.28741,4.50,1.00
2017.12.08 16:09:15.510,1.28735,1.28741,1.00,1.00
2017.12.08 16:09:16.025,1.28734,1.28741,4.50,1.00
2017.12.08 16:09:16.693,1.28735,1.28741,4.50,1.00
2017.12.08 16:09:17.740,1.28734,1.28741,1.00,1.00
2017.12.08 16:09:18.295,1.28733,1.28741,1.57,1.00
2017.12.08 16:09:18.347,1.2873,1.28739,4.80,1.00
2017.12.08 16:09:18.450,1.28728,1.28736,3.60,1.50
2017.12.08 16:09:18.993,1.2873,1.28736,1.00,1.00
2017.12.08 16:09:19.564,1.28729,1.28736,3.75,1.00
2017.12.08 16:09:19.700,1.28731,1.28736,2.10,1.00
2017.12.08 16:09:19.752,1.28731,1.28739,5.10,1.50
2017.12.08 16:09:21.044,1.28731,1.28739,3.00,1.00
2017.12.08 16:09:21.937,1.28732,1.28739,1.00,1.00
2017.12.08 16:09:22.461,1.28731,1.28739,2.25,1.00
2017.12.08 16:09:23.321,1.28732,1.28739,1.00,1.00
2017.12.08 16:09:23.838,1.28731,1.28739,1.50,1.00
2017.12.08 16:09:23.992,1.28732,1.28737,1.00,1.00
2017.12.08 16:09:24.547,1.28731,1.28737,2.25,1.00
2017.12.08 16:09:25.137,1.28732,1.28737,1.00,1.00
2017.12.08 16:09:25.863,1.28731,1.28737,2.25,1.00
2017.12.08 16:09:26.397,1.28732,1.28737,1.00,1.00
2017.12.08 16:09:27.057,1.28731,1.28737,2.25,1.00
2017.12.08 16:09:28.172,1.28732,1.28737,1.00,1.00
2017.12.08 16:09:29.320,1.28731,1.28737,1.50,1.00
2017.12.08 16:09:29.727,1.28731,1.28739,1.00,1.00
2017.12.08 16:09:30.272,1.28731,1.28738,1.00,1.00
2017.12.08 16:09:34.410,1.28733,1.2874,1.50,1.00
2017.12.08 16:09:35.272,1.28732,1.2874,3.07,1.00
2017.12.08 16:09:35.838,1.28733,1.2874,1.50,1.00
2017.12.08 16:09:36.843,1.28734,1.2874,1.00,1.00
2017.12.08 16:09:37.412,1.28733,1.2874,1.00,1.00
2017.12.08 16:09:38.557,1.28732,1.2874,2.25,1.00
2017.12.08 16:09:40.607,1.28731,1.28739,2.85,1.00
2017.12.08 16:09:41.137,1.28732,1.28739,1.35,1.00
2017.12.08 16:09:43.866,1.2873,1.28735,1.10,1.00
2017.12.08 16:09:44.423,1.28729,1.28734,1.30,1.00
2017.12.08 16:09:49.374,1.2873,1.28739,1.00,1.73
2017.12.08 16:09:49.425,1.28731,1.28739,1.60,1.31
2017.12.08 16:09:49.580,1.28734,1.28743,1.00,1.00
2017.12.08 16:09:50.756,1.28735,1.28743,1.00,1.00
2017.12.08 16:09:55.439,1.28741,1.28745,1.00,2.25
2017.12.08 16:09:55.491,1.28741,1.28746,1.00,1.00
2017.12.08 16:09:55.697,1.28741,1.2875,1.12,1.01
2017.12.08 16:09:55.750,1.28744,1.28751,1.00,1.50
2017.12.08 16:09:56.134,1.28743,1.28749,1.00,1.00
2017.12.08 16:09:56.289,1.28743,1.28751,1.00,1.00
2017.12.08 16:09:57.091,1.28743,1.2875,1.00,1.00
2017.12.08 16:09:57.606,1.28743,1.28751,1.00,1.50
2017.12.08 16:09:58.455,1.28743,1.28752,1.50,1.50
2017.12.08 16:09:58.507,1.28743,1.2875,1.50,1.00
2017.12.08 16:09:59.054,1.28743,1.28751,1.50,1.00
2017.12.08 16:09:59.610,1.28743,1.28752,1.50,1.50
2017.12.08 16:10:00.161,1.28743,1.28751,1.50,1.00
2017.12.08 16:10:00.706,1.28743,1.28752,1.50,1.50
2017.12.08 16:10:01.250,1.28743,1.28751,1.50,1.00
2017.12.08 16:10:01.577,1.28741,1.28748,1.00,1.00
2017.12.08 16:10:02.086,1.28741,1.28749,1.00,2.25
2017.12.08 16:10:02.673,1.28741,1.28748,1.00,1.00
2017.12.08 16:10:02.860,1.28738,1.28748,1.57,1.50
2017.12.08 16:10:03.497,1.28739,1.28747,1.00,1.00
2017.12.08 16:10:03.973,1.28738,1.28745,1.50,1.00
2017.12.08 16:10:05.186,1.28739,1.28745,1.00,1.00
2017.12.08 16:10:05.237,1.28738,1.28747,2.85,1.50
2017.12.08 16:10:05.770,1.28739,1.28746,1.00,1.00
2017.12.08 16:10:05.873,1.28741,1.28747,1.00,1.00
2017.12.08 16:10:06.506,1.2874,1.28748,1.50,1.00
2017.12.08 16:10:07.102,1.28741,1.28747,1.00,1.00
2017.12.08 16:10:07.206,1.28735,1.28745,2.70,1.37
2017.12.08 16:10:07.362,1.28736,1.28746,1.87,1.50
2017.12.08 16:10:07.415,1.28738,1.28746,1.00,1.00
2017.12.08 16:10:07.929,1.28738,1.28747,1.50,1.50
2017.12.08 16:10:08.450,1.28738,1.28746,1.00,1.00
2017.12.08 16:10:08.951,1.28737,1.28747,1.50,1.50
2017.12.08 16:10:09.279,1.28739,1.28746,1.00,1.00
2017.12.08 16:10:09.620,1.28738,1.28748,1.00,1.50
2017.12.08 16:10:10.184,1.28739,1.28747,1.00,1.00
2017.12.08 16:10:10.709,1.28739,1.28748,1.50,1.12
2017.12.08 16:10:11.365,1.28739,1.28747,1.00,1.00
2017.12.08 16:10:11.417,1.28738,1.28749,3.07,2.25
2017.12.08 16:10:11.471,1.2874,1.28749,1.00,2.25
2017.12.08 16:10:12.169,1.28742,1.28751,1.50,2.25
2017.12.08 16:10:12.531,1.28746,1.28753,1.00,3.00
2017.12.08 16:10:13.051,1.28745,1.28753,1.00,1.50
2017.12.08 16:10:13.497,1.28749,1.28753,2.25,1.00
2017.12.08 16:10:13.693,1.28752,1.28756,1.00,1.00
2017.12.08 16:10:13.748,1.28758,1.28763,1.00,1.12
2017.12.08 16:10:13.802,1.28756,1.2876,1.00,1.00
2017.12.08 16:10:13.980,1.28739,1.28747,1.20,1.50
2017.12.08 16:10:14.498,1.28739,1.28747,1.00,2.32
2017.12.08 16:10:14.914,1.28737,1.28746,1.12,1.00
2017.12.08 16:10:15.068,1.28735,1.28744,1.12,1.50
2017.12.08 16:10:15.378,1.28742,1.28751,1.00,3.45
2017.12.08 16:10:15.481,1.28742,1.28751,1.00,1.50
2017.12.08 16:10:15.586,1.28742,1.28753,2.25,1.95
2017.12.08 16:10:16.214,1.28742,1.28752,1.50,1.00
2017.12.08 16:10:16.756,1.28742,1.28751,1.50,1.00
2017.12.08 16:10:17.152,1.28741,1.28745,1.00,1.00
2017.12.08 16:10:17.205,1.28738,1.28748,1.10,1.50
2017.12.08 16:10:17.257,1.28738,1.28746,1.00,1.00
2017.12.08 16:10:17.773,1.28738,1.28747,1.00,1.20
2017.12.08 16:10:18.320,1.28739,1.28749,1.00,2.70
2017.12.08 16:10:18.815,1.28745,1.28753,1.00,1.95
2017.12.08 16:10:18.918,1.28743,1.28753,1.57,1.50
2017.12.08 16:10:19.458,1.28743,1.28754,1.50,3.00
2017.12.08 16:10:20.009,1.28743,1.28752,1.50,1.00
2017.12.08 16:10:20.534,1.28743,1.28751,1.50,1.00
2017.12.08 16:10:21.092,1.28743,1.2875,1.50,1.00
2017.12.08 16:10:21.699,1.28743,1.28749,1.00,1.00
2017.12.08 16:10:22.272,1.28742,1.2875,1.10,1.00
2017.12.08 16:10:23.043,1.28742,1.28752,1.10,1.50
2017.12.08 16:10:23.578,1.28742,1.28753,1.00,2.25
2017.12.08 16:10:23.732,1.28744,1.28753,1.00,1.50
2017.12.08 16:10:24.244,1.28744,1.28754,5.25,1.12
2017.12.08 16:10:24.849,1.28744,1.28753,5.25,1.00
2017.12.08 16:10:25.445,1.28747,1.28753,1.00,1.00
2017.12.08 16:10:25.980,1.28747,1.28754,1.00,1.00
2017.12.08 16:10:26.294,1.28745,1.28752,1.37,1.50
2017.12.08 16:10:26.346,1.28744,1.28752,1.50,1.00
2017.12.08 16:10:26.450,1.28743,1.2875,1.00,1.50
2017.12.08 16:10:26.758,1.28741,1.2875,1.87,2.25
2017.12.08 16:10:28.852,1.28741,1.28751,2.25,2.25
2017.12.08 16:10:29.241,1.28743,1.2875,1.00,1.00
2017.12.08 16:10:29.469,1.28743,1.28752,1.00,1.50
2017.12.08 16:10:29.522,1.28745,1.28752,1.00,1.00
2017.12.08 16:10:30.037,1.28743,1.28751,1.50,1.50
2017.12.08 16:10:30.262,1.2874,1.28748,4.50,1.00
2017.12.08 16:10:30.628,1.28742,1.2875,1.00,1.00
2017.12.08 16:10:31.222,1.28742,1.28751,1.00,2.25
2017.12.08 16:10:31.969,1.28741,1.28749,1.00,1.50
2017.12.08 16:10:32.441,1.28742,1.28751,1.00,4.50
2017.12.08 16:10:32.968,1.28741,1.28751,1.00,1.50
2017.12.08 16:10:35.179,1.28741,1.2875,1.00,1.00
2017.12.08 16:10:35.705,1.28741,1.28751,2.25,1.00
2017.12.08 16:10:36.112,1.28743,1.28751,1.00,1.00
2017.12.08 16:10:36.694,1.28742,1.28751,1.00,1.50
2017.12.08 16:10:37.029,1.28745,1.28752,1.00,1.00
2017.12.08 16:10:37.234,1.28746,1.28755,1.50,1.50
2017.12.08 16:10:37.286,1.28748,1.28755,1.00,1.00
2017.12.08 16:10:37.440,1.28746,1.28754,1.50,1.00
2017.12.08 16:10:38.096,1.28747,1.28755,1.00,1.00
2017.12.08 16:10:38.302,1.28749,1.28758,2.25,1.10
2017.12.08 16:10:38.406,1.28751,1.28759,1.00,1.00
2017.12.08 16:10:38.968,1.28751,1.2876,1.00,1.00
2017.12.08 16:10:39.291,1.28753,1.28761,2.55,1.00
2017.12.08 16:10:39.603,1.2876,1.28767,1.00,1.00
2017.12.08 16:10:40.021,1.28758,1.28762,2.25,1.50
2017.12.08 16:10:40.793,1.28753,1.28762,1.00,1.50
2017.12.08 16:10:41.001,1.28754,1.28764,1.72,1.00
2017.12.08 16:10:41.224,1.28756,1.28766,1.50,3.00
2017.12.08 16:10:41.803,1.28756,1.28765,1.50,1.50
2017.12.08 16:10:42.316,1.28756,1.28766,1.50,1.50
2017.12.08 16:10:42.730,1.28759,1.28769,1.50,2.70
2017.12.08 16:10:43.636,1.28759,1.28769,1.50,2.25
2017.12.08 16:10:44.150,1.28759,1.2877,2.25,2.32
2017.12.08 16:10:44.786,1.28761,1.2877,1.00,2.32
2017.12.08 16:10:45.101,1.28761,1.28768,1.00,1.00
2017.12.08 16:10:45.254,1.28761,1.2877,1.00,3.45
2017.12.08 16:10:45.805,1.28761,1.28769,1.00,1.00
2017.12.08 16:10:46.330,1.28761,1.2877,1.50,3.00
2017.12.08 16:10:47.008,1.28761,1.28771,1.50,3.45
2017.12.08 16:10:47.561,1.28761,1.2877,3.00,1.00
2017.12.08 16:10:48.075,1.28761,1.28771,3.00,3.75
2017.12.08 16:10:48.586,1.28761,1.2877,3.00,1.00
2017.12.08 16:10:49.127,1.28761,1.28771,3.75,2.25
2017.12.08 16:10:51.823,1.28766,1.28773,4.50,1.12
2017.12.08 16:10:52.343,1.28766,1.28773,2.62,3.37
2017.12.08 16:10:52.964,1.28766,1.28774,2.25,3.37
2017.12.08 16:10:53.478,1.28766,1.28773,2.25,3.82
2017.12.08 16:10:53.581,1.28762,1.28771,2.25,1.00
2017.12.08 16:10:54.099,1.28762,1.28771,1.50,1.50
2017.12.08 16:10:54.609,1.28762,1.28769,1.50,1.00
2017.12.08 16:10:55.138,1.28762,1.2877,1.00,1.00
2017.12.08 16:10:55.446,1.28757,1.28767,4.95,3.00
2017.12.08 16:10:55.500,1.28757,1.28765,4.50,1.00
2017.12.08 16:10:56.022,1.28757,1.28766,4.50,1.50
2017.12.08 16:10:56.230,1.2876,1.2877,1.00,1.50
2017.12.08 16:10:56.490,1.28763,1.2877,3.75,2.25
2017.12.08 16:10:56.797,1.28761,1.2877,1.00,1.50
2017.12.08 16:10:57.490,1.28762,1.2877,1.00,1.50
2017.12.08 16:10:57.543,1.28773,1.28777,1.50,2.62
2017.12.08 16:10:57.597,1.28776,1.2878,1.00,1.00
2017.12.08 16:10:57.649,1.28774,1.28781,1.95,1.00
2017.12.08 16:10:57.702,1.28774,1.28783,1.87,1.50
2017.12.08 16:10:58.063,1.28771,1.28777,3.30,1.00
2017.12.08 16:10:58.114,1.2877,1.28777,1.12,1.00
2017.12.08 16:10:58.632,1.28768,1.28778,4.50,1.00
2017.12.08 16:10:59.197,1.28768,1.28777,3.75,1.00
2017.12.08 16:10:59.745,1.28769,1.28776,1.12,1.00
2017.12.08 16:11:00.028,1.28768,1.28778,3.75,3.75
2017.12.08 16:11:00.389,1.28767,1.28777,1.00,1.00
2017.12.08 16:11:00.441,1.28764,1.2877,1.00,1.00
2017.12.08 16:11:00.850,1.2876,1.2877,1.00,1.50
2017.12.08 16:11:01.336,1.2876,1.28768,1.00,1.00
2017.12.08 16:11:01.658,1.2876,1.2877,1.00,2.25
2017.12.08 16:11:02.437,1.28766,1.28774,1.35,1.95
2017.12.08 16:11:02.541,1.28767,1.28777,2.25,1.50
2017.12.08 16:11:02.748,1.28767,1.28775,1.87,1.00
2017.12.08 16:11:03.279,1.28768,1.28775,1.00,1.00
2017.12.08 16:11:03.786,1.28769,1.28776,1.00,1.00
2017.12.08 16:11:04.101,1.28771,1.28776,1.00,1.00
2017.12.08 16:11:04.664,1.2877,1.28776,1.00,1.00
2017.12.08 16:11:05.221,1.28769,1.28776,3.00,1.00
2017.12.08 16:11:08.471,1.28778,1.28782,1.00,1.00
2017.12.08 16:11:08.524,1.28782,1.28788,1.50,2.62
2017.12.08 16:11:08.575,1.2878,1.28788,1.10,2.62
2017.12.08 16:11:09.087,1.28778,1.28787,1.95,1.00
2017.12.08 16:11:09.876,1.28779,1.28789,1.10,1.50
2017.12.08 16:11:10.032,1.28779,1.28787,1.20,1.00
2017.12.08 16:11:10.084,1.28779,1.28789,1.95,2.25
2017.12.08 16:11:10.600,1.28779,1.28789,2.32,1.50
2017.12.08 16:11:11.643,1.28779,1.2879,4.95,1.50
2017.12.08 16:11:12.195,1.28779,1.2879,4.57,1.00
2017.12.08 16:11:13.992,1.2878,1.2879,2.32,1.00
2017.12.08 16:11:14.736,1.28782,1.28791,1.50,1.50
2017.12.08 16:11:15.381,1.28781,1.28791,1.10,3.00
2017.12.08 16:11:15.692,1.28784,1.28792,1.00,1.00
2017.12.08 16:11:16.104,1.28781,1.28791,1.00,1.00
2017.12.08 16:11:16.623,1.2878,1.28791,5.70,2.25
2017.12.08 16:11:17.351,1.2878,1.28788,2.62,1.00
2017.12.08 16:11:17.690,1.28781,1.2879,1.00,1.00
2017.12.08 16:11:18.331,1.28782,1.2879,1.00,1.00
2017.12.08 16:11:18.383,1.28782,1.28792,1.00,1.00
2017.12.08 16:11:18.970,1.28783,1.28791,1.00,1.00
2017.12.08 16:11:19.729,1.28782,1.28791,3.75,1.00
2017.12.08 16:11:19.782,1.28782,1.28793,4.01,1.50
2017.12.08 16:11:19.834,1.28785,1.28793,1.00,2.25
2017.12.08 16:11:20.426,1.28784,1.28793,1.00,1.50
2017.12.08 16:11:20.849,1.28785,1.28791,1.00,1.00
2017.12.08 16:11:20.952,1.28783,1.28791,1.00,1.50
2017.12.08 16:11:21.559,1.28782,1.28791,2.25,1.00
2017.12.08 16:11:21.892,1.28782,1.28793,1.50,1.50
2017.12.08 16:11:22.463,1.28783,1.28793,1.00,2.25
2017.12.08 16:11:22.978,1.28782,1.28793,3.00,2.25
2017.12.08 16:11:23.379,1.28782,1.28791,1.50,1.00
2017.12.08 16:11:24.269,1.28783,1.28791,1.00,1.00
2017.12.08 16:11:25.236,1.28782,1.28791,2.25,1.00
2017.12.08 16:11:27.758,1.28781,1.28791,1.87,2.32
2017.12.08 16:11:28.071,1.28779,1.28786,1.87,1.00
2017.12.08 16:11:28.600,1.28779,1.28787,2.47,1.00
2017.12.08 16:11:28.754,1.28781,1.28789,1.12,1.00
2017.12.08 16:11:30.213,1.2878,1.28787,1.00,1.00
2017.12.08 16:11:30.317,1.28778,1.28787,1.12,1.00
2017.12.08 16:11:30.829,1.28778,1.28786,1.00,1.00
2017.12.08 16:11:31.370,1.28777,1.28786,1.12,1.00
2017.12.08 16:11:31.899,1.28777,1.28785,1.12,1.00
2017.12.08 16:11:32.427,1.28776,1.28784,3.37,1.50
2017.12.08 16:11:36.736,1.28777,1.28785,1.50,1.00
2017.12.08 16:11:37.975,1.28777,1.28785,3.00,1.00
2017.12.08 16:11:38.509,1.28777,1.28785,1.12,1.50
2017.12.08 16:11:39.030,1.28777,1.28784,1.00,1.00
2017.12.08 16:11:39.429,1.28775,1.28785,1.00,2.25
2017.12.08 16:11:39.947,1.28775,1.28784,1.00,1.00
2017.12.08 16:11:40.152,1.28772,1.28781,2.70,1.50
2017.12.08 16:11:40.699,1.28773,1.28781,1.00,1.00
2017.12.08 16:11:41.532,1.28772,1.28781,2.62,1.50
2017.12.08 16:11:42.139,1.28771,1.28779,1.00,1.00
2017.12.08 16:11:42.243,1.28768,1.28777,2.25,1.00
2017.12.08 16:11:43.703,1.28768,1.28776,1.00,1.50
2017.12.08 16:11:43.857,1.28768,1.28779,3.75,3.75
2017.12.08 16:11:44.360,1.28768,1.28778,3.00,1.00
2017.12.08 16:11:45.053,1.28769,1.28779,1.50,1.50
2017.12.08 16:11:45.577,1.28769,1.2878,1.00,3.60
2017.12.08 16:11:45.628,1.28769,1.28778,1.00,2.25
2017.12.08 16:11:46.366,1.28773,1.28779,1.00,1.00
2017.12.08 16:11:46.419,1.28774,1.28781,1.00,1.00
2017.12.08 16:11:46.470,1.28774,1.28784,1.12,1.57
2017.12.08 16:11:46.522,1.28774,1.28782,1.12,1.00
2017.12.08 16:11:46.941,1.28774,1.28784,1.12,1.50
2017.12.08 16:11:49.266,1.28777,1.28784,1.00,1.00
2017.12.08 16:11:50.412,1.28777,1.28785,1.00,1.00
2017.12.08 16:11:52.507,1.28777,1.28787,1.00,2.25
2017.12.08 16:11:52.559,1.28779,1.28787,1.00,1.50
2017.12.08 16:11:52.867,1.28781,1.28788,1.00,1.50
2017.12.08 16:11:53.412,1.2878,1.28789,1.50,2.25
2017.12.08 16:11:53.727,1.28783,1.28788,1.00,1.00
2017.12.08 16:11:53.898,1.28781,1.28789,1.12,2.25
2017.12.08 16:11:54.070,1.28781,1.28791,2.25,1.50
2017.12.08 16:11:54.616,1.2878,1.28791,3.00,3.75
2017.12.08 16:11:55.223,1.28782,1.2879,1.50,1.00
2017.12.08 16:11:55.759,1.28783,1.28791,1.12,3.00
2017.12.08 16:11:56.291,1.28781,1.28791,1.50,1.00
2017.12.08 16:11:56.803,1.28781,1.2879,1.50,1.50
2017.12.08 16:11:56.855,1.28781,1.28792,1.50,3.82
2017.12.08 16:11:57.383,1.28783,1.28791,1.00,1.50
2017.12.08 16:11:57.925,1.28782,1.28791,1.12,1.50
2017.12.08 16:11:57.977,1.28784,1.2879,1.00,1.00
2017.12.08 16:11:58.233,1.28782,1.2879,1.12,1.50
2017.12.08 16:11:58.926,1.28782,1.28791,1.12,1.00
2017.12.08 16:11:58.979,1.28782,1.28788,1.12,1.00
2017.12.08 16:11:59.769,1.28782,1.28791,1.12,1.00
2017.12.08 16:12:00.775,1.28782,1.2879,1.12,1.00
2017.12.08 16:12:01.762,1.28782,1.28791,1.12,1.50
2017.12.08 16:12:02.345,1.28782,1.2879,1.12,1.00
2017.12.08 16:12:02.870,1.28782,1.28791,1.12,3.75
2017.12.08 16:12:03.378,1.28781,1.28789,1.50,1.50
2017.12.08 16:12:04.155,1.28781,1.2879,1.00,3.07
2017.12.08 16:12:04.576,1.28781,1.28785,1.00,1.00
2017.12.08 16:12:04.629,1.28776,1.28785,2.62,2.25
2017.12.08 16:12:05.217,1.28776,1.28786,1.87,2.25
2017.12.08 16:12:05.939,1.28776,1.28785,1.87,1.50
2017.12.08 16:12:18.181,1.28774,1.28784,1.20,1.50
2017.12.08 16:12:18.233,1.28773,1.28782,2.70,1.00
2017.12.08 16:12:19.672,1.28774,1.28783,1.12,1.00
2017.12.08 16:12:21.204,1.28773,1.28784,2.25,1.50
2017.12.08 16:12:22.363,1.28775,1.28784,1.12,1.00
2017.12.08 16:12:22.922,1.28775,1.28785,1.87,1.00
2017.12.08 16:12:23.897,1.28776,1.28785,1.00,1.00
2017.12.08 16:12:24.758,1.28776,1.28784,1.00,1.00
2017.12.08 16:12:25.290,1.28776,1.28785,1.00,3.00
2017.12.08 16:12:25.445,1.28774,1.28785,1.50,3.00
2017.12.08 16:12:25.956,1.28774,1.28784,1.50,1.00
2017.12.08 16:12:26.319,1.28773,1.28782,1.50,1.50
2017.12.08 16:12:26.631,1.28771,1.2878,1.50,1.00
2017.12.08 16:12:26.987,1.2877,1.28777,1.00,1.00
2017.12.08 16:12:27.565,1.2877,1.28779,1.00,3.00
2017.12.08 16:12:28.110,1.2877,1.28777,1.00,1.00
2017.12.08 16:12:28.648,1.2877,1.28778,1.00,1.50
2017.12.08 16:12:29.327,1.2877,1.28777,1.00,1.00
2017.12.08 16:12:30.102,1.2877,1.28778,1.00,1.00
2017.12.08 16:12:30.256,1.28768,1.28777,1.87,1.00
2017.12.08 16:12:30.462,1.28769,1.28779,1.00,3.37
2017.12.08 16:12:30.999,1.28768,1.28778,1.00,1.00
2017.12.08 16:12:31.462,1.28768,1.28776,1.50,1.00
2017.12.08 16:12:32.221,1.28768,1.28777,1.00,1.00
2017.12.08 16:12:32.607,1.2877,1.28777,1.00,1.00
2017.12.08 16:12:32.760,1.28769,1.28779,1.00,2.25
2017.12.08 16:12:33.491,1.28769,1.28779,2.25,1.00
2017.12.08 16:12:34.453,1.2877,1.2878,1.12,1.50
2017.12.08 16:12:34.506,1.28774,1.2878,1.00,1.00
2017.12.08 16:12:34.558,1.28774,1.28783,1.12,1.00
2017.12.08 16:12:34.712,1.28772,1.28781,2.25,1.00
2017.12.08 16:12:35.381,1.28772,1.28783,4.35,1.50
2017.12.08 16:12:35.837,1.28776,1.28784,1.00,1.00
2017.12.08 16:12:36.165,1.28778,1.28786,1.00,3.75
2017.12.08 16:12:37.197,1.28778,1.28785,1.00,1.00
2017.12.08 16:12:37.799,1.28778,1.28786,1.00,3.75
2017.12.08 16:12:37.850,1.28774,1.28783,2.62,1.50
2017.12.08 16:12:38.328,1.28777,1.28783,1.00,1.00
2017.12.08 16:12:39.554,1.28774,1.28783,1.50,1.00
2017.12.08 16:12:40.086,1.28776,1.28783,1.00,1.00
2017.12.08 16:12:40.610,1.28775,1.28783,1.00,1.50
2017.12.08 16:12:41.269,1.28779,1.28783,1.00,1.00
2017.12.08 16:12:41.321,1.28778,1.28786,1.00,1.50
2017.12.08 16:12:41.423,1.28781,1.28786,1.00,1.00
2017.12.08 16:12:41.527,1.28782,1.28788,1.00,1.50
2017.12.08 16:12:42.108,1.28782,1.28787,1.00,1.00
2017.12.08 16:12:42.763,1.28782,1.28788,1.00,4.50
2017.12.08 16:12:43.288,1.28782,1.28787,1.00,1.50
2017.12.08 16:12:44.185,1.28782,1.28788,1.00,3.75
2017.12.08 16:12:47.011,1.28782,1.28787,1.00,1.00
2017.12.08 16:12:47.781,1.28781,1.28787,1.00,1.50
2017.12.08 16:12:48.302,1.28779,1.28786,1.00,1.00
2017.12.08 16:12:48.847,1.28779,1.28785,1.00,1.00
2017.12.08 16:12:49.389,1.28778,1.28785,1.00,1.00
2017.12.08 16:12:49.818,1.2878,1.28786,1.00,1.00
2017.12.08 16:12:50.367,1.2878,1.28787,1.00,2.25
2017.12.08 16:12:51.275,1.2878,1.28786,1.00,1.00
2017.12.08 16:12:51.879,1.2878,1.28787,1.00,2.25
2017.12.08 16:12:53.689,1.2878,1.28786,1.00,1.00
2017.12.08 16:12:54.223,1.2878,1.28787,1.00,1.00
2017.12.08 16:13:03.428,1.28782,1.28789,1.00,1.00
2017.12.08 16:13:03.734,1.28785,1.28791,1.00,1.00
2017.12.08 16:13:04.249,1.28784,1.2879,1.00,1.50
2017.12.08 16:13:04.796,1.28785,1.28791,1.00,3.00
2017.12.08 16:13:05.140,1.28783,1.28791,1.50,1.50
2017.12.08 16:13:05.243,1.28781,1.28789,3.00,1.00
2017.12.08 16:13:05.785,1.28781,1.28789,1.45,1.00
2017.12.08 16:13:07.219,1.28781,1.28787,1.20,1.00
2017.12.08 16:13:07.528,1.2878,1.28785,1.00,1.50
2017.12.08 16:13:08.543,1.28777,1.28784,1.95,1.00
2017.12.08 16:13:08.646,1.28777,1.28781,1.00,1.00
2017.12.08 16:13:09.181,1.28774,1.28781,3.45,1.00
2017.12.08 16:13:09.543,1.28774,1.28779,1.20,1.00
2017.12.08 16:13:09.867,1.28774,1.28781,1.00,1.00
2017.12.08 16:13:10.267,1.28774,1.28779,1.00,1.00
2017.12.08 16:13:10.318,1.28774,1.28781,1.00,1.00
2017.12.08 16:13:14.625,1.28774,1.2878,1.00,1.00
2017.12.08 16:13:15.192,1.28774,1.28779,1.00,1.00
2017.12.08 16:13:16.208,1.28773,1.28778,1.00,1.00
2017.12.08 16:13:17.192,1.28773,1.2878,3.37,1.00
2017.12.08 16:13:17.726,1.28774,1.2878,1.00,1.00
2017.12.08 16:13:18.299,1.28773,1.2878,3.37,1.00
2017.12.08 16:13:18.886,1.28773,1.28781,2.62,1.00
2017.12.08 16:13:19.545,1.28774,1.28781,1.00,1.00
2017.12.08 16:13:19.757,1.28773,1.28779,1.87,1.00
2017.12.08 16:13:20.290,1.28774,1.28782,3.00,1.00
2017.12.08 16:13:20.812,1.28774,1.28783,3.00,1.50
2017.12.08 16:13:22.165,1.28776,1.28782,1.12,1.00
2017.12.08 16:13:22.749,1.28776,1.28783,1.75,1.50
2017.12.08 16:13:25.069,1.28775,1.28783,4.57,1.00
2017.12.08 16:13:25.816,1.28776,1.28784,1.20,1.50
2017.12.08 16:13:41.261,1.28774,1.28784,1.95,1.00
2017.12.08 16:13:41.563,1.28774,1.28782,2.32,1.00
2017.12.08 16:13:42.090,1.28774,1.28783,1.57,1.00
2017.12.08 16:13:42.755,1.28774,1.28783,3.07,1.00
2017.12.08 16:13:43.810,1.28774,1.28783,2.32,1.00
2017.12.08 16:13:44.474,1.28774,1.28783,2.70,1.00
2017.12.08 16:13:45.383,1.28773,1.2878,2.70,1.00
2017.12.08 16:13:46.029,1.28773,1.2878,3.07,1.00
2017.12.08 16:13:46.546,1.28774,1.2878,1.00,1.00
2017.12.08 16:13:47.077,1.28773,1.2878,2.32,1.00
2017.12.08 16:13:47.669,1.28774,1.2878,1.00,1.00
2017.12.08 16:13:48.250,1.28773,1.2878,2.32,1.00
2017.12.08 16:13:48.751,1.28773,1.28782,3.07,1.50
2017.12.08 16:13:49.366,1.28775,1.28782,1.10,1.50
2017.12.08 16:13:49.964,1.28775,1.28783,1.00,1.00
2017.12.08 16:13:51.719,1.28776,1.28784,1.50,1.00
2017.12.08 16:13:51.996,1.28779,1.28787,1.00,1.00
2017.12.08 16:13:52.512,1.2878,1.28787,1.00,1.00
2017.12.08 16:13:53.126,1.28779,1.28787,1.20,1.00
2017.12.08 16:13:55.141,1.28779,1.28788,1.45,1.00
2017.12.08 16:13:57.690,1.28778,1.28786,2.32,1.00
2017.12.08 16:13:58.238,1.28779,1.28787,1.00,1.00
2017.12.08 16:13:59.885,1.28778,1.28784,1.45,1.00
2017.12.08 16:14:00.040,1.28772,1.28779,2.25,1.00
2017.12.08 16:14:00.092,1.28772,1.28783,3.75,1.50
2017.12.08 16:14:00.612,1.28774,1.28784,1.87,1.00
2017.12.08 16:14:01.522,1.28774,1.28785,2.62,2.32
2017.12.08 16:14:02.068,1.28775,1.28786,1.50,3.75
2017.12.08 16:14:03.105,1.28776,1.28786,1.00,1.50
2017.12.08 16:14:03.976,1.28775,1.28786,1.87,1.50
2017.12.08 16:14:05.967,1.28777,1.28786,1.00,1.50
2017.12.08 16:14:07.059,1.28778,1.28787,1.00,2.25
2017.12.08 16:14:07.568,1.28778,1.28786,1.00,1.00
2017.12.08 16:14:08.180,1.28778,1.28787,1.00,3.75
2017.12.08 16:14:08.700,1.28777,1.28786,1.50,1.00
2017.12.08 16:14:11.216,1.28776,1.28785,1.00,1.00
2017.12.08 16:14:11.575,1.28775,1.28783,1.00,1.00
2017.12.08 16:14:11.678,1.28776,1.28785,1.00,1.00
2017.12.08 16:14:14.977,1.28776,1.28784,1.00,1.50
2017.12.08 16:14:15.131,1.28774,1.28783,1.12,1.00
2017.12.08 16:14:15.669,1.28773,1.28783,2.62,1.00
2017.12.08 16:14:16.121,1.28773,1.28781,1.50,1.00
2017.12.08 16:14:16.628,1.28773,1.28782,2.25,1.00
2017.12.08 16:14:17.172,1.28774,1.28782,1.00,1.50
2017.12.08 16:14:17.738,1.28773,1.28782,2.25,1.50
2017.12.08 16:14:18.085,1.28773,1.28784,4.50,3.07
2017.12.08 16:14:18.859,1.28774,1.28783,1.12,1.00
2017.12.08 16:14:22.874,1.28775,1.28784,1.00,1.10
2017.12.08 16:14:24.457,1.28775,1.28782,1.00,1.00
2017.12.08 16:14:25.222,1.28774,1.28782,1.00,1.00
2017.12.08 16:14:25.825,1.28773,1.28781,1.87,1.00
2017.12.08 16:14:26.280,1.28774,1.28784,1.50,1.95
2017.12.08 16:14:26.384,1.28774,1.28781,1.50,1.00
2017.12.08 16:14:26.982,1.28774,1.28782,1.50,1.00
2017.12.08 16:14:27.496,1.28773,1.28782,4.12,1.00
2017.12.08 16:14:28.256,1.28774,1.28782,1.00,1.00
2017.12.08 16:14:28.824,1.28773,1.28782,4.12,1.00
2017.12.08 16:14:29.331,1.28774,1.28782,1.00,1.00
2017.12.08 16:14:30.016,1.28773,1.28782,4.12,1.00
2017.12.08 16:14:30.523,1.28773,1.28781,1.00,1.00
2017.12.08 16:14:31.042,1.28772,1.2878,1.87,1.50
2017.12.08 16:14:31.623,1.28773,1.2878,1.00,1.50
2017.12.08 16:14:34.299,1.28772,1.2878,1.87,1.50
2017.12.08 16:14:34.660,1.28773,1.28781,1.50,1.00
2017.12.08 16:14:35.176,1.28774,1.28782,2.62,1.00
2017.12.08 16:14:35.381,1.28774,1.28784,1.87,1.10
2017.12.08 16:14:36.320,1.28774,1.28783,2.62,1.00
2017.12.08 16:14:36.925,1.28774,1.28784,2.62,1.50
2017.12.08 16:14:40.237,1.28776,1.28785,1.00,1.57
2017.12.08 16:14:41.153,1.28776,1.28784,1.00,1.10
2017.12.08 16:14:41.478,1.28773,1.28783,1.50,2.32
2017.12.08 16:14:43.101,1.28774,1.28784,2.62,1.57
2017.12.08 16:14:44.447,1.28775,1.28784,1.00,1.10
2017.12.08 16:14:44.687,1.28777,1.28785,1.00,1.50
2017.12.08 16:14:44.939,1.28775,1.28784,1.12,1.00
2017.12.08 16:14:45.712,1.28775,1.28785,2.62,1.50
2017.12.08 16:14:46.223,1.28776,1.28786,1.00,3.07
2017.12.08 16:14:47.470,1.28776,1.28785,1.00,1.00
2017.12.08 16:14:47.733,1.28776,1.28783,1.00,1.00
2017.12.08 16:14:47.904,1.28776,1.28785,1.00,2.25
2017.12.08 16:14:48.459,1.28776,1.28784,1.00,1.00
2017.12.08 16:14:49.096,1.28777,1.28784,1.00,1.00
2017.12.08 16:14:52.257,1.28777,1.28786,1.00,1.95
2017.12.08 16:14:54.187,1.28775,1.28784,1.87,1.00
2017.12.08 16:14:55.656,1.28775,1.28785,2.25,3.00
2017.12.08 16:14:56.178,1.28775,1.28784,1.00,1.00
2017.12.08 16:14:59.264,1.28775,1.28785,1.00,2.32
2017.12.08 16:15:00.737,1.28775,1.28783,1.00,1.00
2017.12.08 16:15:01.096,1.28774,1.28781,1.50,1.00
2017.12.08 16:15:01.398,1.28771,1.28779,1.50,1.00
2017.12.08 16:15:01.954,1.28772,1.28779,1.00,1.00
2017.12.08 16:15:02.471,1.28771,1.2878,1.50,2.32
2017.12.08 16:15:02.626,1.28773,1.2878,1.00,1.50
2017.12.08 16:15:03.644,1.28772,1.2878,1.50,1.00
2017.12.08 16:15:04.181,1.28773,1.2878,1.00,1.00
2017.12.08 16:15:04.380,1.28774,1.28783,2.25,1.00
2017.12.08 16:15:05.323,1.28775,1.28785,1.00,1.50
2017.12.08 16:15:05.631,1.28774,1.28782,1.50,1.00
2017.12.08 16:15:06.375,1.28773,1.28781,1.50,1.00
2017.12.08 16:15:07.471,1.28774,1.28781,1.00,1.00
2017.12.08 16:15:08.024,1.28773,1.28781,3.00,1.00
2017.12.08 16:15:08.684,1.28774,1.28782,1.00,1.00
2017.12.08 16:15:09.341,1.28773,1.28782,3.00,1.00
2017.12.08 16:15:09.688,1.28775,1.28783,1.00,1.00
2017.12.08 16:15:10.403,1.28775,1.28782,1.00,1.00
2017.12.08 16:15:10.915,1.28774,1.28783,2.25,1.00
2017.12.08 16:15:11.447,1.28775,1.28784,1.00,1.50
2017.12.08 16:15:11.754,1.28773,1.28781,1.00,1.00
2017.12.08 16:15:12.030,1.28773,1.28783,1.00,1.57
2017.12.08 16:15:12.134,1.28773,1.28781,1.00,1.00
2017.12.08 16:15:13.864,1.28775,1.28781,1.00,1.00
2017.12.08 16:15:13.916,1.28775,1.28784,1.00,1.00
2017.12.08 16:15:20.089,1.28773,1.28781,1.50,1.50
2017.12.08 16:15:20.141,1.28769,1.28778,1.00,1.50
2017.12.08 16:15:20.193,1.28767,1.28777,1.10,1.50
2017.12.08 16:15:20.349,1.28767,1.28775,1.00,1.00
2017.12.08 16:15:20.856,1.28767,1.28774,1.00,1.00
2017.12.08 16:15:21.374,1.28767,1.28775,1.00,1.00
2017.12.08 16:15:22.923,1.28767,1.28773,1.00,1.00
2017.12.08 16:15:23.129,1.28765,1.28773,1.00,1.00
2017.12.08 16:15:23.663,1.28764,1.28773,2.25,1.00
2017.12.08 16:15:26.515,1.28761,1.2877,1.00,1.12
2017.12.08 16:15:26.620,1.28759,1.28769,2.25,1.12
2017.12.08 16:15:27.290,1.28755,1.28766,3.26,1.12
2017.12.08 16:15:27.548,1.28752,1.28761,2.25,1.00
2017.12.08 16:15:28.095,1.28753,1.28761,1.00,1.00
2017.12.08 16:15:28.635,1.28752,1.28761,2.25,1.00
2017.12.08 16:15:29.208,1.28753,1.28761,1.00,1.00
2017.12.08 16:15:30.292,1.28752,1.28761,2.44,1.00
2017.12.08 16:15:30.868,1.28753,1.28761,1.00,1.00
2017.12.08 16:15:31.495,1.28752,1.28761,2.44,1.00
2017.12.08 16:15:32.378,1.28751,1.2876,1.50,1.00
2017.12.08 16:15:32.906,1.2875,1.28759,1.00,1.00
2017.12.08 16:15:32.958,1.28746,1.28757,3.75,2.25
2017.12.08 16:15:33.010,1.28746,1.28753,1.50,1.00
2017.12.08 16:15:33.062,1.28743,1.28751,4.12,1.00
2017.12.08 16:15:33.692,1.28743,1.2875,1.00,1.00
2017.12.08 16:15:35.845,1.28739,1.28748,1.00,1.57
2017.12.08 16:15:36.000,1.28741,1.2875,1.00,1.45
2017.12.08 16:15:36.052,1.28737,1.28747,1.00,1.00
2017.12.08 16:15:36.310,1.28737,1.28744,1.00,1.00
2017.12.08 16:15:36.975,1.28736,1.28744,1.00,1.00
2017.12.08 16:15:37.669,1.28735,1.28744,1.00,1.00
2017.12.08 16:15:39.403,1.28733,1.28742,1.50,1.00
2017.12.08 16:15:39.922,1.28733,1.28741,1.00,1.00
2017.12.08 16:15:40.231,1.28732,1.28739,1.00,1.00
2017.12.08 16:15:40.335,1.2873,1.28739,2.25,1.00
2017.12.08 16:15:41.824,1.28729,1.28739,2.44,1.00
2017.12.08 16:15:41.928,1.28732,1.28742,2.25,1.45
2017.12.08 16:15:42.241,1.28734,1.28742,1.00,1.00
2017.12.08 16:15:42.889,1.28731,1.28739,1.69,1.00
2017.12.08 16:15:43.391,1.2873,1.28739,3.94,1.00
2017.12.08 16:15:43.895,1.28731,1.28739,1.00,1.00
2017.12.08 16:15:44.436,1.2873,1.28739,1.50,1.00
2017.12.08 16:15:45.320,1.28728,1.28738,3.37,1.00
2017.12.08 16:15:45.372,1.28728,1.28736,2.25,1.00
2017.12.08 16:15:46.308,1.28727,1.28736,1.50,1.00
2017.12.08 16:15:46.846,1.28727,1.28735,1.00,1.00
2017.12.08 16:15:47.841,1.28727,1.28737,1.00,1.00
2017.12.08 16:15:48.660,1.28729,1.28737,1.00,1.00
2017.12.08 16:15:48.826,1.28729,1.28739,2.44,1.00
2017.12.08 16:15:49.254,1.28731,1.28741,2.25,1.95
2017.12.08 16:15:49.563,1.28735,1.28743,1.00,1.00
2017.12.08 16:15:50.096,1.28735,1.28744,1.00,1.50
2017.12.08 16:15:50.604,1.28736,1.28744,1.00,1.00
2017.12.08 16:15:50.932,1.28738,1.28747,1.50,1.00
2017.12.08 16:15:51.189,1.2874,1.28749,1.00,1.00
2017.12.08 16:15:51.448,1.28738,1.28748,1.00,1.50
2017.12.08 16:15:51.552,1.2874,1.2875,1.00,1.00
2017.12.08 16:15:52.080,1.28741,1.28751,1.00,1.87
2017.12.08 16:15:53.554,1.28739,1.2875,1.50,1.00
2017.12.08 16:15:54.297,1.28741,1.2875,1.00,1.00
2017.12.08 16:15:54.841,1.28742,1.28751,1.50,1.00
2017.12.08 16:15:55.499,1.28743,1.28752,1.50,1.50
2017.12.08 16:15:57.499,1.28743,1.28753,1.00,1.50
2017.12.08 16:15:59.421,1.28739,1.28746,1.20,1.00
2017.12.08 16:15:59.473,1.28736,1.28746,1.50,1.00
2017.12.08 16:15:59.730,1.28741,1.2875,1.00,1.95
2017.12.08 16:15:59.894,1.28741,1.28751,2.29,1.00
2017.12.08 16:16:00.444,1.28741,1.28751,2.10,1.00
2017.12.08 16:16:00.496,1.28743,1.28752,1.00,1.00
2017.12.08 16:16:06.481,1.28742,1.28752,1.50,1.00
2017.12.08 16:16:07.832,1.28743,1.28752,1.00,1.00
2017.12.08 16:16:09.572,1.28742,1.28752,2.25,1.00
2017.12.08 16:16:10.100,1.28742,1.28753,2.25,1.00
2017.12.08 16:16:10.692,1.28742,1.28753,3.94,1.00
2017.12.08 16:16:11.195,1.28742,1.28753,2.44,1.00
2017.12.08 16:16:11.551,1.28742,1.2875,1.00,1.50
2017.12.08 16:16:11.885,1.28741,1.28745,1.00,1.00
2017.12.08 16:16:12.791,1.28741,1.28749,1.50,1.00
2017.12.08 16:16:12.895,1.28742,1.28752,1.25,1.50
2017.12.08 16:16:13.414,1.28743,1.28753,1.00,1.50
2017.12.08 16:16:13.703,1.28745,1.28753,1.00,1.00
2017.12.08 16:16:14.254,1.28745,1.28754,1.00,1.00
2017.12.08 16:16:15.353,1.28745,1.28755,1.00,1.95
2017.12.08 16:16:16.462,1.28744,1.28754,1.50,1.00
2017.12.08 16:16:17.158,1.28744,1.28753,1.00,1.00
2017.12.08 16:16:17.469,1.28741,1.28749,1.00,1.00
2017.12.08 16:16:17.777,1.28738,1.28747,1.00,1.00
2017.12.08 16:16:18.352,1.28737,1.28746,1.00,1.00
2017.12.08 16:16:18.864,1.28736,1.28746,1.00,1.57
2017.12.08 16:16:20.032,1.28733,1.28743,1.00,1.00
2017.12.08 16:16:20.340,1.28731,1.28741,1.25,1.50
2017.12.08 16:16:20.689,1.28734,1.28742,1.25,1.00
2017.12.08 16:16:21.151,1.28731,1.28741,1.10,1.50
2017.12.08 16:16:21.758,1.28729,1.28738,1.50,1.50
2017.12.08 16:16:21.914,1.28726,1.28736,1.50,1.00
2017.12.08 16:16:22.068,1.28727,1.28738,1.25,2.25
2017.12.08 16:16:23.522,1.28727,1.28737,1.00,1.00
2017.12.08 16:16:24.040,1.28726,1.28737,2.25,1.00
2017.12.08 16:16:24.092,1.28728,1.28737,1.00,1.00
2017.12.08 16:16:24.805,1.28729,1.28737,1.00,1.00
2017.12.08 16:16:25.481,1.28729,1.28736,1.00,1.00
2017.12.08 16:16:26.020,1.28729,1.28737,1.00,1.00
2017.12.08 16:16:26.604,1.28728,1.28737,1.50,1.00
2017.12.08 16:16:27.115,1.28729,1.28737,1.00,1.50
2017.12.08 16:16:32.039,1.28728,1.28737,1.50,1.12
2017.12.08 16:16:32.627,1.28729,1.28737,1.00,1.12
2017.12.08 16:16:33.161,1.28728,1.28737,1.50,1.12
2017.12.08 16:16:36.140,1.28727,1.28737,1.50,2.25
2017.12.08 16:16:36.685,1.28728,1.28737,1.50,1.20
2017.12.08 16:16:37.501,1.28728,1.28736,1.50,1.00
2017.12.08 16:16:38.028,1.28729,1.28736,1.00,1.00
2017.12.08 16:16:38.541,1.28728,1.28737,1.50,1.57
2017.12.08 16:16:39.209,1.28728,1.28736,1.50,1.00
2017.12.08 16:16:41.267,1.28728,1.28737,1.00,1.50
2017.12.08 16:16:42.201,1.28728,1.28736,1.00,1.00
2017.12.08 16:16:43.334,1.28728,1.28737,1.00,1.50
2017.12.08 16:16:44.190,1.28728,1.28736,1.00,1.00
2017.12.08 16:16:44.705,1.28728,1.28737,1.00,1.50
2017.12.08 16:16:45.243,1.28728,1.28736,1.00,1.00
2017.12.08 16:16:45.852,1.28728,1.28737,1.00,1.50
2017.12.08 16:16:47.264,1.28728,1.28736,1.00,1.00
2017.12.08 16:16:47.369,1.28725,1.28735,1.00,3.75
2017.12.08 16:16:47.421,1.28723,1.28732,1.50,1.35
2017.12.08 16:16:47.525,1.28718,1.28729,2.25,1.35
2017.12.08 16:16:47.577,1.2872,1.28729,1.00,2.92
2017.12.08 16:16:48.101,1.2872,1.2873,1.00,4.42
2017.12.08 16:16:48.948,1.2872,1.28729,1.00,1.00
2017.12.08 16:16:49.460,1.28721,1.28728,1.00,1.00
2017.12.08 16:16:50.026,1.28721,1.28729,1.00,1.00
2017.12.08 16:16:50.577,1.28721,1.28728,1.00,1.00
2017.12.08 16:16:51.159,1.28721,1.28729,1.00,1.00
2017.12.08 16:16:51.821,1.28721,1.28728,1.00,1.00
2017.12.08 16:16:52.451,1.28721,1.28729,1.00,1.00
2017.12.08 16:16:54.057,1.28721,1.2873,1.00,2.25
2017.12.08 16:16:54.389,1.28728,1.28732,1.00,1.00
2017.12.08 16:16:54.962,1.28727,1.28733,1.00,2.25
2017.12.08 16:16:55.168,1.28725,1.28733,1.00,2.25
2017.12.08 16:16:55.605,1.28723,1.28732,1.00,1.50
2017.12.08 16:16:56.165,1.28722,1.28731,1.00,1.87
2017.12.08 16:16:56.217,1.2872,1.2873,1.57,1.50
2017.12.08 16:16:57.180,1.2872,1.28729,1.00,1.50
2017.12.08 16:16:57.761,1.2872,1.2873,1.00,2.70
2017.12.08 16:16:58.424,1.2872,1.28729,1.00,1.50
2017.12.08 16:16:59.154,1.2872,1.2873,1.00,2.70
2017.12.08 16:16:59.752,1.2872,1.28729,1.00,2.25
2017.12.08 16:17:00.266,1.2872,1.28727,1.00,1.50
2017.12.08 16:17:00.318,1.28718,1.28727,1.50,1.50
2017.12.08 16:17:00.750,1.2872,1.28726,1.00,1.00
2017.12.08 16:17:00.853,1.28718,1.28726,1.50,1.00
2017.12.08 16:17:02.324,1.28717,1.28726,1.00,1.00
2017.12.08 16:17:02.384,1.28718,1.28722,1.00,1.00
2017.12.08 16:17:02.487,1.28715,1.28724,1.00,1.12
2017.12.08 16:17:02.591,1.28712,1.28723,1.00,3.07
2017.12.08 16:17:02.643,1.28711,1.2872,1.50,1.50
2017.12.08 16:17:03.244,1.28711,1.28719,1.00,1.00
2017.12.08 16:17:03.754,1.28711,1.2872,1.00,1.57
2017.12.08 16:17:04.257,1.28711,1.28719,1.00,1.00
2017.12.08 16:17:04.994,1.28711,1.2872,1.00,1.57
2017.12.08 16:17:05.533,1.28711,1.28719,1.00,1.00
2017.12.08 16:17:06.186,1.28711,1.2872,1.00,2.32
2017.12.08 16:17:06.780,1.28711,1.28719,1.00,1.00
2017.12.08 16:17:07.332,1.28711,1.2872,1.00,2.32
2017.12.08 16:17:07.840,1.28711,1.2872,1.00,2.70
2017.12.08 16:17:12.094,1.28709,1.28718,1.00,1.00
2017.12.08 16:17:12.299,1.28707,1.28718,1.50,1.50
2017.12.08 16:17:12.824,1.28707,1.28717,1.00,1.00
2017.12.08 16:17:12.974,1.28709,1.28717,1.00,1.00
2017.12.08 16:17:13.553,1.28709,1.28718,1.00,2.25
2017.12.08 16:17:13.811,1.28707,1.28717,1.00,1.00
2017.12.08 16:17:14.047,1.28709,1.28719,1.00,2.25
2017.12.08 16:17:14.579,1.28709,1.28718,1.00,1.50
2017.12.08 16:17:14.872,1.28707,1.28718,1.50,1.12
2017.12.08 16:17:15.328,1.28707,1.28718,1.00,2.62
2017.12.08 16:17:15.382,1.28703,1.28714,1.00,1.50
2017.12.08 16:17:15.910,1.28702,1.28713,2.25,1.00
2017.12.08 16:17:16.447,1.28703,1.28713,1.00,1.50
2017.12.08 16:17:17.120,1.28702,1.28713,2.25,1.00
2017.12.08 16:17:17.666,1.28703,1.28713,1.00,1.50
2017.12.08 16:17:18.030,1.28701,1.28711,1.00,1.50
2017.12.08 16:17:18.549,1.28701,1.2871,1.00,1.00
2017.12.08 16:17:19.072,1.28702,1.28711,1.00,2.25
2017.12.08 16:17:19.659,1.28702,1.28713,2.44,1.12
2017.12.08 16:17:19.711,1.28704,1.28711,1.00,1.00
2017.12.08 16:17:20.121,1.28703,1.28713,1.00,1.12
2017.12.08 16:17:20.504,1.28705,1.28713,1.50,1.12
2017.12.08 16:17:20.558,1.28708,1.28718,3.00,1.50
2017.12.08 16:17:21.070,1.28709,1.28718,1.00,1.50
2017.12.08 16:17:21.581,1.28708,1.28718,1.50,2.25
2017.12.08 16:17:22.114,1.28709,1.28718,1.50,2.25
2017.12.08 16:17:22.641,1.28709,1.28718,1.50,1.50
2017.12.08 16:17:26.040,1.28713,1.28719,2.25,1.00
2017.12.08 16:17:26.183,1.28715,1.28725,1.50,1.12
2017.12.08 16:17:26.688,1.28714,1.28725,1.57,1.00
2017.12.08 16:17:26.894,1.28714,1.28723,2.25,1.00
2017.12.08 16:17:27.595,1.28713,1.28723,1.57,1.50
2017.12.08 16:17:27.905,1.28711,1.2872,1.00,1.00
2017.12.08 16:17:28.293,1.28709,1.2872,2.32,1.50
2017.12.08 16:17:32.036,1.28709,1.2872,3.19,1.00
2017.12.08 16:17:32.343,1.28711,1.28721,1.95,1.50
2017.12.08 16:17:32.858,1.28711,1.28722,2.32,1.00
2017.12.08 16:17:33.800,1.28711,1.28722,2.44,1.00
2017.12.08 16:17:34.211,1.28716,1.28725,1.00,1.57
2017.12.08 16:17:34.570,1.28714,1.28725,1.00,1.00
2017.12.08 16:17:35.254,1.28713,1.28725,1.50,1.10
2017.12.08 16:17:36.761,1.28713,1.28719,1.00,1.00
2017.12.08 16:17:37.565,1.28712,1.28718,1.00,1.00
2017.12.08 16:17:38.084,1.28711,1.28718,2.62,1.00
2017.12.08 16:17:39.981,1.28714,1.28718,1.00,1.00
2017.12.08 16:17:40.034,1.28715,1.2872,1.00,1.00
2017.12.08 16:17:40.087,1.28715,1.28722,1.25,1.00
2017.12.08 16:17:40.463,1.28715,1.28719,1.00,1.00
2017.12.08 16:17:40.515,1.28713,1.28719,1.00,1.00
2017.12.08 16:17:41.573,1.28712,1.28719,3.19,1.00
2017.12.08 16:17:44.536,1.28713,1.28719,1.00,1.00
2017.12.08 16:17:45.206,1.28712,1.28719,2.25,1.00
2017.12.08 16:17:45.815,1.28712,1.2872,3.00,1.00
2017.12.08 16:17:46.465,1.28713,1.2872,1.00,1.00
2017.12.08 16:17:47.136,1.28713,1.28719,1.00,1.00
2017.12.08 16:17:47.985,1.28712,1.28719,1.50,1.00
2017.12.08 16:17:51.637,1.28712,1.28719,2.06,1.00
2017.12.08 16:17:51.689,1.28715,1.2872,1.50,1.00
2017.12.08 16:17:52.099,1.28715,1.28722,1.69,1.00
2017.12.08 16:17:52.696,1.28715,1.28722,1.19,1.00
2017.12.08 16:17:57.658,1.28718,1.28724,1.00,1.00
2017.12.08 16:17:58.268,1.28718,1.28722,1.25,1.00
2017.12.08 16:17:58.877,1.28717,1.28722,1.87,1.00
2017.12.08 16:17:58.928,1.28718,1.28724,1.00,1.00
2017.12.08 16:17:59.468,1.28717,1.28724,1.12,1.00
2017.12.08 16:18:02.687,1.28717,1.28722,1.00,1.00
2017.12.08 16:18:06.955,1.28718,1.28724,1.00,1.00
2017.12.08 16:18:07.559,1.28719,1.28724,1.00,1.00
2017.12.08 16:18:19.194,1.28719,1.28723,1.00,1.00
2017.12.08 16:18:19.767,1.28718,1.28723,1.69,1.00
2017.12.08 16:18:20.304,1.28719,1.28723,1.25,1.00
2017.12.08 16:18:22.613,1.28718,1.28723,1.50,1.00
2017.12.08 16:18:26.166,1.28718,1.28725,3.00,1.00
2017.12.08 16:18:26.770,1.28718,1.28724,2.25,1.00
2017.12.08 16:18:27.283,1.28719,1.28724,1.00,1.00
2017.12.08 16:18:28.854,1.28719,1.28725,1.00,1.00
2017.12.08 16:18:30.180,1.28718,1.28725,1.50,1.00
2017.12.08 16:18:30.578,1.28719,1.28723,1.00,1.00
2017.12.08 16:18:31.081,1.28718,1.28724,2.25,1.00
2017.12.08 16:18:31.640,1.28718,1.28723,2.25,1.00
2017.12.08 16:18:34.340,1.28719,1.28723,1.00,1.00
2017.12.08 16:18:38.822,1.28719,1.28724,1.50,1.00
2017.12.08 16:18:39.458,1.28718,1.28724,1.50,1.00
2017.12.08 16:18:40.410,1.28719,1.28724,1.00,1.00
2017.12.08 16:18:41.561,1.28718,1.28724,1.00,1.00
2017.12.08 16:18:42.080,1.28718,1.28723,1.00,1.00
2017.12.08 16:18:42.612,1.28718,1.28727,1.00,1.00
2017.12.08 16:18:43.832,1.28718,1.28728,1.50,1.12
2017.12.08 16:18:45.157,1.28719,1.2873,1.00,4.57
2017.12.08 16:18:45.780,1.28719,1.28729,1.00,1.12
2017.12.08 16:18:57.602,1.28719,1.28728,1.00,1.00
2017.12.08 16:18:58.205,1.28718,1.28727,1.50,1.00
2017.12.08 16:18:58.414,1.28718,1.28725,1.50,1.00
2017.12.08 16:18:59.306,1.28717,1.28721,1.00,1.00
2017.12.08 16:18:59.359,1.28711,1.28718,1.50,1.00
2017.12.08 16:18:59.412,1.28709,1.28718,1.50,1.50
2017.12.08 16:19:00.005,1.28708,1.28718,1.00,1.00
2017.12.08 16:19:01.203,1.28709,1.28718,1.50,1.50
2017.12.08 16:19:01.873,1.2871,1.28719,1.00,2.25
2017.12.08 16:19:02.412,1.28709,1.28719,1.00,1.50
2017.12.08 16:19:05.174,1.2871,1.28719,1.00,1.00
2017.12.08 16:19:05.520,1.28712,1.2872,1.12,1.00
2017.12.08 16:19:05.572,1.28711,1.28722,4.50,1.50
2017.12.08 16:19:06.173,1.28711,1.2872,3.94,1.00
2017.12.08 16:19:06.655,1.28717,1.28724,1.00,1.00
2017.12.08 16:19:07.160,1.28717,1.28725,1.00,1.00
2017.12.08 16:19:07.369,1.28713,1.28723,1.00,1.00
2017.12.08 16:19:07.988,1.28712,1.28722,1.87,1.00
2017.12.08 16:19:08.535,1.28712,1.28723,3.75,1.00
2017.12.08 16:19:09.061,1.28713,1.28722,1.00,1.00
2017.12.08 16:19:09.713,1.28712,1.28722,2.62,1.00
2017.12.08 16:19:10.231,1.28712,1.28721,1.00,1.00
2017.12.08 16:19:10.776,1.28712,1.28722,1.50,1.00
2017.12.08 16:19:15.961,1.28712,1.28721,1.00,1.50
2017.12.08 16:19:20.159,1.28711,1.28721,1.57,1.50
2017.12.08 16:19:20.920,1.28712,1.2872,1.00,1.00
2017.12.08 16:19:21.465,1.28712,1.28721,1.00,1.50
2017.12.08 16:19:22.311,1.28712,1.2872,1.50,1.00
2017.12.08 16:19:23.652,1.28711,1.28721,2.25,1.50
2017.12.08 16:19:24.161,1.28712,1.2872,1.50,1.00
2017.12.08 16:19:24.763,1.28712,1.28721,1.00,1.00
2017.12.08 16:19:25.281,1.28713,1.28721,1.00,1.50
2017.12.08 16:19:25.824,1.28712,1.28721,1.00,1.00
2017.12.08 16:19:27.271,1.28712,1.2872,1.00,1.00
2017.12.08 16:19:27.856,1.28712,1.28721,1.00,1.00
2017.12.08 16:19:28.433,1.28711,1.28721,3.75,1.00
2017.12.08 16:19:28.692,1.28713,1.28721,1.50,1.00
2017.12.08 16:19:28.746,1.28715,1.28725,2.25,1.12
2017.12.08 16:19:28.798,1.28717,1.28724,1.00,1.00
2017.12.08 16:19:29.041,1.28715,1.28725,1.00,1.12
2017.12.08 16:19:29.679,1.28715,1.28724,1.00,1.00
2017.12.08 16:19:30.407,1.28713,1.28723,1.00,1.00
2017.12.08 16:19:37.929,1.28715,1.28723,2.44,1.00
2017.12.08 16:19:38.175,1.28716,1.28725,2.25,1.00
2017.12.08 16:19:39.791,1.28718,1.28725,1.00,1.00
2017.12.08 16:19:40.200,1.28718,1.28727,1.50,1.00
2017.12.08 16:19:40.721,1.28719,1.28728,1.00,1.50
2017.12.08 16:19:41.532,1.28721,1.2873,1.00,2.25
2017.12.08 16:19:42.333,1.28722,1.2873,1.00,2.25
2017.12.08 16:19:42.867,1.28721,1.28731,1.50,2.25
2017.12.08 16:19:43.421,1.28725,1.28733,1.00,1.10
2017.12.08 16:19:43.657,1.28727,1.28736,1.00,1.00
2017.12.08 16:19:44.190,1.28727,1.28738,1.00,2.32
2017.12.08 16:19:44.590,1.28727,1.28736,1.00,1.00
2017.12.08 16:19:47.037,1.28727,1.28735,1.00,1.00
2017.12.08 16:19:47.546,1.28727,1.28736,1.00,1.50
2017.12.08 16:19:48.081,1.28726,1.28735,1.00,1.50
2017.12.08 16:19:55.181,1.28728,1.28737,1.00,1.50
2017.12.08 16:19:55.751,1.28729,1.28737,1.00,1.00
2017.12.08 16:19:56.411,1.28729,1.28736,1.00,1.00
2017.12.08 16:19:56.904,1.28722,1.28729,1.12,1.50
2017.12.08 16:19:57.008,1.28715,1.28723,1.12,1.50
2017.12.08 16:19:57.060,1.28714,1.28723,1.00,1.95
2017.12.08 16:19:57.654,1.28714,1.2872,1.00,1.00
2017.12.08 16:19:58.166,1.28714,1.28721,1.00,1.00
2017.12.08 16:19:58.692,1.28714,1.2872,1.00,1.00
2017.12.08 16:19:58.926,1.28705,1.28713,1.00,2.70
2017.12.08 16:19:59.183,1.28705,1.28711,1.00,1.45
2017.12.08 16:20:00.015,1.28705,1.28711,1.00,1.45
2017.12.08 16:20:00.161,1.28701,1.28711,3.00,1.45
2017.12.08 16:20:00.672,1.28702,1.28711,1.00,1.95
2017.12.08 16:20:00.724,1.287,1.2871,1.00,1.95
2017.12.08 16:20:00.827,1.28699,1.2871,1.50,3.07
2017.12.08 16:20:01.234,1.28701,1.2871,1.00,2.70
2017.12.08 16:20:01.287,1.28699,1.28709,1.50,1.45
2017.12.08 16:20:01.391,1.28698,1.28706,1.00,1.45
2017.12.08 16:20:01.925,1.28697,1.28707,2.25,2.70
2017.12.08 16:20:02.456,1.28697,1.28707,2.25,2.70
2017.12.08 16:20:03.833,1.28702,1.28709,1.00,2.70
2017.12.08 16:20:03.988,1.28703,1.2871,1.00,1.45
2017.12.08 16:20:04.519,1.28703,1.28712,1.00,1.95
2017.12.08 16:20:06.187,1.28703,1.28713,1.00,1.57
2017.12.08 16:20:08.246,1.28703,1.28713,1.00,1.57
2017.12.08 16:20:10.582,1.28705,1.28713,1.00,1.57
2017.12.08 16:20:11.016,1.2871,1.28716,1.00,1.00
2017.12.08 16:20:11.414,1.28714,1.28724,1.00,7.57
2017.12.08 16:20:14.088,1.28713,1.28724,1.00,7.20
2017.12.08 16:20:16.123,1.28713,1.28724,1.00,6.07
2017.12.08 16:20:22.965,1.2873,1.28735,2.10,1.00
2017.12.08 16:20:23.264,1.28738,1.28746,1.00,1.37
2017.12.08 16:20:23.726,1.28741,1.28748,1.50,1.45
2017.12.08 16:20:24.049,1.28746,1.28753,1.00,1.12
2017.12.08 16:20:24.580,1.28747,1.28754,1.00,3.75
2017.12.08 16:20:25.215,1.28745,1.28753,1.00,1.12
2017.12.08 16:20:25.734,1.28744,1.28754,2.25,3.75
2017.12.08 16:20:27.521,1.28745,1.28753,1.00,1.12
2017.12.08 16:20:28.036,1.28745,1.28753,1.00,1.50
2017.12.08 16:20:29.215,1.28744,1.28752,1.00,1.50
2017.12.08 16:20:29.268,1.28742,1.2875,1.00,1.12
2017.12.08 16:20:29.584,1.2874,1.28749,1.00,1.50
2017.12.08 16:20:30.105,1.28739,1.28749,3.04,1.50
2017.12.08 16:20:30.719,1.2874,1.28749,1.00,1.50
2017.12.08 16:20:31.261,1.28739,1.28749,2.85,1.50
2017.12.08 16:20:31.995,1.28739,1.28749,2.85,1.50
2017.12.08 16:20:33.105,1.28739,1.28749,2.10,1.50
2017.12.08 16:20:33.409,1.28734,1.28743,1.50,1.12
2017.12.08 16:20:34.266,1.28735,1.28745,1.00,1.75
2017.12.08 16:20:34.921,1.28734,1.28745,1.00,3.00
2017.12.08 16:20:35.509,1.28734,1.28742,1.00,1.00
2017.12.08 16:20:36.024,1.28734,1.28744,1.00,2.25
2017.12.08 16:20:37.457,1.28734,1.28742,1.00,1.00
2017.12.08 16:20:37.560,1.28732,1.28742,1.00,2.25
2017.12.08 16:20:37.612,1.28731,1.28741,1.50,1.45
2017.12.08 16:20:38.129,1.28732,1.28741,1.50,1.95
2017.12.08 16:20:38.670,1.28733,1.28741,1.50,1.00
2017.12.08 16:20:39.197,1.28733,1.28742,1.00,1.10
2017.12.08 16:20:40.355,1.28734,1.28744,1.00,2.32
2017.12.08 16:20:40.407,1.28735,1.28744,1.50,1.00
2017.12.08 16:20:40.945,1.28736,1.28744,1.50,1.00
2017.12.08 16:20:43.310,1.28736,1.28746,1.50,2.32
2017.12.08 16:20:46.796,1.28736,1.28746,1.50,2.32
2017.12.08 16:20:49.145,1.28736,1.28746,1.00,2.32
2017.12.08 16:20:49.452,1.28735,1.28745,1.50,1.95
2017.12.08 16:20:52.413,1.28736,1.28744,1.00,1.45
2017.12.08 16:20:53.022,1.28735,1.28744,1.00,1.95
2017.12.08 16:20:53.180,1.28731,1.2874,4.50,1.00
2017.12.08 16:20:53.338,1.28732,1.2874,1.00,3.82
2017.12.08 16:20:53.494,1.2873,1.28737,1.00,1.00
2017.12.08 16:20:53.916,1.28728,1.28736,1.00,1.00
2017.12.08 16:20:53.969,1.28726,1.28735,1.00,1.00
2017.12.08 16:20:54.431,1.28728,1.28736,1.00,1.20
2017.12.08 16:20:54.735,1.28732,1.28741,2.25,2.32
2017.12.08 16:20:54.788,1.28735,1.28742,1.00,1.45
2017.12.08 16:20:54.840,1.28735,1.28744,1.50,1.57
2017.12.08 16:20:57.822,1.28737,1.28744,1.00,1.57
2017.12.08 16:20:58.437,1.28736,1.28744,1.00,1.57
2017.12.08 16:20:58.815,1.28738,1.28745,1.00,1.45
2017.12.08 16:20:59.124,1.28741,1.28749,1.00,1.10
2017.12.08 16:21:00.875,1.28741,1.28748,1.00,1.50
2017.12.08 16:21:05.393,1.28741,1.28747,1.00,1.00
2017.12.08 16:21:05.949,1.28741,1.28748,1.00,1.50
2017.12.08 16:21:10.997,1.28739,1.28749,1.00,1.00
2017.12.08 16:21:11.151,1.28739,1.28747,1.50,1.00
2017.12.08 16:21:11.463,1.28739,1.28745,1.00,1.00
2017.12.08 16:21:12.524,1.28739,1.28747,1.00,1.00
2017.12.08 16:21:14.963,1.28736,1.28746,1.95,1.00
2017.12.08 16:21:15.066,1.28735,1.28744,2.25,1.00
2017.12.08 16:21:16.827,1.28734,1.28743,1.00,1.00
2017.12.08 16:21:17.135,1.28728,1.28737,3.75,1.00
2017.12.08 16:21:17.661,1.28729,1.28737,1.50,1.00
2017.12.08 16:21:19.175,1.28728,1.28737,1.50,1.00
2017.12.08 16:21:20.236,1.28729,1.28737,1.00,1.50
2017.12.08 16:21:21.334,1.28733,1.2874,1.00,1.00
2017.12.08 16:21:21.437,1.28733,1.28742,2.25,1.00
2017.12.08 16:21:21.938,1.28734,1.28742,1.00,1.50
2017.12.08 16:21:22.331,1.28732,1.2874,1.00,1.00
2017.12.08 16:21:22.434,1.2873,1.28739,3.60,1.00
2017.12.08 16:21:22.589,1.28732,1.28741,1.00,1.00
2017.12.08 16:21:22.901,1.28735,1.28742,1.00,1.50
2017.12.08 16:21:23.214,1.28736,1.28744,1.00,3.37
2017.12.08 16:21:23.818,1.28735,1.28744,1.50,1.00
2017.12.08 16:21:24.142,1.28734,1.28742,1.00,1.00
2017.12.08 16:21:24.502,1.28732,1.28741,3.97,1.00
2017.12.08 16:21:25.056,1.28733,1.28741,1.00,1.00
2017.12.08 16:21:25.650,1.28734,1.28742,1.00,1.00
2017.12.08 16:21:26.312,1.28733,1.28743,2.25,1.87
2017.12.08 16:21:26.556,1.28735,1.28744,1.00,3.00
2017.12.08 16:21:27.129,1.28734,1.28743,1.00,1.00
2017.12.08 16:21:27.674,1.28731,1.28742,2.85,1.87
2017.12.08 16:21:27.881,1.28733,1.28742,1.00,1.50
2017.12.08 16:21:30.378,1.28735,1.28742,1.00,1.00
2017.12.08 16:21:30.572,1.28735,1.28744,1.00,1.00
2017.12.08 16:21:31.085,1.28736,1.28744,1.00,1.00
2017.12.08 16:21:37.025,1.28735,1.28745,1.00,2.25
2017.12.08 16:21:37.128,1.28735,1.28743,1.00,1.00
2017.12.08 16:21:37.707,1.28734,1.28743,1.00,1.00
2017.12.08 16:21:38.298,1.28733,1.28743,1.50,1.00
2017.12.08 16:21:38.808,1.28733,1.28742,2.25,1.00
2017.12.08 16:21:39.327,1.28734,1.28742,1.00,1.50
2017.12.08 16:21:39.430,1.28732,1.28741,1.50,1.00
2017.12.08 16:21:39.533,1.2873,1.28739,1.50,1.00
2017.12.08 16:21:40.617,1.28729,1.2874,3.75,1.50
2017.12.08 16:21:42.788,1.28729,1.28738,1.50,1.00
2017.12.08 16:21:43.503,1.2873,1.28738,1.00,1.00
2017.12.08 16:21:44.680,1.28728,1.28737,3.00,1.00
2017.12.08 16:21:45.985,1.28727,1.28737,4.72,1.00
2017.12.08 16:21:46.610,1.28728,1.28737,1.50,1.00
2017.12.08 16:21:46.914,1.28732,1.28737,1.00,1.50
2017.12.08 16:21:46.965,1.28732,1.2874,1.00,2.32
2017.12.08 16:21:47.018,1.28733,1.28741,1.00,1.00
2017.12.08 16:21:49.612,1.28733,1.28742,1.00,2.25
2017.12.08 16:21:51.054,1.28734,1.28742,1.00,2.25
2017.12.08 16:21:51.582,1.28735,1.28742,1.00,1.00
2017.12.08 16:21:52.194,1.28734,1.28743,1.00,1.00
2017.12.08 16:21:54.275,1.28736,1.28743,1.00,1.00
2017.12.08 16:21:54.429,1.28737,1.28745,1.00,1.50
2017.12.08 16:21:55.024,1.28738,1.28745,1.00,1.50
2017.12.08 16:21:56.355,1.28737,1.28745,1.00,1.00
2017.12.08 16:21:56.877,1.28736,1.28746,1.00,3.00
2017.12.08 16:21:57.476,1.28737,1.28745,1.00,1.00
2017.12.08 16:21:57.997,1.28736,1.28744,1.00,1.00
2017.12.08 16:21:58.581,1.28735,1.28744,1.50,1.00
2017.12.08 16:21:59.037,1.28734,1.28742,1.00,1.00
2017.12.08 16:21:59.785,1.28735,1.28743,1.00,2.25
2017.12.08 16:22:00.324,1.28734,1.28743,1.50,1.50
2017.12.08 16:22:00.943,1.28735,1.28743,1.00,1.50
2017.12.08 16:22:03.367,1.28734,1.28743,1.50,1.00
2017.12.08 16:22:04.025,1.28734,1.28742,1.00,1.00
2017.12.08 16:22:05.340,1.28728,1.28738,3.75,1.00
2017.12.08 16:22:05.857,1.28728,1.28737,3.00,1.00
2017.12.08 16:22:05.909,1.28728,1.28739,6.19,1.00
2017.12.08 16:22:06.466,1.2873,1.2874,1.50,1.10
2017.12.08 16:22:06.570,1.28733,1.2874,1.00,1.00
2017.12.08 16:22:06.623,1.28733,1.28743,1.87,1.95
2017.12.08 16:22:06.674,1.28735,1.28743,1.00,1.50
2017.12.08 16:22:07.258,1.28736,1.28743,1.00,1.00
2017.12.08 16:22:09.696,1.28736,1.28745,1.00,2.25
2017.12.08 16:22:14.196,1.28735,1.28745,1.00,2.25
2017.12.08 16:22:27.376,1.28735,1.28744,1.00,1.00
2017.12.08 16:22:29.438,1.28734,1.28744,1.00,2.25
2017.12.08 16:22:29.490,1.28733,1.28742,1.50,1.00
2017.12.08 16:22:30.002,1.28734,1.28742,1.00,1.00
2017.12.08 16:22:33.826,1.28734,1.28744,1.50,1.50
2017.12.08 16:22:34.984,1.28735,1.28744,1.00,1.00
2017.12.08 16:22:35.711,1.28735,1.28744,1.69,1.00
2017.12.08 16:22:36.378,1.28735,1.28744,1.50,1.00
2017.12.08 16:22:36.899,1.28734,1.28744,1.50,1.12
2017.12.08 16:22:39.967,1.28735,1.28744,1.50,1.00
2017.12.08 16:22:40.475,1.28734,1.28744,1.25,1.00
2017.12.08 16:22:41.489,1.28735,1.28744,1.00,1.00
2017.12.08 16:22:42.866,1.28739,1.28747,1.00,2.25
2017.12.08 16:22:42.918,1.28741,1.28749,1.35,1.00
2017.12.08 16:22:43.124,1.28742,1.28751,1.00,2.25
2017.12.08 16:22:43.664,1.28743,1.28752,1.00,1.12
2017.12.08 16:22:43.717,1.2874,1.28749,2.25,1.00
2017.12.08 16:22:44.026,1.28741,1.28751,1.00,1.12
2017.12.08 16:22:44.550,1.28741,1.2875,1.00,1.00
2017.12.08 16:22:45.399,1.28738,1.28746,1.00,1.00
2017.12.08 16:22:45.452,1.28735,1.28745,2.70,1.50
2017.12.08 16:22:45.965,1.28736,1.28744,1.00,1.10
2017.12.08 16:22:46.485,1.28735,1.28744,1.00,1.10
2017.12.08 16:22:47.226,1.28736,1.28744,1.00,1.00
2017.12.08 16:22:47.946,1.28735,1.28744,1.00,1.00
2017.12.08 16:22:50.014,1.28736,1.28744,1.00,1.00
2017.12.08 16:22:50.552,1.28736,1.28743,1.00,1.00
2017.12.08 16:22:55.125,1.28737,1.28743,1.00,1.00
2017.12.08 16:22:55.281,1.28739,1.28747,1.50,1.20
2017.12.08 16:22:55.386,1.2874,1.2875,1.00,3.82
2017.12.08 16:22:55.527,1.2874,1.2875,1.00,2.32
2017.12.08 16:22:55.631,1.2874,1.28748,1.00,1.00
2017.12.08 16:22:56.012,1.28738,1.28747,2.25,1.00
2017.12.08 16:22:57.790,1.28737,1.28745,2.44,1.00
2017.12.08 16:22:58.310,1.28738,1.28746,1.25,1.00
2017.12.08 16:23:05.057,1.28737,1.28746,3.60,1.00
2017.12.08 16:23:05.570,1.28738,1.28746,1.00,1.00
2017.12.08 16:23:06.482,1.28737,1.28746,3.19,1.00
2017.12.08 16:23:07.144,1.28738,1.28746,1.00,1.00
2017.12.08 16:23:07.813,1.28737,1.28746,2.25,1.00
2017.12.08 16:23:08.474,1.28738,1.28746,1.00,1.00
2017.12.08 16:23:09.313,1.28737,1.28746,3.22,1.00
2017.12.08 16:23:09.708,1.28738,1.28744,1.00,1.00
2017.12.08 16:23:10.124,1.28736,1.28742,1.00,1.50
2017.12.08 16:23:10.715,1.28735,1.28742,1.50,1.00
2017.12.08 16:23:11.240,1.28736,1.28742,1.00,1.00
2017.12.08 16:23:11.895,1.28734,1.28742,1.00,1.00
2017.12.08 16:23:12.397,1.28734,1.28741,1.50,1.00
2017.12.08 16:23:12.939,1.28734,1.2874,1.00,1.00
2017.12.08 16:23:13.574,1.28733,1.2874,2.25,1.00
2017.12.08 16:23:14.173,1.28734,1.2874,1.00,1.00
2017.12.08 16:23:14.773,1.28733,1.2874,2.25,1.00
2017.12.08 16:23:15.315,1.28734,1.2874,1.00,1.00
2017.12.08 16:23:16.110,1.28733,1.2874,2.25,1.00
2017.12.08 16:23:16.685,1.28734,1.28739,1.00,1.00
2017.12.08 16:23:17.206,1.28733,1.28739,2.25,1.00
2017.12.08 16:23:17.863,1.28734,1.28739,1.00,1.00
2017.12.08 16:23:18.423,1.28733,1.28739,1.00,1.00
2017.12.08 16:23:18.529,1.2873,1.28738,1.87,1.00
2017.12.08 16:23:18.581,1.28728,1.28736,1.87,1.50
2017.12.08 16:23:18.891,1.28728,1.28734,1.50,1.00
2017.12.08 16:23:19.462,1.28727,1.28734,2.25,1.00
2017.12.08 16:23:20.375,1.28728,1.28734,1.00,1.00
2017.12.08 16:23:21.338,1.28727,1.28734,1.87,1.00
2017.12.08 16:23:22.904,1.28728,1.28734,1.00,1.00
2017.12.08 16:23:24.871,1.28726,1.28733,1.00,1.00
2017.12.08 16:23:26.681,1.28727,1.28733,1.00,1.00
2017.12.08 16:23:27.246,1.28728,1.28733,1.00,1.00
2017.12.08 16:23:27.825,1.28727,1.28733,1.00,1.00
2017.12.08 16:23:28.938,1.28729,1.28736,1.50,1.00
2017.12.08 16:23:29.090,1.28731,1.28736,1.00,1.00
2017.12.08 16:23:29.142,1.28732,1.28738,1.00,1.00
2017.12.08 16:23:29.399,1.2873,1.28738,6.19,1.00
2017.12.08 16:23:29.916,1.28731,1.28738,1.00,1.00
2017.12.08 16:23:30.750,1.2873,1.28738,5.44,1.00
2017.12.08 16:23:31.383,1.28731,1.28738,1.00,1.00
2017.12.08 16:23:32.678,1.2873,1.28738,2.25,1.00
2017.12.08 16:23:36.317,1.2873,1.28738,2.44,1.00
2017.12.08 16:23:36.842,1.2873,1.28738,3.19,1.00
2017.12.08 16:23:41.298,1.28731,1.28738,1.00,1.00
2017.12.08 16:23:43.946,1.28732,1.2874,2.62,1.00
2017.12.08 16:23:44.146,1.28734,1.28741,1.00,1.00
2017.12.08 16:23:45.656,1.28732,1.28741,1.50,1.50
2017.12.08 16:23:45.709,1.28732,1.28739,1.00,1.00
2017.12.08 16:23:46.225,1.28733,1.28739,1.00,1.00
2017.12.08 16:23:46.328,1.28731,1.28739,1.69,1.00
2017.12.08 16:23:47.526,1.28733,1.28739,1.00,1.00
2017.12.08 16:23:47.931,1.28732,1.28737,1.00,1.00
2017.12.08 16:23:47.983,1.2873,1.28737,1.00,1.00
2017.12.08 16:23:48.495,1.28729,1.28736,1.00,1.00
2017.12.08 16:23:51.954,1.28729,1.28735,1.00,1.00
2017.12.08 16:23:58.244,1.2873,1.28735,1.00,1.00
2017.12.08 16:23:59.019,1.2873,1.28736,1.00,1.00
2017.12.08 16:24:00.479,1.28729,1.28736,1.00,1.00
2017.12.08 16:24:01.014,1.28729,1.28735,1.00,1.00
2017.12.08 16:24:03.400,1.28729,1.28734,1.00,1.00
2017.12.08 16:24:09.386,1.28728,1.28734,1.00,1.00
2017.12.08 16:24:09.838,1.28726,1.28734,2.32,1.00
2017.12.08 16:24:16.585,1.28725,1.28732,1.50,1.00
2017.12.08 16:24:17.290,1.28724,1.28732,1.87,2.25
2017.12.08 16:24:17.393,1.28722,1.28731,2.25,1.50
2017.12.08 16:24:17.620,1.28724,1.28731,1.00,1.50
2017.12.08 16:24:18.339,1.28723,1.2873,1.00,1.00
2017.12.08 16:24:18.848,1.28722,1.2873,1.87,1.00
2017.12.08 16:24:19.854,1.28723,1.2873,1.00,1.00
2017.12.08 16:24:20.547,1.28722,1.2873,2.62,1.00
2017.12.08 16:24:21.124,1.28723,1.2873,1.00,1.00
2017.12.08 16:24:21.653,1.28722,1.2873,1.00,1.00
2017.12.08 16:24:22.304,1.28723,1.2873,1.00,1.00
2017.12.08 16:24:22.805,1.28722,1.28731,3.00,1.50
2017.12.08 16:24:23.314,1.28723,1.28731,1.00,1.50
2017.12.08 16:24:23.849,1.28722,1.28731,3.00,1.50
2017.12.08 16:24:24.169,1.28722,1.28729,1.00,1.00
2017.12.08 16:24:24.323,1.2872,1.28729,2.25,1.00
2017.12.08 16:24:24.764,1.28721,1.28727,1.00,1.00
2017.12.08 16:24:25.321,1.2872,1.28727,1.00,1.00
2017.12.08 16:24:25.891,1.28722,1.28728,1.50,1.50
2017.12.08 16:24:25.943,1.28723,1.28731,2.25,1.00
2017.12.08 16:24:26.743,1.28723,1.28732,1.50,1.50
2017.12.08 16:24:27.302,1.28722,1.28732,4.57,1.50
2017.12.08 16:24:27.839,1.28723,1.28732,1.00,1.50
2017.12.08 16:24:28.043,1.28722,1.28729,1.00,1.00
2017.12.08 16:24:28.199,1.2872,1.28728,1.10,1.50
2017.12.08 16:24:28.792,1.28721,1.28728,1.00,1.50
2017.12.08 16:24:29.314,1.2872,1.28728,1.00,1.50
2017.12.08 16:24:30.033,1.28721,1.28728,1.00,1.50
2017.12.08 16:24:30.854,1.2872,1.28728,1.00,1.50
2017.12.08 16:24:32.256,1.28721,1.28728,1.00,1.50
2017.12.08 16:24:32.919,1.2872,1.28728,2.25,1.50
2017.12.08 16:24:34.175,1.28721,1.28728,1.00,1.50
2017.12.08 16:24:34.980,1.2872,1.28728,2.25,1.50
2017.12.08 16:24:35.592,1.28721,1.28728,1.00,1.50
2017.12.08 16:24:36.181,1.2872,1.28728,1.00,1.50
2017.12.08 16:24:37.243,1.28721,1.28728,1.00,1.50
2017.12.08 16:24:38.025,1.2872,1.28728,1.50,1.50
2017.12.08 16:24:38.536,1.28721,1.28728,1.00,1.50
2017.12.08 16:24:39.982,1.2872,1.28728,1.00,1.50
2017.12.08 16:24:43.994,1.28719,1.28726,1.00,1.00
2017.12.08 16:24:46.004,1.28719,1.28728,2.25,1.00
2017.12.08 16:24:48.862,1.28725,1.28729,1.00,1.00
2017.12.08 16:24:48.916,1.28726,1.28733,1.50,1.00
2017.12.08 16:24:49.431,1.28724,1.28732,1.50,1.00
2017.12.08 16:24:49.963,1.28724,1.28733,1.87,1.00
2017.12.08 16:24:50.118,1.28725,1.28734,3.00,1.00
2017.12.08 16:24:52.464,1.28726,1.28735,1.87,1.00
2017.12.08 16:24:53.029,1.28724,1.28735,3.37,1.00
2017.12.08 16:24:53.556,1.28725,1.28735,1.57,1.00
2017.12.08 16:24:54.117,1.28727,1.28736,1.00,1.00
2017.12.08 16:24:55.604,1.28728,1.28736,1.00,1.00
2017.12.08 16:24:56.475,1.28727,1.28736,1.50,1.00
2017.12.08 16:24:56.981,1.28728,1.28736,1.00,1.00
2017.12.08 16:24:57.496,1.28727,1.28735,1.50,1.00
2017.12.08 16:24:58.077,1.28727,1.28736,1.50,1.00
2017.12.08 16:24:59.035,1.28729,1.28737,1.00,1.50
2017.12.08 16:24:59.600,1.28728,1.28737,1.87,1.00
2017.12.08 16:25:00.258,1.28729,1.28737,1.00,1.00
2017.12.08 16:25:01.763,1.2873,1.28737,1.00,1.00
2017.12.08 16:25:02.690,1.28728,1.28737,4.05,1.00
2017.12.08 16:25:03.298,1.28729,1.28737,1.50,1.00
2017.12.08 16:25:03.416,1.28732,1.28737,1.00,1.00
2017.12.08 16:25:03.468,1.28733,1.28741,1.00,1.00
2017.12.08 16:25:03.985,1.28733,1.28742,1.57,1.00
2017.12.08 16:25:04.555,1.28734,1.28742,1.00,1.00
2017.12.08 16:25:05.005,1.28732,1.28741,2.32,1.00
2017.12.08 16:25:05.552,1.28732,1.2874,1.00,1.00
2017.12.08 16:25:05.706,1.28734,1.28741,1.00,1.50
2017.12.08 16:25:05.861,1.28732,1.28741,1.50,1.50
2017.12.08 16:25:06.616,1.28733,1.28741,1.00,1.50
2017.12.08 16:25:07.199,1.28733,1.28742,1.50,1.50
2017.12.08 16:25:07.747,1.28733,1.28741,1.00,1.00
2017.12.08 16:25:08.295,1.28733,1.28739,1.00,1.00
2017.12.08 16:25:08.399,1.2873,1.28737,1.00,1.00
2017.12.08 16:25:08.502,1.2873,1.28739,1.00,1.50
2017.12.08 16:25:09.174,1.28729,1.28739,2.62,1.50
2017.12.08 16:25:09.380,1.28729,1.28737,1.00,1.00
2017.12.08 16:25:15.658,1.28729,1.28738,1.00,2.25
2017.12.08 16:25:16.530,1.28733,1.2874,1.00,1.00
2017.12.08 16:25:17.043,1.28732,1.2874,1.50,1.00
2017.12.08 16:25:18.693,1.28732,1.28742,2.25,1.50
2017.12.08 16:25:18.797,1.2873,1.28739,4.95,1.00
2017.12.08 16:25:18.901,1.28732,1.28742,1.00,1.69
2017.12.08 16:25:18.953,1.2873,1.28738,1.87,1.00
2017.12.08 16:25:19.005,1.2873,1.2874,2.25,1.00
2017.12.08 16:25:19.160,1.28731,1.28738,1.00,1.00
2017.12.08 16:25:19.585,1.28732,1.28743,3.75,1.00
2017.12.08 16:25:20.109,1.28734,1.28743,3.00,1.00
2017.12.08 16:25:22.192,1.28733,1.28743,1.95,1.00
2017.12.08 16:25:22.389,1.28733,1.28741,1.00,1.00
2017.12.08 16:25:22.934,1.28732,1.2874,1.50,1.00
2017.12.08 16:25:30.237,1.28731,1.2874,2.25,1.00
2017.12.08 16:25:30.545,1.28729,1.28736,1.00,1.00
2017.12.08 16:25:32.678,1.2873,1.28737,1.00,1.00
2017.12.08 16:25:32.730,1.2873,1.28739,1.00,1.00
2017.12.08 16:25:37.250,1.28733,1.28739,1.00,1.00
2017.12.08 16:25:37.676,1.28731,1.28739,1.00,1.00
2017.12.08 16:25:38.647,1.28732,1.28741,1.50,1.00
2017.12.08 16:25:38.753,1.28731,1.28739,1.10,1.00
2017.12.08 16:25:38.959,1.28733,1.28743,1.87,1.00
2017.12.08 16:25:39.011,1.28735,1.28743,1.00,1.00
2017.12.08 16:25:39.322,1.28733,1.28743,3.37,1.00
2017.12.08 16:25:40.135,1.28734,1.28743,1.00,1.00
2017.12.08 16:25:40.723,1.28733,1.28743,3.75,1.00
2017.12.08 16:25:41.228,1.28733,1.28744,4.50,1.00
2017.12.08 16:25:41.672,1.28735,1.28744,1.00,1.00
2017.12.08 16:25:41.976,1.28741,1.28747,1.00,1.00
2017.12.08 16:25:42.028,1.28741,1.28749,1.00,1.00
2017.12.08 16:25:42.660,1.28742,1.28751,1.50,2.25
2017.12.08 16:25:47.463,1.28741,1.28751,1.00,1.00
2017.12.08 16:25:48.463,1.28742,1.28751,1.00,1.00
2017.12.08 16:25:48.978,1.28741,1.28751,1.00,1.00
2017.12.08 16:25:49.522,1.28742,1.28751,1.00,1.00
2017.12.08 16:25:50.035,1.28741,1.28751,1.50,1.00
2017.12.08 16:25:51.953,1.28741,1.2875,1.50,1.00
2017.12.08 16:25:52.773,1.28742,1.2875,1.00,1.00
2017.12.08 16:25:53.092,1.28744,1.28751,1.00,1.00
2017.12.08 16:25:53.680,1.28744,1.28752,1.50,1.00
2017.12.08 16:25:54.198,1.28745,1.28752,1.00,1.00
2017.12.08 16:25:55.586,1.28744,1.28752,1.00,1.00
2017.12.08 16:25:56.104,1.28745,1.28752,1.00,1.00
2017.12.08 16:25:56.615,1.28744,1.28752,1.00,1.00
2017.12.08 16:25:57.044,1.28746,1.28753,1.00,1.00
2017.12.08 16:25:57.095,1.28746,1.28755,1.50,1.00
2017.12.08 16:25:57.792,1.28745,1.28755,2.25,1.50
2017.12.08 16:25:58.029,1.28744,1.28752,1.10,1.00
2017.12.08 16:25:58.550,1.28744,1.28751,1.00,1.00
2017.12.08 16:25:59.120,1.28743,1.28751,1.50,1.00
2017.12.08 16:25:59.823,1.28743,1.28752,1.50,1.00
2017.12.08 16:26:02.536,1.28742,1.28752,3.00,1.00
2017.12.08 16:26:03.038,1.28741,1.28749,1.10,1.00
2017.12.08 16:26:03.349,1.28744,1.28751,1.00,1.00
2017.12.08 16:26:03.872,1.28743,1.28752,1.00,1.87
2017.12.08 16:26:06.075,1.28744,1.28752,1.00,1.12
2017.12.08 16:26:08.847,1.28746,1.28752,1.00,1.50
2017.12.08 16:26:13.372,1.28746,1.28751,1.00,1.00
2017.12.08 16:26:14.316,1.28746,1.28752,1.00,1.50
2017.12.08 16:26:14.875,1.28746,1.28751,1.00,1.00
2017.12.08 16:26:15.385,1.28746,1.28753,1.00,1.50
2017.12.08 16:26:15.739,1.28748,1.28753,1.00,1.00
2017.12.08 16:26:15.791,1.28748,1.28755,1.00,1.50
2017.12.08 16:26:16.753,1.28749,1.28755,1.00,2.25
2017.12.08 16:26:17.219,1.28749,1.28758,1.50,2.70
2017.12.08 16:26:17.323,1.28752,1.28759,1.00,1.00
2017.12.08 16:26:17.846,1.28753,1.28759,1.00,1.00
2017.12.08 16:26:18.053,1.28754,1.28762,1.00,3.60
2017.12.08 16:26:18.571,1.28754,1.28763,1.00,3.00
2017.12.08 16:26:19.444,1.28755,1.28763,1.00,5.25
2017.12.08 16:26:20.087,1.28754,1.28762,1.50,1.69
2017.12.08 16:26:20.639,1.28754,1.2876,1.50,1.00
2017.12.08 16:26:21.432,1.28755,1.2876,1.00,1.00
2017.12.08 16:26:21.587,1.28754,1.28763,1.00,4.50
2017.12.08 16:26:22.377,1.28755,1.28763,1.00,2.25
2017.12.08 16:26:22.972,1.28755,1.28764,1.50,3.00
2017.12.08 16:26:23.479,1.28756,1.28764,1.00,1.00
2017.12.08 16:26:23.531,1.2876,1.28766,1.00,1.00
2017.12.08 16:26:23.583,1.2876,1.28768,1.00,1.50
2017.12.08 16:26:23.822,1.28761,1.2877,1.50,1.00
2017.12.08 16:26:25.485,1.28762,1.2877,1.00,1.00
2017.12.08 16:26:25.743,1.28762,1.28772,1.00,2.81
2017.12.08 16:26:26.312,1.28762,1.28771,1.00,1.00
2017.12.08 16:26:26.842,1.28762,1.2877,1.00,1.00
2017.12.08 16:26:26.997,1.28762,1.28772,1.00,3.19
2017.12.08 16:26:27.187,1.28762,1.2877,1.00,1.00
2017.12.08 16:26:29.729,1.28762,1.28771,1.00,2.44
2017.12.08 16:26:30.329,1.28762,1.2877,1.00,1.00
2017.12.08 16:26:30.997,1.28762,1.28771,1.00,1.00
2017.12.08 16:26:32.266,1.28764,1.28771,1.00,1.50
2017.12.08 16:26:32.789,1.28764,1.28772,1.00,1.50
2017.12.08 16:26:34.727,1.28763,1.28772,1.00,1.00
2017.12.08 16:26:35.509,1.28763,1.28771,1.00,1.00
2017.12.08 16:26:36.074,1.28763,1.28772,1.00,3.75
2017.12.08 16:26:36.604,1.28763,1.2877,1.00,2.10
2017.12.08 16:26:39.425,1.28764,1.2877,1.00,1.50
2017.12.08 16:26:39.994,1.28764,1.28771,1.00,5.44
2017.12.08 16:26:41.374,1.28764,1.2877,1.00,1.00
2017.12.08 16:26:41.897,1.28764,1.28771,1.00,3.04
2017.12.08 16:26:42.456,1.28763,1.28771,1.00,6.04
2017.12.08 16:26:42.806,1.28763,1.28768,1.00,1.50
2017.12.08 16:26:43.381,1.28763,1.28769,1.00,1.00
2017.12.08 16:26:43.894,1.28763,1.28768,1.00,1.00
2017.12.08 16:26:44.414,1.28763,1.2877,1.00,1.72
2017.12.08 16:26:45.280,1.28763,1.28771,1.50,1.00
2017.12.08 16:26:45.333,1.28764,1.28773,1.50,2.62
2017.12.08 16:26:46.089,1.28764,1.28772,1.00,1.00
2017.12.08 16:26:46.738,1.28764,1.28771,1.50,1.20
2017.12.08 16:26:50.702,1.28765,1.28773,1.00,5.89
2017.12.08 16:26:51.774,1.28766,1.28772,1.00,1.57
2017.12.08 16:26:53.150,1.28766,1.28771,1.00,1.00
2017.12.08 16:26:53.652,1.28766,1.28772,1.00,1.50
2017.12.08 16:26:56.155,1.28768,1.28773,1.00,3.07
2017.12.08 16:26:56.208,1.28773,1.2878,1.00,1.45
2017.12.08 16:26:56.260,1.2878,1.28785,1.00,3.00
2017.12.08 16:26:56.312,1.28779,1.28785,1.10,1.00
2017.12.08 16:26:56.417,1.2878,1.28788,1.00,2.10
2017.12.08 16:26:56.521,1.28782,1.2879,1.00,1.50
2017.12.08 16:26:57.034,1.28781,1.28787,1.00,1.00
2017.12.08 16:26:57.756,1.28781,1.28788,1.00,1.39
2017.12.08 16:26:58.264,1.28781,1.28787,1.00,1.25
2017.12.08 16:26:58.823,1.2878,1.28787,1.00,2.06
2017.12.08 16:26:59.367,1.2878,1.28786,1.00,1.37
2017.12.08 16:27:00.368,1.2878,1.28788,1.50,1.87
2017.12.08 16:27:00.420,1.28782,1.28789,1.00,2.62
2017.12.08 16:27:00.522,1.28782,1.28789,1.00,3.56
2017.12.08 16:27:00.574,1.28782,1.28787,1.00,1.00
2017.12.08 16:27:00.887,1.28779,1.28785,1.00,1.00
2017.12.08 16:27:01.351,1.28779,1.28787,1.00,7.16
2017.12.08 16:27:02.288,1.2878,1.28787,1.50,2.62
2017.12.08 16:27:07.665,1.28779,1.28787,1.50,2.06
2017.12.08 16:27:08.290,1.28779,1.28786,1.00,2.25
2017.12.08 16:27:08.598,1.28782,1.28789,1.00,3.00
2017.12.08 16:27:09.095,1.28779,1.28786,1.00,1.37
2017.12.08 16:27:11.541,1.28779,1.28787,1.57,1.87
2017.12.08 16:27:20.584,1.28779,1.28788,1.50,1.50
2017.12.08 16:27:29.104,1.28779,1.28789,1.20,3.75
2017.12.08 16:27:29.461,1.28781,1.28788,1.00,1.00
2017.12.08 16:27:29.514,1.28783,1.28792,1.50,1.50
2017.12.08 16:27:30.026,1.28783,1.28789,1.00,1.00
2017.12.08 16:27:30.366,1.28782,1.2879,1.00,3.00
2017.12.08 16:27:30.932,1.28783,1.2879,1.00,3.37
2017.12.08 16:27:31.944,1.28781,1.28789,1.00,3.56
2017.12.08 16:27:34.061,1.28782,1.28789,1.00,1.87
2017.12.08 16:27:34.165,1.28784,1.28791,1.00,1.50
2017.12.08 16:27:34.655,1.28784,1.28792,1.10,1.50
2017.12.08 16:27:34.759,1.28787,1.28793,1.00,1.00
2017.12.08 16:27:35.334,1.28787,1.28794,1.00,1.50
2017.12.08 16:27:36.824,1.28788,1.28795,1.00,1.87
2017.12.08 16:27:37.030,1.28786,1.28794,1.50,2.62
2017.12.08 16:27:37.082,1.28786,1.28792,1.00,1.12
2017.12.08 16:27:37.575,1.28794,1.28797,1.50,1.00
2017.12.08 16:27:37.627,1.28797,1.28802,1.00,1.50
2017.12.08 16:27:37.679,1.28796,1.28803,1.10,1.00
2017.12.08 16:27:37.730,1.28796,1.28803,1.45,1.00
2017.12.08 16:27:38.091,1.28796,1.28802,1.10,1.50
2017.12.08 16:27:38.599,1.28795,1.28802,1.00,2.25
2017.12.08 16:27:40.945,1.28793,1.28802,2.70,1.00
2017.12.08 16:27:41.634,1.28794,1.28803,1.10,1.87
2017.12.08 16:27:42.148,1.28794,1.28802,1.10,1.00
2017.12.08 16:27:42.932,1.28794,1.28803,1.10,2.62
2017.12.08 16:27:43.671,1.28794,1.28802,1.10,1.00
2017.12.08 16:27:44.322,1.28793,1.28803,3.07,2.25
2017.12.08 16:27:44.838,1.28794,1.28802,1.00,1.00
2017.12.08 16:27:45.343,1.28794,1.28803,1.00,3.37
2017.12.08 16:27:45.883,1.28793,1.28803,3.07,2.25
2017.12.08 16:27:46.376,1.28793,1.28803,3.45,2.25
2017.12.08 16:27:46.971,1.28792,1.28798,1.45,1.00
2017.12.08 16:27:47.025,1.28789,1.28797,2.70,2.25
2017.12.08 16:27:47.135,1.28788,1.28797,1.10,1.80
2017.12.08 16:27:47.647,1.28789,1.28798,1.00,3.67
2017.12.08 16:27:48.176,1.28789,1.28798,1.20,2.25
2017.12.08 16:27:48.388,1.28789,1.28797,1.20,1.05
2017.12.08 16:27:49.067,1.28789,1.28797,1.20,1.05
2017.12.08 16:27:49.929,1.28789,1.28798,1.20,3.67
2017.12.08 16:27:50.752,1.28789,1.28798,1.20,2.17
2017.12.08 16:27:51.845,1.28789,1.28798,1.20,2.92
2017.12.08 16:27:52.497,1.28789,1.28797,2.70,1.00
2017.12.08 16:27:53.009,1.28789,1.28798,2.32,1.12
2017.12.08 16:27:53.548,1.28789,1.28797,2.32,1.00
2017.12.08 16:27:54.049,1.28791,1.28798,1.50,1.12
2017.12.08 16:27:56.447,1.2879,1.28799,1.10,3.37
2017.12.08 16:27:56.784,1.28792,1.28798,1.00,1.00
2017.12.08 16:27:57.392,1.28792,1.28797,1.00,1.00
2017.12.08 16:27:59.540,1.28792,1.28798,1.00,1.00
2017.12.08 16:28:00.088,1.2879,1.28794,1.10,1.00
2017.12.08 16:28:00.277,1.28786,1.28794,1.10,1.00
2017.12.08 16:28:00.873,1.28787,1.28794,1.00,1.00
2017.12.08 16:28:00.976,1.28785,1.28794,1.57,1.00
2017.12.08 16:28:01.527,1.28784,1.28794,1.95,1.00
2017.12.08 16:28:02.204,1.28784,1.28794,1.95,1.00
2017.12.08 16:28:04.130,1.28784,1.28794,1.95,1.50
2017.12.08 16:28:04.669,1.28784,1.28794,1.95,1.50
2017.12.08 16:28:05.653,1.28784,1.28795,1.95,1.50
2017.12.08 16:28:06.172,1.28785,1.28795,1.20,1.00
2017.12.08 16:28:06.928,1.28785,1.28796,1.20,2.62
2017.12.08 16:28:07.803,1.28786,1.28795,1.10,1.00
2017.12.08 16:28:08.344,1.28786,1.28796,1.10,3.37
2017.12.08 16:28:08.848,1.28787,1.28796,1.00,1.00
2017.12.08 16:28:09.377,1.28787,1.28795,1.00,1.25
2017.12.08 16:28:09.941,1.28786,1.28794,1.00,1.00
2017.12.08 16:28:14.140,1.28785,1.28794,1.00,1.50
2017.12.08 16:28:18.622,1.28785,1.28795,1.50,2.70
2017.12.08 16:28:19.324,1.28785,1.28794,1.50,1.00
2017.12.08 16:28:19.854,1.28785,1.28795,1.50,2.89
2017.12.08 16:28:20.478,1.28785,1.28794,1.50,1.00
2017.12.08 16:28:20.990,1.28785,1.28795,1.50,3.45
2017.12.08 16:28:21.529,1.28785,1.28794,1.50,1.00
2017.12.08 16:28:23.301,1.28785,1.28795,1.50,3.64
2017.12.08 16:28:23.992,1.28785,1.28794,1.50,1.00
2017.12.08 16:28:24.681,1.28787,1.28795,1.00,1.95
2017.12.08 16:28:25.192,1.28787,1.28795,1.00,1.00
2017.12.08 16:28:28.416,1.28787,1.28794,1.00,1.95
2017.12.08 16:28:28.745,1.28787,1.28792,1.00,1.50
2017.12.08 16:28:30.214,1.28787,1.28793,1.00,2.44
2017.12.08 16:28:30.352,1.28787,1.28795,1.00,1.95
2017.12.08 16:28:30.900,1.28788,1.28796,1.50,2.70
2017.12.08 16:28:31.425,1.28788,1.28796,1.00,1.57
2017.12.08 16:28:31.838,1.2879,1.28797,1.00,2.70
2017.12.08 16:28:31.942,1.28788,1.28795,1.00,1.50
2017.12.08 16:28:32.077,1.28786,1.28795,1.50,1.50
2017.12.08 16:28:33.125,1.28784,1.28795,1.50,2.44
2017.12.08 16:28:33.664,1.28785,1.28795,1.00,1.76
2017.12.08 16:28:34.248,1.28785,1.28795,1.00,1.76
2017.12.08 16:28:34.762,1.28785,1.28794,1.57,1.00
2017.12.08 16:28:35.372,1.28785,1.28795,1.10,1.69
2017.12.08 16:28:35.877,1.28785,1.28794,1.10,1.00
2017.12.08 16:28:36.474,1.28785,1.28795,1.10,1.50
2017.12.08 16:28:37.022,1.28785,1.28794,1.10,1.00
2017.12.08 16:28:38.060,1.28785,1.28793,1.50,1.00
2017.12.08 16:28:38.658,1.28785,1.28794,1.00,1.00
2017.12.08 16:28:39.368,1.28785,1.28793,1.50,1.00
2017.12.08 16:28:40.082,1.28785,1.28794,1.50,1.00
2017.12.08 16:28:41.123,1.28785,1.28793,1.00,1.00
2017.12.08 16:28:41.627,1.28785,1.28794,1.00,3.00
2017.12.08 16:28:42.176,1.28789,1.28796,1.00,1.57
2017.12.08 16:28:42.330,1.28786,1.28796,4.20,1.12
2017.12.08 16:28:43.418,1.28788,1.28796,1.00,2.62
2017.12.08 16:28:44.003,1.28788,1.28795,1.00,1.00
2017.12.08 16:28:44.061,1.28786,1.28795,2.25,1.00
2017.12.08 16:28:44.551,1.28788,1.28796,1.00,1.12
2017.12.08 16:28:45.139,1.28788,1.28795,1.50,1.00
2017.12.08 16:28:45.882,1.28788,1.28796,1.50,1.12
2017.12.08 16:28:46.584,1.28788,1.28795,1.50,1.00
2017.12.08 16:28:47.094,1.28787,1.28795,1.10,1.00
2017.12.08 16:28:47.701,1.28787,1.28796,1.10,1.00
2017.12.08 16:28:48.362,1.28787,1.28795,1.10,1.00
2017.12.08 16:28:49.333,1.28787,1.28796,1.10,1.00
2017.12.08 16:28:49.926,1.28787,1.28795,1.10,1.00
2017.12.08 16:28:50.585,1.28787,1.28796,1.10,1.00
2017.12.08 16:28:51.096,1.28787,1.28795,1.10,1.00
2017.12.08 16:28:51.403,1.28791,1.28797,1.00,1.00
2017.12.08 16:28:52.017,1.28791,1.28798,1.00,1.25
2017.12.08 16:28:53.314,1.28791,1.28799,1.00,3.37
2017.12.08 16:28:53.996,1.28791,1.28798,1.00,1.50
2017.12.08 16:28:54.457,1.28788,1.28795,1.95,1.00
2017.12.08 16:28:54.510,1.28786,1.28794,1.00,1.50
2017.12.08 16:28:54.665,1.28784,1.28793,1.10,1.87
2017.12.08 16:28:54.768,1.28786,1.28792,1.00,1.00
2017.12.08 16:28:55.306,1.28785,1.28793,1.00,1.00
2017.12.08 16:28:56.645,1.28784,1.28793,1.50,1.00
2017.12.08 16:28:57.181,1.28784,1.28792,1.00,1.50
2017.12.08 16:28:57.692,1.28783,1.28792,1.00,1.00
2017.12.08 16:28:58.399,1.28783,1.28791,1.50,1.00
2017.12.08 16:28:59.060,1.28783,1.28792,1.00,1.50
2017.12.08 16:28:59.567,1.28783,1.28791,1.00,2.25
2017.12.08 16:28:59.672,1.28781,1.28791,2.62,2.25
2017.12.08 16:29:00.240,1.28781,1.2879,1.87,1.00
2017.12.08 16:29:03.037,1.28781,1.28791,1.12,2.25
2017.12.08 16:29:03.705,1.28782,1.28791,1.00,1.00
2017.12.08 16:29:04.238,1.28781,1.28791,2.62,1.00
2017.12.08 16:29:04.779,1.28781,1.28792,1.87,1.50
2017.12.08 16:29:05.709,1.28781,1.28791,2.62,1.00
2017.12.08 16:29:06.319,1.28781,1.28792,1.87,1.50
2017.12.08 16:29:07.413,1.28781,1.28791,3.37,1.00
2017.12.08 16:29:07.923,1.28781,1.28792,1.87,1.50
2017.12.08 16:29:08.782,1.28781,1.28791,3.37,1.00
2017.12.08 16:29:09.322,1.28782,1.2879,1.00,1.00
2017.12.08 16:29:09.845,1.28782,1.28791,1.00,1.50
2017.12.08 16:29:10.000,1.2878,1.28789,2.25,1.00
2017.12.08 16:29:10.518,1.2878,1.2879,1.50,1.50
2017.12.08 16:29:11.090,1.28781,1.2879,1.00,1.00
2017.12.08 16:29:11.664,1.28781,1.28791,1.00,1.87
2017.12.08 16:29:12.222,1.2878,1.28791,1.50,1.87
2017.12.08 16:29:13.866,1.28781,1.28791,1.00,1.12
2017.12.08 16:29:14.177,1.28784,1.28794,1.00,1.50
2017.12.08 16:29:14.658,1.28784,1.28792,1.12,1.00
2017.12.08 16:29:15.160,1.28783,1.28793,3.00,1.00
2017.12.08 16:29:15.688,1.28784,1.28792,1.12,1.00
2017.12.08 16:29:16.333,1.28783,1.28793,3.00,1.00
2017.12.08 16:29:16.995,1.28783,1.28792,2.25,1.00
2017.12.08 16:29:17.602,1.28783,1.28793,3.00,2.25
2017.12.08 16:29:22.087,1.28784,1.28792,1.87,1.00
2017.12.08 16:29:23.334,1.28784,1.28793,1.87,1.50
2017.12.08 16:29:24.120,1.28784,1.28792,2.62,1.00
2017.12.08 16:29:24.775,1.28784,1.28793,2.62,1.50
2017.12.08 16:29:30.934,1.28784,1.28792,1.12,1.00
2017.12.08 16:29:31.484,1.28783,1.28792,1.00,1.00
2017.12.08 16:29:35.007,1.28782,1.28792,1.00,1.50
2017.12.08 16:29:35.811,1.28783,1.28792,1.00,1.50
2017.12.08 16:29:36.559,1.28782,1.28791,1.50,1.00
2017.12.08 16:29:45.908,1.28782,1.28792,1.12,1.50
2017.12.08 16:29:50.486,1.28784,1.28792,1.00,1.50
2017.12.08 16:29:51.003,1.28784,1.28793,1.50,2.25
2017.12.08 16:29:52.493,1.28783,1.28793,1.50,1.00
2017.12.08 16:29:53.280,1.28784,1.28793,1.00,1.50
2017.12.08 16:29:53.603,1.28782,1.28793,3.37,2.70
2017.12.08 16:29:54.563,1.28783,1.28793,1.50,1.50
2017.12.08 16:29:55.230,1.28785,1.28793,1.00,2.25
2017.12.08 16:29:56.159,1.28784,1.28793,1.00,2.25
2017.12.08 16:29:58.089,1.28784,1.28792,1.00,1.00
2017.12.08 16:29:58.612,1.28784,1.28793,1.00,2.25
2017.12.08 16:30:01.089,1.28783,1.28787,1.00,1.00
2017.12.08 16:30:01.141,1.28784,1.28789,1.00,1.00
2017.12.08 16:30:01.195,1.28781,1.28788,1.00,1.00
2017.12.08 16:30:01.720,1.2878,1.28788,1.00,1.00
2017.12.08 16:30:02.615,1.28781,1.28787,1.00,1.00
2017.12.08 16:30:03.154,1.28783,1.28788,2.62,1.00
2017.12.08 16:30:03.207,1.28784,1.28792,1.00,1.00
2017.12.08 16:30:03.724,1.28784,1.28793,2.25,3.00
2017.12.08 16:30:05.265,1.28784,1.28792,1.00,1.00
2017.12.08 16:30:09.107,1.28781,1.28787,1.00,1.00
2017.12.08 16:30:09.159,1.28779,1.28788,1.10,1.00
2017.12.08 16:30:09.709,1.28779,1.28787,1.00,1.00
2017.12.08 16:30:13.747,1.28779,1.28788,1.50,1.00
2017.12.08 16:30:14.930,1.28784,1.28792,1.00,2.70
2017.12.08 16:30:15.450,1.28784,1.28792,1.00,1.00
2017.12.08 16:30:16.282,1.28784,1.28791,1.00,1.00
2017.12.08 16:30:16.665,1.28784,1.28793,1.50,4.50
2017.12.08 16:30:17.090,1.28782,1.28791,1.50,1.00
2017.12.08 16:30:20.077,1.28781,1.28787,1.00,1.00
2017.12.08 16:30:20.128,1.28779,1.28787,1.50,1.00
2017.12.08 16:30:20.180,1.28779,1.28789,1.00,5.44
2017.12.08 16:30:22.077,1.28779,1.28788,1.00,1.00
2017.12.08 16:30:23.069,1.28779,1.28789,1.00,1.50
2017.12.08 16:30:23.596,1.28778,1.28789,4.87,1.50
2017.12.08 16:30:23.926,1.28782,1.28791,1.50,1.57
2017.12.08 16:30:24.457,1.28783,1.28792,1.50,3.00
2017.12.08 16:30:25.124,1.28783,1.28791,1.00,1.00
2017.12.08 16:30:26.095,1.28781,1.28788,1.00,1.00
2017.12.08 16:30:26.198,1.28778,1.28789,5.62,1.50
2017.12.08 16:30:26.727,1.28779,1.28789,1.50,1.50
2017.12.08 16:30:27.269,1.2878,1.28788,1.00,1.00
2017.12.08 16:30:27.321,1.28781,1.28791,3.00,1.57
2017.12.08 16:30:27.424,1.28783,1.28792,1.00,2.62
2017.12.08 16:30:36.355,1.28783,1.28793,1.50,3.00
2017.12.08 16:30:37.526,1.28784,1.28793,1.00,2.25
2017.12.08 16:30:38.034,1.28783,1.28793,2.25,1.00
2017.12.08 16:30:38.576,1.28784,1.28793,1.00,2.25
2017.12.08 16:30:39.110,1.28783,1.28793,2.25,1.50
2017.12.08 16:30:39.815,1.28784,1.28793,1.00,1.50
2017.12.08 16:30:40.321,1.28783,1.28793,2.25,1.00
2017.12.08 16:30:41.134,1.28784,1.28793,1.00,1.50
2017.12.08 16:30:42.560,1.28782,1.28792,1.00,1.00
2017.12.08 16:30:42.612,1.28781,1.2879,3.45,1.00
2017.12.08 16:30:42.766,1.28782,1.28793,1.00,3.75
2017.12.08 16:30:43.151,1.28782,1.28791,1.00,1.00
2017.12.08 16:30:45.832,1.28783,1.28792,1.00,1.00
2017.12.08 16:30:46.622,1.28784,1.28792,1.00,1.50
2017.12.08 16:30:47.171,1.28783,1.28792,2.25,1.00
2017.12.08 16:30:47.933,1.28784,1.28793,1.50,1.00
2017.12.08 16:30:56.229,1.28784,1.28794,2.25,3.00
2017.12.08 16:30:56.856,1.28785,1.28793,1.00,1.00
2017.12.08 16:31:06.105,1.28784,1.28793,1.00,1.00
2017.12.08 16:31:07.253,1.28781,1.2879,1.00,1.00
2017.12.08 16:31:09.591,1.2878,1.2879,1.50,1.00
2017.12.08 16:31:10.123,1.28779,1.2879,6.00,1.00
2017.12.08 16:31:11.274,1.2878,1.2879,1.00,1.00
2017.12.08 16:31:11.949,1.28779,1.2879,3.75,1.00
2017.12.08 16:31:12.550,1.28779,1.28789,2.25,1.00
2017.12.08 16:31:13.134,1.28779,1.28788,2.25,1.50
2017.12.08 16:31:13.438,1.28781,1.28789,1.00,1.00
2017.12.08 16:31:13.948,1.28781,1.2879,1.00,1.00
2017.12.08 16:31:14.471,1.2878,1.2879,2.25,1.00
2017.12.08 16:31:14.995,1.28781,1.2879,1.00,1.50
2017.12.08 16:31:15.504,1.2878,1.28788,1.50,2.25
2017.12.08 16:31:15.711,1.28777,1.28786,1.50,1.00
2017.12.08 16:31:16.424,1.28778,1.28786,1.00,1.00
2017.12.08 16:31:17.076,1.28775,1.28783,1.00,1.50
2017.12.08 16:31:17.180,1.28773,1.28782,1.00,1.50
2017.12.08 16:31:17.695,1.28773,1.28783,1.50,1.50
2017.12.08 16:31:18.874,1.28772,1.28781,1.00,1.00
2017.12.08 16:31:18.979,1.28768,1.28779,2.70,2.25
2017.12.08 16:31:20.362,1.28769,1.28779,1.00,2.62
2017.12.08 16:31:21.036,1.28769,1.28778,1.00,1.00
2017.12.08 16:31:21.641,1.2877,1.28779,1.00,2.25
2017.12.08 16:31:21.850,1.28772,1.2878,1.00,1.00
2017.12.08 16:31:22.057,1.28775,1.28784,1.87,1.50
2017.12.08 16:31:23.802,1.28776,1.28784,1.00,1.00
2017.12.08 16:31:24.368,1.28775,1.28784,1.87,1.00
2017.12.08 16:31:26.684,1.28775,1.28785,2.25,1.00
2017.12.08 16:31:27.189,1.28775,1.28786,2.25,1.87
2017.12.08 16:31:30.166,1.28776,1.28786,1.50,1.00
2017.12.08 16:31:39.487,1.28781,1.28786,1.50,1.00
2017.12.08 16:31:39.539,1.28781,1.2879,2.25,1.00
2017.12.08 16:31:40.266,1.28782,1.28791,2.25,1.50
2017.12.08 16:31:41.026,1.28783,1.28791,1.00,1.00
2017.12.08 16:31:41.574,1.28781,1.28791,1.50,1.50
2017.12.08 16:31:42.135,1.28781,1.28792,3.75,3.37
2017.12.08 16:31:42.825,1.2878,1.28792,4.57,1.87
2017.12.08 16:31:43.372,1.28781,1.28792,1.50,1.12
2017.12.08 16:31:44.220,1.28783,1.28792,1.00,1.12
2017.12.08 16:31:44.324,1.2878,1.28791,5.70,1.00
2017.12.08 16:31:44.484,1.28783,1.28791,1.50,2.25
2017.12.08 16:31:44.588,1.28779,1.28788,1.20,1.50
2017.12.08 16:31:44.895,1.28777,1.28787,2.25,1.00
2017.12.08 16:31:46.551,1.28777,1.28787,1.87,1.37
2017.12.08 16:31:47.349,1.28781,1.28787,1.00,1.37
2017.12.08 16:31:47.971,1.28781,1.2879,2.25,1.50
2017.12.08 16:31:48.023,1.28781,1.28789,1.00,1.75
2017.12.08 16:31:48.075,1.28779,1.28789,1.00,4.87
2017.12.08 16:31:48.435,1.28777,1.28787,2.25,1.87
2017.12.08 16:31:51.138,1.28779,1.28787,1.00,1.37
2017.12.08 16:31:51.344,1.28777,1.28787,1.00,2.62
2017.12.08 16:31:51.860,1.28778,1.28787,1.00,1.87
2017.12.08 16:31:51.911,1.28776,1.28787,3.56,1.87
2017.12.08 16:31:52.510,1.28777,1.28787,1.00,2.62
2017.12.08 16:31:53.018,1.28776,1.28787,3.37,1.87
2017.12.08 16:31:53.596,1.28781,1.2879,1.00,1.95
2017.12.08 16:31:53.811,1.28782,1.28791,1.00,1.87
2017.12.08 16:31:54.331,1.28781,1.28791,2.25,1.12
2017.12.08 16:31:54.868,1.28779,1.28787,1.50,1.37
2017.12.08 16:31:55.984,1.28778,1.28787,3.00,1.37
2017.12.08 16:31:56.616,1.28777,1.28786,1.50,1.87
2017.12.08 16:32:01.736,1.28779,1.28788,2.25,1.50
2017.12.08 16:32:01.788,1.2878,1.28788,1.37,1.00
2017.12.08 16:32:01.919,1.2878,1.2879,2.25,3.00
2017.12.08 16:32:01.975,1.28782,1.28791,1.00,1.87
2017.12.08 16:32:02.029,1.28782,1.28789,1.00,1.00
2017.12.08 16:32:02.082,1.28779,1.28789,1.72,1.50
2017.12.08 16:32:02.976,1.2878,1.28788,1.12,1.00
2017.12.08 16:32:03.095,1.28778,1.28788,3.75,1.75
2017.12.08 16:32:04.438,1.28777,1.28787,1.00,1.50
2017.12.08 16:32:05.026,1.28776,1.28785,3.00,1.37
2017.12.08 16:32:06.650,1.28776,1.28787,1.87,1.87
2017.12.08 16:32:11.306,1.28776,1.28785,1.50,2.06
2017.12.08 16:32:12.061,1.28777,1.28785,1.00,1.37
2017.12.08 16:32:12.599,1.28776,1.28785,1.50,1.37
2017.12.08 16:32:14.713,1.28777,1.28785,1.00,1.37
2017.12.08 16:32:15.397,1.28776,1.28785,2.25,1.37
2017.12.08 16:32:15.591,1.28777,1.28785,1.00,1.00
2017.12.08 16:32:16.105,1.28777,1.28786,1.00,1.12
2017.12.08 16:32:16.619,1.28776,1.28786,1.00,1.12
2017.12.08 16:32:18.548,1.28777,1.28786,1.00,1.12
2017.12.08 16:32:19.078,1.28776,1.28786,1.50,1.12
2017.12.08 16:32:19.625,1.28777,1.28786,1.00,1.12
2017.12.08 16:32:20.288,1.28776,1.28786,3.00,1.12
2017.12.08 16:32:20.346,1.2878,1.28786,1.87,1.00
2017.12.08 16:32:20.398,1.28781,1.28791,1.00,2.62
2017.12.08 16:32:20.450,1.28783,1.28791,1.50,1.37
2017.12.08 16:32:20.760,1.2878,1.28789,1.00,2.25
2017.12.08 16:32:20.812,1.28778,1.28787,1.50,1.37
2017.12.08 16:32:21.968,1.28777,1.28786,1.00,1.37
2017.12.08 16:32:22.123,1.28776,1.28785,1.00,1.75
2017.12.08 16:32:22.176,1.28773,1.28782,4.57,1.37
2017.12.08 16:32:22.679,1.28773,1.28782,2.25,1.37
2017.12.08 16:32:24.441,1.28772,1.28781,1.00,1.50
2017.12.08 16:32:24.966,1.28771,1.28781,1.00,3.00
2017.12.08 16:32:25.932,1.28768,1.28778,1.57,1.37
2017.12.08 16:32:26.643,1.28767,1.28779,3.37,3.37
2017.12.08 16:32:30.497,1.28768,1.28779,1.00,2.62
2017.12.08 16:32:31.032,1.28769,1.28779,1.00,2.62
2017.12.08 16:32:31.309,1.28767,1.28779,4.31,2.62
2017.12.08 16:32:31.712,1.28769,1.28779,1.00,2.62
2017.12.08 16:32:32.264,1.28768,1.28779,1.50,3.37
2017.12.08 16:32:38.934,1.28769,1.28778,1.00,1.37
2017.12.08 16:32:48.802,1.28771,1.2878,2.44,1.00
2017.12.08 16:32:49.009,1.28773,1.28783,1.00,3.37
2017.12.08 16:32:49.740,1.28772,1.28781,2.62,1.12
2017.12.08 16:32:53.707,1.28771,1.28781,3.00,1.12
2017.12.08 16:32:57.915,1.28771,1.2878,1.00,1.50
2017.12.08 16:32:58.019,1.28768,1.28777,1.57,1.12
2017.12.08 16:33:00.304,1.28769,1.28779,1.50,1.37
2017.12.08 16:33:00.407,1.28771,1.28779,1.00,1.37
2017.12.08 16:33:01.339,1.2877,1.2878,1.87,2.25
2017.12.08 16:33:02.250,1.2877,1.28779,3.00,1.00
2017.12.08 16:33:02.354,1.28772,1.2878,1.00,1.50
2017.12.08 16:33:02.675,1.2877,1.28779,1.00,1.50
2017.12.08 16:33:03.882,1.28769,1.28778,1.12,1.37
2017.12.08 16:33:04.319,1.28771,1.28779,1.00,1.50
2017.12.08 16:33:04.607,1.28769,1.28779,1.87,1.50
2017.12.08 16:33:06.422,1.28768,1.28778,1.00,1.87
2017.12.08 16:33:07.141,1.28767,1.28778,3.00,1.87
2017.12.08 16:33:09.626,1.28769,1.28778,1.00,1.37
2017.12.08 16:33:10.177,1.28768,1.28778,2.25,1.37
2017.12.08 16:33:12.373,1.28772,1.28779,1.00,3.00
2017.12.08 16:33:12.731,1.28773,1.28781,1.00,1.12
2017.12.08 16:33:12.783,1.28775,1.28781,1.00,1.12
2017.12.08 16:33:12.988,1.28773,1.28782,1.00,2.62
2017.12.08 16:33:15.181,1.28774,1.28782,1.00,1.37
2017.12.08 16:33:23.778,1.28775,1.28784,1.00,1.50
2017.12.08 16:33:23.881,1.28774,1.28782,1.12,1.00
2017.12.08 16:33:24.659,1.28772,1.28783,2.25,2.25
2017.12.08 16:33:24.990,1.28772,1.28781,1.37,1.00
2017.12.08 16:33:29.038,1.28772,1.2878,1.37,1.00
2017.12.08 16:33:29.750,1.28772,1.28781,1.37,1.50
2017.12.08 16:33:30.349,1.28772,1.2878,1.37,1.00
2017.12.08 16:33:30.763,1.28772,1.2878,1.00,1.50
2017.12.08 16:33:31.376,1.28771,1.28779,1.00,1.47
2017.12.08 16:33:32.972,1.2877,1.28779,1.00,2.62
2017.12.08 16:33:35.668,1.2877,1.28774,1.00,1.00
2017.12.08 16:33:36.301,1.2877,1.28775,1.00,1.00
2017.12.08 16:33:37.524,1.28769,1.28775,1.00,1.00
2017.12.08 16:33:42.756,1.28768,1.28775,1.00,1.00
2017.12.08 16:33:42.962,1.28766,1.28775,1.00,1.00
2017.12.08 16:33:43.967,1.28763,1.28772,1.37,1.00
2017.12.08 16:33:46.070,1.28767,1.28775,1.00,1.20
2017.12.08 16:33:46.379,1.28769,1.28775,1.00,1.00
2017.12.08 16:33:47.861,1.28768,1.28773,1.00,1.00
2017.12.08 16:33:47.913,1.28766,1.28773,1.00,1.00
2017.12.08 16:33:48.264,1.28766,1.28775,2.25,1.00
2017.12.08 16:33:48.366,1.28768,1.28775,1.00,1.00
2017.12.08 16:33:48.878,1.28769,1.28774,1.00,1.00
2017.12.08 16:33:49.544,1.28768,1.28775,1.00,1.00
2017.12.08 16:33:49.698,1.28766,1.28774,1.00,1.00
2017.12.08 16:33:50.441,1.28767,1.28775,1.00,1.20
2017.12.08 16:33:50.686,1.28768,1.28777,1.50,1.87
2017.12.08 16:33:56.461,1.28768,1.28776,1.00,1.00
2017.12.08 16:33:57.273,1.28767,1.28773,1.00,1.00
2017.12.08 16:33:57.326,1.28767,1.28775,1.00,1.00
2017.12.08 16:33:58.376,1.28767,1.28776,1.00,1.50
2017.12.08 16:33:58.742,1.28769,1.28776,1.00,1.50
2017.12.08 16:33:59.318,1.28768,1.28777,1.50,1.12
2017.12.08 16:34:01.587,1.28768,1.28777,4.87,1.00
2017.12.08 16:34:01.639,1.28771,1.28779,1.00,1.50
2017.12.08 16:34:01.691,1.28774,1.28779,1.00,1.00
2017.12.08 16:34:02.238,1.28774,1.2878,1.00,1.00
2017.12.08 16:34:02.540,1.28773,1.28779,1.00,1.87
2017.12.08 16:34:04.063,1.28772,1.28779,1.00,1.37
2017.12.08 16:34:05.604,1.28775,1.28781,1.00,1.87
2017.12.08 16:34:05.658,1.2878,1.28785,1.00,2.25
2017.12.08 16:34:05.710,1.2878,1.28787,1.00,1.50
2017.12.08 16:34:07.653,1.2878,1.28786,1.00,1.00
2017.12.08 16:34:08.386,1.28777,1.28785,1.00,1.50
2017.12.08 16:34:08.911,1.28778,1.28785,1.00,1.00
2017.12.08 16:34:09.076,1.28779,1.28787,1.00,1.95
2017.12.08 16:34:09.128,1.28777,1.28787,1.00,2.70
2017.12.08 16:34:09.385,1.28779,1.28787,1.00,1.87
2017.12.08 16:34:09.912,1.2878,1.28787,1.00,1.87
2017.12.08 16:34:10.582,1.28781,1.28788,1.00,2.62
2017.12.08 16:34:11.543,1.28781,1.28786,1.00,1.00
2017.12.08 16:34:12.211,1.28781,1.28788,1.00,1.95
2017.12.08 16:34:22.657,1.28782,1.28791,1.00,1.50
2017.12.08 16:34:22.709,1.28786,1.28791,1.00,1.00
2017.12.08 16:34:23.245,1.28785,1.28792,1.00,1.12
2017.12.08 16:34:23.958,1.28787,1.28792,1.00,1.12
2017.12.08 16:34:29.844,1.28787,1.28793,1.00,1.00
2017.12.08 16:34:30.154,1.28789,1.28793,1.00,1.00
2017.12.08 16:34:32.627,1.28784,1.28788,1.50,1.00
2017.12.08 16:34:32.679,1.28783,1.28788,1.00,1.00
2017.12.08 16:34:33.254,1.28782,1.28788,1.00,1.50
2017.12.08 16:34:33.459,1.28784,1.28788,1.00,1.00
2017.12.08 16:34:33.615,1.28786,1.28791,1.00,1.00
2017.12.08 16:34:34.459,1.28786,1.2879,1.00,1.00
2017.12.08 16:34:35.099,1.28786,1.28791,1.00,1.00
2017.12.08 16:34:35.614,1.28786,1.28792,1.00,1.00
2017.12.08 16:34:37.921,1.28786,1.28793,1.00,1.87
2017.12.08 16:34:38.468,1.28787,1.28793,1.00,1.00
2017.12.08 16:34:38.622,1.28787,1.28791,1.00,1.00
2017.12.08 16:34:39.126,1.28787,1.28793,1.00,1.37
2017.12.08 16:34:39.676,1.28786,1.28792,1.00,1.12
2017.12.08 16:34:40.198,1.28786,1.28791,1.00,1.00
2017.12.08 16:34:40.560,1.28784,1.2879,1.00,2.25
2017.12.08 16:34:40.613,1.28784,1.28789,1.00,1.50
2017.12.08 16:34:40.667,1.28779,1.28789,1.00,1.37
2017.12.08 16:34:41.208,1.2878,1.28789,1.00,1.37
2017.12.08 16:34:41.675,1.28782,1.28789,1.00,1.37
2017.12.08 16:34:42.199,1.28782,1.2879,1.00,3.37
2017.12.08 16:34:44.193,1.28784,1.28787,1.00,1.00
2017.12.08 16:34:44.245,1.28781,1.28787,1.00,1.37
2017.12.08 16:34:45.062,1.28782,1.28788,1.50,1.00
2017.12.08 16:34:45.474,1.28779,1.28786,1.10,1.00
2017.12.08 16:34:45.577,1.28777,1.28786,1.50,1.00
2017.12.08 16:34:46.104,1.28777,1.28785,2.25,1.00
2017.12.08 16:34:46.803,1.28777,1.28782,1.50,1.00
2017.12.08 16:34:50.874,1.28777,1.28785,1.50,1.00
2017.12.08 16:34:57.877,1.28778,1.28784,1.00,1.00
2017.12.08 16:34:58.926,1.28779,1.28786,1.00,1.50
2017.12.08 16:34:58.978,1.28783,1.28787,1.00,1.00
2017.12.08 16:34:59.081,1.28783,1.2879,1.00,1.00
2017.12.08 16:35:00.942,1.28783,1.2879,1.00,1.87
2017.12.08 16:35:00.994,1.28778,1.28785,2.25,1.00
2017.12.08 16:35:01.535,1.28777,1.28784,1.50,1.00
2017.12.08 16:35:02.148,1.28777,1.28783,1.50,1.00
2017.12.08 16:35:04.373,1.28776,1.2878,1.00,1.00
2017.12.08 16:35:04.425,1.28773,1.28781,1.00,1.00
2017.12.08 16:35:04.927,1.28774,1.28781,1.00,1.00
2017.12.08 16:35:09.295,1.28774,1.2878,1.00,1.00
2017.12.08 16:35:09.349,1.28772,1.28781,2.25,1.87
2017.12.08 16:35:09.889,1.28772,1.28778,1.00,1.00
2017.12.08 16:35:09.940,1.28772,1.2878,1.00,1.00
2017.12.08 16:35:10.754,1.28773,1.2878,1.00,1.00
2017.12.08 16:35:11.667,1.28773,1.28782,1.50,1.00
2017.12.08 16:35:12.057,1.28775,1.28782,1.00,1.00
2017.12.08 16:35:13.889,1.28774,1.28782,1.00,1.00
2017.12.08 16:35:14.198,1.28772,1.2878,1.00,1.00
2017.12.08 16:35:14.741,1.28773,1.2878,1.00,1.00
2017.12.08 16:35:17.155,1.28774,1.28782,2.25,1.00
2017.12.08 16:35:17.671,1.28774,1.28783,2.44,1.50
2017.12.08 16:35:18.890,1.28773,1.28783,1.50,1.50
2017.12.08 16:35:19.805,1.28773,1.2878,1.00,1.00
2017.12.08 16:35:20.334,1.28772,1.2878,2.25,1.00
2017.12.08 16:35:20.949,1.28773,1.2878,1.50,1.00
2017.12.08 16:35:21.506,1.28772,1.28779,2.25,1.00
2017.12.08 16:35:22.432,1.28771,1.28779,2.62,1.00
2017.12.08 16:35:23.247,1.28771,1.28779,1.00,1.87
2017.12.08 16:35:23.380,1.28769,1.28779,2.62,1.87
2017.12.08 16:35:23.433,1.28769,1.28776,1.50,1.00
2017.12.08 16:35:26.697,1.28768,1.28776,3.37,1.00
2017.12.08 16:35:28.415,1.28769,1.28776,1.00,1.00
2017.12.08 16:35:28.947,1.28768,1.28776,3.37,1.00
2017.12.08 16:35:29.725,1.28769,1.28776,1.00,1.00
2017.12.08 16:35:30.825,1.28767,1.28774,1.12,1.00
2017.12.08 16:35:31.136,1.28762,1.28769,3.00,1.00
2017.12.08 16:35:31.962,1.28763,1.28769,1.00,1.00
2017.12.08 16:35:32.489,1.28762,1.28769,1.50,1.00
2017.12.08 16:35:35.954,1.28759,1.28767,2.32,1.00
2017.12.08 16:35:36.007,1.2876,1.28765,1.00,1.00
2017.12.08 16:35:36.059,1.28757,1.28765,1.00,1.00
2017.12.08 16:35:36.542,1.28759,1.28766,1.87,1.00
2017.12.08 16:35:37.312,1.28759,1.28766,1.50,1.00
2017.12.08 16:35:37.516,1.28756,1.28764,3.00,1.12
2017.12.08 16:35:37.568,1.28756,1.28762,1.00,1.00
2017.12.08 16:35:37.891,1.28754,1.28762,2.62,1.00
2017.12.08 16:35:37.943,1.28755,1.2876,1.00,1.00
2017.12.08 16:35:38.097,1.28753,1.2876,3.00,1.00
2017.12.08 16:35:38.289,1.28756,1.28765,2.25,1.87
2017.12.08 16:35:38.799,1.28757,1.28765,2.25,1.37
2017.12.08 16:35:40.501,1.28758,1.28765,1.69,1.37
2017.12.08 16:35:40.604,1.2876,1.28765,1.00,1.37
2017.12.08 16:35:41.118,1.28759,1.28765,1.50,1.37
2017.12.08 16:35:43.443,1.28757,1.28765,2.62,1.37
2017.12.08 16:35:44.105,1.28755,1.28764,2.06,1.12
2017.12.08 16:35:44.779,1.28756,1.28763,1.00,1.00
2017.12.08 16:35:45.790,1.28755,1.28763,1.87,1.00
2017.12.08 16:35:46.851,1.28755,1.28762,2.62,1.00
2017.12.08 16:35:54.710,1.28756,1.28764,1.50,1.12
2017.12.08 16:35:55.241,1.28757,1.28764,1.00,1.12
2017.12.08 16:35:55.778,1.28756,1.28764,3.75,1.12
2017.12.08 16:35:57.029,1.28757,1.28764,1.00,1.12
2017.12.08 16:35:57.535,1.28756,1.28764,2.25,1.12
2017.12.08 16:35:58.633,1.28758,1.28766,1.50,1.37
2017.12.08 16:35:59.165,1.28759,1.28766,1.00,1.37
2017.12.08 16:35:59.923,1.28758,1.28766,2.62,1.37
2017.12.08 16:36:00.473,1.28759,1.28766,1.50,1.37
2017.12.08 16:36:02.143,1.28757,1.28766,2.62,1.87
2017.12.08 16:36:02.715,1.28758,1.28766,1.00,2.62
2017.12.08 16:36:06.558,1.28759,1.28766,1.00,1.37
2017.12.08 16:36:08.327,1.28757,1.28766,3.37,1.37
2017.12.08 16:36:09.727,1.28758,1.28764,1.00,1.12
2017.12.08 16:36:11.736,1.28758,1.28763,1.00,1.00
2017.12.08 16:36:12.157,1.28754,1.28762,1.95,1.00
2017.12.08 16:36:12.732,1.28755,1.28761,1.00,1.00
2017.12.08 16:36:13.584,1.28754,1.28761,1.50,1.00
2017.12.08 16:36:15.449,1.28753,1.28761,1.87,1.00
2017.12.08 16:36:18.489,1.28754,1.28761,1.00,1.00
2017.12.08 16:36:18.995,1.28753,1.28761,1.50,1.00
2017.12.08 16:36:19.790,1.28754,1.28761,1.00,1.00
2017.12.08 16:36:20.308,1.28753,1.28761,1.00,1.00
2017.12.08 16:36:20.461,1.28754,1.28763,1.69,1.50
2017.12.08 16:36:20.514,1.28756,1.28763,1.50,1.00
2017.12.08 16:36:20.828,1.2875,1.28755,1.87,1.87
2017.12.08 16:36:20.880,1.28748,1.28752,1.00,1.00
2017.12.08 16:36:20.932,1.28745,1.28751,1.00,1.00
2017.12.08 16:36:21.520,1.28744,1.28752,1.00,1.00
2017.12.08 16:36:22.033,1.28744,1.28751,1.00,1.00
2017.12.08 16:36:22.571,1.28743,1.28751,1.50,1.00
2017.12.08 16:36:26.501,1.28739,1.28748,1.12,3.19
2017.12.08 16:36:26.554,1.28739,1.28748,1.87,1.00
2017.12.08 16:36:26.658,1.28741,1.28748,2.25,1.00
2017.12.08 16:36:35.609,1.28743,1.28748,1.00,1.00
2017.12.08 16:36:36.122,1.28741,1.28748,4.42,1.00
2017.12.08 16:36:36.673,1.28742,1.2875,1.12,1.00
2017.12.08 16:36:45.292,1.28741,1.28747,1.37,1.00
2017.12.08 16:36:46.508,1.28741,1.28747,1.12,1.00
2017.12.08 16:36:46.716,1.28743,1.2875,1.50,1.00
2017.12.08 16:36:50.018,1.28743,1.28753,1.50,2.25
2017.12.08 16:36:51.729,1.28744,1.28753,1.50,2.25
2017.12.08 16:36:54.687,1.28743,1.28752,1.50,1.00
2017.12.08 16:36:55.134,1.28746,1.28753,1.00,1.00
2017.12.08 16:36:55.473,1.2875,1.28758,1.00,3.75
2017.12.08 16:36:56.091,1.28749,1.28757,1.50,1.50
2017.12.08 16:36:58.949,1.28747,1.28755,1.87,1.37
2017.12.08 16:36:59.054,1.28744,1.28754,2.44,1.12
2017.12.08 16:37:00.094,1.28745,1.28754,1.00,1.12
2017.12.08 16:37:00.624,1.28746,1.28754,1.00,1.12
2017.12.08 16:37:01.166,1.28747,1.28754,2.25,1.12
2017.12.08 16:37:01.270,1.28751,1.28756,1.00,1.62
2017.12.08 16:37:01.578,1.28752,1.28757,1.00,3.19
2017.12.08 16:37:01.825,1.28749,1.28757,1.50,3.19
2017.12.08 16:37:02.442,1.28748,1.28756,1.50,1.37
2017.12.08 16:37:03.456,1.28749,1.28756,1.00,1.37
2017.12.08 16:37:03.997,1.28748,1.28757,1.50,2.44
2017.12.08 16:37:04.048,1.2875,1.28756,1.00,1.37
2017.12.08 16:37:04.626,1.28749,1.28756,1.00,1.62
2017.12.08 16:37:05.878,1.28748,1.28756,1.50,1.62
2017.12.08 16:37:08.314,1.28749,1.28757,1.00,2.25
2017.12.08 16:37:08.849,1.28748,1.28757,1.50,2.44
2017.12.08 16:37:09.368,1.28747,1.28757,1.00,3.19
2017.12.08 16:37:12.057,1.28745,1.28755,3.75,2.62
2017.12.08 16:37:12.596,1.28746,1.28755,1.00,3.37
2017.12.08 16:37:13.990,1.28745,1.28754,1.50,1.12
2017.12.08 16:37:20.074,1.28747,1.28754,1.50,1.12
2017.12.08 16:37:20.598,1.28748,1.28757,1.00,2.25
2017.12.08 16:37:21.884,1.28749,1.28757,1.00,1.50
2017.12.08 16:37:22.549,1.28748,1.28757,2.25,2.25
2017.12.08 16:37:24.970,1.28749,1.28757,1.00,1.50
2017.12.08 16:37:25.491,1.28748,1.28758,1.50,4.12
2017.12.08 16:37:26.109,1.28749,1.28757,1.00,1.50
2017.12.08 16:37:26.719,1.2875,1.28757,1.00,1.50
2017.12.08 16:37:26.923,1.28747,1.28757,3.00,1.50
2017.12.08 16:37:28.258,1.28748,1.28757,2.25,2.25
2017.12.08 16:37:30.506,1.28749,1.28758,1.00,3.37
2017.12.08 16:37:31.320,1.28748,1.28758,3.19,2.62
2017.12.08 16:37:31.859,1.28747,1.28756,2.25,1.37
2017.12.08 16:37:33.663,1.28748,1.28756,1.00,1.37
2017.12.08 16:37:34.311,1.28747,1.28757,3.75,1.50
2017.12.08 16:37:34.939,1.28748,1.28757,1.00,1.50
2017.12.08 16:37:38.212,1.28745,1.28755,1.00,2.62
2017.12.08 16:37:38.908,1.28746,1.28755,1.00,1.37
2017.12.08 16:37:39.459,1.28747,1.28755,1.00,1.37
2017.12.08 16:37:40.096,1.28746,1.28755,1.00,1.37
2017.12.08 16:37:41.524,1.28744,1.28755,2.25,1.87
2017.12.08 16:37:42.088,1.28745,1.28755,1.00,1.87
2017.12.08 16:37:42.688,1.28744,1.28755,1.00,1.87
2017.12.08 16:37:42.741,1.28749,1.28756,1.00,1.00
2017.12.08 16:37:43.732,1.28749,1.28757,1.00,1.50
2017.12.08 16:37:44.259,1.28747,1.28757,2.25,1.50
2017.12.08 16:37:44.872,1.28748,1.28756,1.00,1.00
2017.12.08 16:37:45.965,1.28747,1.28757,3.75,1.50
2017.12.08 16:37:46.472,1.28749,1.28757,1.00,1.50
2017.12.08 16:37:47.125,1.28749,1.28756,1.00,1.00
2017.12.08 16:37:48.885,1.28747,1.28757,3.75,2.25
2017.12.08 16:37:49.111,1.28747,1.28755,1.00,1.37
2017.12.08 16:37:49.264,1.28745,1.28753,1.00,1.00
2017.12.08 16:37:49.315,1.28743,1.28753,1.00,1.50
2017.12.08 16:37:55.620,1.28744,1.28752,1.00,1.00
2017.12.08 16:37:57.357,1.28743,1.28752,1.00,1.00
2017.12.08 16:37:57.517,1.28741,1.28752,1.87,1.50
2017.12.08 16:37:57.774,1.28743,1.28752,1.00,1.87
2017.12.08 16:37:58.755,1.28742,1.28752,1.00,1.12
2017.12.08 16:37:59.388,1.28743,1.28752,1.00,1.12
2017.12.08 16:38:00.126,1.28742,1.28752,1.00,1.12
2017.12.08 16:38:00.631,1.28743,1.28752,1.00,1.12
2017.12.08 16:38:01.230,1.28742,1.28752,1.50,1.12
2017.12.08 16:38:01.775,1.28743,1.28752,1.00,1.12
2017.12.08 16:38:02.307,1.28744,1.28753,1.50,1.87
2017.12.08 16:38:02.838,1.28743,1.28753,1.50,1.87
2017.12.08 16:38:03.595,1.28744,1.28754,1.50,2.25
2017.12.08 16:38:04.270,1.28743,1.28754,3.37,1.00
2017.12.08 16:38:06.647,1.28748,1.28755,1.00,3.37
2017.12.08 16:38:09.324,1.28749,1.28757,1.00,1.69
2017.12.08 16:38:10.069,1.28747,1.28756,1.00,2.62
2017.12.08 16:38:12.044,1.28745,1.28754,2.25,1.12
2017.12.08 16:38:17.736,1.28746,1.28755,1.50,1.87
2017.12.08 16:38:18.044,1.2875,1.28757,1.00,2.25
2017.12.08 16:38:20.598,1.2875,1.28757,1.00,2.25
2017.12.08 16:38:23.042,1.28749,1.28757,1.00,2.25
2017.12.08 16:38:27.352,1.28749,1.28757,1.00,2.25
2017.12.08 16:38:27.934,1.2875,1.28757,1.00,1.75
2017.12.08 16:38:29.323,1.2875,1.28757,1.00,1.75
2017.12.08 16:38:30.500,1.28749,1.28757,1.00,2.25
2017.12.08 16:38:31.011,1.28748,1.28757,2.25,1.50
2017.12.08 16:38:32.438,1.28751,1.28757,1.00,2.25
2017.12.08 16:38:33.323,1.28749,1.28757,1.00,2.25
2017.12.08 16:38:33.968,1.28751,1.28757,1.00,1.50
2017.12.08 16:38:34.316,1.28749,1.28757,1.00,1.50
2017.12.08 16:38:36.708,1.28749,1.28757,1.00,3.00
2017.12.08 16:38:37.586,1.28748,1.28757,1.50,3.00
2017.12.08 16:38:38.132,1.28749,1.28757,1.00,1.37
2017.12.08 16:38:38.633,1.28749,1.28757,1.00,1.37
2017.12.08 16:38:40.543,1.28751,1.28757,1.00,1.37
2017.12.08 16:38:41.054,1.2875,1.28757,1.00,1.37
2017.12.08 16:38:41.577,1.2875,1.28757,1.50,1.37
2017.12.08 16:38:52.484,1.28751,1.28759,1.00,2.25
2017.12.08 16:38:53.010,1.2875,1.28759,1.50,2.25
2017.12.08 16:38:55.217,1.28751,1.28757,1.00,1.37
2017.12.08 16:38:58.783,1.28751,1.28758,1.12,1.00
2017.12.08 16:38:59.304,1.28751,1.28759,1.12,1.00
2017.12.08 16:39:00.320,1.2875,1.28759,3.19,1.37
2017.12.08 16:39:00.791,1.28751,1.2876,1.87,1.12
2017.12.08 16:39:11.053,1.28752,1.2876,1.00,1.12
2017.12.08 16:39:12.541,1.28753,1.2876,1.00,1.12
2017.12.08 16:39:14.406,1.28751,1.28759,3.00,1.37
2017.12.08 16:39:16.591,1.28752,1.28761,1.00,2.25
2017.12.08 16:39:17.349,1.28752,1.2876,1.00,1.00
2017.12.08 16:39:17.936,1.28752,1.2876,1.00,1.37
2017.12.08 16:39:19.040,1.28751,1.2876,2.25,1.37
2017.12.08 16:39:19.810,1.2875,1.28759,1.87,1.12
2017.12.08 16:39:21.085,1.2875,1.28758,1.50,1.00
2017.12.08 16:39:21.731,1.28748,1.28756,2.25,1.00
2017.12.08 16:39:22.085,1.28745,1.28753,1.62,1.50
2017.12.08 16:39:22.805,1.28746,1.28755,1.87,3.00
2017.12.08 16:39:23.478,1.28748,1.28754,1.12,1.00
2017.12.08 16:39:23.530,1.28748,1.28756,1.12,1.00
2017.12.08 16:39:24.458,1.28747,1.28755,1.37,1.00
2017.12.08 16:39:27.178,1.28745,1.28754,2.62,1.00
2017.12.08 16:39:27.737,1.28745,1.28753,1.87,1.50
2017.12.08 16:39:28.250,1.28745,1.28752,1.37,1.00
2017.12.08 16:39:31.723,1.28743,1.28752,1.37,1.00
2017.12.08 16:39:37.115,1.28742,1.28751,1.87,1.00
2017.12.08 16:39:37.167,1.28741,1.28751,1.50,1.12
2017.12.08 16:39:37.219,1.28741,1.28749,1.50,1.00
2017.12.08 16:39:38.226,1.28742,1.2875,1.00,1.00
2017.12.08 16:39:38.331,1.28745,1.28754,1.00,1.57
2017.12.08 16:39:38.383,1.28747,1.28754,1.00,1.10
2017.12.08 16:39:42.173,1.28746,1.28754,1.50,1.00
2017.12.08 16:39:49.373,1.28745,1.28753,1.25,1.00
2017.12.08 16:39:49.882,1.28744,1.28753,1.12,3.07
2017.12.08 16:39:50.394,1.28744,1.28752,1.87,1.00
2017.12.08 16:39:52.558,1.28744,1.28753,1.12,1.00
2017.12.08 16:39:53.643,1.28744,1.28752,1.87,1.00
2017.12.08 16:39:54.370,1.28744,1.28753,1.12,1.00
2017.12.08 16:39:54.980,1.28744,1.28752,1.87,1.00
2017.12.08 16:39:55.031,1.28744,1.28754,1.87,2.70
2017.12.08 16:39:57.468,1.28744,1.28753,2.62,1.10
2017.12.08 16:40:03.046,1.28744,1.28752,1.12,1.00
2017.12.08 16:40:03.561,1.28744,1.28753,1.12,1.00
2017.12.08 16:40:08.206,1.28744,1.28754,1.31,2.25
2017.12.08 16:40:16.028,1.28745,1.28754,1.00,2.25
2017.12.08 16:40:17.911,1.28746,1.28754,1.00,1.50
2017.12.08 16:40:18.561,1.28746,1.28753,1.00,1.00
2017.12.08 16:40:19.297,1.28747,1.28753,1.00,1.00
2017.12.08 16:40:19.349,1.28749,1.28754,2.62,1.00
2017.12.08 16:40:19.504,1.28746,1.28754,3.45,1.00
2017.12.08 16:40:19.659,1.28749,1.28753,1.00,1.00
2017.12.08 16:40:20.290,1.28748,1.28753,1.00,1.00
2017.12.08 16:40:21.965,1.28746,1.28753,1.50,1.00
2017.12.08 16:40:23.240,1.28747,1.28753,1.00,1.00
2017.12.08 16:40:23.771,1.28746,1.28753,2.25,1.00
2017.12.08 16:40:24.992,1.28747,1.28753,1.00,1.00
2017.12.08 16:40:25.895,1.28746,1.28753,1.50,1.00
2017.12.08 16:40:26.440,1.28746,1.28754,1.00,1.00
2017.12.08 16:40:27.050,1.28745,1.28754,1.10,1.50
2017.12.08 16:40:30.095,1.28747,1.28754,1.00,1.00
2017.12.08 16:40:30.662,1.28748,1.28753,1.50,1.00
2017.12.08 16:40:31.191,1.28747,1.28753,3.00,1.00
2017.12.08 16:40:32.072,1.28747,1.28754,1.50,1.00
2017.12.08 16:40:32.961,1.28747,1.28753,1.50,1.00
2017.12.08 16:40:42.821,1.28747,1.28754,1.50,1.00
2017.12.08 16:40:43.353,1.28746,1.28753,1.00,1.00
2017.12.08 16:40:46.140,1.28746,1.28754,2.25,1.00
2017.12.08 16:40:46.647,1.28747,1.28753,1.00,1.00
2017.12.08 16:40:55.312,1.28748,1.28753,1.00,1.00
2017.12.08 16:40:55.767,1.28746,1.28754,3.00,1.00
2017.12.08 16:40:56.383,1.28747,1.28753,2.25,1.00
2017.12.08 16:40:57.149,1.28747,1.28754,1.50,1.00
2017.12.08 16:40:57.726,1.28748,1.28754,1.00,1.00
2017.12.08 16:41:02.702,1.28748,1.28753,1.00,1.00
2017.12.08 16:41:03.599,1.28748,1.28754,1.00,1.00
2017.12.08 16:41:07.253,1.28746,1.28754,1.50,1.00
2017.12.08 16:41:11.096,1.28747,1.28754,1.00,1.00
2017.12.08 16:41:13.512,1.28746,1.28754,1.50,1.00
2017.12.08 16:41:13.978,1.28748,1.28754,1.00,1.00
2017.12.08 16:41:14.490,1.28747,1.28753,1.00,1.00
2017.12.08 16:41:17.679,1.28746,1.28753,1.50,1.00
2017.12.08 16:41:18.219,1.28745,1.28753,2.25,1.00
2017.12.08 16:41:19.416,1.28746,1.28753,1.00,1.00
2017.12.08 16:41:20.800,1.28745,1.28753,2.25,1.00
2017.12.08 16:41:21.318,1.28744,1.28753,1.00,1.00
2017.12.08 16:41:21.841,1.28745,1.28753,1.00,1.00
2017.12.08 16:41:22.345,1.28744,1.28753,1.00,1.00
2017.12.08 16:41:23.283,1.28745,1.28753,1.00,1.00
2017.12.08 16:41:23.945,1.28744,1.28753,1.50,1.00
2017.12.08 16:41:24.499,1.28745,1.28753,1.00,1.00
2017.12.08 16:41:24.875,1.28747,1.28754,1.12,1.00
2017.12.08 16:41:25.131,1.28745,1.28754,1.00,1.50
2017.12.08 16:41:25.649,1.28744,1.28754,1.00,1.50
2017.12.08 16:41:27.818,1.28744,1.28753,1.50,1.00
2017.12.08 16:41:28.287,1.28746,1.28754,1.50,1.00
2017.12.08 16:41:28.876,1.28745,1.28753,1.00,1.00
2017.12.08 16:41:30.101,1.28745,1.28754,1.50,1.50
2017.12.08 16:41:30.570,1.28749,1.28753,1.12,1.00
2017.12.08 16:41:31.975,1.28749,1.28754,2.62,1.00
2017.12.08 16:41:39.270,1.28749,1.28754,1.12,1.50
2017.12.08 16:41:40.359,1.28748,1.28754,1.87,1.00
2017.12.08 16:41:41.029,1.28748,1.28754,2.62,1.00
2017.12.08 16:41:43.667,1.28748,1.28754,2.62,1.00
2017.12.08 16:41:49.059,1.28749,1.28754,1.00,1.00
2017.12.08 16:41:49.736,1.28748,1.28754,2.62,1.00
2017.12.08 16:41:50.252,1.28748,1.28754,2.62,1.00
2017.12.08 16:41:58.217,1.28748,1.28754,2.62,1.00
2017.12.08 16:41:58.320,1.28748,1.28754,4.12,1.00
2017.12.08 16:41:59.090,1.28748,1.28754,4.87,1.00
2017.12.08 16:41:59.595,1.28748,1.28754,2.62,1.00
2017.12.08 16:42:01.109,1.28748,1.28754,4.87,1.00
2017.12.08 16:42:01.665,1.28748,1.28753,3.37,1.00
2017.12.08 16:42:05.271,1.28748,1.28754,1.87,1.00
2017.12.08 16:42:05.777,1.28748,1.28753,4.87,1.00
2017.12.08 16:42:07.356,1.28749,1.28754,1.87,1.00
2017.12.08 16:42:17.510,1.28748,1.28754,1.87,1.00
2017.12.08 16:42:18.140,1.28749,1.28754,1.00,1.00
2017.12.08 16:42:18.644,1.28748,1.28754,2.62,1.00
2017.12.08 16:42:19.085,1.28749,1.28754,1.37,1.00
2017.12.08 16:42:20.117,1.28749,1.28753,1.12,1.00
2017.12.08 16:42:20.638,1.28749,1.28753,1.12,1.00
2017.12.08 16:42:21.407,1.28748,1.28753,2.62,1.00
2017.12.08 16:42:21.937,1.28748,1.28754,1.87,1.00
2017.12.08 16:42:22.454,1.28748,1.28753,3.37,1.00
2017.12.08 16:42:22.967,1.28748,1.28754,1.87,1.00
2017.12.08 16:42:25.104,1.28745,1.28752,4.12,1.00
2017.12.08 16:42:25.628,1.28746,1.28753,2.25,1.00
2017.12.08 16:42:25.680,1.28747,1.28754,1.87,1.00
2017.12.08 16:42:26.286,1.28748,1.28754,1.87,1.00
2017.12.08 16:42:27.613,1.28747,1.28754,1.50,1.00
2017.12.08 16:42:28.128,1.28746,1.28754,1.50,1.00
2017.12.08 16:42:28.667,1.28747,1.28754,1.00,1.00
2017.12.08 16:42:29.168,1.28746,1.28754,1.50,1.00
2017.12.08 16:42:29.869,1.28745,1.28754,4.12,1.00
2017.12.08 16:42:31.712,1.28746,1.28754,1.00,1.00
2017.12.08 16:42:33.560,1.28747,1.28754,1.00,1.00
2017.12.08 16:42:34.535,1.28746,1.28754,1.50,1.00
2017.12.08 16:42:36.467,1.28747,1.28754,1.00,1.00
2017.12.08 16:42:38.176,1.28746,1.28754,1.50,1.00
2017.12.08 16:42:39.428,1.28746,1.28753,1.00,1.00
2017.12.08 16:42:39.582,1.28744,1.28752,1.12,1.00
2017.12.08 16:42:39.634,1.28743,1.2875,1.37,1.00
2017.12.08 16:42:40.150,1.28742,1.28751,1.37,1.87
2017.12.08 16:42:47.223,1.28741,1.28751,1.50,3.37
2017.12.08 16:42:47.741,1.28741,1.28751,1.37,1.87
2017.12.08 16:42:56.683,1.28743,1.28752,1.87,1.00
2017.12.08 16:42:58.846,1.28745,1.28752,1.00,1.00
2017.12.08 16:42:59.709,1.28744,1.28752,3.37,1.00
2017.12.08 16:43:00.226,1.28745,1.28752,1.00,1.00
2017.12.08 16:43:00.807,1.28745,1.28753,1.50,1.00
2017.12.08 16:43:01.310,1.28744,1.28753,3.37,1.00
2017.12.08 16:43:01.813,1.28745,1.28753,1.50,1.00
2017.12.08 16:43:03.106,1.28744,1.28753,3.37,1.00
2017.12.08 16:43:03.759,1.28745,1.28753,1.00,1.00
2017.12.08 16:43:04.387,1.28744,1.28753,3.37,1.00
2017.12.08 16:43:04.900,1.28745,1.28753,1.00,1.00
2017.12.08 16:43:05.488,1.28744,1.28753,3.37,1.00
2017.12.08 16:43:06.066,1.28745,1.28753,1.00,1.00
2017.12.08 16:43:06.752,1.28744,1.28753,3.37,1.00
2017.12.08 16:43:07.447,1.28745,1.28753,1.00,1.00
2017.12.08 16:43:18.216,1.28746,1.28753,1.00,1.00
2017.12.08 16:43:19.848,1.28745,1.28753,1.50,1.00
2017.12.08 16:43:31.606,1.28745,1.28754,3.00,1.00
2017.12.08 16:43:32.352,1.28748,1.28754,1.00,1.00
2017.12.08 16:43:32.660,1.28749,1.28753,1.12,1.00
2017.12.08 16:43:32.711,1.28748,1.28755,1.00,1.00
2017.12.08 16:43:32.815,1.28748,1.28757,1.00,3.37
2017.12.08 16:43:33.646,1.28749,1.28757,1.00,1.87
2017.12.08 16:43:34.638,1.28748,1.28757,1.00,1.87
2017.12.08 16:43:35.408,1.28749,1.28757,1.00,1.87
2017.12.08 16:43:35.923,1.28748,1.28757,1.00,1.87
2017.12.08 16:43:37.327,1.28748,1.28755,1.50,1.00
2017.12.08 16:43:40.954,1.28748,1.28757,1.50,2.62
2017.12.08 16:43:41.562,1.28747,1.28756,1.50,1.00
2017.12.08 16:43:41.795,1.28745,1.28753,1.00,1.00
2017.12.08 16:43:42.103,1.28746,1.28753,1.50,1.00
2017.12.08 16:43:42.646,1.28747,1.28754,1.37,2.25
2017.12.08 16:43:43.160,1.28747,1.28753,1.37,1.00
2017.12.08 16:43:43.761,1.28748,1.28755,1.37,1.00
2017.12.08 16:43:44.535,1.28747,1.28754,1.37,1.00
2017.12.08 16:43:46.992,1.28747,1.28753,1.37,1.00
2017.12.08 16:43:47.536,1.28747,1.28752,1.37,1.00
2017.12.08 16:43:52.323,1.28747,1.28754,2.62,1.50
2017.12.08 16:44:24.673,1.28745,1.28754,1.12,1.00
2017.12.08 16:44:25.039,1.28747,1.28754,1.87,1.00
2017.12.08 16:44:29.102,1.28747,1.28755,1.87,1.50
2017.12.08 16:44:41.236,1.28747,1.28754,1.87,1.00
2017.12.08 16:44:42.749,1.28747,1.28755,1.37,2.62
2017.12.08 16:44:44.190,1.28747,1.28754,1.87,1.00
2017.12.08 16:44:44.750,1.28747,1.28755,1.37,1.87
2017.12.08 16:44:57.213,1.28749,1.28756,2.62,1.00
2017.12.08 16:44:59.940,1.28748,1.28756,5.25,1.00
2017.12.08 16:45:01.906,1.28749,1.28757,1.12,1.00
2017.12.08 16:45:03.295,1.28748,1.28756,1.87,1.00
2017.12.08 16:45:07.865,1.2875,1.28755,1.00,1.00
2017.12.08 16:45:08.805,1.2875,1.28756,1.00,1.00
2017.12.08 16:45:09.623,1.28749,1.28757,2.25,1.00
2017.12.08 16:45:10.153,1.28749,1.28755,1.50,1.00
2017.12.08 16:45:10.666,1.28748,1.28755,3.37,1.00
2017.12.08 16:45:11.240,1.28748,1.28755,3.37,1.00
2017.12.08 16:45:15.459,1.28749,1.28756,1.50,1.00
2017.12.08 16:45:16.008,1.28749,1.28756,2.25,1.00
2017.12.08 16:45:16.694,1.2875,1.28756,1.00,1.00
2017.12.08 16:45:17.273,1.28752,1.28756,1.00,1.00
2017.12.08 16:45:17.376,1.2875,1.28756,1.00,1.00
2017.12.08 16:45:17.899,1.28748,1.28756,2.62,1.00
2017.12.08 16:45:24.893,1.28749,1.28757,1.12,1.50
2017.12.08 16:45:26.576,1.28748,1.28756,1.37,1.00
2017.12.08 16:45:27.610,1.28744,1.28754,3.75,1.50
2017.12.08 16:45:28.143,1.28745,1.28754,1.00,1.50
2017.12.08 16:45:28.881,1.28744,1.28754,3.75,1.50
2017.12.08 16:45:29.172,1.28747,1.28754,1.37,1.00
2017.12.08 16:45:29.275,1.28748,1.28755,1.00,1.00
2017.12.08 16:45:29.634,1.28746,1.28754,1.50,1.00
2017.12.08 16:45:30.168,1.28746,1.28755,1.50,1.12
2017.12.08 16:45:32.001,1.28747,1.28755,1.00,1.12
2017.12.08 16:45:32.512,1.28746,1.28755,1.50,1.12
2017.12.08 16:45:35.185,1.28746,1.28754,1.50,1.00
2017.12.08 16:45:35.728,1.28747,1.28754,1.00,1.00
2017.12.08 16:45:37.835,1.28746,1.28754,1.00,1.00
2017.12.08 16:45:38.354,1.28747,1.28754,1.00,1.00
2017.12.08 16:45:39.282,1.28746,1.28754,1.00,1.00
2017.12.08 16:45:41.365,1.28745,1.28754,2.25,1.00
2017.12.08 16:45:42.055,1.28745,1.28753,2.25,1.00
2017.12.08 16:45:42.978,1.28746,1.28753,1.00,1.00
2017.12.08 16:45:43.879,1.28745,1.28753,2.25,1.00
2017.12.08 16:45:45.897,1.28746,1.28753,1.00,1.00
2017.12.08 16:45:47.096,1.28745,1.28753,2.25,1.00
2017.12.08 16:45:49.442,1.28746,1.28753,1.00,1.00
2017.12.08 16:45:50.371,1.28745,1.28753,2.25,1.00
2017.12.08 16:45:56.837,1.28746,1.28753,1.00,1.00
2017.12.08 16:45:59.987,1.28745,1.28753,2.25,1.00
2017.12.08 16:46:00.172,1.28745,1.28755,2.25,1.87
2017.12.08 16:46:00.703,1.28746,1.28754,1.00,1.00
2017.12.08 16:46:02.637,1.28745,1.28753,1.00,1.00
2017.12.08 16:46:03.113,1.28745,1.28751,1.00,1.00
2017.12.08 16:46:03.624,1.28745,1.28752,1.00,1.00
2017.12.08 16:46:06.309,1.28742,1.28751,1.87,1.12
2017.12.08 16:46:06.364,1.28741,1.2875,1.87,1.50
2017.12.08 16:46:06.419,1.28739,1.28747,1.37,1.00
2017.12.08 16:46:06.731,1.28747,1.28751,1.00,1.50
2017.12.08 16:46:07.321,1.28747,1.28752,1.00,1.00
2017.12.08 16:46:07.373,1.28744,1.28751,1.12,1.00
2017.12.08 16:46:08.286,1.28744,1.28754,3.00,2.62
2017.12.08 16:46:08.390,1.28747,1.28754,1.37,1.00
2017.12.08 16:46:08.442,1.28744,1.28752,3.00,1.00
2017.12.08 16:46:08.494,1.28744,1.28753,2.62,2.62
2017.12.08 16:46:09.001,1.28743,1.28752,1.37,1.50
2017.12.08 16:46:09.286,1.28744,1.28752,1.75,1.50
2017.12.08 16:46:09.851,1.28746,1.28753,1.37,1.50
2017.12.08 16:46:10.474,1.28746,1.28752,2.62,1.00
2017.12.08 16:46:11.094,1.28746,1.28753,1.37,1.50
2017.12.08 16:46:12.023,1.28746,1.28752,2.62,1.00
2017.12.08 16:46:12.683,1.28746,1.28753,1.37,1.50
2017.12.08 16:46:15.220,1.28746,1.28752,3.37,1.00
2017.12.08 16:46:18.980,1.28746,1.28753,1.87,1.50
2017.12.08 16:46:19.651,1.28746,1.28752,3.37,1.00
2017.12.08 16:46:20.222,1.28746,1.28753,1.37,1.50
2017.12.08 16:46:25.101,1.28747,1.28755,1.37,1.00
2017.12.08 16:46:27.486,1.28748,1.28756,2.62,1.00
2017.12.08 16:46:32.224,1.28749,1.28755,1.87,1.00
2017.12.08 16:46:34.484,1.2875,1.28759,1.50,2.32
2017.12.08 16:46:34.587,1.28748,1.28756,1.37,1.50
2017.12.08 16:46:35.879,1.28747,1.28756,2.62,1.50
2017.12.08 16:46:37.937,1.28747,1.28755,1.87,1.00
2017.12.08 16:46:37.990,1.28747,1.28755,1.00,1.00
2017.12.08 16:46:38.042,1.28744,1.28753,3.00,1.00
2017.12.08 16:46:38.409,1.28745,1.28754,3.00,1.50
2017.12.08 16:46:39.959,1.28747,1.28755,4.12,1.00
2017.12.08 16:46:41.675,1.28747,1.28756,2.62,1.00
2017.12.08 16:46:55.133,1.28749,1.28757,1.87,1.00
2017.12.08 16:46:55.290,1.2875,1.28759,1.12,1.00
2017.12.08 16:46:55.835,1.28749,1.28758,3.37,1.00
2017.12.08 16:46:58.971,1.28751,1.2876,1.00,3.00
2017.12.08 16:46:59.588,1.2875,1.28759,1.87,1.00
2017.12.08 16:47:00.243,1.2875,1.2876,1.87,3.00
2017.12.08 16:47:05.282,1.28749,1.28759,2.62,1.00
2017.12.08 16:47:05.859,1.28749,1.28759,1.87,1.50
2017.12.08 16:47:06.570,1.28749,1.28759,1.87,1.50
2017.12.08 16:47:08.425,1.2875,1.2876,1.87,1.50
2017.12.08 16:47:09.340,1.28749,1.28758,1.87,1.87
2017.12.08 16:47:09.850,1.28749,1.28759,1.37,3.00
2017.12.08 16:47:10.359,1.28748,1.28757,3.37,1.10
2017.12.08 16:47:10.782,1.28748,1.28755,2.62,1.00
2017.12.08 16:47:13.844,1.28748,1.28757,3.37,1.95
2017.12.08 16:47:14.384,1.28748,1.28757,3.37,1.10
2017.12.08 16:47:15.965,1.28751,1.28757,1.00,1.10
2017.12.08 16:47:16.621,1.2875,1.28757,1.12,1.10
2017.12.08 16:47:18.306,1.28749,1.28757,1.00,1.10
2017.12.08 16:47:18.834,1.2875,1.28757,1.00,1.20
2017.12.08 16:47:21.837,1.28751,1.28757,1.00,1.00
2017.12.08 16:47:22.089,1.28751,1.28759,1.00,1.95
2017.12.08 16:47:26.829,1.28751,1.28759,1.50,2.70
2017.12.08 16:47:27.378,1.28751,1.28759,1.00,1.95
2017.12.08 16:47:28.006,1.28749,1.28756,1.37,1.00
2017.12.08 16:47:28.805,1.28747,1.28756,3.00,1.95
2017.12.08 16:47:29.309,1.28747,1.28756,3.00,1.20
2017.12.08 16:47:30.541,1.28748,1.28756,1.00,1.20
2017.12.08 16:47:31.066,1.28747,1.28756,3.00,1.20
2017.12.08 16:47:35.370,1.28748,1.28756,1.00,1.20
2017.12.08 16:47:35.875,1.28747,1.28756,3.00,1.20
2017.12.08 16:47:36.586,1.28748,1.28756,1.37,1.00
2017.12.08 16:47:37.113,1.28748,1.28757,2.62,3.07
2017.12.08 16:47:43.027,1.28748,1.28756,1.37,1.57
2017.12.08 16:47:43.576,1.28748,1.28756,2.62,3.45
2017.12.08 16:47:48.723,1.28748,1.28755,1.37,1.20
2017.12.08 16:47:48.775,1.28747,1.28755,1.00,1.95
2017.12.08 16:47:48.827,1.28745,1.28754,1.12,2.25
2017.12.08 16:47:48.930,1.28745,1.28752,1.12,1.20
2017.12.08 16:47:58.120,1.28745,1.28754,1.12,3.45
2017.12.08 16:48:12.208,1.28746,1.28754,1.00,4.57
2017.12.08 16:48:12.706,1.28746,1.28751,1.00,1.20
2017.12.08 16:48:12.758,1.28742,1.2875,1.50,1.00
2017.12.08 16:48:12.809,1.28742,1.2875,2.25,1.57
2017.12.08 16:48:13.746,1.28742,1.2875,2.25,1.10
2017.12.08 16:48:13.849,1.28744,1.28751,1.00,1.20
2017.12.08 16:48:15.837,1.28744,1.28751,1.00,1.95
2017.12.08 16:48:15.992,1.28745,1.28752,1.12,1.95
2017.12.08 16:48:24.620,1.28743,1.28751,1.37,1.20
2017.12.08 16:48:26.819,1.28741,1.2875,3.00,1.20
2017.12.08 16:48:26.872,1.2874,1.28747,1.50,1.87
2017.12.08 16:48:27.183,1.28737,1.28745,1.50,3.45
2017.12.08 16:48:27.288,1.28739,1.28744,1.00,1.50
2017.12.08 16:48:27.828,1.2874,1.28745,1.00,2.70
2017.12.08 16:48:28.174,1.28739,1.28744,1.00,2.70
2017.12.08 16:48:28.277,1.28737,1.28744,1.00,2.70
2017.12.08 16:48:29.886,1.28734,1.28742,1.12,4.57
2017.12.08 16:48:29.938,1.28735,1.2874,1.00,1.20
2017.12.08 16:48:30.551,1.28736,1.28741,1.00,1.95
2017.12.08 16:48:32.800,1.28735,1.28741,1.00,1.20
2017.12.08 16:48:35.423,1.28739,1.28742,1.00,1.00
2017.12.08 16:48:35.628,1.28739,1.28744,1.00,1.20
2017.12.08 16:48:37.092,1.28738,1.28743,1.00,1.45
2017.12.08 16:48:37.610,1.28738,1.28744,1.00,1.45
2017.12.08 16:48:42.546,1.28738,1.28742,1.00,1.20
2017.12.08 16:48:42.649,1.28736,1.28743,1.00,1.95
2017.12.08 16:48:43.155,1.28736,1.28742,1.00,1.20
2017.12.08 16:48:47.967,1.28737,1.28742,1.00,1.20
2017.12.08 16:48:48.070,1.28736,1.28742,1.00,1.20
2017.12.08 16:48:49.424,1.28736,1.28742,1.00,1.45
2017.12.08 16:48:49.477,1.28739,1.28742,1.00,1.37
2017.12.08 16:48:49.529,1.28739,1.28744,1.00,2.70
2017.12.08 16:48:50.508,1.28738,1.28744,1.00,1.95
2017.12.08 16:48:51.062,1.28739,1.28744,1.00,2.70
2017.12.08 16:48:52.089,1.28738,1.28744,1.00,1.95
2017.12.08 16:48:52.606,1.28739,1.28743,1.00,1.20
2017.12.08 16:48:53.303,1.28739,1.28744,1.00,1.95
2017.12.08 16:48:56.428,1.28738,1.28744,1.00,2.70
2017.12.08 16:48:56.965,1.28738,1.28743,1.00,1.20
2017.12.08 16:48:59.286,1.28738,1.28744,1.00,2.70
2017.12.08 16:49:00.224,1.28741,1.28745,1.00,1.95
2017.12.08 16:49:00.433,1.28741,1.28746,1.00,1.95
2017.12.08 16:49:01.725,1.2874,1.28746,1.00,1.20
2017.12.08 16:49:04.062,1.28741,1.28747,1.00,4.20
2017.12.08 16:49:04.391,1.28742,1.28747,1.00,4.20
2017.12.08 16:49:04.494,1.28742,1.28746,1.00,1.20
2017.12.08 16:49:05.180,1.28743,1.28748,1.00,2.25
2017.12.08 16:49:05.232,1.28743,1.28747,1.00,1.10
2017.12.08 16:49:07.279,1.28743,1.28747,1.00,1.50
2017.12.08 16:49:07.433,1.28743,1.28749,1.00,1.82
2017.12.08 16:49:07.630,1.28745,1.2875,1.00,1.45
2017.12.08 16:49:08.875,1.28746,1.2875,1.00,1.10
2017.12.08 16:49:09.399,1.28745,1.2875,1.00,1.45
2017.12.08 16:49:10.714,1.28745,1.2875,1.00,1.95
2017.12.08 16:49:13.828,1.28744,1.28749,1.00,1.45
2017.12.08 16:49:13.982,1.28743,1.28747,1.00,1.50
2017.12.08 16:49:14.034,1.28741,1.28745,1.00,1.00
2017.12.08 16:49:14.552,1.2874,1.28745,1.00,1.95
2017.12.08 16:49:17.661,1.28739,1.28744,1.00,1.20
2017.12.08 16:49:19.471,1.2874,1.28745,1.00,1.95
2017.12.08 16:49:20.018,1.28742,1.28745,1.00,1.50
2017.12.08 16:49:20.606,1.28742,1.28746,1.00,3.00
2017.12.08 16:49:20.658,1.2874,1.28746,1.00,1.57
2017.12.08 16:49:20.710,1.28742,1.28747,1.00,1.57
2017.12.08 16:49:21.561,1.28743,1.28747,1.00,1.20
2017.12.08 16:49:21.719,1.28746,1.2875,1.00,2.55
2017.12.08 16:49:21.771,1.28745,1.28749,1.00,1.12
2017.12.08 16:49:21.927,1.28743,1.28748,1.00,1.57
2017.12.08 16:49:21.979,1.28745,1.28748,1.00,1.12
2017.12.08 16:49:25.288,1.28744,1.28748,1.00,2.17
2017.12.08 16:49:26.347,1.28744,1.28747,1.00,1.00
2017.12.08 16:49:29.295,1.28743,1.28747,1.00,1.87
2017.12.08 16:49:31.218,1.2874,1.28744,1.00,1.10
2017.12.08 16:49:31.372,1.28737,1.28741,1.00,1.12
2017.12.08 16:49:31.424,1.28737,1.28741,1.00,1.87
2017.12.08 16:49:31.936,1.28738,1.28741,1.00,1.00
2017.12.08 16:49:32.555,1.28736,1.28741,1.00,2.32
2017.12.08 16:49:32.658,1.28732,1.28738,1.00,1.87
2017.12.08 16:49:32.916,1.28733,1.28738,1.87,1.20
2017.12.08 16:49:33.020,1.28736,1.28743,3.00,1.47
2017.12.08 16:49:33.072,1.28736,1.28744,1.50,1.20
2017.12.08 16:49:33.590,1.28736,1.28744,1.00,1.95
2017.12.08 16:49:33.746,1.28729,1.28739,1.87,4.57
2017.12.08 16:49:33.850,1.28731,1.28735,1.00,1.00
2017.12.08 16:49:34.159,1.28728,1.28733,1.00,1.20
2017.12.08 16:49:34.261,1.2873,1.28735,1.00,3.82
2017.12.08 16:49:34.575,1.28728,1.28734,1.00,1.45
2017.12.08 16:49:35.086,1.28729,1.28734,1.00,1.45
2017.12.08 16:49:35.346,1.28731,1.28739,1.50,2.32
2017.12.08 16:49:35.835,1.28736,1.28741,1.00,1.45
2017.12.08 16:49:36.380,1.28737,1.28741,1.00,1.20
2017.12.08 16:49:37.123,1.28736,1.28741,1.00,1.95
2017.12.08 16:49:37.226,1.28734,1.28739,1.00,1.20
2017.12.08 16:49:38.177,1.28732,1.28737,1.00,1.20
2017.12.08 16:49:38.280,1.28732,1.28739,1.00,1.57
2017.12.08 16:49:38.434,1.28732,1.28737,1.00,1.45
2017.12.08 16:49:38.959,1.28731,1.28736,1.00,1.95
2017.12.08 16:49:39.682,1.28731,1.28734,1.00,1.12
2017.12.08 16:49:42.095,1.2873,1.28735,1.00,1.20
2017.12.08 16:49:42.197,1.28729,1.28735,1.00,2.32
2017.12.08 16:49:42.753,1.28729,1.28734,1.00,1.20
2017.12.08 16:49:43.690,1.28729,1.28735,1.00,2.32
2017.12.08 16:49:44.104,1.28728,1.28733,1.00,1.20
2017.12.08 16:49:45.816,1.28728,1.28733,1.00,1.45
2017.12.08 16:49:46.382,1.28727,1.28732,1.00,1.45
2017.12.08 16:49:46.872,1.2873,1.28735,1.00,1.57
2017.12.08 16:49:47.424,1.2873,1.28735,1.00,1.95
2017.12.08 16:49:48.153,1.2873,1.28735,1.00,1.95
2017.12.08 16:49:51.840,1.28731,1.28735,1.00,1.20
2017.12.08 16:49:52.351,1.28731,1.28736,1.00,1.45
2017.12.08 16:49:53.362,1.2873,1.28735,1.00,1.95
2017.12.08 16:50:00.186,1.28731,1.28736,1.00,1.95
2017.12.08 16:50:00.238,1.28733,1.28736,1.00,1.00
2017.12.08 16:50:00.745,1.28732,1.28737,1.00,1.57
2017.12.08 16:50:01.942,1.28735,1.28739,1.00,1.20
2017.12.08 16:50:02.047,1.28732,1.28738,1.50,1.82
2017.12.08 16:50:02.151,1.28733,1.28737,1.00,1.10
2017.12.08 16:50:03.513,1.28733,1.28738,1.00,1.45
2017.12.08 16:50:03.565,1.28735,1.28739,1.00,1.20
2017.12.08 16:50:03.773,1.28737,1.28742,1.00,1.45
2017.12.08 16:50:04.286,1.28738,1.28741,1.00,1.12
2017.12.08 16:50:07.249,1.28738,1.28743,1.00,1.95
2017.12.08 16:50:07.301,1.28738,1.28741,1.00,1.12
2017.12.08 16:50:07.829,1.28738,1.28742,1.00,1.20
2017.12.08 16:50:09.699,1.28736,1.28741,1.00,1.95
2017.12.08 16:50:10.217,1.28735,1.2874,1.12,1.45
2017.12.08 16:50:14.382,1.28737,1.2874,1.00,1.12
2017.12.08 16:50:14.548,1.28738,1.28743,1.00,1.45
2017.12.08 16:50:15.567,1.28737,1.28742,1.00,1.45
2017.12.08 16:50:15.723,1.28735,1.28741,1.00,1.20
2017.12.08 16:50:17.096,1.28735,1.2874,1.00,1.20
2017.12.08 16:50:17.355,1.28735,1.2874,1.00,1.20
2017.12.08 16:50:17.561,1.28737,1.28743,1.00,1.95
2017.12.08 16:50:18.136,1.28738,1.28743,1.00,1.95
2017.12.08 16:50:20.724,1.28741,1.28744,1.00,1.12
2017.12.08 16:50:21.301,1.2874,1.28745,1.00,1.95
2017.12.08 16:50:21.818,1.28739,1.28744,1.00,1.20
2017.12.08 16:50:24.316,1.28737,1.28742,1.00,2.32
2017.12.08 16:50:24.371,1.2874,1.28742,1.00,1.00
2017.12.08 16:50:24.422,1.2874,1.28744,1.00,1.20
2017.12.08 16:50:25.730,1.28738,1.28743,1.00,1.20
2017.12.08 16:50:25.833,1.2874,1.28745,1.00,3.07
2017.12.08 16:50:26.817,1.28742,1.28745,1.00,1.12
2017.12.08 16:50:30.588,1.28741,1.28746,1.00,2.32
2017.12.08 16:50:38.760,1.2874,1.28746,1.00,1.95
2017.12.08 16:50:40.268,1.2874,1.28745,1.00,1.20
2017.12.08 16:50:40.319,1.28741,1.28745,1.00,1.12
2017.12.08 16:50:41.035,1.2874,1.28745,1.00,1.95
2017.12.08 16:50:41.137,1.28738,1.28743,1.00,1.45
2017.12.08 16:50:41.443,1.28741,1.28745,1.00,1.10
2017.12.08 16:50:41.916,1.28739,1.28744,1.00,1.45
2017.12.08 16:50:42.706,1.28737,1.28742,1.00,1.20
2017.12.08 16:50:43.125,1.28739,1.28744,1.00,1.45
2017.12.08 16:50:45.111,1.2874,1.28745,1.00,1.95
2017.12.08 16:50:45.650,1.28739,1.28744,1.00,1.45
2017.12.08 16:50:46.402,1.28739,1.28744,1.00,1.45
2017.12.08 16:50:46.453,1.28737,1.28742,1.00,1.20
2017.12.08 16:50:48.129,1.28738,1.28743,1.00,1.45
2017.12.08 16:50:48.231,1.28739,1.28744,1.00,1.20
2017.12.08 16:50:48.335,1.28738,1.28743,1.00,1.20
2017.12.08 16:50:48.871,1.2874,1.28745,1.00,1.45
2017.12.08 16:50:49.385,1.28739,1.28744,1.00,1.20
2017.12.08 16:50:49.956,1.28739,1.28743,1.00,1.20
2017.12.08 16:50:55.700,1.28739,1.28744,1.00,1.45
2017.12.08 16:50:55.971,1.28736,1.28743,2.25,1.45
2017.12.08 16:50:56.846,1.28732,1.28742,2.25,1.00
2017.12.08 16:50:56.949,1.28732,1.28741,2.62,1.95
2017.12.08 16:50:57.280,1.28731,1.28738,1.37,1.20
2017.12.08 16:50:57.332,1.28733,1.28741,1.37,1.45
2017.12.08 16:50:58.624,1.28731,1.2874,1.37,1.45
2017.12.08 16:51:00.222,1.28732,1.28742,1.37,1.95
2017.12.08 16:51:01.238,1.28732,1.28742,1.37,1.20
2017.12.08 16:51:01.290,1.28732,1.28738,1.37,1.45
2017.12.08 16:51:01.393,1.28733,1.28739,1.37,1.95
2017.12.08 16:51:02.051,1.28733,1.28738,1.37,1.10
2017.12.08 16:51:03.951,1.2873,1.28736,1.00,1.20
2017.12.08 16:51:04.055,1.28727,1.28733,3.37,1.00
2017.12.08 16:51:10.503,1.28727,1.28733,1.37,1.95
2017.12.08 16:51:12.295,1.28725,1.28732,1.50,1.20
2017.12.08 16:51:12.399,1.28723,1.28729,1.87,1.00
2017.12.08 16:51:12.927,1.28721,1.28728,1.50,1.00
2017.12.08 16:51:13.539,1.2872,1.28726,1.50,1.00
2017.12.08 16:51:13.590,1.28718,1.28725,3.75,1.00
2017.12.08 16:51:13.838,1.28716,1.28723,1.50,1.00
2017.12.08 16:51:20.642,1.28716,1.28724,1.87,1.45
2017.12.08 16:51:23.534,1.28717,1.28724,1.00,1.45
2017.12.08 16:51:26.557,1.28717,1.28726,1.00,2.17
2017.12.08 16:51:26.659,1.28718,1.28726,1.00,2.17
2017.12.08 16:51:29.002,1.28718,1.28726,1.00,2.92
2017.12.08 16:51:29.054,1.28718,1.28726,1.00,2.17
2017.12.08 16:51:30.621,1.28721,1.28726,1.00,2.17
2017.12.08 16:51:30.727,1.28719,1.28726,1.00,2.32
2017.12.08 16:51:30.831,1.28721,1.28727,1.00,1.20
2017.12.08 16:51:31.139,1.28724,1.2873,1.00,1.00
2017.12.08 16:51:31.295,1.28724,1.28733,1.87,1.95
2017.12.08 16:51:31.810,1.28726,1.28732,1.00,1.20
2017.12.08 16:51:34.109,1.28724,1.28734,1.50,2.70
2017.12.08 16:51:34.213,1.28724,1.28733,1.37,1.95
2017.12.08 16:51:34.316,1.28724,1.28732,1.37,1.45
2017.12.08 16:51:36.798,1.28726,1.28733,1.00,1.45
2017.12.08 16:51:37.390,1.28726,1.28734,1.00,1.45
2017.12.08 16:51:38.309,1.28726,1.28732,1.00,1.45
2017.12.08 16:51:38.816,1.28725,1.28732,1.12,1.45
2017.12.08 16:51:39.431,1.28725,1.28733,1.12,1.45
2017.12.08 16:51:41.137,1.28725,1.28733,1.12,1.45
2017.12.08 16:51:41.649,1.28725,1.28732,1.12,1.20
2017.12.08 16:51:43.592,1.28726,1.28732,1.00,1.20
2017.12.08 16:51:44.265,1.28726,1.28732,1.00,1.45
2017.12.08 16:51:45.216,1.28726,1.28734,1.00,1.95
2017.12.08 16:51:50.406,1.28726,1.28734,1.00,1.95
2017.12.08 16:51:50.987,1.28724,1.28733,2.25,1.45
2017.12.08 16:51:51.552,1.28725,1.28734,1.12,3.07
2017.12.08 16:51:54.317,1.28726,1.28733,1.00,1.45
2017.12.08 16:51:54.420,1.28727,1.28733,1.00,1.20
2017.12.08 16:51:56.106,1.28726,1.28732,1.00,1.20
2017.12.08 16:51:58.000,1.28726,1.28733,1.00,1.95
2017.12.08 16:51:58.622,1.28725,1.28733,1.12,1.95
2017.12.08 16:52:00.219,1.28726,1.28733,1.00,1.95
2017.12.08 16:52:00.786,1.28727,1.28733,1.00,1.95
2017.12.08 16:52:02.444,1.28728,1.28733,1.00,1.95
2017.12.08 16:52:02.977,1.28727,1.28733,1.00,1.95
2017.12.08 16:52:03.489,1.28727,1.28733,1.00,1.10
2017.12.08 16:52:04.070,1.28728,1.28733,1.00,1.10
2017.12.08 16:52:11.016,1.28726,1.28733,1.50,1.00
2017.12.08 16:52:14.981,1.28726,1.28733,1.50,1.20
2017.12.08 16:52:15.392,1.28724,1.28733,2.62,1.45
2017.12.08 16:52:17.230,1.28725,1.28733,1.12,1.95
2017.12.08 16:52:17.771,1.28725,1.28733,1.12,1.95
2017.12.08 16:52:20.769,1.28724,1.28732,2.62,1.45
2017.12.08 16:52:21.290,1.28725,1.28732,1.12,1.20
2017.12.08 16:52:21.920,1.28724,1.2873,1.87,1.00
2017.12.08 16:52:22.431,1.28722,1.2873,2.25,1.95
2017.12.08 16:52:22.989,1.2872,1.28729,1.00,1.10
2017.12.08 16:52:23.040,1.2872,1.28727,1.00,1.00
2017.12.08 16:52:23.145,1.28717,1.28725,1.12,1.57
2017.12.08 16:52:23.250,1.28714,1.28723,2.62,1.20
2017.12.08 16:52:26.007,1.28714,1.28723,2.62,1.95
2017.12.08 16:52:30.672,1.28714,1.28723,1.12,1.95
2017.12.08 16:52:31.223,1.28716,1.28724,1.50,2.32
2017.12.08 16:52:34.648,1.28714,1.28721,1.87,1.10
2017.12.08 16:52:35.329,1.28714,1.28722,1.12,1.00
2017.12.08 16:52:38.794,1.28711,1.28719,2.70,1.50
2017.12.08 16:52:38.958,1.2871,1.28717,2.25,1.87
2017.12.08 16:52:39.215,1.28711,1.28718,1.00,1.50
2017.12.08 16:52:39.267,1.28713,1.28718,1.37,1.00
2017.12.08 16:52:39.319,1.28713,1.2872,1.37,1.50
2017.12.08 16:52:39.829,1.28713,1.28721,1.37,1.00
2017.12.08 16:52:41.123,1.28712,1.2872,1.37,1.00
2017.12.08 16:52:41.455,1.28711,1.28718,1.00,1.50
2017.12.08 16:52:42.077,1.2871,1.28718,1.00,1.50
2017.12.08 16:52:43.608,1.2871,1.28718,1.50,1.87
2017.12.08 16:52:44.802,1.2871,1.28718,1.00,1.87
2017.12.08 16:52:45.060,1.28713,1.2872,1.12,1.00
2017.12.08 16:52:48.146,1.28712,1.28719,1.87,1.00
2017.12.08 16:52:48.756,1.28712,1.2872,2.62,1.00
2017.12.08 16:52:50.528,1.28712,1.28721,2.25,1.00
2017.12.08 16:52:52.343,1.28712,1.28718,1.37,1.50
2017.12.08 16:52:52.395,1.2871,1.28718,1.12,1.50
2017.12.08 16:52:52.916,1.2871,1.28717,1.87,1.00
2017.12.08 16:52:54.002,1.28711,1.28717,1.00,1.00
2017.12.08 16:52:54.055,1.28712,1.28719,1.37,1.00
2017.12.08 16:52:56.088,1.28709,1.28716,1.50,1.87
2017.12.08 16:52:58.020,1.28708,1.28717,2.06,1.37
2017.12.08 16:52:58.727,1.28709,1.28717,1.00,1.87
2017.12.08 16:52:59.270,1.2871,1.28717,1.00,1.87
2017.12.08 16:53:00.281,1.28711,1.28717,1.00,1.37
2017.12.08 16:53:00.826,1.2871,1.28717,3.00,1.87
2017.12.08 16:53:04.999,1.28711,1.28716,1.00,1.12
2017.12.08 16:53:05.050,1.28709,1.28716,1.00,1.12
2017.12.08 16:53:05.981,1.28709,1.28715,1.00,2.10
2017.12.08 16:53:06.034,1.28706,1.2871,1.00,2.85
2017.12.08 16:53:06.138,1.28701,1.28708,1.00,1.00
2017.12.08 16:53:06.242,1.28701,1.28709,3.37,1.00
2017.12.08 16:53:06.753,1.28702,1.2871,1.12,1.50
2017.12.08 16:53:07.348,1.28703,1.2871,1.00,1.50
2017.12.08 16:53:10.316,1.28701,1.28709,2.62,1.00
2017.12.08 16:53:11.455,1.28701,1.28709,1.37,1.00
2017.12.08 16:53:11.507,1.28698,1.28704,1.00,1.00
2017.12.08 16:53:11.559,1.28695,1.28704,2.25,1.50
2017.12.08 16:53:12.113,1.28696,1.28704,1.12,1.50
2017.12.08 16:53:12.653,1.28696,1.28704,1.12,1.87
2017.12.08 16:53:14.601,1.28694,1.28702,2.25,1.00
2017.12.08 16:53:15.156,1.28694,1.28702,1.12,1.50
2017.12.08 16:53:16.542,1.28694,1.287,1.00,1.00
2017.12.08 16:53:16.645,1.28692,1.287,1.87,1.50
2017.12.08 16:53:17.834,1.28691,1.28699,1.37,1.00
2017.12.08 16:53:19.162,1.28691,1.287,1.37,1.50
2017.12.08 16:53:19.214,1.28691,1.28698,1.37,1.10
2017.12.08 16:53:19.266,1.28688,1.28697,1.50,1.50
2017.12.08 16:53:19.318,1.2869,1.28695,1.00,1.00
2017.12.08 16:53:19.371,1.2869,1.28698,2.25,1.10
2017.12.08 16:53:19.924,1.28691,1.28699,1.87,1.00
2017.12.08 16:53:20.445,1.28692,1.287,1.12,1.50
2017.12.08 16:53:21.373,1.28691,1.28699,1.87,1.00
2017.12.08 16:53:21.425,1.2869,1.28697,1.00,1.12
2017.12.08 16:53:21.939,1.28689,1.28697,1.12,1.00
2017.12.08 16:53:22.508,1.28689,1.28695,1.00,2.10
2017.12.08 16:53:22.664,1.28684,1.28691,1.00,1.00
2017.12.08 16:53:22.716,1.28684,1.28689,1.00,1.00
2017.12.08 16:53:23.594,1.28684,1.2869,1.00,1.00
2017.12.08 16:53:23.907,1.28677,1.28681,1.50,1.00
2017.12.08 16:53:24.468,1.28677,1.28682,1.00,1.00
2017.12.08 16:53:24.913,1.28675,1.2868,2.25,1.00
2017.12.08 16:53:25.441,1.28675,1.28681,1.50,1.00
2017.12.08 16:53:26.365,1.28675,1.28682,1.50,1.00
2017.12.08 16:53:27.930,1.28675,1.28679,1.00,1.00
2017.12.08 16:53:27.981,1.28675,1.28682,1.00,1.00
2017.12.08 16:53:40.983,1.28673,1.28682,1.50,1.50
2017.12.08 16:53:41.093,1.28673,1.28679,1.00,1.37
2017.12.08 16:53:41.148,1.28668,1.28674,1.12,1.00
2017.12.08 16:53:41.655,1.28668,1.28673,1.12,1.00
2017.12.08 16:53:42.564,1.28665,1.28674,1.00,3.22
2017.12.08 16:53:42.617,1.28665,1.28669,1.50,1.00
2017.12.08 16:53:42.720,1.28666,1.28671,1.50,1.00
2017.12.08 16:53:42.772,1.28664,1.28672,1.50,1.00
2017.12.08 16:53:42.877,1.28666,1.28672,1.00,1.00
2017.12.08 16:53:43.185,1.28673,1.28677,1.00,1.00
2017.12.08 16:53:43.236,1.28674,1.28681,1.12,1.00
2017.12.08 16:53:43.572,1.28674,1.28679,1.00,1.00
2017.12.08 16:53:44.111,1.28673,1.28679,1.87,1.00
2017.12.08 16:53:44.872,1.28673,1.2868,1.87,1.00
2017.12.08 16:53:46.403,1.28673,1.28679,1.12,1.00
2017.12.08 16:53:47.990,1.28673,1.2868,1.12,1.00
2017.12.08 16:53:49.093,1.28675,1.28681,1.00,1.00
2017.12.08 16:53:52.430,1.28672,1.2868,4.50,1.00
2017.12.08 16:53:52.481,1.28672,1.28678,4.50,1.00
2017.12.08 16:53:53.033,1.28672,1.28677,2.62,1.00
2017.12.08 16:53:53.622,1.28673,1.28677,1.00,1.00
2017.12.08 16:53:54.070,1.2867,1.28674,1.12,1.00
2017.12.08 16:53:54.129,1.28668,1.28673,1.00,1.00
2017.12.08 16:54:00.229,1.28669,1.28674,1.00,1.00
2017.12.08 16:54:00.477,1.28669,1.28676,1.00,1.00
2017.12.08 16:54:01.039,1.2867,1.28676,1.00,1.00
2017.12.08 16:54:01.426,1.28668,1.28674,1.50,1.00
2017.12.08 16:54:01.735,1.28666,1.28674,1.00,2.62
2017.12.08 16:54:02.391,1.28665,1.28674,2.25,2.70
2017.12.08 16:54:03.249,1.28665,1.28672,1.00,1.00
2017.12.08 16:54:05.936,1.28666,1.28672,1.00,1.00
2017.12.08 16:54:06.244,1.28671,1.28676,1.50,1.20
2017.12.08 16:54:06.297,1.28674,1.28679,1.12,1.10
2017.12.08 16:54:06.349,1.28675,1.28682,1.50,1.12
2017.12.08 16:54:06.604,1.28678,1.28682,1.00,1.00
2017.12.08 16:54:06.759,1.28676,1.28681,1.00,1.00
2017.12.08 16:54:07.273,1.28677,1.28681,1.00,1.00
2017.12.08 16:54:07.840,1.28676,1.28681,1.00,1.00
2017.12.08 16:54:08.818,1.28677,1.28681,1.00,1.00
2017.12.08 16:54:09.321,1.28676,1.28681,1.00,1.00
2017.12.08 16:54:11.350,1.28676,1.28683,1.00,1.50
2017.12.08 16:54:13.678,1.28675,1.28683,1.00,1.00
2017.12.08 16:54:15.223,1.28673,1.2868,1.87,1.00
2017.12.08 16:54:15.738,1.28672,1.28679,1.37,1.50
2017.12.08 16:54:16.814,1.28672,1.2868,1.87,1.12
2017.12.08 16:54:20.269,1.28673,1.28681,1.37,1.00
2017.12.08 16:54:20.574,1.28677,1.28685,2.25,1.00
2017.12.08 16:54:20.625,1.2868,1.28688,1.00,4.20
2017.12.08 16:54:21.284,1.2868,1.28685,1.00,1.00
2017.12.08 16:54:22.015,1.28679,1.28685,1.50,1.00
2017.12.08 16:54:22.675,1.2868,1.28685,1.00,1.00
2017.12.08 16:54:23.826,1.28679,1.28685,1.00,1.00
2017.12.08 16:54:24.405,1.2868,1.28685,1.00,1.00
2017.12.08 16:54:25.038,1.28679,1.28685,1.00,1.00
2017.12.08 16:54:25.742,1.2868,1.28685,1.00,1.00
2017.12.08 16:54:26.259,1.28679,1.28685,1.00,1.00
2017.12.08 16:54:26.889,1.2868,1.28685,1.00,1.00
2017.12.08 16:54:27.439,1.28679,1.28685,1.50,1.00
2017.12.08 16:54:27.983,1.28679,1.28687,2.25,1.87
2017.12.08 16:54:29.409,1.2868,1.28686,1.00,1.87
2017.12.08 16:54:29.915,1.28684,1.28689,1.37,1.00
2017.12.08 16:54:29.968,1.28683,1.28692,1.87,1.00
2017.12.08 16:54:30.471,1.28684,1.28693,1.87,1.00
2017.12.08 16:54:30.625,1.28689,1.28694,1.00,1.00
2017.12.08 16:54:31.156,1.28688,1.28694,1.00,1.00
2017.12.08 16:54:33.420,1.28687,1.28694,1.00,1.00
2017.12.08 16:54:33.811,1.28689,1.28694,1.00,1.00
2017.12.08 16:54:34.014,1.28686,1.28694,1.00,1.00
2017.12.08 16:54:34.802,1.28687,1.28694,1.00,1.00
2017.12.08 16:54:35.719,1.28686,1.28694,1.50,1.00
2017.12.08 16:54:35.823,1.2869,1.28695,2.25,1.00
2017.12.08 16:54:35.879,1.28691,1.28698,1.00,1.00
2017.12.08 16:54:36.131,1.28689,1.28697,1.20,1.00
2017.12.08 16:54:36.183,1.28692,1.287,1.87,1.50
2017.12.08 16:54:39.339,1.28693,1.28701,1.87,1.00
2017.12.08 16:54:41.250,1.28696,1.28703,1.00,1.00
2017.12.08 16:54:41.510,1.287,1.28708,1.00,1.50
2017.12.08 16:54:43.672,1.287,1.28709,1.50,1.00
2017.12.08 16:54:43.724,1.287,1.28709,2.25,1.00
2017.12.08 16:54:44.232,1.28701,1.2871,1.37,1.50
2017.12.08 16:54:44.544,1.28696,1.28703,1.50,1.00
2017.12.08 16:54:45.060,1.28697,1.28705,1.00,2.62
2017.12.08 16:54:45.623,1.28696,1.28705,1.00,2.62
2017.12.08 16:54:46.148,1.28697,1.28706,1.00,1.87
2017.12.08 16:54:47.193,1.28694,1.28703,2.62,1.00
2017.12.08 16:54:47.740,1.28694,1.28702,1.00,1.00
2017.12.08 16:54:48.280,1.28693,1.28702,2.62,1.00
2017.12.08 16:54:49.667,1.28694,1.28702,1.00,1.00
2017.12.08 16:54:50.189,1.28693,1.28702,1.87,1.00
2017.12.08 16:54:50.802,1.28697,1.28703,1.00,1.57
2017.12.08 16:54:51.395,1.28698,1.28707,1.00,2.32
2017.12.08 16:54:53.221,1.28699,1.28707,1.00,1.50
2017.12.08 16:54:53.273,1.28699,1.28709,1.12,3.45
2017.12.08 16:54:55.594,1.287,1.28707,1.00,1.12
2017.12.08 16:54:55.752,1.28698,1.28706,3.00,1.50
2017.12.08 16:54:55.958,1.28696,1.28705,1.12,1.50
2017.12.08 16:54:56.010,1.28697,1.28705,1.00,1.47
2017.12.08 16:54:56.695,1.28696,1.28705,1.00,1.87
2017.12.08 16:54:57.383,1.28697,1.28705,1.00,1.87
2017.12.08 16:54:58.081,1.28696,1.28704,1.00,1.87
2017.12.08 16:54:58.978,1.28697,1.28704,1.00,1.87
2017.12.08 16:54:59.483,1.28697,1.28702,1.00,1.00
2017.12.08 16:55:00.032,1.28696,1.28704,1.50,1.87
2017.12.08 16:55:00.960,1.28697,1.28704,1.00,1.87
2017.12.08 16:55:01.064,1.28694,1.28702,1.50,1.00
2017.12.08 16:55:01.116,1.28692,1.28695,1.00,1.00
2017.12.08 16:55:01.197,1.28694,1.28698,1.00,1.10
2017.12.08 16:55:01.249,1.28682,1.2869,1.50,2.62
2017.12.08 16:55:01.352,1.28678,1.28686,3.75,1.99
2017.12.08 16:55:02.097,1.28679,1.28685,1.00,1.47
2017.12.08 16:55:02.391,1.28677,1.28683,1.50,1.00
2017.12.08 16:55:03.245,1.28678,1.28684,1.00,1.87
2017.12.08 16:55:03.554,1.28676,1.28684,1.00,3.37
2017.12.08 16:55:04.277,1.28671,1.28679,1.37,1.87
2017.12.08 16:55:04.434,1.28667,1.28674,1.00,1.20
2017.12.08 16:55:04.538,1.28665,1.28675,2.25,2.14
2017.12.08 16:55:05.587,1.28666,1.28674,1.00,1.12
2017.12.08 16:55:06.144,1.28665,1.28675,2.25,2.70
2017.12.08 16:55:06.300,1.28664,1.28671,1.50,1.00
2017.12.08 16:55:06.352,1.28664,1.28673,2.25,1.10
2017.12.08 16:55:06.884,1.28663,1.28673,1.00,1.20
2017.12.08 16:55:07.407,1.28664,1.28673,1.00,1.20
2017.12.08 16:55:07.925,1.28664,1.28673,1.00,1.57
2017.12.08 16:55:08.215,1.28664,1.28673,1.00,1.39
2017.12.08 16:55:08.267,1.28662,1.28672,2.25,1.20
2017.12.08 16:55:08.578,1.2866,1.28668,1.00,1.20
2017.12.08 16:55:09.126,1.28659,1.28668,1.00,1.20
2017.12.08 16:55:09.663,1.28658,1.28668,2.25,1.20
2017.12.08 16:55:10.182,1.28659,1.28668,1.00,1.20
2017.12.08 16:55:10.490,1.28664,1.28672,1.50,1.70
2017.12.08 16:55:10.594,1.28666,1.28674,1.00,1.12
2017.12.08 16:55:10.696,1.28666,1.28676,1.00,2.32
2017.12.08 16:55:11.236,1.28666,1.28675,1.00,1.00
2017.12.08 16:55:11.526,1.28668,1.28675,1.00,1.00
2017.12.08 16:55:12.362,1.28669,1.28675,1.00,1.00
2017.12.08 16:55:14.129,1.28672,1.2868,1.87,1.95
2017.12.08 16:55:14.311,1.28674,1.28683,1.87,1.50
2017.12.08 16:55:14.937,1.28672,1.28681,1.00,1.00
2017.12.08 16:55:15.442,1.28672,1.2868,1.00,1.00
2017.12.08 16:55:15.957,1.28671,1.2868,1.00,1.00
2017.12.08 16:55:16.470,1.28666,1.28676,1.95,1.50
2017.12.08 16:55:16.522,1.28666,1.28674,2.25,1.00
2017.12.08 16:55:17.171,1.28672,1.28677,1.00,1.57
2017.12.08 16:55:17.313,1.28672,1.2868,1.00,3.07
2017.12.08 16:55:17.366,1.28674,1.28681,1.87,1.00
2017.12.08 16:55:17.973,1.28674,1.28682,1.87,1.00
2017.12.08 16:55:18.525,1.28676,1.28682,1.00,1.00
2017.12.08 16:55:18.936,1.28676,1.28684,1.00,1.50
2017.12.08 16:55:19.511,1.28675,1.28683,1.12,1.00
2017.12.08 16:55:20.025,1.28675,1.28684,1.12,1.00
2017.12.08 16:55:21.911,1.28676,1.28684,1.00,1.50
2017.12.08 16:55:22.382,1.28672,1.28681,1.37,1.00
2017.12.08 16:55:22.434,1.28672,1.28681,1.00,1.12
2017.12.08 16:55:22.950,1.28671,1.2868,2.25,1.00
2017.12.08 16:55:23.467,1.28672,1.2868,1.00,1.00
2017.12.08 16:55:23.988,1.28671,1.2868,2.25,1.00
2017.12.08 16:55:24.648,1.28672,1.28681,1.00,1.87
2017.12.08 16:55:25.108,1.28672,1.2868,1.37,1.50
2017.12.08 16:55:25.418,1.28673,1.28682,1.87,2.25
2017.12.08 16:55:26.468,1.28674,1.28683,1.87,2.25
2017.12.08 16:55:27.558,1.28674,1.28682,1.87,1.00
2017.12.08 16:55:28.045,1.28675,1.28684,1.00,1.00
2017.12.08 16:55:28.098,1.28678,1.28684,1.00,1.00
2017.12.08 16:55:28.408,1.2868,1.28687,1.00,1.87
2017.12.08 16:55:28.994,1.28681,1.28687,1.00,1.87
2017.12.08 16:55:29.713,1.2868,1.28687,1.00,1.37
2017.12.08 16:55:30.373,1.28681,1.28687,1.00,1.37
2017.12.08 16:55:31.009,1.2868,1.28687,1.00,3.37
2017.12.08 16:55:31.567,1.28681,1.28686,1.00,1.12
2017.12.08 16:55:32.077,1.28682,1.28687,1.00,1.50
2017.12.08 16:55:32.253,1.28682,1.2869,1.00,1.12
2017.12.08 16:55:32.995,1.28683,1.2869,1.00,1.12
2017.12.08 16:55:36.227,1.28682,1.28689,1.50,1.00
2017.12.08 16:55:36.382,1.28678,1.28686,1.07,1.12
2017.12.08 16:55:36.434,1.28677,1.28686,2.25,2.62
2017.12.08 16:55:36.947,1.28677,1.28685,1.00,1.00
2017.12.08 16:55:37.479,1.28678,1.28685,1.00,1.00
2017.12.08 16:55:38.075,1.28675,1.28685,1.12,1.50
2017.12.08 16:55:39.252,1.28674,1.28684,3.07,1.50
2017.12.08 16:55:39.304,1.28674,1.28682,3.00,1.00
2017.12.08 16:55:40.028,1.28675,1.28684,1.87,1.50
2017.12.08 16:55:40.131,1.28677,1.28684,1.00,1.00
2017.12.08 16:55:40.234,1.28675,1.28684,3.37,1.00
2017.12.08 16:55:42.655,1.2868,1.28685,1.00,1.50
2017.12.08 16:55:43.223,1.2868,1.28688,1.00,2.62
2017.12.08 16:55:43.439,1.28681,1.28688,1.00,2.25
2017.12.08 16:55:43.713,1.28684,1.28691,1.00,5.47
2017.12.08 16:55:44.026,1.2869,1.28695,1.00,1.00
2017.12.08 16:55:44.182,1.28686,1.28693,1.00,1.12
2017.12.08 16:55:44.278,1.28687,1.28693,1.00,1.37
2017.12.08 16:55:44.385,1.28685,1.28693,1.00,2.62
2017.12.08 16:55:44.948,1.28684,1.28692,1.00,1.87
2017.12.08 16:55:45.398,1.28686,1.28692,1.00,1.37
2017.12.08 16:55:46.025,1.28687,1.28692,1.00,1.37
2017.12.08 16:55:46.501,1.28689,1.28695,1.75,1.00
2017.12.08 16:55:46.553,1.28688,1.28696,1.87,1.10
2017.12.08 16:55:46.656,1.28687,1.28696,1.50,2.62
2017.12.08 16:55:47.188,1.28686,1.28696,1.50,1.87
2017.12.08 16:55:47.728,1.28686,1.28695,1.00,1.00
2017.12.08 16:55:48.259,1.28685,1.28695,3.37,1.00
2017.12.08 16:55:48.857,1.28685,1.28694,3.37,1.00
2017.12.08 16:55:50.341,1.28685,1.28694,1.12,3.07
2017.12.08 16:55:52.216,1.28684,1.28693,1.50,1.50
2017.12.08 16:55:57.171,1.28685,1.28693,1.00,1.50
2017.12.08 16:55:57.775,1.28686,1.28693,1.00,1.00
2017.12.08 16:55:58.114,1.28688,1.28695,1.00,1.37
2017.12.08 16:55:58.634,1.28687,1.28694,1.50,1.12
2017.12.08 16:55:59.305,1.28688,1.28696,1.00,2.06
2017.12.08 16:55:59.906,1.28687,1.28695,2.25,1.37
2017.12.08 16:56:01.180,1.28688,1.28696,1.00,1.87
2017.12.08 16:56:03.267,1.28687,1.28696,1.87,1.37
2017.12.08 16:56:03.920,1.28688,1.28696,1.00,1.87
2017.12.08 16:56:04.526,1.28686,1.28696,2.25,1.62
2017.12.08 16:56:08.390,1.28686,1.28697,2.25,3.45
2017.12.08 16:56:09.820,1.28688,1.28697,1.50,1.87
2017.12.08 16:56:24.873,1.2869,1.28699,3.37,1.20
2017.12.08 16:56:24.925,1.28692,1.28701,1.37,1.87
2017.12.08 16:56:25.428,1.28693,1.28703,1.37,2.70
2017.12.08 16:56:26.017,1.28693,1.28703,1.37,2.25
2017.12.08 16:56:26.873,1.28693,1.28702,1.37,1.00
2017.12.08 16:56:27.411,1.28693,1.28702,1.00,1.00
2017.12.08 16:56:33.901,1.28691,1.28699,1.50,1.00
2017.12.08 16:56:34.449,1.28691,1.287,1.12,1.50
2017.12.08 16:56:34.858,1.28693,1.287,1.00,1.50
2017.12.08 16:56:35.228,1.28691,1.287,1.12,1.50
2017.12.08 16:56:35.936,1.28691,1.28699,1.12,1.00
2017.12.08 16:56:36.474,1.28691,1.287,1.12,1.50
2017.12.08 16:56:36.997,1.28691,1.28699,1.12,1.00
2017.12.08 16:56:37.515,1.28691,1.287,1.12,1.50
2017.12.08 16:56:37.873,1.28687,1.28693,1.00,1.00
2017.12.08 16:56:37.926,1.28682,1.28692,4.95,1.00
2017.12.08 16:56:38.475,1.28683,1.28693,1.00,2.25
2017.12.08 16:56:39.100,1.28683,1.28692,1.00,1.00
2017.12.08 16:56:42.819,1.28684,1.28694,2.25,1.20
2017.12.08 16:56:43.469,1.28686,1.28695,1.00,1.87
2017.12.08 16:56:43.986,1.28687,1.28696,3.00,1.37
2017.12.08 16:56:44.501,1.28689,1.28696,1.00,1.87
2017.12.08 16:56:45.144,1.28687,1.28696,3.75,1.62
2017.12.08 16:56:45.698,1.28687,1.28695,1.00,3.37
2017.12.08 16:56:45.842,1.28684,1.28694,1.87,1.12
2017.12.08 16:56:46.995,1.28683,1.28692,1.50,1.00
2017.12.08 16:56:49.226,1.28685,1.28694,1.00,2.62
2017.12.08 16:56:50.065,1.28683,1.28694,1.00,1.87
2017.12.08 16:56:51.698,1.28682,1.28692,2.25,3.00
2017.12.08 16:56:52.363,1.28683,1.28692,1.00,1.00
2017.12.08 16:56:54.116,1.28683,1.28693,1.50,1.50
2017.12.08 16:56:55.824,1.28683,1.28692,1.00,1.00
2017.12.08 16:56:57.115,1.28683,1.28693,1.00,1.00
2017.12.08 16:57:00.321,1.28684,1.28694,1.00,2.25
2017.12.08 16:57:06.686,1.28684,1.28693,1.50,1.00
2017.12.08 16:57:07.695,1.28684,1.28694,1.00,1.87
2017.12.08 16:57:08.659,1.28684,1.28693,1.00,1.00
2017.12.08 16:57:09.432,1.28685,1.28693,1.00,1.00
2017.12.08 16:57:11.926,1.28684,1.28693,3.19,1.00
2017.12.08 16:57:13.786,1.28686,1.28693,1.00,1.00
2017.12.08 16:57:14.384,1.28685,1.28694,3.37,1.12
2017.12.08 16:57:15.280,1.28686,1.28696,1.00,3.37
2017.12.08 16:57:16.104,1.28687,1.28695,1.00,1.37
2017.12.08 16:57:16.431,1.28689,1.28698,1.00,3.19
2017.12.08 16:57:16.954,1.2869,1.28698,1.00,3.00
2017.12.08 16:57:17.456,1.28689,1.28697,1.87,1.75
2017.12.08 16:57:18.505,1.28688,1.28698,2.62,2.25
2017.12.08 16:57:18.557,1.28689,1.28698,1.12,3.00
2017.12.08 16:57:19.433,1.2869,1.28698,1.00,3.00
2017.12.08 16:57:20.071,1.28689,1.28698,1.12,3.94
2017.12.08 16:57:20.770,1.2869,1.28698,1.00,2.25
2017.12.08 16:57:20.925,1.28691,1.287,1.50,2.25
2017.12.08 16:57:21.028,1.28693,1.28701,1.00,1.00
2017.12.08 16:57:23.666,1.28693,1.28702,1.00,3.41
2017.12.08 16:57:24.178,1.28693,1.28702,1.00,4.35
2017.12.08 16:57:24.715,1.28693,1.28701,1.00,2.25
2017.12.08 16:57:27.719,1.28692,1.28701,1.00,3.94
2017.12.08 16:57:28.383,1.28692,1.28699,1.00,1.00
2017.12.08 16:57:29.304,1.28692,1.287,1.00,2.62
2017.12.08 16:57:31.928,1.28692,1.28699,1.00,1.00
2017.12.08 16:57:32.452,1.28692,1.287,1.00,1.87
2017.12.08 16:57:36.250,1.28693,1.287,1.00,1.87
2017.12.08 16:57:38.985,1.28689,1.28698,2.25,1.87
2017.12.08 16:57:39.037,1.28691,1.28698,1.00,2.62
2017.12.08 16:57:39.601,1.28692,1.28698,1.00,3.75
2017.12.08 16:57:40.233,1.2869,1.28698,1.00,3.00
2017.12.08 16:57:40.827,1.28691,1.28697,1.00,1.87
2017.12.08 16:57:40.994,1.28693,1.28697,1.00,1.12
2017.12.08 16:57:41.097,1.28691,1.28697,1.00,1.87
2017.12.08 16:57:41.757,1.28691,1.28696,1.00,1.00
2017.12.08 16:57:42.385,1.2869,1.28697,1.00,1.87
2017.12.08 16:57:42.995,1.2869,1.28696,1.00,1.00
2017.12.08 16:57:43.534,1.2869,1.28697,1.00,1.12
2017.12.08 16:57:46.541,1.28692,1.28699,1.00,2.62
2017.12.08 16:57:47.077,1.28694,1.28699,1.00,1.87
2017.12.08 16:57:48.768,1.28693,1.28699,1.00,1.37
2017.12.08 16:57:54.944,1.28692,1.28698,1.00,1.37
2017.12.08 16:57:56.283,1.28691,1.28698,1.00,1.37
2017.12.08 16:57:56.966,1.2869,1.28698,1.50,1.87
2017.12.08 16:57:57.511,1.28691,1.28696,1.00,1.00
2017.12.08 16:57:57.564,1.28689,1.28696,1.00,1.00
2017.12.08 16:57:57.779,1.28692,1.28697,1.00,1.12
2017.12.08 16:57:58.088,1.28694,1.28699,1.00,1.87
2017.12.08 16:57:59.032,1.28693,1.28699,1.00,3.22
2017.12.08 16:57:59.469,1.2869,1.28698,1.00,1.37
2017.12.08 16:58:00.027,1.2869,1.28699,1.00,5.92
2017.12.08 16:58:00.536,1.28691,1.28699,1.50,2.62
2017.12.08 16:58:01.086,1.28691,1.28698,1.50,1.37
2017.12.08 16:58:02.355,1.2869,1.28699,2.25,2.62
2017.12.08 16:58:05.302,1.2869,1.28698,2.25,1.37
2017.12.08 16:58:05.549,1.28688,1.28696,1.00,1.87
2017.12.08 16:58:06.090,1.28687,1.28696,1.00,1.95
2017.12.08 16:58:06.624,1.28684,1.28693,5.25,1.00
2017.12.08 16:58:06.678,1.28683,1.28692,1.37,1.00
2017.12.08 16:58:10.065,1.28683,1.28693,1.87,2.25
2017.12.08 16:58:10.116,1.28681,1.28691,2.32,1.00
2017.12.08 16:58:19.022,1.2868,1.2869,1.57,3.22
2017.12.08 16:58:19.554,1.2868,1.2869,1.00,2.32
2017.12.08 16:58:20.078,1.28679,1.2869,2.25,2.32
2017.12.08 16:58:23.711,1.28682,1.28691,1.37,1.57
2017.12.08 16:58:23.814,1.28683,1.28693,1.37,1.00
2017.12.08 16:58:24.326,1.28683,1.28694,1.37,1.50
2017.12.08 16:58:24.830,1.28683,1.28693,1.37,1.00
2017.12.08 16:58:25.458,1.28683,1.28694,1.37,1.57
2017.12.08 16:58:26.042,1.28683,1.28693,1.37,1.00
2017.12.08 16:58:40.434,1.28683,1.28694,1.37,1.57
2017.12.08 16:58:40.911,1.28687,1.28694,1.50,1.00
2017.12.08 16:58:41.014,1.28688,1.28696,1.00,1.50
2017.12.08 16:58:41.523,1.28687,1.28694,1.00,1.00
2017.12.08 16:58:41.678,1.28688,1.28696,1.00,1.57
2017.12.08 16:58:42.200,1.28687,1.28696,1.12,1.00
2017.12.08 16:58:42.816,1.28688,1.28696,1.00,1.12
2017.12.08 16:58:43.022,1.28686,1.28696,1.00,1.87
2017.12.08 16:58:43.074,1.28685,1.28694,1.00,1.50
2017.12.08 16:58:43.126,1.28683,1.28693,2.25,1.00
2017.12.08 16:58:44.032,1.28683,1.28693,2.25,1.00
2017.12.08 16:58:44.569,1.28683,1.28694,3.00,2.17
2017.12.08 16:58:46.292,1.28685,1.28694,2.25,1.50
2017.12.08 16:58:46.344,1.28685,1.28696,2.25,2.25
2017.12.08 16:58:46.397,1.28686,1.28694,1.00,1.00
2017.12.08 16:58:47.366,1.28685,1.28694,1.50,1.00
2017.12.08 16:58:49.156,1.28683,1.28694,2.62,1.50
2017.12.08 16:58:51.771,1.28683,1.28694,1.37,2.92
2017.12.08 16:58:52.827,1.28683,1.28694,2.81,2.92
2017.12.08 16:58:53.785,1.28684,1.28693,1.12,1.00
2017.12.08 16:58:57.226,1.28684,1.28692,1.12,1.00
2017.12.08 16:58:58.649,1.28684,1.28693,1.12,2.32
2017.12.08 16:58:58.753,1.28686,1.28693,1.50,1.00
2017.12.08 16:58:59.071,1.28696,1.28705,1.12,1.20
2017.12.08 16:58:59.178,1.28698,1.28708,1.50,2.32
2017.12.08 16:58:59.231,1.28699,1.28708,1.00,1.20
2017.12.08 16:59:00.077,1.28697,1.28707,1.00,2.25
2017.12.08 16:59:00.497,1.28693,1.28702,1.00,3.04
2017.12.08 16:59:00.549,1.28693,1.28702,1.00,1.00
2017.12.08 16:59:00.602,1.28692,1.287,1.00,1.00
2017.12.08 16:59:00.654,1.28691,1.28702,1.87,2.32
2017.12.08 16:59:00.706,1.28691,1.28699,1.12,1.00
2017.12.08 16:59:01.017,1.28689,1.28695,1.00,1.00
2017.12.08 16:59:01.211,1.28687,1.28695,1.00,1.00
2017.12.08 16:59:01.755,1.28688,1.28695,1.00,1.00
2017.12.08 16:59:02.261,1.28689,1.28695,1.00,1.00
2017.12.08 16:59:03.367,1.28689,1.28696,1.00,1.87
2017.12.08 16:59:05.958,1.28688,1.28696,1.00,1.12
2017.12.08 16:59:06.923,1.28684,1.28695,2.62,1.00
2017.12.08 16:59:07.485,1.28684,1.28694,1.87,1.00
2017.12.08 16:59:07.836,1.28687,1.28694,1.00,1.00
2017.12.08 16:59:08.747,1.28687,1.28696,1.00,1.12
2017.12.08 16:59:11.215,1.28688,1.28696,1.00,1.12
2017.12.08 16:59:11.905,1.28687,1.28696,1.00,1.12
2017.12.08 16:59:14.380,1.28688,1.28696,1.00,2.62
2017.12.08 16:59:15.113,1.28687,1.28696,1.00,1.12
2017.12.08 16:59:16.189,1.28688,1.28697,1.00,2.62
2017.12.08 16:59:16.688,1.2869,1.28699,3.75,1.50
2017.12.08 16:59:18.389,1.28689,1.28697,1.57,1.37
2017.12.08 16:59:18.894,1.2869,1.28699,1.00,3.00
2017.12.08 16:59:19.425,1.28689,1.28698,2.25,1.87
2017.12.08 16:59:47.323,1.28687,1.28697,2.70,1.37
2017.12.08 16:59:48.292,1.28688,1.28697,1.00,1.37
2017.12.08 16:59:48.343,1.28684,1.28692,1.50,1.50
2017.12.08 16:59:48.651,1.28679,1.28688,1.50,2.81
2017.12.08 16:59:48.807,1.28678,1.28686,3.00,1.12
2017.12.08 16:59:50.887,1.28679,1.28687,1.00,1.37
2017.12.08 16:59:57.491,1.28679,1.28688,1.00,1.87
2017.12.08 16:59:57.594,1.28681,1.28689,1.00,3.00
2017.12.08 16:59:57.645,1.28679,1.28688,2.25,1.72
2017.12.08 16:59:59.329,1.28679,1.28689,1.00,2.25
