2016.01.07 13:00:00.201,1.41468,1.41477,1.20,1.00
2016.01.07 13:00:00.303,1.41466,1.41477,1.00,1.07
2016.01.07 13:00:01.051,1.41466,1.41476,1.07,1.00
2016.01.07 13:00:01.102,1.41466,1.41473,1.07,1.00
2016.01.07 13:00:01.307,1.41461,1.41472,1.47,1.20
2016.01.07 13:00:01.460,1.41462,1.41473,1.37,1.00
2016.01.07 13:00:01.967,1.41465,1.41476,1.07,1.10
2016.01.07 13:00:02.070,1.41463,1.41476,1.20,1.57
2016.01.07 13:00:02.224,1.41467,1.41476,1.00,1.57
2016.01.07 13:00:02.736,1.41467,1.41476,1.00,1.00
2016.01.07 13:00:03.667,1.41465,1.41476,1.95,1.00
2016.01.07 13:00:04.210,1.41465,1.41475,1.07,1.00
2016.01.07 13:00:04.728,1.41465,1.41476,1.07,1.20
2016.01.07 13:00:05.176,1.41456,1.41469,5.62,1.50
2016.01.07 13:00:05.379,1.41457,1.41469,1.87,1.50
2016.01.07 13:00:05.888,1.4146,1.41471,1.57,1.37
2016.01.07 13:00:06.432,1.41461,1.41472,1.00,1.57
2016.01.07 13:00:06.941,1.41461,1.41472,1.07,1.57
2016.01.07 13:00:06.992,1.41461,1.41472,1.07,1.57
2016.01.07 13:00:07.506,1.41464,1.41472,1.00,1.47
2016.01.07 13:00:08.014,1.41464,1.41472,1.00,1.00
2016.01.07 13:00:09.384,1.41463,1.41472,1.20,1.00
2016.01.07 13:00:09.553,1.41463,1.41474,1.20,1.00
2016.01.07 13:00:10.116,1.41463,1.41474,1.87,1.47
2016.01.07 13:00:11.137,1.41462,1.41472,1.10,1.00
2016.01.07 13:00:11.420,1.41461,1.41469,1.00,1.00
2016.01.07 13:00:11.473,1.41458,1.41469,1.00,1.50
2016.01.07 13:00:11.678,1.41454,1.41466,1.57,1.12
2016.01.07 13:00:11.831,1.41453,1.41465,2.21,1.47
2016.01.07 13:00:12.288,1.41453,1.41464,1.57,1.00
2016.01.07 13:00:12.561,1.41453,1.41464,1.10,1.87
2016.01.07 13:00:15.078,1.41452,1.41464,1.54,1.07
2016.01.07 13:00:15.367,1.41455,1.41466,1.09,1.20
2016.01.07 13:00:15.520,1.41456,1.41468,1.44,2.62
2016.01.07 13:00:15.877,1.41461,1.4147,1.12,3.00
2016.01.07 13:00:15.929,1.41461,1.4147,1.12,1.45
2016.01.07 13:00:16.134,1.4146,1.41472,1.09,1.47
2016.01.07 13:00:16.638,1.41459,1.4147,1.46,1.50
2016.01.07 13:00:16.690,1.41459,1.4147,1.16,1.50
2016.01.07 13:00:16.791,1.41457,1.41469,1.46,1.20
2016.01.07 13:00:16.893,1.41457,1.41467,1.16,1.00
2016.01.07 13:00:17.401,1.41456,1.41467,1.54,1.47
2016.01.07 13:00:17.899,1.41454,1.41466,1.41,1.00
2016.01.07 13:00:18.407,1.41455,1.41467,1.44,1.87
2016.01.07 13:00:20.198,1.41455,1.41467,1.44,1.87
2016.01.07 13:00:20.249,1.41458,1.41467,1.34,1.37
2016.01.07 13:00:20.453,1.41459,1.4147,1.84,1.12
2016.01.07 13:00:20.504,1.41459,1.41471,2.96,1.47
2016.01.07 13:00:21.014,1.41459,1.41471,4.09,1.37
2016.01.07 13:00:21.436,1.4146,1.41472,1.84,1.50
2016.01.07 13:00:21.691,1.41464,1.41474,1.00,1.10
2016.01.07 13:00:22.201,1.41464,1.41476,1.57,1.12
2016.01.07 13:00:22.709,1.41466,1.41478,1.00,1.50
2016.01.07 13:00:23.370,1.41463,1.41474,2.25,1.87
2016.01.07 13:00:24.554,1.41463,1.41473,1.87,1.00
2016.01.07 13:00:27.203,1.41463,1.41474,2.25,1.00
2016.01.07 13:00:27.893,1.41463,1.41475,1.87,2.32
2016.01.07 13:00:28.148,1.41462,1.41473,1.87,1.07
2016.01.07 13:00:28.199,1.4146,1.4147,1.95,1.00
2016.01.07 13:00:28.301,1.41458,1.4147,1.47,2.25
2016.01.07 13:00:28.504,1.41457,1.4147,1.12,3.00
2016.01.07 13:00:29.160,1.41455,1.41467,1.12,1.20
2016.01.07 13:00:29.212,1.41455,1.41467,1.87,1.95
2016.01.07 13:00:29.568,1.41456,1.41467,1.87,1.50
2016.01.07 13:00:29.620,1.41456,1.41467,3.00,1.50
2016.01.07 13:00:31.776,1.41456,1.41467,1.87,1.75
2016.01.07 13:00:31.878,1.41456,1.41467,1.87,2.25
2016.01.07 13:00:32.082,1.41454,1.41465,3.00,1.37
2016.01.07 13:00:33.113,1.41454,1.41464,1.95,1.00
2016.01.07 13:00:33.419,1.41454,1.41463,1.95,1.37
2016.01.07 13:00:33.520,1.41451,1.41463,3.00,1.37
2016.01.07 13:00:36.370,1.41459,1.41464,2.62,1.00
2016.01.07 13:00:36.421,1.41461,1.41467,1.12,1.00
2016.01.07 13:00:36.523,1.41461,1.41471,1.12,2.62
2016.01.07 13:00:36.677,1.41461,1.41471,2.25,1.00
2016.01.07 13:00:36.729,1.41461,1.41471,1.47,1.00
2016.01.07 13:00:37.237,1.4146,1.41472,1.95,1.87
2016.01.07 13:00:37.774,1.4146,1.41473,1.57,1.87
2016.01.07 13:00:38.231,1.4146,1.41469,1.45,1.00
2016.01.07 13:00:38.670,1.41455,1.41465,1.95,1.87
2016.01.07 13:00:41.289,1.41455,1.41465,1.95,1.37
2016.01.07 13:00:41.391,1.41456,1.41466,1.47,1.00
2016.01.07 13:00:41.594,1.41457,1.41468,1.37,1.12
2016.01.07 13:00:41.696,1.41458,1.41468,1.12,1.00
2016.01.07 13:00:42.231,1.41457,1.41468,2.25,1.00
2016.01.07 13:00:42.947,1.41457,1.41469,1.87,1.50
2016.01.07 13:00:43.523,1.41457,1.41465,1.37,1.00
2016.01.07 13:00:43.831,1.41454,1.41464,1.12,1.37
2016.01.07 13:00:44.821,1.41452,1.41463,1.87,1.00
2016.01.07 13:00:45.330,1.41453,1.41464,1.50,1.50
2016.01.07 13:00:46.296,1.41453,1.41465,1.50,1.87
2016.01.07 13:00:46.653,1.41457,1.41468,1.07,1.87
2016.01.07 13:00:47.055,1.41459,1.41469,1.50,1.00
2016.01.07 13:00:47.562,1.41459,1.41468,1.12,1.00
2016.01.07 13:00:48.071,1.41459,1.41469,1.12,1.00
2016.01.07 13:00:49.765,1.41462,1.41471,1.00,1.12
2016.01.07 13:00:49.816,1.41462,1.41473,1.12,1.37
2016.01.07 13:00:50.375,1.41461,1.41472,1.50,1.87
2016.01.07 13:00:50.887,1.41459,1.41472,4.50,2.25
2016.01.07 13:00:51.924,1.41462,1.41472,1.12,1.00
2016.01.07 13:00:52.128,1.41464,1.41475,1.87,1.12
2016.01.07 13:00:52.671,1.41466,1.41477,1.50,1.50
2016.01.07 13:00:53.027,1.41468,1.41477,1.00,1.37
2016.01.07 13:00:53.534,1.41467,1.41477,1.00,1.12
2016.01.07 13:00:55.335,1.41468,1.41477,1.00,1.00
2016.01.07 13:00:56.360,1.41467,1.41477,1.12,1.00
2016.01.07 13:00:56.869,1.41468,1.41477,1.00,1.00
2016.01.07 13:00:57.378,1.41468,1.41478,1.00,1.00
2016.01.07 13:00:57.992,1.41469,1.41479,1.00,1.12
2016.01.07 13:00:58.500,1.41468,1.4148,2.25,2.70
2016.01.07 13:00:59.636,1.41468,1.4148,3.07,1.37
2016.01.07 13:01:00.175,1.41468,1.41478,1.57,1.00
2016.01.07 13:01:00.733,1.4147,1.41479,1.00,1.00
2016.01.07 13:01:01.396,1.41469,1.41479,1.20,1.00
2016.01.07 13:01:01.948,1.4147,1.41478,1.00,1.00
2016.01.07 13:01:02.471,1.41471,1.41479,1.00,1.00
2016.01.07 13:01:04.053,1.4147,1.4148,1.00,1.12
2016.01.07 13:01:04.585,1.41471,1.4148,1.00,1.12
2016.01.07 13:01:04.992,1.41473,1.4148,1.50,1.00
2016.01.07 13:01:05.298,1.41487,1.41493,1.87,1.00
2016.01.07 13:01:05.699,1.41492,1.41501,1.07,1.75
2016.01.07 13:01:05.753,1.41492,1.41501,1.07,1.12
2016.01.07 13:01:06.304,1.4149,1.41501,2.25,1.12
2016.01.07 13:01:07.080,1.4149,1.41501,1.95,1.50
2016.01.07 13:01:08.118,1.4149,1.415,1.20,1.00
2016.01.07 13:01:10.413,1.41489,1.415,3.37,1.37
2016.01.07 13:01:11.736,1.41488,1.41499,2.62,1.12
2016.01.07 13:01:12.249,1.41488,1.41498,1.50,1.00
2016.01.07 13:01:12.868,1.41488,1.41499,1.50,1.12
2016.01.07 13:01:14.788,1.41489,1.41499,1.12,1.00
2016.01.07 13:01:15.376,1.41488,1.415,1.87,1.87
2016.01.07 13:01:20.983,1.41488,1.415,2.32,1.95
2016.01.07 13:01:21.085,1.41488,1.415,2.32,2.25
2016.01.07 13:01:21.891,1.41489,1.415,1.00,2.25
2016.01.07 13:01:22.393,1.41488,1.415,3.07,1.50
2016.01.07 13:01:23.841,1.4149,1.415,1.00,1.50
2016.01.07 13:01:24.350,1.4149,1.41501,1.00,2.62
2016.01.07 13:01:24.856,1.41491,1.41501,1.00,1.12
2016.01.07 13:01:24.907,1.41491,1.41501,1.00,1.10
2016.01.07 13:01:25.060,1.41493,1.41502,1.50,1.07
2016.01.07 13:01:25.568,1.41494,1.41503,1.00,1.12
2016.01.07 13:01:26.551,1.41494,1.41503,1.00,1.07
2016.01.07 13:01:27.305,1.41494,1.41503,1.00,1.00
2016.01.07 13:01:27.357,1.41492,1.41503,3.00,1.57
2016.01.07 13:01:27.864,1.41492,1.41503,3.07,1.57
2016.01.07 13:01:28.017,1.41492,1.41501,1.00,1.00
2016.01.07 13:01:28.119,1.4149,1.41501,2.32,1.00
2016.01.07 13:01:28.630,1.41491,1.41502,1.43,1.10
2016.01.07 13:01:29.139,1.4149,1.41501,1.43,1.10
2016.01.07 13:01:29.190,1.4149,1.41501,1.43,1.12
2016.01.07 13:01:30.119,1.41489,1.415,2.26,1.07
2016.01.07 13:01:30.474,1.41488,1.415,1.51,1.95
2016.01.07 13:01:30.878,1.41488,1.41497,1.00,1.50
2016.01.07 13:01:31.183,1.41486,1.41494,1.00,1.00
2016.01.07 13:01:32.102,1.41483,1.41494,1.81,2.32
2016.01.07 13:01:32.203,1.41483,1.41493,1.37,1.50
2016.01.07 13:01:32.559,1.41484,1.41493,2.93,1.75
2016.01.07 13:01:32.610,1.41487,1.41495,1.12,1.45
2016.01.07 13:01:32.661,1.41489,1.41497,1.06,1.37
2016.01.07 13:01:32.713,1.41489,1.41499,1.06,1.87
2016.01.07 13:01:33.318,1.41489,1.41501,1.06,2.62
2016.01.07 13:01:33.370,1.41489,1.41501,1.13,1.87
2016.01.07 13:01:33.421,1.4149,1.41502,1.68,2.62
2016.01.07 13:01:34.030,1.4149,1.41502,1.68,1.57
2016.01.07 13:01:34.936,1.41491,1.41502,3.31,1.10
2016.01.07 13:01:35.842,1.41492,1.41502,2.18,1.00
2016.01.07 13:01:36.350,1.41492,1.41503,3.01,1.10
2016.01.07 13:01:37.095,1.41499,1.41505,1.00,1.87
2016.01.07 13:01:37.299,1.41506,1.41513,1.00,1.00
2016.01.07 13:01:37.351,1.41508,1.41513,1.00,1.00
2016.01.07 13:01:37.403,1.41509,1.41517,1.00,1.00
2016.01.07 13:01:37.701,1.41509,1.4152,1.51,1.00
2016.01.07 13:01:37.905,1.41509,1.41519,1.51,1.47
2016.01.07 13:01:38.514,1.41509,1.41518,1.51,1.00
2016.01.07 13:01:39.177,1.41509,1.41519,1.10,1.10
2016.01.07 13:01:39.688,1.41509,1.41518,1.57,1.00
2016.01.07 13:01:40.201,1.41509,1.41519,1.10,1.10
2016.01.07 13:01:41.121,1.41509,1.41517,1.10,1.00
2016.01.07 13:01:41.326,1.41509,1.4152,1.10,1.07
2016.01.07 13:01:41.377,1.41511,1.41521,1.00,1.12
2016.01.07 13:01:41.581,1.41513,1.41522,1.00,1.10
2016.01.07 13:01:42.741,1.41513,1.41523,1.10,1.57
2016.01.07 13:01:42.995,1.41517,1.41525,1.37,1.10
2016.01.07 13:01:43.097,1.41518,1.41527,1.87,1.00
2016.01.07 13:01:43.447,1.41525,1.41532,1.50,1.37
2016.01.07 13:01:43.498,1.41526,1.41536,1.00,1.00
2016.01.07 13:01:43.550,1.41528,1.41536,1.00,1.00
2016.01.07 13:01:44.746,1.41526,1.41535,1.12,1.00
2016.01.07 13:01:45.206,1.41526,1.41532,1.12,1.00
2016.01.07 13:01:45.359,1.41518,1.41528,1.87,1.00
2016.01.07 13:01:45.714,1.41516,1.41527,1.12,1.50
2016.01.07 13:01:45.816,1.41515,1.41524,2.25,1.00
2016.01.07 13:01:46.010,1.41515,1.41526,3.00,1.00
2016.01.07 13:01:46.571,1.41517,1.41527,1.20,1.00
2016.01.07 13:01:46.775,1.41518,1.4153,1.07,1.87
2016.01.07 13:01:46.826,1.41523,1.4153,1.00,1.50
2016.01.07 13:01:47.098,1.41523,1.41534,1.37,1.00
2016.01.07 13:01:48.076,1.41523,1.41533,1.87,1.00
2016.01.07 13:01:48.229,1.41524,1.41535,1.50,1.12
2016.01.07 13:01:48.916,1.41525,1.41535,1.20,1.00
2016.01.07 13:01:49.202,1.41525,1.41537,1.50,1.12
2016.01.07 13:01:49.457,1.41525,1.41537,1.12,1.20
2016.01.07 13:01:51.330,1.41524,1.41536,1.57,1.20
2016.01.07 13:01:51.566,1.41524,1.41536,1.10,1.57
2016.01.07 13:01:52.074,1.41525,1.41535,1.00,1.00
2016.01.07 13:01:52.746,1.41525,1.41538,1.50,2.62
2016.01.07 13:01:53.051,1.41527,1.41538,1.00,1.50
2016.01.07 13:01:53.205,1.41527,1.41538,1.20,1.00
2016.01.07 13:01:53.823,1.41527,1.41539,1.20,1.57
2016.01.07 13:01:54.027,1.41526,1.41537,1.57,1.00
2016.01.07 13:01:54.282,1.41524,1.41536,2.70,1.57
2016.01.07 13:01:54.333,1.41524,1.41536,2.70,1.95
2016.01.07 13:01:54.940,1.41527,1.41538,1.00,1.57
2016.01.07 13:01:55.144,1.41528,1.41539,1.07,1.20
2016.01.07 13:01:55.804,1.41526,1.41537,3.00,1.00
2016.01.07 13:01:56.170,1.41528,1.41539,1.10,2.62
2016.01.07 13:01:56.324,1.41528,1.41539,1.00,1.20
2016.01.07 13:01:56.832,1.41529,1.41539,1.10,1.47
2016.01.07 13:01:57.346,1.41529,1.41541,1.57,2.25
2016.01.07 13:01:59.593,1.41529,1.41541,1.87,1.37
2016.01.07 13:02:00.104,1.41531,1.41542,1.07,1.75
2016.01.07 13:02:01.782,1.41528,1.4154,4.50,1.00
2016.01.07 13:02:02.741,1.41529,1.41539,1.50,1.00
2016.01.07 13:02:03.199,1.41529,1.41539,1.10,1.00
2016.01.07 13:02:03.858,1.41529,1.4154,1.57,1.87
2016.01.07 13:02:04.417,1.41529,1.4154,1.57,1.87
2016.01.07 13:02:05.843,1.41529,1.4154,1.07,1.37
2016.01.07 13:02:06.505,1.4153,1.41542,1.12,2.70
2016.01.07 13:02:07.015,1.4153,1.41541,2.62,1.37
2016.01.07 13:02:07.320,1.41531,1.41544,2.62,1.87
2016.01.07 13:02:08.171,1.41532,1.41544,2.25,1.50
2016.01.07 13:02:08.819,1.41532,1.41543,1.20,1.37
2016.01.07 13:02:10.664,1.4153,1.41543,4.12,1.87
2016.01.07 13:02:11.274,1.4153,1.4154,1.12,1.37
2016.01.07 13:02:11.528,1.41528,1.4154,2.32,2.32
2016.01.07 13:02:12.036,1.41528,1.41541,2.32,1.47
2016.01.07 13:02:12.751,1.41528,1.41541,3.45,1.47
2016.01.07 13:02:12.955,1.41532,1.41543,1.50,2.62
2016.01.07 13:02:13.461,1.41532,1.41543,1.07,1.57
2016.01.07 13:02:13.962,1.41533,1.41543,1.07,1.50
2016.01.07 13:02:16.660,1.41533,1.41544,1.07,1.37
2016.01.07 13:02:17.443,1.41532,1.41539,1.87,1.50
2016.01.07 13:02:17.596,1.41529,1.41537,1.12,2.62
2016.01.07 13:02:17.698,1.41529,1.41537,1.87,1.12
2016.01.07 13:02:17.851,1.41528,1.4154,1.50,2.25
2016.01.07 13:02:18.359,1.41531,1.41541,1.07,1.75
2016.01.07 13:02:18.661,1.41529,1.4154,1.87,1.00
2016.01.07 13:02:19.173,1.41529,1.4154,2.62,1.00
2016.01.07 13:02:20.683,1.4153,1.4154,1.50,1.50
2016.01.07 13:02:21.233,1.4153,1.41541,1.50,1.00
2016.01.07 13:02:21.589,1.4153,1.41541,1.12,1.87
2016.01.07 13:02:22.121,1.4153,1.41541,1.57,1.47
2016.01.07 13:02:22.583,1.41531,1.41542,1.57,1.37
2016.01.07 13:02:23.958,1.41531,1.41543,2.32,1.87
2016.01.07 13:02:24.212,1.41531,1.41544,3.37,1.87
2016.01.07 13:02:24.925,1.41532,1.41542,2.62,1.00
2016.01.07 13:02:25.448,1.41531,1.41542,2.25,1.12
2016.01.07 13:02:25.652,1.41531,1.41542,1.57,1.12
2016.01.07 13:02:26.190,1.41531,1.41542,1.57,1.37
2016.01.07 13:02:27.859,1.41531,1.41543,1.87,1.87
2016.01.07 13:02:28.376,1.41531,1.41543,1.87,1.87
2016.01.07 13:02:29.000,1.41532,1.41543,1.87,1.12
2016.01.07 13:02:31.176,1.41532,1.41545,2.62,2.25
2016.01.07 13:02:34.990,1.41533,1.41545,3.00,2.25
2016.01.07 13:02:37.820,1.41533,1.41544,1.12,1.37
2016.01.07 13:02:38.369,1.41533,1.41544,1.07,1.37
2016.01.07 13:02:38.877,1.41533,1.41544,1.10,1.37
2016.01.07 13:02:39.825,1.41533,1.41543,1.57,1.37
2016.01.07 13:02:43.928,1.41531,1.41541,1.87,1.37
2016.01.07 13:02:45.647,1.4153,1.41541,1.12,1.37
2016.01.07 13:02:46.173,1.41531,1.41541,1.10,1.12
2016.01.07 13:02:46.680,1.41531,1.41541,1.47,1.87
2016.01.07 13:02:48.136,1.41531,1.41541,1.20,1.00
2016.01.07 13:02:48.695,1.41531,1.41543,1.20,1.87
2016.01.07 13:02:49.044,1.41531,1.41543,1.20,1.87
2016.01.07 13:02:49.940,1.4153,1.41543,2.32,1.87
2016.01.07 13:02:53.955,1.4153,1.41543,2.70,1.87
2016.01.07 13:02:54.486,1.41531,1.41543,1.95,1.87
2016.01.07 13:02:54.962,1.41531,1.41543,1.57,1.87
2016.01.07 13:02:57.923,1.41532,1.41544,1.87,1.20
2016.01.07 13:02:58.929,1.41532,1.41544,1.87,1.47
2016.01.07 13:02:59.934,1.41531,1.41544,2.32,2.32
2016.01.07 13:03:00.382,1.41532,1.41544,1.75,1.50
2016.01.07 13:03:00.535,1.41536,1.41547,1.00,1.50
2016.01.07 13:03:00.789,1.41537,1.41548,1.37,2.62
2016.01.07 13:03:01.842,1.41537,1.41548,1.37,1.12
2016.01.07 13:03:01.995,1.41541,1.4155,1.37,1.12
2016.01.07 13:03:02.593,1.41541,1.41549,1.50,1.00
2016.01.07 13:03:03.364,1.41542,1.41549,1.37,1.00
2016.01.07 13:03:04.001,1.41541,1.41549,1.37,1.50
2016.01.07 13:03:04.497,1.41545,1.41553,1.75,1.00
2016.01.07 13:03:04.599,1.41547,1.41556,1.37,1.50
2016.01.07 13:03:04.701,1.41548,1.41558,1.50,1.00
2016.01.07 13:03:04.802,1.41548,1.4156,2.25,2.62
2016.01.07 13:03:05.006,1.4155,1.41561,1.37,1.12
2016.01.07 13:03:05.362,1.41552,1.41563,2.25,3.37
2016.01.07 13:03:05.676,1.41556,1.41566,1.47,1.50
2016.01.07 13:03:06.213,1.41557,1.41567,1.37,3.00
2016.01.07 13:03:06.569,1.41557,1.41567,1.37,1.87
2016.01.07 13:03:06.876,1.41556,1.41568,2.32,2.62
2016.01.07 13:03:07.181,1.41559,1.41568,1.37,1.87
2016.01.07 13:03:07.689,1.41559,1.41568,1.37,1.50
2016.01.07 13:03:08.229,1.41559,1.41568,1.37,1.50
2016.01.07 13:03:08.537,1.41562,1.41568,1.37,2.25
2016.01.07 13:03:09.222,1.41561,1.41568,1.37,1.12
2016.01.07 13:03:09.929,1.41561,1.41567,1.37,1.00
2016.01.07 13:03:10.285,1.41561,1.4157,1.37,2.25
2016.01.07 13:03:10.801,1.41562,1.41569,1.37,1.37
2016.01.07 13:03:10.903,1.4156,1.41571,1.37,2.25
2016.01.07 13:03:10.955,1.41564,1.41572,1.00,1.75
2016.01.07 13:03:11.057,1.41564,1.41572,1.00,1.00
2016.01.07 13:03:11.108,1.41565,1.41573,1.37,2.25
2016.01.07 13:03:11.210,1.41562,1.41571,1.87,1.00
2016.01.07 13:03:11.262,1.41562,1.41571,2.25,1.00
2016.01.07 13:03:11.415,1.41562,1.41571,1.87,1.00
2016.01.07 13:03:11.808,1.41562,1.41571,2.25,1.00
2016.01.07 13:03:13.101,1.41561,1.41572,2.62,1.12
2016.01.07 13:03:14.224,1.41561,1.41572,1.50,1.37
2016.01.07 13:03:15.192,1.41562,1.41572,1.50,1.00
2016.01.07 13:03:15.553,1.4156,1.41567,1.00,1.37
2016.01.07 13:03:15.604,1.41554,1.41565,1.20,1.57
2016.01.07 13:03:15.706,1.41554,1.41563,1.20,1.37
2016.01.07 13:03:16.215,1.41553,1.41564,1.50,1.95
2016.01.07 13:03:16.862,1.41554,1.41564,1.20,1.57
2016.01.07 13:03:17.471,1.41553,1.41564,1.37,2.32
2016.01.07 13:03:17.775,1.41549,1.41561,1.47,2.32
2016.01.07 13:03:18.177,1.41546,1.4156,1.57,3.75
2016.01.07 13:03:18.684,1.41546,1.41557,1.57,1.00
2016.01.07 13:03:19.395,1.41546,1.4155,1.20,1.00
2016.01.07 13:03:19.549,1.41541,1.41547,1.12,1.50
2016.01.07 13:03:19.600,1.4154,1.41545,1.50,1.37
2016.01.07 13:03:19.651,1.41538,1.41544,1.37,1.87
2016.01.07 13:03:19.703,1.41534,1.41544,1.20,1.87
2016.01.07 13:03:19.754,1.41533,1.41544,1.37,1.95
2016.01.07 13:03:20.362,1.41533,1.41544,1.10,1.95
2016.01.07 13:03:20.887,1.41534,1.41545,1.10,1.20
2016.01.07 13:03:20.989,1.41538,1.41548,1.00,1.85
2016.01.07 13:03:21.040,1.41538,1.41549,1.00,1.20
2016.01.07 13:03:21.570,1.41538,1.4155,1.00,1.45
2016.01.07 13:03:22.079,1.41538,1.4155,1.37,1.07
2016.01.07 13:03:22.950,1.4154,1.41552,1.50,1.87
2016.01.07 13:03:23.002,1.4154,1.41553,2.25,3.75
2016.01.07 13:03:23.053,1.41545,1.41555,1.10,2.62
2016.01.07 13:03:23.206,1.41546,1.41556,1.47,1.00
2016.01.07 13:03:23.308,1.41547,1.41559,1.20,1.95
2016.01.07 13:03:23.411,1.41549,1.41559,1.00,1.20
2016.01.07 13:03:23.984,1.41548,1.41559,1.12,1.95
2016.01.07 13:03:24.493,1.41548,1.41559,1.57,1.57
2016.01.07 13:03:26.153,1.41549,1.41558,1.10,1.12
2016.01.07 13:03:26.460,1.41544,1.41554,1.07,1.00
2016.01.07 13:03:27.251,1.41542,1.41553,1.12,1.37
2016.01.07 13:03:27.763,1.41542,1.41554,1.12,1.47
2016.01.07 13:03:28.422,1.41542,1.41554,1.12,1.47
2016.01.07 13:03:29.646,1.4154,1.41551,1.47,1.57
2016.01.07 13:03:29.697,1.41538,1.41551,1.12,2.32
2016.01.07 13:03:29.799,1.41538,1.41547,1.12,1.00
2016.01.07 13:03:29.953,1.41535,1.41545,1.57,1.12
2016.01.07 13:03:31.142,1.41536,1.41545,1.50,1.00
2016.01.07 13:03:31.652,1.41534,1.41545,1.12,1.00
2016.01.07 13:03:34.123,1.41533,1.41545,3.00,1.37
2016.01.07 13:03:35.141,1.41533,1.41545,3.00,1.37
2016.01.07 13:03:35.649,1.41533,1.41545,1.50,1.87
2016.01.07 13:03:36.166,1.41533,1.41545,1.20,1.87
2016.01.07 13:03:38.169,1.41533,1.41545,1.07,1.87
2016.01.07 13:03:38.271,1.41535,1.41547,1.57,1.12
2016.01.07 13:03:38.578,1.41538,1.41549,1.37,1.87
2016.01.07 13:03:38.680,1.4154,1.41549,1.45,1.00
2016.01.07 13:03:39.223,1.41539,1.41548,1.12,1.00
2016.01.07 13:03:39.326,1.41539,1.41544,1.57,1.00
2016.01.07 13:03:39.377,1.41537,1.41544,1.07,1.12
2016.01.07 13:03:39.652,1.41533,1.41544,1.20,1.87
2016.01.07 13:03:40.478,1.41533,1.41544,1.57,1.00
2016.01.07 13:03:40.762,1.4154,1.41553,3.37,1.10
2016.01.07 13:03:41.282,1.41539,1.41552,3.75,1.00
2016.01.07 13:03:43.647,1.41541,1.41552,1.12,1.37
2016.01.07 13:03:44.880,1.41539,1.41548,1.12,1.00
2016.01.07 13:03:44.991,1.41535,1.41546,2.32,1.50
2016.01.07 13:03:45.946,1.41535,1.41546,1.07,1.87
2016.01.07 13:03:46.145,1.41535,1.41546,1.07,1.87
2016.01.07 13:03:46.196,1.41532,1.41544,1.10,1.95
2016.01.07 13:03:46.349,1.4153,1.41542,1.95,1.87
2016.01.07 13:03:47.292,1.41527,1.41534,2.25,1.12
2016.01.07 13:03:47.394,1.41521,1.41526,1.00,1.00
2016.01.07 13:03:47.700,1.41522,1.41531,1.50,1.10
2016.01.07 13:03:47.752,1.41522,1.41531,2.62,1.10
2016.01.07 13:03:47.803,1.41524,1.41534,1.37,1.95
2016.01.07 13:03:47.905,1.41525,1.41534,1.50,1.57
2016.01.07 13:03:48.511,1.41525,1.41536,1.00,2.25
2016.01.07 13:03:49.609,1.41526,1.41534,1.12,1.07
2016.01.07 13:03:50.030,1.41525,1.41529,1.12,1.00
2016.01.07 13:03:50.183,1.41519,1.41527,1.00,3.82
2016.01.07 13:03:50.235,1.41517,1.41521,1.12,1.10
2016.01.07 13:03:50.286,1.41514,1.41523,1.00,2.25
2016.01.07 13:03:50.788,1.41512,1.41521,1.87,1.07
2016.01.07 13:03:51.144,1.41512,1.41523,1.87,1.07
2016.01.07 13:03:51.813,1.41512,1.41523,3.00,1.07
2016.01.07 13:03:54.092,1.41512,1.41523,3.00,1.57
2016.01.07 13:03:54.194,1.41511,1.41522,2.32,1.20
2016.01.07 13:03:54.740,1.41512,1.4152,1.50,1.00
2016.01.07 13:03:55.247,1.41512,1.41522,1.12,1.07
2016.01.07 13:03:57.733,1.41512,1.41523,1.50,2.25
2016.01.07 13:03:58.235,1.41512,1.41523,2.70,1.57
2016.01.07 13:03:58.921,1.41512,1.41524,3.82,1.20
2016.01.07 13:03:59.234,1.41516,1.41527,1.47,1.95
2016.01.07 13:03:59.741,1.41516,1.41527,1.47,1.50
2016.01.07 13:04:00.631,1.41519,1.4153,3.00,2.25
2016.01.07 13:04:00.936,1.4152,1.41527,1.00,1.37
2016.01.07 13:04:01.190,1.41519,1.4153,1.95,1.37
2016.01.07 13:04:01.427,1.41523,1.41532,1.12,1.37
2016.01.07 13:04:01.478,1.41523,1.41534,1.00,1.00
2016.01.07 13:04:01.690,1.41528,1.41534,1.10,1.00
2016.01.07 13:04:01.750,1.41528,1.4154,3.45,1.10
2016.01.07 13:04:02.817,1.41528,1.4154,1.20,1.95
2016.01.07 13:04:03.434,1.41527,1.41539,1.95,1.00
2016.01.07 13:04:04.652,1.41528,1.41539,1.20,1.07
2016.01.07 13:04:05.178,1.41526,1.41539,1.57,1.57
2016.01.07 13:04:05.700,1.41528,1.41538,1.00,1.12
2016.01.07 13:04:06.257,1.41528,1.41539,1.00,2.25
2016.01.07 13:04:06.849,1.41528,1.41539,1.00,1.95
2016.01.07 13:04:07.491,1.41525,1.41537,1.57,1.00
2016.01.07 13:04:08.512,1.41525,1.41537,1.57,1.20
2016.01.07 13:04:09.411,1.41526,1.41537,1.00,1.20
2016.01.07 13:04:10.144,1.41524,1.41529,1.95,1.00
2016.01.07 13:04:10.297,1.41521,1.4153,1.12,1.87
2016.01.07 13:04:10.349,1.41518,1.4153,1.47,1.87
2016.01.07 13:04:10.502,1.4152,1.41532,1.00,1.95
2016.01.07 13:04:10.654,1.41522,1.41532,1.00,1.57
2016.01.07 13:04:11.387,1.41522,1.41532,1.00,1.57
2016.01.07 13:04:11.895,1.41522,1.41532,1.07,1.00
2016.01.07 13:04:15.083,1.41522,1.41531,1.07,1.00
2016.01.07 13:04:15.388,1.41519,1.41527,1.00,1.37
2016.01.07 13:04:15.440,1.41516,1.41527,1.10,1.37
2016.01.07 13:04:16.514,1.41516,1.41526,1.95,1.12
2016.01.07 13:04:16.769,1.41518,1.41529,1.37,1.47
2016.01.07 13:04:16.872,1.41518,1.41529,1.00,1.10
2016.01.07 13:04:17.075,1.41519,1.41529,1.37,1.57
2016.01.07 13:04:17.533,1.41518,1.41531,2.70,2.70
2016.01.07 13:04:18.071,1.41519,1.4153,1.00,1.20
2016.01.07 13:04:18.275,1.4152,1.41531,1.37,2.70
2016.01.07 13:04:18.783,1.4152,1.41531,1.87,1.50
2016.01.07 13:04:19.087,1.41521,1.41534,3.82,1.07
2016.01.07 13:04:22.137,1.41523,1.41534,1.00,1.20
2016.01.07 13:04:22.819,1.41523,1.41535,1.57,1.07
2016.01.07 13:04:24.093,1.41523,1.41531,1.07,1.00
2016.01.07 13:04:24.144,1.41523,1.41533,1.45,1.00
2016.01.07 13:04:24.246,1.41521,1.41533,1.57,1.20
2016.01.07 13:04:24.932,1.41521,1.41531,1.20,1.00
2016.01.07 13:04:25.193,1.41521,1.41533,1.57,1.20
2016.01.07 13:04:25.551,1.41523,1.41535,1.95,3.07
2016.01.07 13:04:26.058,1.41525,1.41536,1.10,1.00
2016.01.07 13:04:27.081,1.41527,1.41536,1.00,1.00
2016.01.07 13:04:27.666,1.41526,1.41536,1.00,1.00
2016.01.07 13:04:28.523,1.41527,1.41537,1.00,1.07
2016.01.07 13:04:29.183,1.41525,1.41537,1.87,1.57
2016.01.07 13:04:30.268,1.41527,1.41537,1.00,1.07
2016.01.07 13:04:32.799,1.41526,1.41537,1.87,2.32
2016.01.07 13:04:33.607,1.41526,1.41536,1.37,1.10
2016.01.07 13:04:33.811,1.41525,1.41536,1.12,1.20
2016.01.07 13:04:34.400,1.41525,1.41532,1.12,1.00
2016.01.07 13:04:34.606,1.41518,1.41527,1.00,1.95
2016.01.07 13:04:34.809,1.41516,1.41527,1.00,1.57
2016.01.07 13:04:35.012,1.41514,1.41524,1.50,1.10
2016.01.07 13:04:35.641,1.41514,1.41523,1.50,1.00
2016.01.07 13:04:36.162,1.41513,1.41524,1.12,1.20
2016.01.07 13:04:36.738,1.41516,1.41527,1.00,1.12
2016.01.07 13:04:37.257,1.41515,1.41526,1.10,1.45
2016.01.07 13:04:41.300,1.41517,1.41527,1.50,1.20
2016.01.07 13:04:41.783,1.41519,1.41527,1.00,1.12
2016.01.07 13:04:42.300,1.41519,1.41527,1.07,1.00
2016.01.07 13:04:42.708,1.41516,1.41526,1.20,1.50
2016.01.07 13:04:43.235,1.41514,1.41525,1.87,1.00
2016.01.07 13:04:44.780,1.41514,1.41525,1.57,1.10
2016.01.07 13:04:45.738,1.41514,1.41525,1.57,2.70
2016.01.07 13:04:48.622,1.41515,1.41527,2.70,1.50
2016.01.07 13:04:48.673,1.41516,1.41527,1.20,1.20
2016.01.07 13:04:49.156,1.41518,1.41525,1.10,1.00
2016.01.07 13:04:49.308,1.41515,1.41525,1.57,1.00
2016.01.07 13:04:50.656,1.41515,1.41525,1.12,1.95
2016.01.07 13:04:51.265,1.41515,1.41525,1.12,1.95
2016.01.07 13:04:52.256,1.41515,1.41525,1.12,1.95
2016.01.07 13:04:52.879,1.41515,1.41523,1.12,1.00
2016.01.07 13:04:53.986,1.41515,1.41523,1.00,1.37
2016.01.07 13:04:54.241,1.41514,1.41521,1.00,1.07
2016.01.07 13:04:54.547,1.41505,1.4151,3.37,1.00
2016.01.07 13:04:54.598,1.41502,1.41507,1.50,1.10
2016.01.07 13:04:54.650,1.41499,1.41504,1.50,1.00
2016.01.07 13:04:54.751,1.41497,1.41501,1.00,1.00
2016.01.07 13:04:55.011,1.41477,1.41487,1.87,2.70
2016.01.07 13:04:55.062,1.41477,1.41487,1.50,2.70
2016.01.07 13:04:55.265,1.41477,1.41486,1.00,1.50
2016.01.07 13:04:55.570,1.41479,1.41484,1.00,1.37
2016.01.07 13:04:55.621,1.41481,1.41489,1.37,1.12
2016.01.07 13:04:55.673,1.41481,1.41491,1.37,2.70
2016.01.07 13:04:55.724,1.4148,1.41491,2.25,1.10
2016.01.07 13:04:56.177,1.4148,1.41489,1.12,1.00
2016.01.07 13:04:56.482,1.41476,1.41487,1.50,1.57
2016.01.07 13:04:56.787,1.41482,1.41492,3.00,1.20
2016.01.07 13:04:56.838,1.41486,1.41497,1.00,2.62
2016.01.07 13:04:56.889,1.41485,1.41497,1.57,2.25
2016.01.07 13:04:56.941,1.41486,1.41497,1.37,1.87
2016.01.07 13:04:57.343,1.41486,1.41498,1.10,2.70
2016.01.07 13:04:57.546,1.41488,1.41498,1.12,1.00
2016.01.07 13:04:58.055,1.41486,1.41498,1.95,1.50
2016.01.07 13:04:58.602,1.41486,1.41498,1.95,1.87
2016.01.07 13:04:59.671,1.41486,1.41497,1.20,1.00
2016.01.07 13:05:00.548,1.41486,1.41496,1.20,1.00
2016.01.07 13:05:01.061,1.41486,1.41497,1.20,1.00
2016.01.07 13:05:01.422,1.41487,1.41494,1.37,1.00
2016.01.07 13:05:01.931,1.41487,1.41494,1.00,1.00
2016.01.07 13:05:02.491,1.41487,1.41495,1.00,1.10
2016.01.07 13:05:02.968,1.41489,1.41497,1.00,1.87
2016.01.07 13:05:03.476,1.41488,1.41496,1.00,1.07
2016.01.07 13:05:05.173,1.4149,1.41497,1.00,1.10
2016.01.07 13:05:05.698,1.4149,1.41498,1.00,1.20
2016.01.07 13:05:06.351,1.41492,1.415,1.00,1.37
2016.01.07 13:05:06.860,1.41491,1.41501,1.00,2.25
2016.01.07 13:05:08.345,1.41492,1.41502,1.00,3.00
2016.01.07 13:05:08.599,1.41492,1.41501,1.00,1.00
2016.01.07 13:05:08.825,1.41494,1.41501,1.00,1.00
2016.01.07 13:05:09.333,1.41495,1.41504,1.00,1.37
2016.01.07 13:05:10.512,1.41495,1.41505,1.00,1.37
2016.01.07 13:05:12.862,1.41496,1.41505,1.00,1.37
2016.01.07 13:05:12.913,1.41496,1.41504,1.00,1.37
2016.01.07 13:05:13.782,1.41494,1.41498,1.10,1.00
2016.01.07 13:05:13.986,1.41483,1.41491,1.00,1.50
2016.01.07 13:05:14.087,1.41482,1.41488,1.00,1.37
2016.01.07 13:05:14.855,1.41483,1.41487,1.00,1.12
2016.01.07 13:05:14.907,1.41483,1.41491,1.00,1.50
2016.01.07 13:05:15.621,1.41483,1.4149,1.00,1.37
2016.01.07 13:05:16.144,1.41482,1.41489,1.10,1.12
2016.01.07 13:05:16.655,1.41482,1.4149,1.00,2.32
2016.01.07 13:05:17.202,1.41482,1.41489,1.00,2.32
2016.01.07 13:05:17.763,1.41482,1.4149,1.00,1.95
2016.01.07 13:05:17.915,1.41478,1.41487,1.00,1.37
2016.01.07 13:05:18.017,1.41476,1.41485,1.50,1.50
2016.01.07 13:05:18.811,1.41478,1.41485,1.00,1.07
2016.01.07 13:05:19.224,1.41477,1.41486,1.12,1.10
2016.01.07 13:05:19.326,1.4148,1.41487,1.00,1.50
2016.01.07 13:05:19.631,1.41483,1.41491,1.37,2.25
2016.01.07 13:05:19.889,1.41488,1.41493,1.12,1.37
2016.01.07 13:05:19.940,1.41488,1.41498,1.12,1.50
2016.01.07 13:05:19.991,1.4149,1.41499,1.50,1.50
2016.01.07 13:05:20.601,1.41492,1.415,1.10,1.00
2016.01.07 13:05:20.916,1.41493,1.41504,1.37,2.25
2016.01.07 13:05:21.426,1.41495,1.41505,1.20,1.87
2016.01.07 13:05:21.935,1.41495,1.41506,1.95,1.87
2016.01.07 13:05:22.240,1.41496,1.41505,1.47,1.12
2016.01.07 13:05:23.136,1.41495,1.41505,2.32,1.12
2016.01.07 13:05:23.700,1.41496,1.41505,1.47,1.12
2016.01.07 13:05:24.007,1.41503,1.41507,1.00,1.87
2016.01.07 13:05:24.332,1.41508,1.41518,1.37,2.62
2016.01.07 13:05:24.385,1.4151,1.41518,4.50,1.87
2016.01.07 13:05:24.436,1.41512,1.4152,1.75,1.00
2016.01.07 13:05:24.690,1.41516,1.4152,1.95,1.00
2016.01.07 13:05:24.843,1.41518,1.41526,1.07,1.00
2016.01.07 13:05:24.894,1.41518,1.41524,1.07,1.00
2016.01.07 13:05:25.101,1.41518,1.41526,1.00,1.87
2016.01.07 13:05:25.605,1.41518,1.41527,1.50,1.50
2016.01.07 13:05:26.740,1.41517,1.41526,1.37,3.00
2016.01.07 13:05:26.943,1.41515,1.41525,2.32,1.00
2016.01.07 13:05:27.454,1.41516,1.41526,1.37,3.00
2016.01.07 13:05:27.708,1.41518,1.41526,1.37,1.50
2016.01.07 13:05:28.235,1.41517,1.41526,1.87,1.00
2016.01.07 13:05:28.744,1.41518,1.41528,1.37,1.50
2016.01.07 13:05:29.029,1.4152,1.41528,1.37,1.50
2016.01.07 13:05:29.989,1.4152,1.41525,1.12,1.37
2016.01.07 13:05:30.253,1.41518,1.41526,1.37,1.37
2016.01.07 13:05:30.355,1.41518,1.41527,1.37,1.87
2016.01.07 13:05:30.457,1.41523,1.41528,1.37,1.12
2016.01.07 13:05:30.559,1.41524,1.41529,1.95,1.00
2016.01.07 13:05:30.610,1.41526,1.41534,1.37,1.12
2016.01.07 13:05:30.712,1.41525,1.41537,1.57,1.00
2016.01.07 13:05:30.763,1.41526,1.41535,1.12,1.00
2016.01.07 13:05:31.239,1.41526,1.41539,4.50,1.00
2016.01.07 13:05:31.546,1.41527,1.41537,1.87,1.00
2016.01.07 13:05:31.750,1.41527,1.41539,1.50,1.00
2016.01.07 13:05:32.670,1.41528,1.41539,2.25,1.00
2016.01.07 13:05:35.619,1.41528,1.41538,1.87,1.00
2016.01.07 13:05:35.721,1.41528,1.41536,1.50,1.00
2016.01.07 13:05:35.976,1.41528,1.41538,1.12,1.00
2016.01.07 13:05:36.027,1.41528,1.4154,1.12,1.20
2016.01.07 13:05:40.095,1.41528,1.4154,1.87,1.37
2016.01.07 13:05:42.541,1.41536,1.41544,1.00,3.00
2016.01.07 13:05:42.643,1.41543,1.4155,1.45,1.00
2016.01.07 13:05:42.745,1.41544,1.41555,1.57,1.57
2016.01.07 13:05:42.948,1.41544,1.4155,1.50,1.00
2016.01.07 13:05:42.999,1.41544,1.4155,1.00,1.00
2016.01.07 13:05:43.223,1.41542,1.4155,1.00,1.00
2016.01.07 13:05:43.325,1.41542,1.41555,2.25,1.95
2016.01.07 13:05:43.376,1.41547,1.41555,1.00,1.57
2016.01.07 13:05:43.529,1.41546,1.41557,1.87,1.95
2016.01.07 13:05:44.038,1.41546,1.41555,1.00,1.00
2016.01.07 13:05:44.482,1.41547,1.41557,1.00,1.10
2016.01.07 13:05:44.992,1.41548,1.41557,1.00,1.10
2016.01.07 13:05:45.904,1.41547,1.41559,1.10,1.50
2016.01.07 13:05:47.254,1.41548,1.41559,1.00,1.87
2016.01.07 13:05:47.845,1.41548,1.41559,1.00,1.57
2016.01.07 13:05:50.285,1.4155,1.4156,1.00,1.45
2016.01.07 13:05:52.136,1.4155,1.41559,1.07,1.00
2016.01.07 13:05:52.442,1.41551,1.41562,1.12,2.25
2016.01.07 13:05:52.979,1.41551,1.41559,1.12,1.00
2016.01.07 13:05:54.021,1.41551,1.41557,2.25,1.87
2016.01.07 13:05:54.174,1.41551,1.41559,1.12,1.00
2016.01.07 13:05:54.836,1.41554,1.41561,1.00,1.37
2016.01.07 13:05:54.887,1.41555,1.41562,2.62,1.50
2016.01.07 13:05:55.129,1.41562,1.41572,1.50,1.37
2016.01.07 13:05:55.181,1.41562,1.41573,1.87,1.37
2016.01.07 13:05:55.232,1.41562,1.41573,1.50,1.00
2016.01.07 13:05:55.385,1.41566,1.41573,1.37,1.00
2016.01.07 13:05:55.893,1.41565,1.41576,3.00,1.00
2016.01.07 13:05:55.944,1.41567,1.41579,1.50,1.50
2016.01.07 13:05:56.213,1.41569,1.4158,1.50,1.00
2016.01.07 13:05:56.467,1.4157,1.41582,1.12,1.95
2016.01.07 13:05:56.994,1.4157,1.41582,1.12,1.95
2016.01.07 13:05:57.951,1.41571,1.41582,1.07,1.47
2016.01.07 13:05:58.054,1.41567,1.4158,1.87,2.62
2016.01.07 13:05:58.155,1.41569,1.4158,1.10,1.95
2016.01.07 13:05:58.308,1.41569,1.4158,1.07,1.50
2016.01.07 13:05:58.856,1.41569,1.4158,1.00,1.07
2016.01.07 13:05:59.364,1.41568,1.4158,1.00,1.57
2016.01.07 13:06:01.968,1.41569,1.4158,1.00,1.07
2016.01.07 13:06:02.121,1.41569,1.4158,1.00,1.37
2016.01.07 13:06:02.478,1.4157,1.41582,1.00,2.25
2016.01.07 13:06:02.986,1.41571,1.41582,1.00,1.37
2016.01.07 13:06:03.894,1.41571,1.41583,1.10,1.47
2016.01.07 13:06:04.351,1.41572,1.41584,1.57,1.20
2016.01.07 13:06:04.863,1.41573,1.41583,1.10,1.10
2016.01.07 13:06:05.376,1.41571,1.41584,2.25,1.45
2016.01.07 13:06:05.528,1.41571,1.41583,1.20,1.20
2016.01.07 13:06:06.371,1.4157,1.41583,1.45,1.85
2016.01.07 13:06:07.367,1.41574,1.41583,1.00,1.10
2016.01.07 13:06:07.418,1.41574,1.41585,1.00,1.12
2016.01.07 13:06:07.469,1.41576,1.41585,1.00,1.12
2016.01.07 13:06:07.978,1.41576,1.41586,1.00,1.00
2016.01.07 13:06:08.436,1.41587,1.41591,1.87,1.00
2016.01.07 13:06:08.488,1.4159,1.41601,1.00,2.32
2016.01.07 13:06:08.843,1.4159,1.41601,1.00,1.87
2016.01.07 13:06:09.402,1.4159,1.41601,1.00,1.50
2016.01.07 13:06:09.712,1.41589,1.41596,1.00,1.50
2016.01.07 13:06:09.764,1.41585,1.41596,2.25,1.50
2016.01.07 13:06:09.815,1.41585,1.41595,1.37,1.87
2016.01.07 13:06:10.174,1.41585,1.41593,1.00,1.50
2016.01.07 13:06:10.828,1.41588,1.41598,1.00,2.25
2016.01.07 13:06:11.235,1.41585,1.41594,1.00,1.50
2016.01.07 13:06:11.337,1.41577,1.41589,2.32,1.37
2016.01.07 13:06:11.389,1.41577,1.41588,1.12,1.87
2016.01.07 13:06:11.694,1.41573,1.41581,2.62,1.75
2016.01.07 13:06:11.846,1.41573,1.41582,1.12,1.75
2016.01.07 13:06:12.381,1.41574,1.41584,1.00,2.25
2016.01.07 13:06:12.584,1.41574,1.41584,1.00,1.87
2016.01.07 13:06:13.712,1.41572,1.41584,2.25,2.25
2016.01.07 13:06:14.712,1.41572,1.41584,1.87,1.87
2016.01.07 13:06:15.620,1.41577,1.41585,1.37,1.50
2016.01.07 13:06:15.773,1.4158,1.41587,1.12,1.12
2016.01.07 13:06:15.926,1.41578,1.41588,1.00,1.12
2016.01.07 13:06:16.768,1.41578,1.41587,1.00,1.07
2016.01.07 13:06:18.278,1.41577,1.41588,1.00,1.12
2016.01.07 13:06:18.431,1.41577,1.41583,1.00,1.12
2016.01.07 13:06:18.482,1.41572,1.41583,2.25,1.12
2016.01.07 13:06:18.991,1.41572,1.41582,1.37,1.10
2016.01.07 13:06:19.545,1.41571,1.41581,1.37,1.00
2016.01.07 13:06:19.647,1.41567,1.41581,1.87,1.87
2016.01.07 13:06:19.749,1.41567,1.4158,1.12,7.87
2016.01.07 13:06:19.852,1.41568,1.4158,1.00,2.62
2016.01.07 13:06:20.359,1.41564,1.41576,1.95,1.20
2016.01.07 13:06:20.410,1.41566,1.41576,1.00,1.45
2016.01.07 13:06:20.680,1.41562,1.41574,1.57,1.00
2016.01.07 13:06:20.731,1.41561,1.41572,1.75,1.10
2016.01.07 13:06:22.145,1.41565,1.41573,1.12,1.10
2016.01.07 13:06:22.827,1.41565,1.41574,1.12,1.00
2016.01.07 13:06:23.183,1.41565,1.41577,1.50,2.32
2016.01.07 13:06:23.463,1.41569,1.41579,1.87,1.20
2016.01.07 13:06:23.768,1.41571,1.41581,1.12,1.87
2016.01.07 13:06:24.377,1.4157,1.41581,1.87,1.50
2016.01.07 13:06:24.905,1.41571,1.41582,1.87,1.12
2016.01.07 13:06:26.555,1.41571,1.41584,1.12,1.87
2016.01.07 13:06:26.859,1.41573,1.41585,1.00,1.12
2016.01.07 13:06:27.502,1.41573,1.41584,1.50,1.12
2016.01.07 13:06:27.961,1.41571,1.41585,1.12,1.87
2016.01.07 13:06:28.114,1.41571,1.41583,1.12,1.07
2016.01.07 13:06:28.471,1.41571,1.41583,1.00,1.57
2016.01.07 13:06:29.060,1.4157,1.41582,2.25,1.57
2016.01.07 13:06:29.568,1.41571,1.41581,1.00,1.12
2016.01.07 13:06:30.079,1.4157,1.41582,1.50,1.87
2016.01.07 13:06:30.689,1.41571,1.41582,1.00,1.85
2016.01.07 13:06:31.145,1.4157,1.41582,2.32,1.57
2016.01.07 13:06:31.673,1.4157,1.41582,2.32,1.20
2016.01.07 13:06:31.826,1.41572,1.41582,1.00,1.20
2016.01.07 13:06:32.132,1.41584,1.41592,1.50,1.12
2016.01.07 13:06:32.184,1.41584,1.41595,1.57,1.12
2016.01.07 13:06:32.729,1.41586,1.41598,1.00,1.00
2016.01.07 13:06:33.238,1.41587,1.41598,1.10,1.37
2016.01.07 13:06:34.243,1.41587,1.41598,1.00,1.50
2016.01.07 13:06:34.886,1.41586,1.41597,1.00,1.57
2016.01.07 13:06:35.648,1.41586,1.41597,1.00,1.57
2016.01.07 13:06:35.803,1.41587,1.416,1.87,1.57
2016.01.07 13:06:36.256,1.41589,1.416,1.20,1.12
2016.01.07 13:06:36.845,1.41589,1.416,1.95,1.87
2016.01.07 13:06:37.525,1.4159,1.416,1.20,1.12
2016.01.07 13:06:38.788,1.41591,1.41601,1.50,2.32
2016.01.07 13:06:39.297,1.41592,1.41601,1.00,1.10
2016.01.07 13:06:39.915,1.41591,1.41601,1.20,1.10
2016.01.07 13:06:40.219,1.41593,1.41601,1.00,1.10
2016.01.07 13:06:40.271,1.41591,1.41601,1.20,1.10
2016.01.07 13:06:40.778,1.41592,1.41601,1.00,1.10
2016.01.07 13:06:41.431,1.41592,1.41601,1.00,1.07
2016.01.07 13:06:41.584,1.41588,1.41598,1.95,1.00
2016.01.07 13:06:41.635,1.41588,1.41597,1.00,1.10
2016.01.07 13:06:41.737,1.41584,1.41597,2.70,1.50
2016.01.07 13:06:41.940,1.41587,1.41597,1.57,1.00
2016.01.07 13:06:42.471,1.41586,1.41597,1.12,1.10
2016.01.07 13:06:42.676,1.41588,1.41597,1.00,1.10
2016.01.07 13:06:43.488,1.41588,1.41597,1.50,1.10
2016.01.07 13:06:43.796,1.41591,1.416,1.00,2.25
2016.01.07 13:06:43.901,1.41588,1.416,1.50,2.62
2016.01.07 13:06:44.055,1.41588,1.41595,1.87,1.00
2016.01.07 13:06:44.462,1.41586,1.41595,1.50,1.57
2016.01.07 13:06:44.972,1.41586,1.41595,1.12,1.57
2016.01.07 13:06:45.695,1.41586,1.41595,1.00,1.57
2016.01.07 13:06:45.797,1.41587,1.41595,1.37,1.10
2016.01.07 13:06:47.054,1.41587,1.41598,1.50,1.87
2016.01.07 13:06:47.516,1.41587,1.41594,1.12,1.37
2016.01.07 13:06:47.669,1.41585,1.41594,1.00,1.12
2016.01.07 13:06:48.176,1.41585,1.41594,1.87,1.87
2016.01.07 13:06:48.373,1.41586,1.41594,1.37,1.00
2016.01.07 13:06:48.577,1.41588,1.41597,1.50,1.20
2016.01.07 13:06:49.639,1.41587,1.41597,1.50,1.10
2016.01.07 13:06:49.843,1.41589,1.41597,1.00,1.10
2016.01.07 13:06:50.300,1.41587,1.41597,1.00,1.10
2016.01.07 13:06:50.857,1.41587,1.41597,1.87,1.10
2016.01.07 13:06:51.214,1.41586,1.41597,1.95,1.10
2016.01.07 13:06:51.316,1.41584,1.41596,1.87,1.07
2016.01.07 13:06:51.521,1.41584,1.41596,1.00,1.87
2016.01.07 13:06:52.047,1.41583,1.41595,1.12,1.45
2016.01.07 13:06:52.099,1.41585,1.41595,1.00,1.07
2016.01.07 13:06:52.608,1.41583,1.41595,1.37,1.45
2016.01.07 13:06:53.226,1.41583,1.41595,1.50,1.45
2016.01.07 13:06:53.531,1.41583,1.41595,1.50,1.37
2016.01.07 13:06:54.141,1.41583,1.41595,2.62,1.37
2016.01.07 13:06:54.923,1.41583,1.41595,1.50,1.37
2016.01.07 13:06:55.271,1.41574,1.41586,2.32,1.00
2016.01.07 13:06:55.627,1.41573,1.41583,1.00,1.37
2016.01.07 13:06:55.935,1.41572,1.41579,1.12,1.12
2016.01.07 13:06:56.038,1.41568,1.41579,1.12,1.12
2016.01.07 13:06:56.243,1.41568,1.41575,1.00,1.00
2016.01.07 13:06:56.549,1.4156,1.41571,2.25,1.57
2016.01.07 13:06:56.600,1.41561,1.41567,1.00,1.10
2016.01.07 13:06:56.651,1.41561,1.41565,1.00,1.00
2016.01.07 13:06:56.703,1.41557,1.41565,1.00,1.12
2016.01.07 13:06:56.755,1.41554,1.41563,2.70,1.00
2016.01.07 13:06:57.062,1.4155,1.41561,1.00,1.12
2016.01.07 13:06:57.577,1.4155,1.4156,1.37,1.50
2016.01.07 13:06:58.086,1.41549,1.41559,1.37,1.12
2016.01.07 13:07:00.250,1.41555,1.4156,1.12,1.00
2016.01.07 13:07:00.352,1.41557,1.41564,1.87,1.37
2016.01.07 13:07:00.403,1.41559,1.4157,1.00,1.50
2016.01.07 13:07:00.622,1.41561,1.4157,1.00,1.00
2016.01.07 13:07:00.931,1.41563,1.4157,1.37,1.00
2016.01.07 13:07:01.616,1.41562,1.4157,1.37,1.00
2016.01.07 13:07:02.129,1.41561,1.4157,1.37,1.00
2016.01.07 13:07:02.632,1.4156,1.4157,1.50,1.10
2016.01.07 13:07:03.141,1.41561,1.4157,1.37,1.10
2016.01.07 13:07:03.446,1.41563,1.41568,1.37,2.25
2016.01.07 13:07:03.856,1.41561,1.41573,1.45,1.95
2016.01.07 13:07:03.959,1.41563,1.41573,1.37,1.07
2016.01.07 13:07:04.264,1.4156,1.41573,1.20,1.07
2016.01.07 13:07:04.784,1.4156,1.41573,2.32,1.07
2016.01.07 13:07:05.303,1.4156,1.41573,1.50,1.12
2016.01.07 13:07:05.456,1.41563,1.41573,1.37,1.12
2016.01.07 13:07:05.507,1.41563,1.41573,1.37,1.00
2016.01.07 13:07:05.660,1.4156,1.41573,3.00,1.00
2016.01.07 13:07:06.363,1.4156,1.41571,1.10,1.00
2016.01.07 13:07:06.668,1.41557,1.41569,1.07,1.07
2016.01.07 13:07:07.792,1.41557,1.41569,1.12,1.10
2016.01.07 13:07:07.894,1.41557,1.41569,1.10,1.10
2016.01.07 13:07:08.148,1.41557,1.41569,1.10,1.47
2016.01.07 13:07:08.301,1.41554,1.41569,2.70,1.95
2016.01.07 13:07:09.064,1.41555,1.41566,1.10,1.00
2016.01.07 13:07:09.369,1.41555,1.41564,1.47,1.00
2016.01.07 13:07:09.701,1.4155,1.41562,1.50,1.37
2016.01.07 13:07:09.803,1.41549,1.41561,1.37,1.12
2016.01.07 13:07:10.260,1.41549,1.41561,1.12,1.50
2016.01.07 13:07:10.803,1.41547,1.4156,3.00,1.87
2016.01.07 13:07:11.311,1.41548,1.4156,1.50,1.87
2016.01.07 13:07:11.828,1.41549,1.4156,1.50,2.25
2016.01.07 13:07:13.043,1.4155,1.4156,1.37,1.75
2016.01.07 13:07:13.704,1.41549,1.41561,1.50,2.25
2016.01.07 13:07:14.060,1.41551,1.41561,1.00,2.25
2016.01.07 13:07:14.902,1.41551,1.41561,1.50,1.50
2016.01.07 13:07:15.496,1.41551,1.41561,1.00,2.25
2016.01.07 13:07:17.305,1.41553,1.41564,1.37,1.87
2016.01.07 13:07:17.357,1.41553,1.41564,1.57,1.00
2016.01.07 13:07:17.713,1.41553,1.41567,2.32,1.57
2016.01.07 13:07:18.214,1.41554,1.41567,1.87,1.20
2016.01.07 13:07:18.418,1.4156,1.4157,1.37,1.50
2016.01.07 13:07:18.469,1.4156,1.4157,1.37,1.20
2016.01.07 13:07:18.978,1.41559,1.41571,1.57,1.12
2016.01.07 13:07:19.491,1.41561,1.41571,1.37,1.50
2016.01.07 13:07:19.593,1.41559,1.41571,1.57,1.10
2016.01.07 13:07:19.797,1.41561,1.41571,1.37,1.10
2016.01.07 13:07:20.489,1.4156,1.41571,1.37,1.47
2016.01.07 13:07:20.999,1.41561,1.41571,1.37,1.47
2016.01.07 13:07:21.563,1.4156,1.41571,1.47,1.47
2016.01.07 13:07:22.072,1.4156,1.4157,1.10,1.00
2016.01.07 13:07:22.529,1.41557,1.41569,3.82,1.00
2016.01.07 13:07:22.828,1.4156,1.41572,1.37,1.50
2016.01.07 13:07:23.136,1.41569,1.4158,1.87,1.12
2016.01.07 13:07:23.187,1.41572,1.41582,1.47,1.37
2016.01.07 13:07:23.289,1.41572,1.41584,1.95,1.10
2016.01.07 13:07:23.848,1.41572,1.41584,1.10,1.10
2016.01.07 13:07:23.954,1.41572,1.41584,1.20,1.12
2016.01.07 13:07:24.462,1.4157,1.41584,1.95,2.25
2016.01.07 13:07:25.062,1.41572,1.41584,1.12,3.00
2016.01.07 13:07:26.810,1.41575,1.41584,1.00,1.37
2016.01.07 13:07:26.964,1.41578,1.41588,1.37,1.95
2016.01.07 13:07:27.117,1.41582,1.41591,1.37,1.50
2016.01.07 13:07:27.168,1.41582,1.41591,1.47,1.00
2016.01.07 13:07:27.527,1.41581,1.41593,2.25,1.00
2016.01.07 13:07:27.934,1.41584,1.41593,1.37,1.50
2016.01.07 13:07:28.239,1.41581,1.41593,1.87,1.00
2016.01.07 13:07:28.342,1.41579,1.41591,2.25,1.00
2016.01.07 13:07:28.394,1.41579,1.41591,2.25,1.00
2016.01.07 13:07:29.054,1.41579,1.41592,2.62,1.12
2016.01.07 13:07:29.206,1.41579,1.41593,1.87,1.12
2016.01.07 13:07:29.718,1.41579,1.41593,2.62,1.57
2016.01.07 13:07:29.966,1.41578,1.41585,1.37,1.00
2016.01.07 13:07:30.022,1.41575,1.41585,1.12,1.95
2016.01.07 13:07:30.073,1.41572,1.41585,1.50,1.57
2016.01.07 13:07:30.581,1.41572,1.41585,1.87,1.50
2016.01.07 13:07:31.038,1.4157,1.41584,1.12,1.87
2016.01.07 13:07:31.828,1.41569,1.41582,1.47,1.10
2016.01.07 13:07:32.619,1.41569,1.41582,1.95,1.10
2016.01.07 13:07:33.228,1.41568,1.41582,2.32,1.07
2016.01.07 13:07:33.483,1.41579,1.41584,1.00,2.25
2016.01.07 13:07:33.830,1.41582,1.41594,1.87,1.10
2016.01.07 13:07:33.932,1.41587,1.41595,1.37,2.32
2016.01.07 13:07:34.443,1.41589,1.41595,1.12,1.50
2016.01.07 13:07:34.890,1.41587,1.41598,2.62,1.12
2016.01.07 13:07:34.941,1.41587,1.41598,2.25,1.00
2016.01.07 13:07:35.043,1.41587,1.41598,1.50,1.00
2016.01.07 13:07:35.145,1.4159,1.41598,1.00,1.00
2016.01.07 13:07:35.247,1.4159,1.416,1.00,1.57
2016.01.07 13:07:35.350,1.4159,1.416,1.47,1.50
2016.01.07 13:07:37.547,1.41591,1.41602,1.87,1.50
2016.01.07 13:07:38.277,1.41591,1.41601,1.87,1.00
2016.01.07 13:07:38.508,1.41591,1.41595,1.87,1.00
2016.01.07 13:07:38.560,1.41587,1.41595,1.12,1.50
2016.01.07 13:07:38.611,1.41586,1.4159,1.12,1.00
2016.01.07 13:07:38.713,1.41582,1.4159,1.12,1.00
2016.01.07 13:07:38.765,1.41581,1.41589,1.87,1.87
2016.01.07 13:07:38.868,1.41576,1.41587,3.07,1.37
2016.01.07 13:07:39.022,1.41574,1.41583,1.20,1.00
2016.01.07 13:07:39.533,1.41573,1.41584,1.57,1.37
2016.01.07 13:07:39.864,1.41573,1.41585,1.20,2.25
2016.01.07 13:07:39.915,1.41573,1.41585,1.20,2.62
2016.01.07 13:07:40.221,1.41573,1.41585,1.87,1.12
2016.01.07 13:07:40.915,1.41587,1.41595,1.37,1.00
2016.01.07 13:07:41.223,1.41603,1.41609,1.00,1.12
2016.01.07 13:07:41.427,1.41608,1.41616,1.50,1.00
2016.01.07 13:07:41.529,1.41608,1.4162,1.87,1.12
2016.01.07 13:07:41.927,1.41609,1.41622,1.45,2.62
2016.01.07 13:07:42.132,1.41609,1.41622,1.20,3.00
2016.01.07 13:07:42.387,1.41613,1.41624,1.00,1.95
2016.01.07 13:07:42.973,1.41613,1.41624,1.10,1.47
2016.01.07 13:07:43.283,1.41619,1.41628,1.37,1.12
2016.01.07 13:07:43.335,1.41625,1.41632,1.37,1.12
2016.01.07 13:07:43.438,1.41628,1.41635,1.00,1.20
2016.01.07 13:07:43.540,1.4163,1.41641,1.12,1.20
2016.01.07 13:07:43.694,1.4163,1.41642,1.12,1.95
2016.01.07 13:07:44.400,1.41631,1.41643,1.07,1.95
2016.01.07 13:07:45.163,1.41631,1.41644,1.07,1.12
2016.01.07 13:07:45.564,1.41629,1.41642,1.00,2.25
2016.01.07 13:07:45.870,1.41623,1.41638,1.67,1.50
2016.01.07 13:07:45.972,1.41626,1.41639,1.00,1.50
2016.01.07 13:07:46.125,1.41626,1.41638,1.00,1.37
2016.01.07 13:07:46.785,1.41626,1.41639,1.00,2.62
2016.01.07 13:07:47.091,1.41623,1.41637,1.12,1.50
2016.01.07 13:07:47.654,1.41624,1.41638,1.54,3.37
2016.01.07 13:07:48.162,1.41624,1.41638,1.62,2.25
2016.01.07 13:07:48.490,1.41619,1.4163,3.75,1.00
2016.01.07 13:07:48.542,1.41618,1.4163,2.42,1.37
2016.01.07 13:07:48.824,1.41617,1.41625,1.37,1.10
2016.01.07 13:07:48.875,1.41612,1.41625,1.10,1.07
2016.01.07 13:07:49.391,1.4161,1.41623,1.12,1.00
2016.01.07 13:07:49.901,1.4161,1.41623,1.16,1.20
2016.01.07 13:07:50.015,1.4161,1.41621,1.07,1.00
2016.01.07 13:07:50.522,1.4161,1.41621,1.10,1.57
2016.01.07 13:07:50.978,1.41606,1.41618,1.37,1.12
2016.01.07 13:07:51.030,1.41606,1.41618,1.84,1.10
2016.01.07 13:07:52.452,1.41607,1.41618,1.00,1.10
2016.01.07 13:07:52.708,1.41607,1.41616,1.57,1.00
2016.01.07 13:07:53.451,1.41607,1.41617,1.07,1.00
2016.01.07 13:07:53.893,1.41606,1.41614,1.84,1.00
2016.01.07 13:07:54.235,1.41604,1.41611,1.82,1.00
2016.01.07 13:07:54.490,1.41595,1.41605,3.04,1.00
2016.01.07 13:07:55.544,1.41596,1.41606,1.09,1.12
2016.01.07 13:07:56.322,1.41596,1.41605,1.09,1.00
2016.01.07 13:07:57.443,1.41596,1.41606,1.09,1.12
2016.01.07 13:07:57.692,1.41601,1.41608,1.09,3.00
2016.01.07 13:07:57.896,1.41608,1.41617,1.87,1.00
2016.01.07 13:07:58.405,1.41608,1.41618,1.84,1.00
2016.01.07 13:07:58.911,1.41609,1.41619,1.16,1.12
2016.01.07 13:07:59.881,1.41609,1.41616,1.07,1.00
2016.01.07 13:08:01.042,1.41608,1.41616,1.95,1.00
2016.01.07 13:08:01.463,1.41609,1.41619,1.47,1.12
2016.01.07 13:08:01.973,1.41608,1.41618,1.07,1.12
2016.01.07 13:08:02.077,1.41605,1.41618,1.12,1.87
2016.01.07 13:08:02.128,1.41603,1.41616,2.25,1.00
2016.01.07 13:08:02.434,1.41603,1.41612,1.37,1.45
2016.01.07 13:08:02.777,1.41605,1.41613,1.37,1.12
2016.01.07 13:08:02.930,1.41605,1.41613,1.37,1.00
2016.01.07 13:08:03.083,1.41608,1.41617,1.37,1.12
2016.01.07 13:08:03.134,1.41608,1.41618,1.37,1.87
2016.01.07 13:08:03.286,1.41607,1.41618,1.12,2.62
2016.01.07 13:08:03.388,1.41607,1.41617,1.00,1.12
2016.01.07 13:08:03.439,1.41603,1.41616,3.07,1.50
2016.01.07 13:08:03.964,1.41603,1.41614,1.50,1.10
2016.01.07 13:08:04.117,1.41603,1.41613,1.37,1.37
2016.01.07 13:08:04.220,1.41602,1.41614,1.12,1.47
2016.01.07 13:08:04.678,1.41603,1.41613,1.37,1.12
2016.01.07 13:08:04.780,1.41602,1.41614,1.20,1.57
2016.01.07 13:08:04.882,1.41598,1.4161,3.37,1.37
2016.01.07 13:08:05.129,1.41596,1.41607,1.00,1.07
2016.01.07 13:08:05.184,1.41592,1.41606,1.95,1.57
2016.01.07 13:08:05.236,1.41592,1.41605,1.12,1.87
2016.01.07 13:08:05.542,1.41596,1.41601,1.00,1.45
2016.01.07 13:08:05.594,1.41596,1.41607,1.50,1.95
2016.01.07 13:08:05.645,1.41599,1.41607,1.00,1.45
2016.01.07 13:08:05.798,1.41599,1.41612,1.00,1.45
2016.01.07 13:08:05.900,1.41602,1.41608,1.12,1.00
2016.01.07 13:08:06.297,1.41599,1.41608,1.37,1.00
2016.01.07 13:08:06.399,1.41598,1.41607,1.00,1.37
2016.01.07 13:08:07.063,1.41602,1.41607,1.50,1.47
2016.01.07 13:08:07.115,1.41602,1.41612,1.50,1.87
2016.01.07 13:08:07.166,1.41605,1.41612,1.00,1.12
2016.01.07 13:08:07.442,1.4161,1.41621,1.37,1.47
2016.01.07 13:08:07.953,1.4161,1.41619,1.50,1.00
2016.01.07 13:08:10.289,1.41609,1.41621,1.00,2.25
2016.01.07 13:08:11.600,1.41606,1.41619,1.20,1.20
2016.01.07 13:08:11.651,1.41606,1.41618,1.20,1.87
2016.01.07 13:08:11.989,1.41604,1.41613,2.25,1.37
2016.01.07 13:08:12.318,1.41599,1.41608,2.25,1.12
2016.01.07 13:08:12.420,1.416,1.4161,1.00,1.95
2016.01.07 13:08:13.401,1.41603,1.4161,1.00,1.20
2016.01.07 13:08:13.731,1.41605,1.41614,1.12,1.37
2016.01.07 13:08:14.037,1.41603,1.41615,1.95,3.00
2016.01.07 13:08:14.560,1.41603,1.41615,2.32,2.25
2016.01.07 13:08:15.932,1.41605,1.41614,1.37,1.37
2016.01.07 13:08:16.877,1.41601,1.41613,1.50,2.62
2016.01.07 13:08:16.979,1.416,1.41611,1.57,2.62
2016.01.07 13:08:17.348,1.41601,1.4161,1.87,1.50
2016.01.07 13:08:17.450,1.41604,1.41612,1.12,1.10
2016.01.07 13:08:17.604,1.41601,1.41609,1.20,1.87
2016.01.07 13:08:17.656,1.41599,1.41607,1.10,2.25
2016.01.07 13:08:17.707,1.41596,1.41601,1.87,1.37
2016.01.07 13:08:17.810,1.41593,1.41601,1.87,3.75
2016.01.07 13:08:17.913,1.41592,1.41602,1.37,3.37
2016.01.07 13:08:18.564,1.41595,1.416,1.37,1.00
2016.01.07 13:08:18.615,1.41596,1.41604,1.50,1.50
2016.01.07 13:08:18.667,1.41596,1.41604,1.50,1.00
2016.01.07 13:08:18.718,1.41599,1.41603,1.12,1.00
2016.01.07 13:08:18.820,1.41597,1.41602,1.12,1.00
2016.01.07 13:08:19.328,1.41594,1.41602,1.12,1.75
2016.01.07 13:08:19.531,1.41596,1.41603,1.12,1.12
2016.01.07 13:08:19.819,1.41598,1.41603,1.12,1.00
2016.01.07 13:08:19.870,1.41595,1.41603,2.25,1.00
2016.01.07 13:08:20.393,1.41596,1.41603,1.12,1.12
2016.01.07 13:08:20.900,1.41597,1.41603,1.12,1.87
2016.01.07 13:08:21.415,1.41598,1.41603,1.12,1.87
2016.01.07 13:08:21.721,1.41598,1.41605,1.12,2.62
2016.01.07 13:08:22.134,1.41595,1.41604,1.87,1.37
2016.01.07 13:08:22.236,1.41598,1.41604,1.12,1.37
2016.01.07 13:08:23.257,1.41596,1.41605,1.37,1.12
2016.01.07 13:08:25.049,1.41598,1.41604,1.12,1.37
2016.01.07 13:08:25.303,1.4159,1.416,1.50,1.07
2016.01.07 13:08:25.354,1.41589,1.416,1.87,2.25
2016.01.07 13:08:25.406,1.41588,1.41598,1.50,1.07
2016.01.07 13:08:25.913,1.41589,1.41597,1.00,1.10
2016.01.07 13:08:26.015,1.4159,1.416,1.00,1.45
2016.01.07 13:08:26.523,1.4159,1.41601,1.57,1.07
2016.01.07 13:08:27.422,1.41588,1.41599,1.50,1.00
2016.01.07 13:08:27.524,1.41586,1.41598,1.50,2.25
2016.01.07 13:08:27.576,1.41584,1.41598,2.62,3.00
2016.01.07 13:08:28.118,1.41587,1.416,1.00,2.25
2016.01.07 13:08:28.220,1.41588,1.416,1.50,1.12
2016.01.07 13:08:28.851,1.41589,1.41601,1.00,2.25
2016.01.07 13:08:28.955,1.41587,1.41601,3.07,2.25
2016.01.07 13:08:29.108,1.41585,1.41599,1.87,3.00
2016.01.07 13:08:29.414,1.41584,1.41596,1.37,1.12
2016.01.07 13:08:29.886,1.41583,1.41596,1.50,1.12
2016.01.07 13:08:30.191,1.41583,1.41596,1.12,1.12
2016.01.07 13:08:31.082,1.41588,1.41598,1.00,3.37
2016.01.07 13:08:31.134,1.4159,1.41599,1.00,1.07
2016.01.07 13:08:31.236,1.4159,1.41601,1.00,1.47
2016.01.07 13:08:31.746,1.41591,1.41601,1.00,1.00
2016.01.07 13:08:32.327,1.41591,1.416,1.00,1.00
2016.01.07 13:08:33.658,1.41591,1.41601,1.50,1.00
2016.01.07 13:08:35.559,1.41591,1.41602,1.57,1.12
2016.01.07 13:08:36.258,1.41598,1.41603,1.00,1.20
2016.01.07 13:08:36.413,1.41604,1.41613,1.50,1.00
2016.01.07 13:08:36.466,1.41605,1.41614,2.25,1.37
2016.01.07 13:08:36.517,1.41607,1.41616,1.10,1.37
2016.01.07 13:08:36.620,1.4161,1.4162,1.10,1.20
2016.01.07 13:08:36.926,1.41611,1.41622,2.62,1.00
2016.01.07 13:08:37.028,1.41611,1.41623,1.50,1.50
2016.01.07 13:08:38.003,1.41613,1.41626,1.87,2.25
2016.01.07 13:08:38.362,1.41615,1.41625,1.95,1.00
2016.01.07 13:08:39.787,1.41621,1.41626,1.37,1.12
2016.01.07 13:08:39.839,1.41625,1.41633,1.00,1.12
2016.01.07 13:08:39.891,1.41623,1.41634,2.62,1.50
2016.01.07 13:08:40.094,1.41621,1.41633,3.00,1.00
2016.01.07 13:08:40.247,1.41621,1.41633,1.07,1.50
2016.01.07 13:08:40.349,1.41621,1.41633,1.07,1.12
2016.01.07 13:08:40.452,1.41621,1.41633,1.37,1.87
2016.01.07 13:08:40.965,1.4162,1.41633,1.87,1.00
2016.01.07 13:08:41.220,1.41617,1.41627,1.10,1.00
2016.01.07 13:08:41.322,1.41615,1.41626,1.50,1.37
2016.01.07 13:08:41.424,1.41613,1.41624,1.00,1.87
2016.01.07 13:08:41.780,1.41613,1.41624,1.87,1.37
2016.01.07 13:08:42.239,1.41613,1.41626,1.87,1.87
2016.01.07 13:08:42.696,1.41618,1.41626,1.37,1.87
2016.01.07 13:08:43.153,1.41619,1.41626,1.37,1.50
2016.01.07 13:08:43.376,1.41614,1.41626,1.45,1.50
2016.01.07 13:08:43.886,1.41616,1.41626,1.12,1.50
2016.01.07 13:08:44.396,1.41613,1.41624,1.07,1.00
2016.01.07 13:08:44.909,1.41613,1.41625,1.10,1.57
2016.01.07 13:08:44.960,1.41613,1.41625,1.10,1.87
2016.01.07 13:08:45.062,1.41613,1.41625,1.07,1.00
2016.01.07 13:08:45.270,1.41613,1.41625,1.00,1.87
2016.01.07 13:08:45.825,1.41613,1.41625,1.10,1.12
2016.01.07 13:08:46.184,1.41613,1.41625,1.00,1.87
2016.01.07 13:08:48.549,1.41612,1.41624,1.20,1.50
2016.01.07 13:08:49.532,1.41615,1.41624,1.00,1.75
2016.01.07 13:08:49.684,1.41617,1.41626,1.12,1.00
2016.01.07 13:08:49.735,1.41619,1.4163,1.00,1.75
2016.01.07 13:08:49.787,1.41619,1.4163,1.10,1.00
2016.01.07 13:08:50.294,1.41619,1.41631,1.47,1.00
2016.01.07 13:08:50.612,1.41616,1.4163,2.62,3.00
2016.01.07 13:08:50.918,1.41617,1.41625,1.50,1.20
2016.01.07 13:08:51.223,1.41617,1.41629,1.37,3.00
2016.01.07 13:08:51.527,1.41618,1.41628,1.37,1.12
2016.01.07 13:08:51.680,1.4162,1.41631,1.12,1.87
2016.01.07 13:08:52.020,1.41621,1.41632,1.00,1.50
2016.01.07 13:08:52.895,1.41621,1.41633,1.00,1.82
2016.01.07 13:08:53.446,1.4162,1.41633,1.50,1.50
2016.01.07 13:08:54.003,1.4162,1.41633,1.00,3.37
2016.01.07 13:08:54.515,1.41618,1.41633,3.07,4.12
2016.01.07 13:08:55.308,1.41618,1.41631,1.57,1.50
2016.01.07 13:08:55.816,1.41618,1.41631,3.07,3.00
2016.01.07 13:08:55.867,1.41618,1.41627,3.07,1.00
2016.01.07 13:08:56.071,1.41614,1.41627,1.57,3.07
2016.01.07 13:08:56.579,1.41614,1.41625,1.00,1.20
2016.01.07 13:08:57.113,1.41613,1.41625,1.10,1.20
2016.01.07 13:08:57.640,1.41614,1.41625,1.37,1.20
2016.01.07 13:08:58.312,1.41614,1.41625,1.12,1.20
2016.01.07 13:08:58.617,1.41613,1.41625,1.47,2.25
2016.01.07 13:08:59.158,1.41614,1.41625,1.37,2.25
2016.01.07 13:09:00.063,1.41613,1.41624,1.57,1.12
2016.01.07 13:09:00.941,1.41613,1.41624,1.57,1.50
2016.01.07 13:09:01.245,1.41616,1.41626,2.25,1.20
2016.01.07 13:09:01.752,1.41616,1.41626,1.12,1.20
2016.01.07 13:09:05.234,1.41615,1.41626,1.12,1.57
2016.01.07 13:09:05.540,1.41613,1.41625,2.32,1.87
2016.01.07 13:09:06.272,1.41613,1.41625,1.95,1.87
2016.01.07 13:09:06.787,1.41613,1.41625,1.20,1.87
2016.01.07 13:09:07.306,1.41613,1.41624,1.37,1.50
2016.01.07 13:09:07.728,1.41611,1.41622,2.32,1.10
2016.01.07 13:09:08.237,1.41611,1.41622,1.12,1.57
2016.01.07 13:09:08.288,1.41611,1.41619,1.12,1.00
2016.01.07 13:09:08.593,1.4161,1.41616,1.00,1.07
2016.01.07 13:09:08.644,1.41602,1.41616,1.45,1.07
2016.01.07 13:09:08.911,1.41603,1.41616,1.87,1.07
2016.01.07 13:09:10.589,1.41604,1.41618,1.12,1.87
2016.01.07 13:09:11.234,1.41603,1.41616,1.20,1.10
2016.01.07 13:09:11.336,1.41602,1.41613,1.50,1.10
2016.01.07 13:09:11.489,1.416,1.41613,1.87,1.07
2016.01.07 13:09:12.277,1.416,1.41613,1.95,1.12
2016.01.07 13:09:12.382,1.416,1.41615,4.20,1.50
2016.01.07 13:09:12.434,1.41603,1.41616,1.20,2.70
2016.01.07 13:09:12.588,1.41603,1.41617,1.57,1.95
2016.01.07 13:09:13.096,1.41605,1.41617,1.12,1.57
2016.01.07 13:09:13.692,1.41606,1.41617,1.00,1.07
2016.01.07 13:09:13.744,1.41609,1.41617,1.37,1.07
2016.01.07 13:09:13.795,1.41609,1.4162,1.45,1.00
2016.01.07 13:09:13.897,1.4161,1.4162,1.50,1.00
2016.01.07 13:09:14.202,1.41613,1.41623,1.12,1.50
2016.01.07 13:09:14.508,1.4162,1.41626,1.37,1.12
2016.01.07 13:09:15.151,1.41617,1.41626,1.37,1.50
2016.01.07 13:09:15.253,1.41615,1.41626,1.45,1.87
2016.01.07 13:09:15.557,1.41617,1.41626,1.37,1.87
2016.01.07 13:09:17.257,1.41618,1.41625,1.37,1.12
2016.01.07 13:09:17.794,1.41617,1.41625,1.37,1.12
2016.01.07 13:09:18.315,1.41618,1.41625,1.37,1.12
2016.01.07 13:09:18.823,1.41619,1.41626,1.37,1.37
2016.01.07 13:09:18.875,1.41617,1.41626,1.37,1.00
2016.01.07 13:09:19.424,1.41616,1.41625,1.47,1.00
2016.01.07 13:09:19.983,1.41617,1.41625,1.37,1.12
2016.01.07 13:09:20.484,1.41616,1.41626,1.47,1.87
2016.01.07 13:09:21.000,1.41617,1.41626,1.37,1.87
2016.01.07 13:09:21.203,1.41613,1.41624,1.75,1.37
2016.01.07 13:09:21.668,1.4161,1.41622,4.50,1.37
2016.01.07 13:09:22.176,1.41616,1.41623,1.12,1.00
2016.01.07 13:09:22.227,1.41616,1.41623,1.12,1.50
2016.01.07 13:09:22.379,1.41615,1.41623,1.50,1.00
2016.01.07 13:09:22.481,1.41613,1.41624,1.50,1.37
2016.01.07 13:09:22.685,1.41613,1.41626,2.25,1.95
2016.01.07 13:09:22.987,1.41622,1.41629,1.37,1.37
2016.01.07 13:09:23.293,1.41622,1.41633,1.37,3.00
2016.01.07 13:09:23.800,1.41621,1.41633,1.37,3.00
2016.01.07 13:09:24.335,1.41621,1.41633,1.37,3.37
2016.01.07 13:09:25.499,1.41622,1.41631,1.37,1.50
2016.01.07 13:09:26.008,1.41621,1.41631,1.37,1.50
2016.01.07 13:09:26.706,1.41622,1.41631,1.37,1.50
2016.01.07 13:09:26.909,1.41621,1.41628,1.37,1.37
2016.01.07 13:09:27.012,1.41618,1.41627,1.57,1.00
2016.01.07 13:09:27.519,1.41615,1.41627,1.12,1.50
2016.01.07 13:09:28.059,1.41614,1.41627,3.00,1.50
2016.01.07 13:09:28.567,1.41613,1.41626,1.12,2.70
2016.01.07 13:09:28.618,1.41612,1.41624,2.25,1.00
2016.01.07 13:09:28.923,1.41611,1.41623,1.87,1.37
2016.01.07 13:09:29.485,1.41611,1.41625,1.20,2.32
2016.01.07 13:09:29.994,1.4161,1.41622,1.12,1.37
2016.01.07 13:09:31.289,1.41607,1.41621,1.87,1.20
2016.01.07 13:09:31.833,1.41607,1.41621,1.07,2.32
2016.01.07 13:09:32.595,1.41607,1.41619,1.12,1.00
2016.01.07 13:09:33.093,1.41608,1.41621,1.12,1.57
2016.01.07 13:09:33.856,1.41608,1.41621,1.50,1.95
2016.01.07 13:09:34.185,1.41608,1.41621,1.07,1.95
2016.01.07 13:09:34.494,1.41606,1.4162,1.75,2.25
2016.01.07 13:09:34.546,1.41606,1.41618,1.00,1.45
2016.01.07 13:09:35.225,1.41605,1.41616,1.12,1.12
2016.01.07 13:09:35.734,1.41606,1.41619,1.95,1.50
2016.01.07 13:09:35.785,1.41609,1.41619,1.00,1.20
2016.01.07 13:09:35.939,1.41609,1.41624,3.07,1.87
2016.01.07 13:09:36.273,1.41612,1.41624,1.20,1.12
2016.01.07 13:09:36.783,1.41612,1.41625,1.57,1.95
2016.01.07 13:09:37.089,1.41614,1.41626,1.12,1.10
2016.01.07 13:09:37.339,1.41617,1.41628,1.12,1.00
2016.01.07 13:09:37.442,1.41617,1.41629,1.00,1.75
2016.01.07 13:09:37.953,1.41617,1.41627,1.00,1.00
2016.01.07 13:09:38.378,1.41617,1.41628,1.00,1.87
2016.01.07 13:09:38.634,1.41614,1.41626,1.45,1.37
2016.01.07 13:09:38.939,1.41612,1.41626,1.37,1.75
2016.01.07 13:09:39.194,1.4161,1.41623,1.57,1.10
2016.01.07 13:09:39.296,1.4161,1.41623,1.87,1.12
2016.01.07 13:09:39.604,1.4161,1.41623,1.20,1.12
2016.01.07 13:09:40.169,1.4161,1.41624,1.20,1.82
2016.01.07 13:09:40.718,1.4161,1.41623,1.07,1.10
2016.01.07 13:09:42.182,1.4161,1.41624,1.20,1.82
2016.01.07 13:09:42.537,1.41616,1.41623,1.00,1.10
2016.01.07 13:09:42.842,1.41619,1.41626,1.12,1.00
2016.01.07 13:09:44.352,1.41619,1.41629,4.12,1.37
2016.01.07 13:09:44.455,1.4162,1.41629,5.25,1.00
2016.01.07 13:09:44.963,1.41622,1.41631,1.07,1.37
2016.01.07 13:09:45.473,1.41624,1.41634,1.10,1.37
2016.01.07 13:09:45.524,1.41624,1.41635,1.50,1.50
2016.01.07 13:09:45.677,1.41627,1.41637,1.07,1.50
2016.01.07 13:09:45.779,1.41629,1.4164,1.10,1.87
2016.01.07 13:09:45.830,1.41631,1.4164,1.37,1.87
2016.01.07 13:09:45.881,1.41632,1.41641,1.07,1.37
2016.01.07 13:09:45.984,1.41631,1.41641,3.75,1.37
2016.01.07 13:09:46.035,1.41634,1.41645,1.07,1.37
2016.01.07 13:09:46.137,1.41638,1.41647,1.37,1.12
2016.01.07 13:09:46.563,1.4164,1.41649,1.37,1.12
2016.01.07 13:09:46.768,1.41639,1.41649,1.37,1.12
2016.01.07 13:09:47.721,1.41641,1.41649,1.00,1.12
2016.01.07 13:09:47.823,1.41641,1.41651,1.87,1.75
2016.01.07 13:09:47.925,1.41643,1.41651,1.00,1.37
2016.01.07 13:09:48.027,1.41645,1.41655,1.20,1.00
2016.01.07 13:09:48.080,1.41644,1.41655,3.00,1.00
2016.01.07 13:09:48.233,1.41646,1.41657,1.12,1.12
2016.01.07 13:09:48.811,1.41649,1.4166,1.00,1.12
2016.01.07 13:09:48.862,1.41649,1.41661,1.87,1.57
2016.01.07 13:09:49.065,1.41649,1.41661,1.00,1.87
2016.01.07 13:09:49.168,1.41649,1.41661,1.12,1.20
2016.01.07 13:09:49.677,1.41649,1.41663,1.57,2.25
2016.01.07 13:09:50.156,1.41648,1.41656,1.95,1.00
2016.01.07 13:09:50.310,1.41639,1.41652,1.37,1.87
2016.01.07 13:09:51.146,1.4164,1.41652,2.25,2.25
2016.01.07 13:09:51.661,1.41639,1.41652,1.47,2.25
2016.01.07 13:09:52.590,1.41638,1.4165,2.32,1.10
2016.01.07 13:09:53.101,1.41639,1.41652,2.32,1.20
2016.01.07 13:09:53.693,1.4164,1.41651,1.87,1.10
2016.01.07 13:09:53.998,1.41645,1.41656,1.87,1.12
2016.01.07 13:09:54.049,1.41646,1.41658,1.95,1.20
2016.01.07 13:09:54.151,1.41646,1.4166,2.62,2.25
2016.01.07 13:09:54.253,1.41647,1.4166,1.57,2.25
2016.01.07 13:09:54.558,1.41646,1.4166,1.57,1.87
2016.01.07 13:09:55.069,1.41647,1.4166,1.12,1.87
2016.01.07 13:09:55.171,1.41648,1.4166,1.37,1.87
2016.01.07 13:09:55.476,1.41646,1.41653,1.00,1.12
2016.01.07 13:09:55.730,1.41643,1.41655,1.00,1.57
2016.01.07 13:09:55.781,1.41645,1.41655,1.37,1.87
2016.01.07 13:09:55.984,1.41641,1.41653,1.20,1.20
2016.01.07 13:09:56.614,1.41643,1.41654,1.00,1.12
2016.01.07 13:09:56.666,1.41649,1.41654,1.37,1.00
2016.01.07 13:09:56.768,1.41649,1.41659,1.12,1.12
2016.01.07 13:09:57.022,1.41648,1.4166,1.57,1.57
2016.01.07 13:09:57.541,1.41648,1.4166,1.57,1.57
2016.01.07 13:09:57.896,1.41646,1.41656,1.12,1.00
2016.01.07 13:09:58.101,1.41642,1.41654,1.12,1.07
2016.01.07 13:09:58.203,1.41642,1.41654,1.12,1.00
2016.01.07 13:09:58.727,1.41642,1.41655,1.50,1.50
2016.01.07 13:09:59.032,1.41646,1.41655,1.00,1.12
2016.01.07 13:09:59.337,1.41664,1.41671,2.62,1.12
2016.01.07 13:09:59.490,1.41662,1.41671,1.12,1.37
2016.01.07 13:09:59.592,1.41666,1.41674,1.12,3.00
2016.01.07 13:09:59.643,1.41667,1.41676,1.00,1.50
2016.01.07 13:09:59.890,1.41673,1.41684,1.07,2.25
2016.01.07 13:10:00.096,1.41672,1.41684,1.10,1.00
2016.01.07 13:10:00.197,1.4167,1.41682,1.20,1.00
2016.01.07 13:10:01.366,1.41669,1.41675,1.12,1.37
2016.01.07 13:10:01.519,1.41665,1.41672,1.37,1.57
2016.01.07 13:10:01.571,1.41662,1.41668,1.12,1.12
2016.01.07 13:10:01.673,1.41654,1.41666,1.07,1.87
2016.01.07 13:10:02.264,1.41654,1.41667,1.50,1.50
2016.01.07 13:10:02.315,1.41658,1.41662,1.00,2.25
2016.01.07 13:10:02.621,1.41662,1.41675,1.10,1.47
2016.01.07 13:10:02.746,1.41662,1.41667,1.10,1.00
2016.01.07 13:10:02.901,1.41656,1.41664,1.12,1.00
2016.01.07 13:10:03.004,1.41653,1.41664,1.87,1.87
2016.01.07 13:10:03.260,1.41655,1.41665,1.87,1.00
2016.01.07 13:10:03.311,1.41657,1.41669,1.12,1.00
2016.01.07 13:10:03.543,1.41658,1.41666,1.87,1.75
2016.01.07 13:10:03.696,1.41663,1.41673,1.87,1.00
2016.01.07 13:10:04.003,1.41665,1.41673,1.45,1.00
2016.01.07 13:10:04.308,1.41667,1.41673,1.75,1.00
2016.01.07 13:10:04.511,1.41666,1.41673,1.37,1.00
2016.01.07 13:10:04.717,1.41669,1.41673,1.00,1.00
2016.01.07 13:10:05.022,1.41671,1.41677,1.12,3.00
2016.01.07 13:10:05.327,1.4167,1.41675,1.95,3.00
2016.01.07 13:10:05.379,1.4167,1.41681,1.87,1.50
2016.01.07 13:10:05.634,1.41672,1.41682,1.50,2.25
2016.01.07 13:10:06.160,1.41672,1.41682,1.00,2.25
2016.01.07 13:10:06.670,1.41669,1.41682,2.32,3.75
2016.01.07 13:10:07.203,1.41668,1.41681,2.32,2.25
2016.01.07 13:10:07.767,1.41668,1.4168,1.95,1.12
2016.01.07 13:10:08.136,1.4167,1.41681,1.50,1.00
2016.01.07 13:10:08.679,1.4167,1.41682,1.50,2.25
2016.01.07 13:10:08.984,1.41673,1.41682,1.37,1.00
2016.01.07 13:10:09.035,1.41674,1.41686,1.12,1.37
2016.01.07 13:10:09.087,1.41672,1.41686,1.20,1.37
2016.01.07 13:10:09.431,1.41672,1.41685,1.20,1.95
2016.01.07 13:10:09.838,1.41676,1.41685,1.12,1.95
2016.01.07 13:10:10.143,1.41671,1.41684,1.12,1.20
2016.01.07 13:10:10.633,1.41672,1.41685,1.37,1.12
2016.01.07 13:10:10.836,1.41671,1.41685,2.25,1.12
2016.01.07 13:10:11.343,1.41672,1.41686,1.50,1.50
2016.01.07 13:10:11.546,1.41672,1.41686,1.50,1.75
2016.01.07 13:10:11.792,1.41672,1.41686,1.50,1.12
2016.01.07 13:10:12.455,1.41672,1.41686,1.37,1.87
2016.01.07 13:10:12.962,1.41671,1.41686,2.70,1.50
2016.01.07 13:10:13.187,1.41672,1.4168,1.12,1.00
2016.01.07 13:10:13.442,1.41658,1.41672,1.50,1.00
2016.01.07 13:10:13.493,1.41658,1.41672,1.12,1.07
2016.01.07 13:10:13.544,1.41662,1.41673,1.00,1.45
2016.01.07 13:10:13.747,1.4166,1.41673,1.45,1.00
2016.01.07 13:10:13.799,1.4166,1.41667,1.45,1.00
2016.01.07 13:10:14.082,1.4165,1.41662,1.87,1.07
2016.01.07 13:10:14.133,1.4165,1.41658,1.75,1.00
2016.01.07 13:10:14.184,1.41647,1.41653,1.75,1.50
2016.01.07 13:10:14.238,1.41647,1.41652,1.37,1.00
2016.01.07 13:10:14.291,1.41645,1.41656,1.00,1.75
2016.01.07 13:10:14.342,1.41634,1.41648,1.87,1.50
2016.01.07 13:10:14.393,1.41633,1.41637,1.50,1.87
2016.01.07 13:10:14.445,1.41627,1.41636,1.12,1.37
2016.01.07 13:10:14.497,1.41601,1.41607,1.45,1.00
2016.01.07 13:10:14.599,1.41604,1.41612,1.75,1.00
2016.01.07 13:10:14.650,1.41587,1.41593,2.25,1.50
2016.01.07 13:10:14.908,1.4158,1.41587,1.37,1.57
2016.01.07 13:10:14.959,1.41571,1.41586,3.00,1.87
2016.01.07 13:10:15.113,1.41574,1.41583,1.37,1.00
2016.01.07 13:10:15.419,1.41554,1.41559,2.62,1.57
2016.01.07 13:10:15.470,1.41545,1.41549,1.00,1.00
2016.01.07 13:10:15.521,1.41534,1.41549,1.50,1.00
2016.01.07 13:10:15.572,1.41537,1.41547,1.47,1.00
2016.01.07 13:10:15.785,1.41535,1.41547,1.37,1.07
2016.01.07 13:10:15.836,1.41538,1.41553,1.00,1.75
2016.01.07 13:10:15.888,1.4154,1.41554,1.00,1.87
2016.01.07 13:10:15.940,1.41537,1.41547,1.00,1.00
2016.01.07 13:10:16.042,1.41531,1.41547,1.37,1.10
2016.01.07 13:10:16.144,1.41531,1.41547,1.07,1.20
2016.01.07 13:10:16.347,1.41531,1.41547,1.00,1.12
2016.01.07 13:10:16.603,1.41538,1.41555,1.00,2.62
2016.01.07 13:10:16.655,1.41541,1.41556,1.00,1.50
2016.01.07 13:10:16.960,1.41577,1.41581,1.00,1.00
2016.01.07 13:10:17.011,1.41579,1.41584,1.30,1.00
2016.01.07 13:10:17.062,1.41586,1.4159,1.00,1.00
2016.01.07 13:10:17.267,1.41614,1.41626,1.12,2.25
2016.01.07 13:10:17.319,1.41626,1.41632,1.25,1.37
2016.01.07 13:10:17.522,1.41642,1.41659,1.10,2.02
2016.01.07 13:10:17.574,1.41642,1.41658,1.10,1.07
2016.01.07 13:10:17.820,1.41642,1.41658,1.75,1.00
2016.01.07 13:10:17.872,1.41646,1.41661,1.00,1.00
2016.01.07 13:10:18.126,1.41643,1.41655,1.37,1.00
2016.01.07 13:10:18.178,1.41643,1.41657,1.87,1.00
2016.01.07 13:10:18.229,1.41643,1.41657,1.20,1.20
2016.01.07 13:10:18.280,1.41641,1.41653,1.12,1.00
2016.01.07 13:10:18.332,1.41639,1.41652,1.50,1.50
2016.01.07 13:10:18.385,1.41636,1.41649,4.50,1.00
2016.01.07 13:10:18.436,1.41636,1.41647,3.07,1.00
2016.01.07 13:10:18.538,1.41633,1.41647,1.07,1.10
2016.01.07 13:10:18.880,1.41634,1.41646,1.37,1.37
2016.01.07 13:10:18.982,1.41633,1.41648,1.37,1.87
2016.01.07 13:10:19.136,1.41632,1.41646,1.07,1.10
2016.01.07 13:10:19.238,1.41632,1.41646,1.00,1.12
2016.01.07 13:10:19.595,1.41628,1.41646,1.20,1.75
2016.01.07 13:10:20.141,1.41626,1.41642,1.20,1.07
2016.01.07 13:10:20.344,1.41622,1.41635,3.75,1.00
2016.01.07 13:10:20.447,1.41615,1.41633,2.32,1.07
2016.01.07 13:10:20.498,1.41615,1.41627,1.07,1.37
2016.01.07 13:10:20.600,1.41617,1.41631,1.00,1.37
2016.01.07 13:10:20.652,1.41617,1.41631,1.12,1.37
2016.01.07 13:10:20.704,1.41617,1.41635,1.12,2.25
2016.01.07 13:10:20.755,1.41617,1.41635,1.12,1.57
2016.01.07 13:10:21.175,1.41622,1.41635,1.00,1.10
2016.01.07 13:10:21.328,1.4162,1.41634,1.10,1.10
2016.01.07 13:10:21.432,1.41616,1.41632,1.12,1.00
2016.01.07 13:10:21.636,1.41614,1.41632,1.45,1.12
2016.01.07 13:10:22.514,1.41614,1.41632,1.75,1.12
2016.01.07 13:10:22.870,1.41615,1.41634,1.75,1.07
2016.01.07 13:10:23.378,1.41617,1.41635,1.50,2.62
2016.01.07 13:10:23.697,1.41619,1.41636,1.07,1.20
2016.01.07 13:10:23.900,1.41616,1.41632,1.87,1.00
2016.01.07 13:10:24.054,1.41614,1.41631,1.75,1.95
2016.01.07 13:10:24.570,1.41615,1.41631,1.50,1.57
2016.01.07 13:10:24.723,1.41614,1.4163,1.45,1.45
2016.01.07 13:10:24.943,1.41614,1.4163,1.37,1.45
2016.01.07 13:10:24.995,1.41619,1.41635,1.95,1.37
2016.01.07 13:10:25.148,1.41619,1.41636,3.82,1.37
2016.01.07 13:10:25.656,1.41623,1.41637,1.95,1.37
2016.01.07 13:10:25.708,1.41627,1.41639,1.12,1.00
2016.01.07 13:10:25.811,1.41631,1.4164,1.00,1.00
2016.01.07 13:10:25.862,1.41631,1.41643,1.00,1.37
2016.01.07 13:10:26.075,1.41637,1.41647,1.50,1.10
2016.01.07 13:10:26.178,1.41641,1.41655,1.37,1.00
2016.01.07 13:10:26.331,1.41641,1.41657,1.37,1.00
2016.01.07 13:10:26.688,1.41648,1.41657,1.00,1.10
2016.01.07 13:10:26.891,1.41653,1.41668,1.00,1.50
2016.01.07 13:10:26.943,1.41657,1.4167,1.00,1.95
2016.01.07 13:10:27.235,1.41653,1.41668,1.12,1.00
2016.01.07 13:10:27.388,1.41653,1.41668,1.12,1.50
2016.01.07 13:10:27.490,1.41653,1.41668,1.12,1.00
2016.01.07 13:10:27.593,1.41653,1.41669,1.37,2.32
2016.01.07 13:10:27.695,1.41653,1.41667,1.12,1.37
2016.01.07 13:10:28.611,1.4165,1.41666,1.87,1.50
2016.01.07 13:10:28.662,1.41657,1.41667,1.00,1.85
2016.01.07 13:10:28.816,1.41658,1.41672,1.87,1.50
2016.01.07 13:10:28.867,1.41658,1.41673,2.62,1.12
2016.01.07 13:10:29.375,1.41658,1.41674,1.20,1.37
2016.01.07 13:10:29.805,1.4166,1.41674,1.37,1.37
2016.01.07 13:10:30.328,1.41659,1.41674,1.47,1.37
2016.01.07 13:10:30.978,1.4166,1.41674,1.37,1.37
2016.01.07 13:10:31.080,1.41659,1.41674,1.10,1.37
2016.01.07 13:10:31.587,1.4166,1.41675,1.10,1.37
2016.01.07 13:10:34.967,1.4166,1.41675,2.25,1.00
2016.01.07 13:10:35.120,1.41663,1.41677,1.12,2.25
2016.01.07 13:10:35.804,1.41662,1.41677,1.00,1.87
2016.01.07 13:10:36.312,1.41662,1.41677,1.00,1.12
2016.01.07 13:10:36.838,1.41662,1.41674,1.00,1.00
2016.01.07 13:10:37.182,1.41665,1.41674,1.37,1.37
2016.01.07 13:10:37.287,1.41658,1.41666,1.00,1.00
2016.01.07 13:10:37.389,1.41654,1.41666,1.75,1.37
2016.01.07 13:10:37.594,1.41654,1.41666,1.00,1.10
2016.01.07 13:10:38.001,1.4165,1.41659,1.75,1.00
2016.01.07 13:10:38.331,1.41644,1.41653,1.37,1.00
2016.01.07 13:10:38.382,1.41644,1.41654,1.00,1.00
2016.01.07 13:10:38.638,1.41643,1.41651,1.37,1.00
2016.01.07 13:10:38.741,1.41637,1.41651,2.62,1.00
2016.01.07 13:10:38.792,1.41637,1.41651,2.25,1.07
2016.01.07 13:10:39.148,1.41636,1.4165,1.37,1.37
2016.01.07 13:10:39.463,1.41642,1.41654,1.00,1.45
2016.01.07 13:10:39.515,1.41643,1.41654,1.12,1.07
2016.01.07 13:10:39.566,1.41643,1.41656,1.87,1.57
2016.01.07 13:10:40.124,1.41645,1.41657,1.50,1.10
2016.01.07 13:10:40.226,1.41641,1.41654,1.12,1.00
2016.01.07 13:10:40.328,1.41641,1.41654,1.00,1.07
2016.01.07 13:10:40.799,1.41641,1.41652,1.00,1.07
2016.01.07 13:10:41.104,1.41635,1.41648,1.12,1.07
2016.01.07 13:10:41.409,1.41627,1.41638,2.62,1.37
2016.01.07 13:10:41.511,1.41631,1.41641,1.87,1.50
2016.01.07 13:10:41.563,1.41631,1.41641,1.87,1.00
2016.01.07 13:10:41.664,1.41628,1.41644,1.12,1.57
2016.01.07 13:10:41.716,1.41617,1.41622,1.80,1.50
2016.01.07 13:10:41.945,1.41605,1.41618,1.12,1.95
2016.01.07 13:10:41.997,1.41598,1.41609,1.00,1.00
2016.01.07 13:10:42.048,1.41593,1.41606,1.50,1.00
2016.01.07 13:10:42.201,1.4159,1.41604,1.00,1.00
2016.01.07 13:10:42.303,1.41589,1.416,1.00,1.00
2016.01.07 13:10:42.609,1.41578,1.41587,1.87,1.00
2016.01.07 13:10:42.661,1.41578,1.41588,1.12,1.00
2016.01.07 13:10:42.712,1.41572,1.41576,1.00,1.00
2016.01.07 13:10:43.017,1.41565,1.41571,1.50,1.10
2016.01.07 13:10:43.069,1.41554,1.41567,1.12,1.87
2016.01.07 13:10:43.120,1.41554,1.41562,1.12,1.00
2016.01.07 13:10:43.222,1.4155,1.41562,1.00,1.00
2016.01.07 13:10:43.274,1.41547,1.41562,1.12,1.00
2016.01.07 13:10:43.426,1.41546,1.4156,1.37,1.00
2016.01.07 13:10:44.107,1.41548,1.41564,1.00,1.20
2016.01.07 13:10:44.363,1.41551,1.41567,1.00,1.00
2016.01.07 13:10:44.669,1.41562,1.41572,1.37,1.00
2016.01.07 13:10:45.020,1.4156,1.41574,1.00,3.00
2016.01.07 13:10:45.072,1.41551,1.41565,2.62,1.00
2016.01.07 13:10:45.432,1.41552,1.41566,1.12,1.45
2016.01.07 13:10:45.534,1.4155,1.41566,1.37,2.25
2016.01.07 13:10:45.636,1.4155,1.41566,1.37,1.95
2016.01.07 13:10:46.143,1.41549,1.41564,1.57,2.70
2016.01.07 13:10:46.601,1.41547,1.4156,2.25,1.00
2016.01.07 13:10:46.855,1.41548,1.41562,1.57,1.87
2016.01.07 13:10:47.208,1.41554,1.41566,1.12,1.20
2016.01.07 13:10:47.514,1.4156,1.41571,1.50,1.10
2016.01.07 13:10:47.666,1.4156,1.41574,1.47,1.07
2016.01.07 13:10:48.024,1.41557,1.41569,1.75,1.00
2016.01.07 13:10:48.533,1.4156,1.41572,1.12,1.00
2016.01.07 13:10:49.043,1.41558,1.41572,1.20,1.10
2016.01.07 13:10:49.758,1.41558,1.4157,1.20,1.37
2016.01.07 13:10:50.012,1.41552,1.41566,1.75,1.12
2016.01.07 13:10:50.063,1.41552,1.41564,1.75,1.12
2016.01.07 13:10:50.165,1.41551,1.41566,1.12,1.95
2016.01.07 13:10:50.217,1.41551,1.41566,1.12,2.25
2016.01.07 13:10:52.875,1.41548,1.41563,2.25,1.57
2016.01.07 13:10:53.383,1.41549,1.41561,1.57,1.12
2016.01.07 13:10:53.638,1.41549,1.41562,1.10,1.10
2016.01.07 13:10:53.897,1.4155,1.41562,1.37,1.10
2016.01.07 13:10:54.408,1.41548,1.41562,1.50,1.10
2016.01.07 13:10:54.815,1.41555,1.41566,1.00,1.37
2016.01.07 13:10:55.097,1.41558,1.4157,2.32,1.00
2016.01.07 13:10:55.199,1.41561,1.4157,1.37,1.00
2016.01.07 13:10:55.352,1.4156,1.41574,2.25,1.37
2016.01.07 13:10:55.404,1.41561,1.41575,1.87,1.57
2016.01.07 13:10:55.660,1.41565,1.41575,1.37,1.00
2016.01.07 13:10:56.111,1.41559,1.41566,1.12,1.37
2016.01.07 13:10:56.163,1.41551,1.41566,1.75,1.87
2016.01.07 13:10:56.315,1.41551,1.41564,1.75,1.00
2016.01.07 13:10:56.418,1.4155,1.41564,1.12,1.50
2016.01.07 13:10:56.520,1.41549,1.41564,1.57,1.57
2016.01.07 13:10:56.572,1.41559,1.41565,1.00,1.20
2016.01.07 13:10:56.777,1.41587,1.41594,1.00,1.37
2016.01.07 13:10:56.828,1.41611,1.41628,1.50,1.87
2016.01.07 13:10:56.879,1.41611,1.41626,1.50,1.50
2016.01.07 13:10:57.126,1.41616,1.4163,1.12,1.00
2016.01.07 13:10:57.178,1.41617,1.4163,1.12,1.00
2016.01.07 13:10:57.230,1.41617,1.41637,2.25,1.00
2016.01.07 13:10:57.282,1.41619,1.41637,1.12,1.00
2016.01.07 13:10:57.589,1.41618,1.41637,1.75,1.00
2016.01.07 13:10:57.843,1.41617,1.41637,1.47,1.00
2016.01.07 13:10:58.046,1.41618,1.41637,1.45,1.00
2016.01.07 13:10:58.257,1.41617,1.41639,1.50,1.50
2016.01.07 13:10:58.916,1.41617,1.41627,1.82,1.00
2016.01.07 13:10:59.171,1.41603,1.41622,1.31,1.37
2016.01.07 13:10:59.472,1.41601,1.41619,1.85,1.37
2016.01.07 13:10:59.981,1.41601,1.41619,1.87,1.87
2016.01.07 13:11:00.084,1.41601,1.41611,1.75,1.00
2016.01.07 13:11:00.237,1.41596,1.41607,1.12,1.37
2016.01.07 13:11:00.340,1.41588,1.41607,2.25,1.47
2016.01.07 13:11:00.841,1.41588,1.41606,1.37,1.07
2016.01.07 13:11:01.298,1.41595,1.41604,1.37,1.12
2016.01.07 13:11:01.400,1.41592,1.41606,1.37,1.12
2016.01.07 13:11:01.451,1.41593,1.41608,1.37,1.12
2016.01.07 13:11:01.766,1.41597,1.4161,1.47,1.37
2016.01.07 13:11:01.817,1.41597,1.4161,1.47,1.00
2016.01.07 13:11:02.072,1.41595,1.41607,1.75,1.00
2016.01.07 13:11:02.428,1.41595,1.4161,1.50,1.50
2016.01.07 13:11:02.531,1.41598,1.41611,1.12,1.00
2016.01.07 13:11:02.636,1.41599,1.41613,1.00,1.50
2016.01.07 13:11:02.689,1.41603,1.41615,1.37,1.00
2016.01.07 13:11:03.192,1.41605,1.41616,1.45,1.87
2016.01.07 13:11:03.701,1.41604,1.41616,1.45,1.37
2016.01.07 13:11:04.124,1.41605,1.4161,1.20,1.00
2016.01.07 13:11:04.329,1.41596,1.41607,1.87,1.12
2016.01.07 13:11:04.380,1.41592,1.41607,1.50,1.12
2016.01.07 13:11:04.432,1.41592,1.41607,1.00,1.12
2016.01.07 13:11:04.533,1.4159,1.41606,1.00,1.87
2016.01.07 13:11:04.839,1.41594,1.41606,1.00,1.37
2016.01.07 13:11:04.891,1.41596,1.41608,1.45,1.12
2016.01.07 13:11:05.141,1.416,1.41612,1.00,1.12
2016.01.07 13:11:05.447,1.41599,1.41614,1.75,2.62
2016.01.07 13:11:05.701,1.41599,1.41614,1.50,1.00
2016.01.07 13:11:06.359,1.41602,1.41615,1.00,2.62
2016.01.07 13:11:06.411,1.41604,1.41616,1.37,1.87
2016.01.07 13:11:06.716,1.41606,1.41616,1.37,1.12
2016.01.07 13:11:06.818,1.41606,1.41616,1.37,1.87
2016.01.07 13:11:07.527,1.41608,1.41616,1.37,1.12
2016.01.07 13:11:07.847,1.41607,1.41612,1.37,1.00
2016.01.07 13:11:07.898,1.41592,1.41599,5.25,2.50
2016.01.07 13:11:07.950,1.41583,1.41588,6.41,1.00
2016.01.07 13:11:08.103,1.41579,1.41587,1.00,2.62
2016.01.07 13:11:08.154,1.41573,1.41587,1.47,2.62
2016.01.07 13:11:08.931,1.41572,1.41585,1.75,1.00
2016.01.07 13:11:09.033,1.41579,1.41586,1.00,2.25
2016.01.07 13:11:09.135,1.41577,1.41587,1.00,1.37
2016.01.07 13:11:09.744,1.41574,1.41587,1.37,1.37
2016.01.07 13:11:11.515,1.41574,1.41582,1.37,1.37
2016.01.07 13:11:11.617,1.41571,1.41585,2.25,1.50
2016.01.07 13:11:11.922,1.41571,1.41581,2.25,1.37
2016.01.07 13:11:12.838,1.41572,1.41582,1.75,1.37
2016.01.07 13:11:13.195,1.41571,1.41581,2.25,1.37
2016.01.07 13:11:13.246,1.41574,1.41582,1.37,1.37
2016.01.07 13:11:13.789,1.41575,1.41581,1.37,1.37
2016.01.07 13:11:14.828,1.41574,1.41582,1.37,1.37
2016.01.07 13:11:15.337,1.41574,1.41585,1.47,3.00
2016.01.07 13:11:15.533,1.41575,1.41581,1.37,1.37
2016.01.07 13:11:15.737,1.41574,1.41583,1.47,2.25
2016.01.07 13:11:15.839,1.41575,1.41581,1.37,1.37
2016.01.07 13:11:15.941,1.41573,1.41582,1.50,1.37
2016.01.07 13:11:16.346,1.41571,1.4158,1.50,1.87
2016.01.07 13:11:16.398,1.41571,1.4158,1.12,2.25
2016.01.07 13:11:16.449,1.41566,1.4158,1.37,3.00
2016.01.07 13:11:16.735,1.41566,1.41579,1.37,1.75
2016.01.07 13:11:16.992,1.41561,1.41575,1.12,1.95
2016.01.07 13:11:17.145,1.41559,1.41573,1.10,1.20
2016.01.07 13:11:17.197,1.41559,1.41571,1.00,1.07
2016.01.07 13:11:17.748,1.41557,1.41571,1.87,1.57
2016.01.07 13:11:18.489,1.41559,1.41569,1.00,1.00
2016.01.07 13:11:18.642,1.4155,1.41563,1.20,1.00
2016.01.07 13:11:18.745,1.41548,1.41561,1.75,1.07
2016.01.07 13:11:19.246,1.41546,1.41561,1.75,1.07
2016.01.07 13:11:20.952,1.41546,1.41561,1.57,1.07
2016.01.07 13:11:21.155,1.41544,1.41559,2.25,1.07
2016.01.07 13:11:21.846,1.41544,1.41559,1.87,1.07
2016.01.07 13:11:22.252,1.41541,1.41556,1.75,1.07
2016.01.07 13:11:22.710,1.41543,1.41557,1.85,1.10
2016.01.07 13:11:22.977,1.41543,1.41557,1.85,1.10
2016.01.07 13:11:24.296,1.41542,1.41555,1.95,1.00
2016.01.07 13:11:24.348,1.41542,1.41555,1.20,1.00
2016.01.07 13:11:25.127,1.41541,1.41553,1.50,1.12
2016.01.07 13:11:25.279,1.41536,1.4155,2.32,1.50
2016.01.07 13:11:25.330,1.41534,1.41545,1.45,1.00
2016.01.07 13:11:25.640,1.41528,1.41542,1.07,1.10
2016.01.07 13:11:25.691,1.41528,1.4154,1.12,1.00
2016.01.07 13:11:25.793,1.41524,1.4154,2.25,1.00
2016.01.07 13:11:25.845,1.41524,1.41531,1.75,1.00
2016.01.07 13:11:25.998,1.41519,1.41523,1.00,1.00
2016.01.07 13:11:26.049,1.41507,1.41523,1.87,1.00
2016.01.07 13:11:26.151,1.41504,1.41521,1.20,1.00
2016.01.07 13:11:26.619,1.41503,1.4152,1.57,1.07
2016.01.07 13:11:27.231,1.41503,1.41519,1.75,1.00
2016.01.07 13:11:27.774,1.41503,1.41519,1.50,1.07
2016.01.07 13:11:28.690,1.41503,1.41516,1.50,1.00
2016.01.07 13:11:29.234,1.41503,1.41516,1.87,1.00
2016.01.07 13:11:30.533,1.41501,1.41516,1.47,1.12
2016.01.07 13:11:30.636,1.41501,1.41516,1.45,1.10
2016.01.07 13:11:30.941,1.41508,1.4152,1.00,1.37
2016.01.07 13:11:31.094,1.41508,1.41522,1.12,1.00
2016.01.07 13:11:31.196,1.41509,1.41519,1.00,1.10
2016.01.07 13:11:31.489,1.41505,1.41519,1.12,1.07
2016.01.07 13:11:31.997,1.41503,1.41519,1.50,1.10
2016.01.07 13:11:32.633,1.41506,1.41521,1.10,1.07
2016.01.07 13:11:32.739,1.41506,1.41521,1.37,1.00
2016.01.07 13:11:33.145,1.41506,1.41521,2.25,1.00
2016.01.07 13:11:33.501,1.4151,1.41525,1.07,1.47
2016.01.07 13:11:33.553,1.41514,1.41527,1.00,2.32
2016.01.07 13:11:33.848,1.41518,1.41534,1.12,1.00
2016.01.07 13:11:35.161,1.4152,1.41535,1.37,1.37
2016.01.07 13:11:35.669,1.4152,1.41535,1.37,1.37
2016.01.07 13:11:37.438,1.41522,1.41537,1.50,1.37
2016.01.07 13:11:37.939,1.41522,1.41537,2.25,1.37
2016.01.07 13:11:40.323,1.41522,1.41537,1.87,1.12
2016.01.07 13:11:40.831,1.41523,1.4154,1.75,1.37
2016.01.07 13:11:41.577,1.41528,1.4154,1.47,1.37
2016.01.07 13:11:41.629,1.41528,1.41541,2.32,1.12
2016.01.07 13:11:42.137,1.41529,1.41544,1.75,1.45
2016.01.07 13:11:42.356,1.4153,1.41544,1.12,1.00
2016.01.07 13:11:42.713,1.41531,1.41546,1.37,1.37
2016.01.07 13:11:43.272,1.41534,1.41551,1.50,1.50
2016.01.07 13:11:43.607,1.4154,1.41553,1.95,1.00
2016.01.07 13:11:44.065,1.41541,1.41556,1.37,1.37
2016.01.07 13:11:44.370,1.41541,1.41556,1.75,1.37
2016.01.07 13:11:44.769,1.4154,1.41555,1.87,1.37
2016.01.07 13:11:45.277,1.41539,1.41555,1.87,1.37
2016.01.07 13:11:46.046,1.41538,1.41554,1.12,1.12
2016.01.07 13:11:46.350,1.41538,1.41547,1.12,1.00
2016.01.07 13:11:46.452,1.41534,1.41545,1.37,1.00
2016.01.07 13:11:46.554,1.4153,1.41545,1.37,1.00
2016.01.07 13:11:46.606,1.41529,1.41545,1.75,1.00
2016.01.07 13:11:46.950,1.41534,1.41543,1.37,1.00
2016.01.07 13:11:47.002,1.41528,1.41543,1.50,1.00
2016.01.07 13:11:47.054,1.41528,1.41546,1.87,1.00
2016.01.07 13:11:47.156,1.41535,1.41551,1.00,4.50
2016.01.07 13:11:47.258,1.41536,1.41552,1.47,1.20
2016.01.07 13:11:47.309,1.4154,1.41556,1.00,1.12
2016.01.07 13:11:47.361,1.4154,1.41557,1.45,1.87
2016.01.07 13:11:47.463,1.41541,1.41559,1.87,1.45
2016.01.07 13:11:47.666,1.41541,1.41559,2.25,1.47
2016.01.07 13:11:48.081,1.41541,1.41559,2.62,1.37
2016.01.07 13:11:48.235,1.41541,1.41557,1.75,1.37
2016.01.07 13:11:48.336,1.41541,1.41557,1.75,1.37
2016.01.07 13:11:48.794,1.41541,1.41553,1.75,1.00
2016.01.07 13:11:48.947,1.41539,1.41553,1.20,1.12
2016.01.07 13:11:49.426,1.41539,1.41553,1.50,1.57
2016.01.07 13:11:49.680,1.41535,1.41545,1.12,1.00
2016.01.07 13:11:49.732,1.41531,1.41544,1.12,1.50
2016.01.07 13:11:49.783,1.4153,1.41544,1.12,1.50
2016.01.07 13:11:50.088,1.4153,1.41541,1.12,1.00
2016.01.07 13:11:50.580,1.41529,1.41541,1.50,1.00
2016.01.07 13:11:51.207,1.41529,1.41538,1.50,1.00
2016.01.07 13:11:51.772,1.41527,1.41538,1.87,1.00
2016.01.07 13:11:52.638,1.41527,1.4154,1.75,1.00
2016.01.07 13:11:53.083,1.4153,1.4154,1.95,1.50
2016.01.07 13:11:53.592,1.4153,1.4154,1.57,1.50
2016.01.07 13:11:54.228,1.4153,1.4154,1.10,1.00
2016.01.07 13:11:54.735,1.4153,1.4154,1.57,1.50
2016.01.07 13:11:55.439,1.4153,1.41539,1.47,1.00
2016.01.07 13:11:55.592,1.41529,1.41539,1.12,1.00
2016.01.07 13:11:56.099,1.4153,1.41539,1.37,1.00
2016.01.07 13:11:56.302,1.41528,1.41539,1.57,1.00
2016.01.07 13:11:56.843,1.41529,1.41539,1.37,1.00
2016.01.07 13:11:57.199,1.41529,1.41534,1.50,1.00
2016.01.07 13:11:58.552,1.4153,1.41541,1.47,1.95
2016.01.07 13:11:58.604,1.41536,1.41541,1.12,1.47
2016.01.07 13:11:58.656,1.41536,1.41541,1.12,1.00
2016.01.07 13:11:58.707,1.4153,1.41541,1.87,1.00
2016.01.07 13:11:58.758,1.4153,1.41539,1.12,1.00
2016.01.07 13:11:58.810,1.41533,1.41539,1.57,1.00
2016.01.07 13:11:58.962,1.41528,1.41538,1.50,1.00
2016.01.07 13:11:59.115,1.41523,1.41537,4.12,1.87
2016.01.07 13:11:59.166,1.41523,1.41537,1.00,1.87
2016.01.07 13:11:59.218,1.41523,1.41536,1.00,1.37
2016.01.07 13:11:59.760,1.41523,1.41533,1.00,1.07
2016.01.07 13:12:00.319,1.41523,1.41535,1.10,1.07
2016.01.07 13:12:00.868,1.41523,1.41535,1.10,1.00
2016.01.07 13:12:01.274,1.41524,1.41535,1.37,1.00
2016.01.07 13:12:01.478,1.41523,1.41535,1.20,1.00
2016.01.07 13:12:04.421,1.41523,1.41535,1.50,1.50
2016.01.07 13:12:04.828,1.41523,1.41535,1.20,1.57
2016.01.07 13:12:05.383,1.41522,1.41535,1.87,1.50
2016.01.07 13:12:05.444,1.41522,1.41533,1.87,1.00
2016.01.07 13:12:06.053,1.41522,1.41533,1.47,1.10
2016.01.07 13:12:06.657,1.41518,1.41532,2.25,1.50
2016.01.07 13:12:07.165,1.41518,1.41531,1.87,1.00
2016.01.07 13:12:07.572,1.41517,1.4153,1.87,1.00
2016.01.07 13:12:08.081,1.41517,1.4153,1.57,1.10
2016.01.07 13:12:08.605,1.41517,1.4153,1.10,1.57
2016.01.07 13:12:09.530,1.41518,1.4153,1.00,1.10
2016.01.07 13:12:09.784,1.41518,1.4153,1.20,1.10
2016.01.07 13:12:09.886,1.41516,1.4153,2.62,1.20
2016.01.07 13:12:10.038,1.41516,1.41528,1.87,1.00
2016.01.07 13:12:10.747,1.41516,1.41527,1.07,1.00
2016.01.07 13:12:10.950,1.41516,1.41529,1.57,1.10
2016.01.07 13:12:11.053,1.41518,1.41529,1.50,1.10
2016.01.07 13:12:11.358,1.41521,1.41529,1.95,1.00
2016.01.07 13:12:11.917,1.41521,1.4153,1.57,1.00
2016.01.07 13:12:12.221,1.41521,1.41528,1.37,1.00
2016.01.07 13:12:12.729,1.41521,1.4153,1.37,1.87
2016.01.07 13:12:13.517,1.4152,1.4153,1.50,1.12
2016.01.07 13:12:14.073,1.4152,1.41528,1.12,1.00
2016.01.07 13:12:14.389,1.41514,1.41527,1.12,2.32
2016.01.07 13:12:14.442,1.41511,1.41519,1.12,1.00
2016.01.07 13:12:14.544,1.41508,1.41519,1.12,1.00
2016.01.07 13:12:14.697,1.4151,1.41519,1.45,1.00
2016.01.07 13:12:14.799,1.41513,1.41526,1.10,1.47
2016.01.07 13:12:15.206,1.41511,1.41516,1.57,1.00
2016.01.07 13:12:15.564,1.41509,1.41521,1.12,1.50
2016.01.07 13:12:15.617,1.41507,1.41521,1.12,1.87
2016.01.07 13:12:15.821,1.41507,1.41521,1.50,1.50
2016.01.07 13:12:16.331,1.41509,1.41521,1.37,1.50
2016.01.07 13:12:16.983,1.41509,1.4152,1.75,1.00
2016.01.07 13:12:17.390,1.41507,1.4152,1.75,1.50
2016.01.07 13:12:17.492,1.41508,1.4152,1.12,1.50
2016.01.07 13:12:17.796,1.41507,1.4152,1.50,1.12
2016.01.07 13:12:18.336,1.41507,1.41519,1.87,1.00
2016.01.07 13:12:18.865,1.41507,1.4152,1.50,1.87
2016.01.07 13:12:19.420,1.41507,1.41519,1.50,1.12
2016.01.07 13:12:20.582,1.41507,1.41521,1.75,2.70
2016.01.07 13:12:20.633,1.41509,1.41521,1.07,1.10
2016.01.07 13:12:20.930,1.4151,1.41523,1.37,1.50
2016.01.07 13:12:21.441,1.41509,1.4152,1.75,1.00
2016.01.07 13:12:21.542,1.41508,1.4152,1.50,1.50
2016.01.07 13:12:22.790,1.41508,1.4152,1.87,1.37
2016.01.07 13:12:23.197,1.41507,1.4152,1.50,1.00
2016.01.07 13:12:23.745,1.41506,1.41519,1.87,1.00
2016.01.07 13:12:24.000,1.41509,1.41519,1.75,1.00
2016.01.07 13:12:24.436,1.41516,1.41521,1.00,1.37
2016.01.07 13:12:24.677,1.41516,1.41526,1.10,1.87
2016.01.07 13:12:24.728,1.41518,1.41526,1.00,1.87
2016.01.07 13:12:24.830,1.41519,1.41526,1.00,1.50
2016.01.07 13:12:24.932,1.41517,1.4153,1.95,1.45
2016.01.07 13:12:24.983,1.41517,1.41531,3.75,1.37
2016.01.07 13:12:25.289,1.4152,1.41532,1.45,1.10
2016.01.07 13:12:25.797,1.41519,1.41532,1.82,1.07
2016.01.07 13:12:26.600,1.41521,1.41534,1.50,1.85
2016.01.07 13:12:27.111,1.41521,1.41534,1.57,1.75
2016.01.07 13:12:27.453,1.4152,1.41526,1.50,1.00
2016.01.07 13:12:27.555,1.41518,1.41526,1.07,1.00
2016.01.07 13:12:27.657,1.41517,1.41524,1.12,1.00
2016.01.07 13:12:27.962,1.41513,1.41524,2.62,1.12
2016.01.07 13:12:28.841,1.41514,1.41526,1.50,1.37
2016.01.07 13:12:29.662,1.41513,1.41525,2.62,1.87
2016.01.07 13:12:29.714,1.41513,1.41525,1.10,3.00
2016.01.07 13:12:30.063,1.41512,1.41525,2.62,1.87
2016.01.07 13:12:30.171,1.41512,1.41524,2.62,1.37
2016.01.07 13:12:30.273,1.41513,1.41525,1.07,1.87
2016.01.07 13:12:30.527,1.41508,1.41518,4.87,1.50
2016.01.07 13:12:30.578,1.41506,1.41516,3.75,1.00
2016.01.07 13:12:30.680,1.41504,1.41514,1.20,1.00
2016.01.07 13:12:31.354,1.41502,1.41514,1.07,1.10
2016.01.07 13:12:31.912,1.41502,1.41514,1.10,1.00
2016.01.07 13:12:32.565,1.41502,1.41514,1.12,1.00
2016.01.07 13:12:33.077,1.41502,1.41514,1.07,1.00
2016.01.07 13:12:35.336,1.415,1.41507,1.37,1.00
2016.01.07 13:12:35.540,1.41494,1.41499,1.12,1.37
2016.01.07 13:12:35.591,1.4149,1.41498,1.10,1.37
2016.01.07 13:12:36.260,1.4149,1.41498,1.00,1.12
2016.01.07 13:12:36.638,1.41488,1.41498,1.00,1.12
2016.01.07 13:12:36.994,1.41487,1.41496,1.12,1.87
2016.01.07 13:12:37.147,1.41484,1.41497,2.70,3.07
2016.01.07 13:12:37.645,1.41482,1.41491,1.12,1.00
2016.01.07 13:12:37.950,1.41474,1.41482,1.12,1.00
2016.01.07 13:12:38.052,1.4147,1.41484,1.37,1.87
2016.01.07 13:12:38.601,1.41471,1.41483,1.12,1.12
2016.01.07 13:12:38.652,1.41477,1.41484,1.00,1.00
2016.01.07 13:12:38.805,1.41474,1.41489,2.62,2.32
2016.01.07 13:12:38.959,1.41474,1.41489,1.12,3.07
2016.01.07 13:12:39.112,1.41472,1.41488,1.37,1.95
2016.01.07 13:12:39.164,1.41472,1.41487,1.37,1.20
2016.01.07 13:12:39.725,1.41472,1.41487,1.50,1.12
2016.01.07 13:12:40.419,1.41477,1.41487,1.00,1.12
2016.01.07 13:12:40.522,1.41479,1.4149,1.00,1.20
2016.01.07 13:12:40.573,1.41479,1.41492,1.50,1.12
2016.01.07 13:12:40.625,1.41479,1.41494,1.50,1.85
2016.01.07 13:12:40.880,1.41479,1.41494,2.62,1.75
2016.01.07 13:12:42.056,1.4148,1.41494,1.50,1.75
2016.01.07 13:12:42.581,1.41482,1.41494,1.20,1.75
2016.01.07 13:12:43.168,1.41482,1.41496,1.95,2.70
2016.01.07 13:12:43.682,1.41482,1.41496,1.95,2.70
2016.01.07 13:12:47.421,1.41477,1.41493,1.87,1.87
2016.01.07 13:12:47.979,1.41478,1.41493,1.47,2.25
2016.01.07 13:12:48.498,1.41478,1.41493,1.47,2.25
2016.01.07 13:12:49.402,1.41477,1.41492,1.95,1.12
2016.01.07 13:12:49.504,1.41477,1.41492,3.45,1.12
2016.01.07 13:12:50.037,1.41478,1.41494,3.00,1.87
2016.01.07 13:12:50.190,1.41484,1.41493,1.12,1.47
2016.01.07 13:12:50.495,1.41489,1.41499,3.00,2.25
2016.01.07 13:12:50.750,1.41489,1.41497,1.12,1.00
2016.01.07 13:12:50.956,1.41486,1.41496,1.12,1.37
2016.01.07 13:12:51.008,1.41483,1.41496,1.87,1.37
2016.01.07 13:12:51.518,1.41483,1.41497,1.75,2.25
2016.01.07 13:12:52.067,1.41483,1.41497,1.75,1.87
2016.01.07 13:12:52.779,1.41483,1.41497,1.75,3.00
2016.01.07 13:12:53.343,1.41483,1.41496,1.75,1.00
2016.01.07 13:12:54.259,1.41482,1.41496,2.25,1.87
2016.01.07 13:12:54.715,1.41482,1.41496,1.20,1.07
2016.01.07 13:12:56.125,1.41482,1.41488,1.07,1.00
2016.01.07 13:12:56.228,1.41478,1.41488,1.00,1.50
2016.01.07 13:12:56.279,1.41478,1.41483,1.00,1.37
2016.01.07 13:12:56.381,1.41475,1.41484,1.37,1.12
2016.01.07 13:12:56.433,1.41472,1.41484,1.10,1.87
2016.01.07 13:12:56.739,1.41472,1.41484,1.12,1.00
2016.01.07 13:12:57.096,1.41476,1.41487,1.00,1.20
2016.01.07 13:12:57.147,1.41473,1.41487,1.20,1.47
2016.01.07 13:12:57.397,1.41473,1.41487,1.20,1.75
2016.01.07 13:12:57.753,1.41475,1.41488,1.00,1.87
2016.01.07 13:12:57.957,1.41474,1.41487,1.37,1.12
2016.01.07 13:12:58.109,1.41477,1.41489,1.00,1.50
2016.01.07 13:12:58.315,1.41479,1.41489,1.00,1.07
2016.01.07 13:12:58.723,1.41476,1.41487,1.57,1.00
2016.01.07 13:12:58.826,1.41473,1.41479,1.10,1.00
2016.01.07 13:12:58.979,1.41467,1.41478,1.00,1.87
2016.01.07 13:12:59.081,1.41464,1.41478,1.57,1.37
2016.01.07 13:13:01.170,1.41465,1.41477,1.07,1.00
2016.01.07 13:13:01.693,1.41465,1.41477,1.10,1.87
2016.01.07 13:13:02.835,1.41463,1.41475,1.12,1.00
2016.01.07 13:13:03.040,1.41461,1.41475,1.12,1.12
2016.01.07 13:13:03.193,1.41461,1.41471,1.12,1.00
2016.01.07 13:13:03.741,1.4146,1.4147,1.37,1.00
2016.01.07 13:13:04.046,1.41459,1.41473,1.87,1.50
2016.01.07 13:13:04.905,1.41459,1.41474,3.07,2.32
2016.01.07 13:13:05.870,1.4146,1.41474,1.12,2.32
2016.01.07 13:13:06.532,1.41459,1.41474,3.07,2.62
2016.01.07 13:13:07.037,1.4146,1.41474,1.12,2.32
2016.01.07 13:13:07.951,1.41459,1.41465,1.50,1.00
2016.01.07 13:13:08.105,1.41456,1.41463,1.00,1.00
2016.01.07 13:13:08.156,1.41452,1.4146,1.37,1.50
2016.01.07 13:13:08.207,1.41449,1.4146,1.00,1.95
2016.01.07 13:13:08.360,1.4145,1.41459,1.12,1.75
2016.01.07 13:13:08.577,1.41448,1.41459,2.62,1.87
2016.01.07 13:13:08.926,1.41449,1.4146,1.50,1.75
2016.01.07 13:13:09.435,1.41448,1.41459,2.25,1.87
2016.01.07 13:13:09.948,1.41448,1.41458,1.95,1.00
2016.01.07 13:13:10.253,1.41453,1.41459,1.00,1.50
2016.01.07 13:13:10.305,1.41454,1.41459,1.50,1.37
2016.01.07 13:13:10.357,1.41457,1.41463,1.12,3.37
2016.01.07 13:13:10.408,1.41459,1.4147,1.12,1.50
2016.01.07 13:13:10.460,1.41461,1.4147,1.00,1.12
2016.01.07 13:13:10.817,1.4146,1.41472,1.12,1.50
2016.01.07 13:13:11.071,1.41456,1.41468,2.70,1.00
2016.01.07 13:13:11.376,1.41455,1.41467,2.25,1.37
2016.01.07 13:13:11.478,1.41458,1.41468,1.00,1.07
2016.01.07 13:13:11.783,1.41457,1.41471,2.70,1.87
2016.01.07 13:13:12.141,1.41457,1.4147,1.12,2.25
2016.01.07 13:13:12.649,1.41459,1.4147,1.00,1.50
2016.01.07 13:13:12.802,1.41459,1.4147,1.10,1.00
2016.01.07 13:13:13.008,1.41461,1.41472,1.00,1.45
2016.01.07 13:13:13.161,1.41459,1.41471,2.32,1.07
2016.01.07 13:13:13.364,1.4146,1.41472,1.00,1.10
2016.01.07 13:13:13.926,1.41461,1.41472,1.00,1.00
2016.01.07 13:13:15.138,1.41461,1.41472,1.00,1.87
2016.01.07 13:13:15.890,1.41461,1.41472,1.50,1.87
2016.01.07 13:13:17.536,1.41461,1.41473,1.10,2.62
2016.01.07 13:13:17.790,1.41461,1.41473,1.50,2.62
2016.01.07 13:13:18.309,1.41462,1.41473,1.10,2.62
2016.01.07 13:13:19.224,1.41464,1.41473,1.00,2.70
2016.01.07 13:13:19.512,1.41452,1.41464,1.12,1.37
2016.01.07 13:13:19.563,1.41452,1.41463,1.12,1.12
2016.01.07 13:13:19.970,1.41448,1.41456,2.25,1.00
2016.01.07 13:13:20.174,1.4144,1.41453,1.50,1.00
2016.01.07 13:13:20.276,1.41442,1.41453,1.12,1.00
2016.01.07 13:13:20.580,1.41447,1.41456,1.00,1.00
2016.01.07 13:13:20.898,1.41441,1.41454,1.75,3.37
2016.01.07 13:13:21.511,1.41442,1.41451,1.37,1.50
2016.01.07 13:13:22.020,1.41442,1.41451,1.37,1.00
2016.01.07 13:13:22.843,1.41442,1.41451,1.37,1.50
2016.01.07 13:13:23.148,1.41445,1.41452,1.37,1.87
2016.01.07 13:13:23.663,1.41446,1.41452,1.37,1.87
2016.01.07 13:13:24.357,1.41443,1.41452,2.62,1.87
2016.01.07 13:13:25.003,1.41441,1.41451,1.75,1.50
2016.01.07 13:13:25.104,1.41441,1.41451,1.00,1.50
2016.01.07 13:13:25.977,1.41443,1.41451,1.00,1.50
2016.01.07 13:13:26.821,1.41442,1.41451,1.37,1.00
2016.01.07 13:13:27.381,1.4144,1.41451,3.07,1.00
2016.01.07 13:13:27.914,1.4144,1.41446,1.37,1.00
2016.01.07 13:13:28.017,1.41438,1.41446,1.57,1.50
2016.01.07 13:13:28.680,1.41438,1.41442,1.12,1.00
2016.01.07 13:13:28.731,1.41432,1.4144,1.75,1.00
2016.01.07 13:13:28.782,1.41429,1.41438,1.37,1.87
2016.01.07 13:13:29.072,1.41426,1.41437,1.10,1.75
2016.01.07 13:13:29.327,1.41427,1.41439,1.00,2.62
2016.01.07 13:13:29.581,1.41427,1.41439,1.00,1.87
2016.01.07 13:13:29.633,1.4143,1.41439,1.10,1.00
2016.01.07 13:13:30.090,1.4143,1.41443,1.07,2.62
2016.01.07 13:13:30.618,1.4143,1.41443,1.12,3.00
2016.01.07 13:13:31.126,1.4143,1.41443,1.07,1.37
2016.01.07 13:13:31.279,1.41428,1.41436,1.37,2.62
2016.01.07 13:13:31.688,1.41419,1.41429,1.20,1.37
2016.01.07 13:13:31.742,1.41419,1.41431,1.20,1.50
2016.01.07 13:13:31.947,1.41421,1.41432,1.00,1.37
2016.01.07 13:13:32.255,1.41433,1.41445,1.00,1.12
2016.01.07 13:13:32.306,1.4143,1.41445,1.95,1.50
2016.01.07 13:13:32.408,1.4143,1.41445,1.57,1.75
2016.01.07 13:13:32.934,1.4143,1.41443,1.50,1.12
2016.01.07 13:13:33.993,1.41424,1.41429,9.04,1.00
2016.01.07 13:13:34.045,1.41424,1.4143,1.87,1.50
2016.01.07 13:13:34.097,1.41424,1.4143,1.12,1.50
2016.01.07 13:13:34.307,1.41417,1.4143,1.37,1.00
2016.01.07 13:13:34.512,1.41422,1.41431,1.37,1.00
2016.01.07 13:13:35.011,1.41422,1.41435,1.50,1.12
2016.01.07 13:13:35.163,1.41421,1.41427,1.12,1.00
2016.01.07 13:13:35.369,1.41407,1.41417,1.12,1.75
2016.01.07 13:13:35.471,1.41405,1.41417,1.10,1.12
2016.01.07 13:13:35.574,1.41405,1.41418,1.50,1.12
2016.01.07 13:13:36.071,1.41403,1.41418,1.37,1.87
2016.01.07 13:13:36.326,1.41403,1.41418,2.25,1.50
2016.01.07 13:13:36.530,1.41403,1.41418,1.87,1.87
2016.01.07 13:13:36.632,1.41403,1.41418,1.87,1.50
2016.01.07 13:13:37.038,1.41404,1.41417,1.07,1.20
2016.01.07 13:13:37.641,1.41402,1.41416,1.87,1.47
2016.01.07 13:13:37.692,1.41402,1.41416,1.57,1.47
2016.01.07 13:13:37.896,1.41402,1.41416,2.25,1.57
2016.01.07 13:13:38.652,1.41402,1.41416,1.47,1.95
2016.01.07 13:13:38.959,1.414,1.41407,1.12,1.00
2016.01.07 13:13:39.112,1.41388,1.41401,1.00,1.00
2016.01.07 13:13:39.317,1.41385,1.41401,1.95,1.12
2016.01.07 13:13:39.420,1.41387,1.41403,1.07,2.62
2016.01.07 13:13:39.572,1.41387,1.41403,1.12,1.45
2016.01.07 13:13:40.281,1.41392,1.41405,1.00,1.12
2016.01.07 13:13:40.333,1.41387,1.41403,1.12,1.07
2016.01.07 13:13:40.436,1.41385,1.41399,1.87,1.00
2016.01.07 13:13:40.740,1.41384,1.41399,1.87,1.00
2016.01.07 13:13:40.842,1.41383,1.41397,1.12,1.00
2016.01.07 13:13:40.893,1.41382,1.41397,1.87,1.37
2016.01.07 13:13:41.413,1.41382,1.41397,1.50,1.47
2016.01.07 13:13:41.514,1.41382,1.41397,1.20,1.37
2016.01.07 13:13:42.498,1.41375,1.41379,3.37,1.50
2016.01.07 13:13:42.550,1.41369,1.41373,4.87,3.00
2016.01.07 13:13:42.653,1.41358,1.41364,1.37,2.25
2016.01.07 13:13:42.756,1.41343,1.41347,1.00,7.50
2016.01.07 13:13:42.807,1.4134,1.41345,1.12,7.50
2016.01.07 13:13:42.962,1.41329,1.41343,1.20,1.37
2016.01.07 13:13:43.014,1.41331,1.41337,1.00,1.00
2016.01.07 13:13:43.361,1.41327,1.41337,1.00,1.37
2016.01.07 13:13:43.870,1.41326,1.41337,1.12,1.00
2016.01.07 13:13:43.972,1.41327,1.4134,1.37,1.00
2016.01.07 13:13:44.073,1.41335,1.41341,1.12,1.50
2016.01.07 13:13:44.469,1.41343,1.41347,1.10,3.00
2016.01.07 13:13:44.522,1.41352,1.41362,1.45,1.37
2016.01.07 13:13:44.624,1.41349,1.41361,1.45,1.87
2016.01.07 13:13:44.726,1.41346,1.41358,1.07,1.00
2016.01.07 13:13:45.031,1.41344,1.41358,1.12,1.50
2016.01.07 13:13:45.184,1.41345,1.4136,1.00,1.12
2016.01.07 13:13:45.609,1.41346,1.41361,1.00,2.25
2016.01.07 13:13:45.814,1.41346,1.41361,1.07,1.95
2016.01.07 13:13:46.019,1.41346,1.41361,1.07,2.25
2016.01.07 13:13:46.273,1.41346,1.41361,1.07,1.95
2016.01.07 13:13:46.821,1.41343,1.4136,1.87,1.07
2016.01.07 13:13:47.328,1.41346,1.4136,1.07,1.95
2016.01.07 13:13:47.582,1.41353,1.41361,1.00,1.00
2016.01.07 13:13:47.786,1.41355,1.41364,1.00,1.00
2016.01.07 13:13:47.888,1.41358,1.41364,1.00,1.00
2016.01.07 13:13:47.939,1.41358,1.41372,1.00,1.37
2016.01.07 13:13:48.041,1.41358,1.41372,1.12,1.00
2016.01.07 13:13:48.561,1.41358,1.41375,1.12,1.95
2016.01.07 13:13:48.715,1.41361,1.41375,1.00,2.25
2016.01.07 13:13:49.021,1.41366,1.41378,1.00,1.07
2016.01.07 13:13:49.559,1.41365,1.4138,1.10,1.50
2016.01.07 13:13:49.864,1.41366,1.41382,1.07,2.32
2016.01.07 13:13:49.967,1.41369,1.41383,1.00,1.50
2016.01.07 13:13:50.315,1.41369,1.41384,1.37,1.47
2016.01.07 13:13:50.570,1.4137,1.41384,1.50,1.10
2016.01.07 13:13:50.672,1.41371,1.41385,1.50,1.00
2016.01.07 13:13:50.876,1.41371,1.41387,1.07,1.57
2016.01.07 13:13:51.384,1.41371,1.41387,1.00,1.87
2016.01.07 13:13:51.764,1.41371,1.41387,1.12,1.57
2016.01.07 13:13:52.426,1.41368,1.41379,1.12,1.00
2016.01.07 13:13:52.631,1.41364,1.41371,1.20,1.37
2016.01.07 13:13:52.988,1.41363,1.41375,2.25,1.37
2016.01.07 13:13:53.090,1.41365,1.41377,1.37,1.50
2016.01.07 13:13:53.600,1.41364,1.41378,1.37,3.37
2016.01.07 13:13:54.108,1.41365,1.41378,1.37,2.62
2016.01.07 13:13:54.159,1.41369,1.41381,1.10,1.12
2016.01.07 13:13:54.312,1.4137,1.41385,1.10,1.45
2016.01.07 13:13:54.414,1.41372,1.41387,1.87,1.12
2016.01.07 13:13:54.821,1.41373,1.4139,1.45,1.37
2016.01.07 13:13:54.924,1.41376,1.4139,1.37,1.37
2016.01.07 13:13:55.379,1.41375,1.41386,1.37,1.00
2016.01.07 13:13:55.481,1.41369,1.41384,2.25,1.00
2016.01.07 13:13:55.583,1.41367,1.41382,1.75,1.00
2016.01.07 13:13:55.736,1.41367,1.41382,1.12,1.00
2016.01.07 13:13:56.691,1.41366,1.41382,1.20,1.07
2016.01.07 13:13:56.997,1.4137,1.41385,1.57,1.45
2016.01.07 13:13:57.302,1.4138,1.41395,1.57,1.50
2016.01.07 13:13:57.455,1.4138,1.41395,1.57,1.20
2016.01.07 13:13:58.052,1.4138,1.41395,1.45,1.07
2016.01.07 13:13:58.307,1.41379,1.41386,1.45,1.00
2016.01.07 13:13:58.359,1.41379,1.41386,1.00,1.00
2016.01.07 13:13:58.410,1.41375,1.41382,1.50,1.00
2016.01.07 13:13:58.462,1.41373,1.41381,1.50,1.00
2016.01.07 13:13:58.564,1.41366,1.41381,1.75,1.07
2016.01.07 13:13:59.059,1.41364,1.41381,1.95,1.07
2016.01.07 13:13:59.668,1.41366,1.41379,1.00,1.00
2016.01.07 13:13:59.923,1.41364,1.41376,1.20,1.00
2016.01.07 13:14:00.177,1.41362,1.41378,1.57,1.42
2016.01.07 13:14:00.229,1.41362,1.41378,1.87,1.42
2016.01.07 13:14:00.550,1.41363,1.41375,1.50,1.00
2016.01.07 13:14:00.652,1.41363,1.41375,1.45,1.00
2016.01.07 13:14:00.754,1.41362,1.41371,1.87,1.37
2016.01.07 13:14:00.908,1.41357,1.41365,1.37,1.00
2016.01.07 13:14:01.010,1.41355,1.41364,1.00,1.00
2016.01.07 13:14:01.163,1.41357,1.41369,1.00,2.62
2016.01.07 13:14:01.611,1.41351,1.41361,2.25,1.00
2016.01.07 13:14:01.663,1.41344,1.41358,1.07,1.00
2016.01.07 13:14:02.172,1.41345,1.41358,1.57,1.00
2016.01.07 13:14:02.843,1.41344,1.41358,1.20,1.00
2016.01.07 13:14:03.352,1.41344,1.41358,1.07,1.07
2016.01.07 13:14:03.606,1.41347,1.41358,1.12,1.07
2016.01.07 13:14:04.055,1.41336,1.4134,1.50,1.12
2016.01.07 13:14:04.110,1.41333,1.4134,1.00,1.20
2016.01.07 13:14:04.213,1.4133,1.41339,1.37,1.10
2016.01.07 13:14:04.417,1.41327,1.41339,1.00,1.07
2016.01.07 13:14:04.622,1.4133,1.4134,1.12,1.07
2016.01.07 13:14:04.724,1.41327,1.4134,1.87,1.00
2016.01.07 13:14:05.388,1.41328,1.41342,1.10,1.00
2016.01.07 13:14:05.897,1.41328,1.41342,1.07,1.12
2016.01.07 13:14:06.698,1.41328,1.41342,1.00,1.10
2016.01.07 13:14:07.036,1.41328,1.41342,1.00,1.12
2016.01.07 13:14:07.139,1.41328,1.41342,1.20,1.00
2016.01.07 13:14:07.652,1.4133,1.41345,1.37,1.82
2016.01.07 13:14:08.127,1.4133,1.41345,1.12,1.37
2016.01.07 13:14:08.290,1.4133,1.41347,1.87,1.20
2016.01.07 13:14:08.646,1.41335,1.4135,2.62,1.12
2016.01.07 13:14:08.799,1.41339,1.41353,1.20,1.37
2016.01.07 13:14:09.049,1.41337,1.41345,1.50,1.00
2016.01.07 13:14:09.253,1.41333,1.41347,1.95,1.07
2016.01.07 13:14:09.356,1.41336,1.41349,1.37,1.07
2016.01.07 13:14:09.508,1.41337,1.41351,1.37,1.45
2016.01.07 13:14:09.560,1.41338,1.41346,1.12,1.00
2016.01.07 13:14:09.764,1.4133,1.41341,1.07,1.00
2016.01.07 13:14:09.816,1.41342,1.41346,1.00,8.62
2016.01.07 13:14:10.123,1.41341,1.41348,1.12,1.12
2016.01.07 13:14:10.175,1.41339,1.41348,1.87,1.00
2016.01.07 13:14:10.278,1.41337,1.41347,1.37,1.00
2016.01.07 13:14:10.329,1.41336,1.41346,1.12,1.12
2016.01.07 13:14:10.482,1.41334,1.41347,1.87,2.25
2016.01.07 13:14:10.533,1.4134,1.41345,1.12,1.00
2016.01.07 13:14:10.635,1.41332,1.41345,1.00,1.12
2016.01.07 13:14:10.940,1.41334,1.41346,1.00,1.12
2016.01.07 13:14:11.288,1.41345,1.4135,1.50,3.67
2016.01.07 13:14:11.340,1.41345,1.41354,1.00,1.00
2016.01.07 13:14:11.696,1.41342,1.41353,1.00,1.00
2016.01.07 13:14:11.798,1.4134,1.41353,1.12,1.12
2016.01.07 13:14:11.849,1.4134,1.41352,1.87,1.50
2016.01.07 13:14:12.155,1.41338,1.41348,1.37,1.37
2016.01.07 13:14:12.665,1.41339,1.41349,1.00,1.00
2016.01.07 13:14:13.640,1.41338,1.4135,1.87,1.12
2016.01.07 13:14:13.946,1.41338,1.41349,1.50,1.37
2016.01.07 13:14:15.060,1.41336,1.41344,1.75,1.37
2016.01.07 13:14:15.111,1.41334,1.41344,1.12,1.87
2016.01.07 13:14:15.162,1.41331,1.41343,3.00,1.12
2016.01.07 13:14:15.264,1.41329,1.41343,1.50,1.50
2016.01.07 13:14:15.316,1.41329,1.41343,1.00,1.75
2016.01.07 13:14:15.419,1.41328,1.41341,1.87,1.00
2016.01.07 13:14:16.126,1.41328,1.41341,1.37,1.57
2016.01.07 13:14:16.380,1.41326,1.41341,1.95,2.32
2016.01.07 13:14:16.685,1.4133,1.41341,1.12,1.10
2016.01.07 13:14:17.210,1.4133,1.41341,1.12,1.87
2016.01.07 13:14:17.739,1.4133,1.41339,1.12,1.37
2016.01.07 13:14:17.942,1.4133,1.41341,1.50,1.20
2016.01.07 13:14:19.146,1.4133,1.41343,2.25,1.50
2016.01.07 13:14:19.248,1.41331,1.41345,1.00,2.70
2016.01.07 13:14:19.350,1.41331,1.41345,1.87,1.57
2016.01.07 13:14:19.604,1.41333,1.41346,1.12,1.07
2016.01.07 13:14:20.069,1.41335,1.41347,1.00,1.50
2016.01.07 13:14:20.578,1.41336,1.41351,2.32,2.32
2016.01.07 13:14:20.680,1.41335,1.41343,1.20,1.37
2016.01.07 13:14:20.782,1.41332,1.41344,1.87,1.47
2016.01.07 13:14:20.833,1.41332,1.41343,1.00,1.12
2016.01.07 13:14:21.301,1.4133,1.41344,1.10,1.45
2016.01.07 13:14:21.667,1.41329,1.41344,1.12,1.87
2016.01.07 13:14:22.995,1.41326,1.41341,1.20,1.07
2016.01.07 13:14:23.345,1.41329,1.41339,1.00,1.07
2016.01.07 13:14:23.447,1.41328,1.41341,1.12,1.07
2016.01.07 13:14:23.498,1.4133,1.41341,1.37,1.07
2016.01.07 13:14:23.958,1.41328,1.41341,1.50,1.07
2016.01.07 13:14:24.496,1.41328,1.4134,2.62,1.00
2016.01.07 13:14:24.598,1.4133,1.41342,1.37,1.95
2016.01.07 13:14:24.750,1.41332,1.41344,1.00,1.10
2016.01.07 13:14:24.903,1.4133,1.41337,1.87,1.00
2016.01.07 13:14:25.056,1.41326,1.41336,1.95,1.00
2016.01.07 13:14:25.107,1.41322,1.41336,1.57,1.20
2016.01.07 13:14:25.158,1.41321,1.41334,1.82,1.00
2016.01.07 13:14:25.459,1.4132,1.41332,1.87,1.37
2016.01.07 13:14:26.192,1.4132,1.41331,1.95,1.37
2016.01.07 13:14:26.739,1.4132,1.41332,1.95,1.37
2016.01.07 13:14:27.096,1.41318,1.41327,1.82,1.00
2016.01.07 13:14:27.299,1.4131,1.41323,1.20,1.00
2016.01.07 13:14:27.502,1.41308,1.41323,1.07,1.57
2016.01.07 13:14:27.904,1.41308,1.41321,1.00,1.20
2016.01.07 13:14:28.209,1.41308,1.41321,1.00,1.50
2016.01.07 13:14:29.376,1.41305,1.4132,1.85,1.37
2016.01.07 13:14:30.369,1.41303,1.41314,1.85,1.00
2016.01.07 13:14:30.674,1.41303,1.41311,1.37,1.00
2016.01.07 13:14:30.978,1.41302,1.41307,1.87,1.12
2016.01.07 13:14:31.030,1.41298,1.41304,2.62,1.00
2016.01.07 13:14:31.081,1.41298,1.41304,2.25,1.37
2016.01.07 13:14:31.133,1.41295,1.413,1.50,1.00
2016.01.07 13:14:31.184,1.41294,1.41298,1.50,1.00
2016.01.07 13:14:31.492,1.41289,1.41303,2.62,1.87
2016.01.07 13:14:31.594,1.41289,1.41302,1.87,1.12
2016.01.07 13:14:31.697,1.41294,1.41302,1.50,1.20
2016.01.07 13:14:31.748,1.41296,1.41307,1.00,1.87
2016.01.07 13:14:31.800,1.41295,1.41308,1.50,1.12
2016.01.07 13:14:32.004,1.41293,1.41304,1.75,1.37
2016.01.07 13:14:32.055,1.41292,1.41304,1.12,1.37
2016.01.07 13:14:32.157,1.4129,1.41304,1.00,1.37
2016.01.07 13:14:32.569,1.41287,1.41304,3.37,1.12
2016.01.07 13:14:33.080,1.41287,1.41304,3.00,1.12
2016.01.07 13:14:33.233,1.4129,1.41304,1.00,1.00
2016.01.07 13:14:33.587,1.41294,1.41307,1.00,1.00
2016.01.07 13:14:33.841,1.4129,1.41305,1.45,1.12
2016.01.07 13:14:33.892,1.4129,1.41304,1.00,1.37
2016.01.07 13:14:33.994,1.4129,1.41305,1.00,1.37
2016.01.07 13:14:34.626,1.41296,1.4131,1.00,2.25
2016.01.07 13:14:34.983,1.41296,1.41307,1.50,1.37
2016.01.07 13:14:35.086,1.41295,1.41307,1.00,1.37
2016.01.07 13:14:35.188,1.41295,1.41307,1.07,1.37
2016.01.07 13:14:35.758,1.41295,1.41306,1.57,1.00
2016.01.07 13:14:36.063,1.41295,1.41305,1.75,1.37
2016.01.07 13:14:36.114,1.41295,1.41307,1.75,1.37
2016.01.07 13:14:36.217,1.41293,1.41306,1.87,1.37
2016.01.07 13:14:36.727,1.41293,1.41307,1.50,1.50
2016.01.07 13:14:36.829,1.41293,1.41309,1.12,3.07
2016.01.07 13:14:36.880,1.41293,1.41306,1.12,1.37
2016.01.07 13:14:37.228,1.41299,1.41308,1.00,1.50
2016.01.07 13:14:37.751,1.41298,1.41308,1.37,1.37
2016.01.07 13:14:37.955,1.41299,1.41309,1.50,1.50
2016.01.07 13:14:38.158,1.413,1.41311,1.00,1.12
2016.01.07 13:14:38.491,1.413,1.4131,1.00,1.37
2016.01.07 13:14:38.998,1.413,1.41312,1.00,1.47
2016.01.07 13:14:39.151,1.41303,1.41312,1.00,1.37
2016.01.07 13:14:39.408,1.41317,1.41329,1.00,1.12
2016.01.07 13:14:39.459,1.4132,1.41329,1.00,1.12
2016.01.07 13:14:39.701,1.41321,1.41334,1.10,1.57
2016.01.07 13:14:39.752,1.41321,1.41336,1.47,1.50
2016.01.07 13:14:40.058,1.41317,1.4133,1.37,1.07
2016.01.07 13:14:40.263,1.41313,1.41328,1.00,2.25
2016.01.07 13:14:40.754,1.41306,1.41321,1.37,1.12
2016.01.07 13:14:40.805,1.41306,1.41321,1.10,1.12
2016.01.07 13:14:41.264,1.41317,1.41321,1.00,1.12
2016.01.07 13:14:41.470,1.41316,1.41329,1.00,1.12
2016.01.07 13:14:41.811,1.4132,1.41333,1.00,1.12
2016.01.07 13:14:41.863,1.4132,1.41333,1.00,1.00
2016.01.07 13:14:42.016,1.41323,1.41335,1.00,1.87
2016.01.07 13:14:42.170,1.41323,1.41336,1.10,1.00
2016.01.07 13:14:42.885,1.41318,1.41333,1.12,1.57
2016.01.07 13:14:42.936,1.41317,1.41332,1.10,1.45
2016.01.07 13:14:43.038,1.41317,1.4133,1.00,1.07
2016.01.07 13:14:44.203,1.41315,1.41323,1.12,1.37
2016.01.07 13:14:44.254,1.41311,1.41323,1.00,1.37
2016.01.07 13:14:44.305,1.41311,1.41321,1.00,1.37
2016.01.07 13:14:44.508,1.41309,1.41322,1.45,1.37
2016.01.07 13:14:44.712,1.41309,1.4132,1.07,1.37
2016.01.07 13:14:45.331,1.41309,1.41321,1.10,1.57
2016.01.07 13:14:45.691,1.41309,1.41322,1.00,1.95
2016.01.07 13:14:45.997,1.41309,1.41323,1.10,2.62
2016.01.07 13:14:46.099,1.41309,1.41322,1.10,1.45
2016.01.07 13:14:46.702,1.41309,1.41322,1.10,1.45
2016.01.07 13:14:47.210,1.41309,1.41319,1.00,1.10
2016.01.07 13:14:47.740,1.41314,1.41322,1.87,1.87
2016.01.07 13:14:47.842,1.41318,1.41322,1.00,1.00
2016.01.07 13:14:47.894,1.41314,1.41323,2.62,1.12
2016.01.07 13:14:48.047,1.41313,1.41327,1.12,1.50
2016.01.07 13:14:48.098,1.41312,1.41327,2.32,2.25
2016.01.07 13:14:48.149,1.41312,1.41324,1.20,1.12
2016.01.07 13:14:48.354,1.41313,1.41327,1.20,1.87
2016.01.07 13:14:48.405,1.41313,1.41326,1.20,1.12
2016.01.07 13:14:48.507,1.41314,1.41327,1.00,1.12
2016.01.07 13:14:48.787,1.4132,1.41333,1.00,1.75
2016.01.07 13:14:48.838,1.4132,1.41333,1.00,1.12
2016.01.07 13:14:49.971,1.4132,1.41333,1.00,1.37
2016.01.07 13:14:50.400,1.4132,1.41335,2.25,1.50
2016.01.07 13:14:50.604,1.41322,1.41335,1.00,1.75
2016.01.07 13:14:50.931,1.41322,1.41334,1.50,1.37
2016.01.07 13:14:51.351,1.41324,1.41337,1.00,1.87
2016.01.07 13:14:51.402,1.41326,1.41337,1.00,1.50
2016.01.07 13:14:51.504,1.41326,1.41338,1.50,1.37
2016.01.07 13:14:52.210,1.41323,1.41335,1.57,1.00
2016.01.07 13:14:52.727,1.41324,1.41335,1.00,1.07
2016.01.07 13:14:52.828,1.41323,1.41329,1.00,1.37
2016.01.07 13:14:52.880,1.41321,1.41329,1.45,1.37
2016.01.07 13:14:52.931,1.41321,1.41326,1.00,1.37
2016.01.07 13:14:52.982,1.41319,1.41326,2.32,1.37
2016.01.07 13:14:53.238,1.41318,1.41326,1.00,1.37
2016.01.07 13:14:53.457,1.41321,1.41327,1.00,1.75
2016.01.07 13:14:53.560,1.41322,1.41328,1.00,1.12
2016.01.07 13:14:53.663,1.41322,1.41334,1.00,1.82
2016.01.07 13:14:53.868,1.41323,1.41329,1.00,1.00
2016.01.07 13:14:54.021,1.41318,1.41329,1.12,1.00
2016.01.07 13:14:54.123,1.4132,1.41326,1.00,1.37
2016.01.07 13:14:54.226,1.41321,1.41329,1.00,1.87
2016.01.07 13:14:54.277,1.41321,1.41329,1.00,1.00
2016.01.07 13:14:54.328,1.41319,1.41329,1.00,1.00
2016.01.07 13:14:54.740,1.41319,1.41328,1.00,1.37
2016.01.07 13:14:55.092,1.41314,1.41327,1.00,1.00
2016.01.07 13:14:55.450,1.41313,1.41327,1.12,1.37
2016.01.07 13:14:55.799,1.41311,1.41326,1.00,1.45
2016.01.07 13:14:56.312,1.4131,1.41325,1.00,1.95
2016.01.07 13:14:56.363,1.41311,1.41325,1.37,1.95
2016.01.07 13:14:56.964,1.41313,1.41325,1.00,1.47
2016.01.07 13:14:57.269,1.41317,1.4133,1.50,2.25
2016.01.07 13:14:57.321,1.41317,1.4133,1.50,1.87
2016.01.07 13:14:57.372,1.41319,1.41333,1.50,1.75
2016.01.07 13:14:57.424,1.41319,1.41333,1.50,1.37
2016.01.07 13:14:57.627,1.4132,1.41333,1.10,2.25
2016.01.07 13:14:58.460,1.4132,1.41331,1.10,1.47
2016.01.07 13:14:59.167,1.4132,1.41333,2.25,1.12
2016.01.07 13:14:59.574,1.4132,1.41331,1.20,1.00
2016.01.07 13:14:59.829,1.41313,1.41328,3.00,1.50
2016.01.07 13:14:59.982,1.41315,1.41327,1.37,1.00
2016.01.07 13:15:00.360,1.41313,1.41329,1.37,2.70
2016.01.07 13:15:00.868,1.41318,1.41328,1.00,1.75
2016.01.07 13:15:00.970,1.41318,1.41329,1.50,1.12
2016.01.07 13:15:01.022,1.41321,1.4133,1.00,1.75
2016.01.07 13:15:01.073,1.41321,1.41333,1.12,1.12
2016.01.07 13:15:01.177,1.41321,1.41333,2.25,1.00
2016.01.07 13:15:01.679,1.41321,1.41333,1.12,1.00
2016.01.07 13:15:02.603,1.41321,1.41335,1.12,1.95
2016.01.07 13:15:02.705,1.41323,1.41336,1.50,1.45
2016.01.07 13:15:03.010,1.41325,1.41336,1.50,1.37
2016.01.07 13:15:03.113,1.41324,1.41336,1.00,1.47
2016.01.07 13:15:03.165,1.41326,1.41338,1.00,1.07
2016.01.07 13:15:03.705,1.41327,1.4134,2.25,1.00
2016.01.07 13:15:04.214,1.41326,1.41341,1.87,1.45
2016.01.07 13:15:04.671,1.41324,1.41336,1.00,1.07
2016.01.07 13:15:05.181,1.41324,1.41337,1.95,1.37
2016.01.07 13:15:05.769,1.41325,1.41338,1.00,1.12
2016.01.07 13:15:06.280,1.41325,1.41338,1.07,1.12
2016.01.07 13:15:06.797,1.41325,1.41338,1.10,1.12
2016.01.07 13:15:06.899,1.41325,1.41339,1.10,1.87
2016.01.07 13:15:07.407,1.41325,1.41338,1.00,1.12
2016.01.07 13:15:07.948,1.41325,1.4134,1.20,1.75
2016.01.07 13:15:08.313,1.41327,1.41339,1.00,1.07
2016.01.07 13:15:08.821,1.41327,1.41339,1.20,1.00
2016.01.07 13:15:14.248,1.41326,1.4134,1.10,1.57
2016.01.07 13:15:14.554,1.41338,1.4135,1.00,1.12
2016.01.07 13:15:14.758,1.4134,1.41354,1.37,2.25
2016.01.07 13:15:15.013,1.41338,1.41353,1.37,1.85
2016.01.07 13:15:15.547,1.41337,1.41353,2.25,1.45
2016.01.07 13:15:16.058,1.41338,1.41353,1.37,1.85
2016.01.07 13:15:16.110,1.4134,1.41352,1.37,1.75
2016.01.07 13:15:16.415,1.41336,1.41347,1.47,1.00
2016.01.07 13:15:16.634,1.41341,1.41347,1.37,1.37
2016.01.07 13:15:16.738,1.41342,1.41355,1.37,1.50
2016.01.07 13:15:16.891,1.41346,1.41355,1.37,1.50
2016.01.07 13:15:16.994,1.41343,1.41355,1.37,1.37
2016.01.07 13:15:17.197,1.41345,1.41355,1.37,1.50
2016.01.07 13:15:17.704,1.41346,1.41354,1.37,1.00
2016.01.07 13:15:18.241,1.41345,1.41355,1.37,1.12
2016.01.07 13:15:18.904,1.41346,1.41355,1.37,1.87
2016.01.07 13:15:19.250,1.41349,1.41355,1.37,1.00
2016.01.07 13:15:19.402,1.41347,1.41355,1.37,1.00
2016.01.07 13:15:19.606,1.41353,1.41359,1.00,1.37
2016.01.07 13:15:19.708,1.41347,1.41352,1.50,2.62
2016.01.07 13:15:19.759,1.41351,1.41355,1.50,1.00
2016.01.07 13:15:19.810,1.41351,1.41359,1.57,2.25
2016.01.07 13:15:19.862,1.41354,1.4136,1.12,3.37
2016.01.07 13:15:19.964,1.41346,1.41356,1.37,1.12
2016.01.07 13:15:20.015,1.41351,1.41356,1.37,1.00
2016.01.07 13:15:20.323,1.41349,1.41355,1.37,1.50
2016.01.07 13:15:20.629,1.41347,1.41357,1.37,3.00
2016.01.07 13:15:21.607,1.41347,1.41355,1.00,1.50
2016.01.07 13:15:22.115,1.41347,1.4136,1.00,2.62
2016.01.07 13:15:22.166,1.41345,1.41358,1.12,3.00
2016.01.07 13:15:22.471,1.41347,1.41357,1.12,1.37
2016.01.07 13:15:24.824,1.41347,1.41354,1.10,1.00
2016.01.07 13:15:24.875,1.41347,1.41356,1.10,1.87
2016.01.07 13:15:24.926,1.41347,1.41355,1.10,1.87
2016.01.07 13:15:25.245,1.41344,1.41355,1.57,1.87
2016.01.07 13:15:25.753,1.41344,1.41355,1.57,1.37
2016.01.07 13:15:26.261,1.41344,1.41355,1.57,1.37
2016.01.07 13:15:26.780,1.41344,1.41356,1.87,1.47
2016.01.07 13:15:26.882,1.41346,1.41356,1.47,1.37
2016.01.07 13:15:27.137,1.41351,1.41363,1.20,1.12
2016.01.07 13:15:27.188,1.41351,1.41366,1.95,1.95
2016.01.07 13:15:27.239,1.41351,1.41361,1.45,1.00
2016.01.07 13:15:27.392,1.41349,1.4136,1.95,1.12
2016.01.07 13:15:27.494,1.41346,1.4136,1.95,1.10
2016.01.07 13:15:27.695,1.41347,1.41362,1.37,3.00
2016.01.07 13:15:27.852,1.41351,1.41366,1.20,1.50
2016.01.07 13:15:28.261,1.41352,1.41367,1.37,1.95
2016.01.07 13:15:28.464,1.41352,1.41367,1.20,2.25
2016.01.07 13:15:28.862,1.41359,1.41368,1.00,1.12
2016.01.07 13:15:28.915,1.41359,1.41369,1.00,1.50
2016.01.07 13:15:29.017,1.41361,1.41373,1.00,1.87
2016.01.07 13:15:29.221,1.41361,1.41374,1.50,1.37
2016.01.07 13:15:29.425,1.41363,1.41374,1.00,1.37
2016.01.07 13:15:29.781,1.41363,1.41374,1.00,1.57
2016.01.07 13:15:29.832,1.41366,1.41376,1.00,1.87
2016.01.07 13:15:30.543,1.41365,1.41374,1.00,1.37
2016.01.07 13:15:30.696,1.41366,1.41376,1.00,2.25
2016.01.07 13:15:30.899,1.41366,1.41376,1.00,1.20
2016.01.07 13:15:32.806,1.41364,1.41378,2.32,1.87
2016.01.07 13:15:32.908,1.41367,1.41379,1.00,1.75
2016.01.07 13:15:33.213,1.41377,1.41387,1.37,1.95
2016.01.07 13:15:33.265,1.41374,1.41384,1.00,1.00
2016.01.07 13:15:33.583,1.41372,1.41382,1.45,1.12
2016.01.07 13:15:33.736,1.41371,1.41382,1.00,1.20
2016.01.07 13:15:33.991,1.41368,1.41379,2.70,1.00
2016.01.07 13:15:34.093,1.41368,1.41379,1.00,1.50
2016.01.07 13:15:34.692,1.4137,1.41381,1.00,1.75
2016.01.07 13:15:34.745,1.4137,1.41383,1.00,1.00
2016.01.07 13:15:35.253,1.4137,1.41386,1.37,3.45
2016.01.07 13:15:35.355,1.4137,1.41386,1.87,2.25
2016.01.07 13:15:35.865,1.4137,1.41386,2.25,2.25
2016.01.07 13:15:36.375,1.4137,1.41385,1.87,1.12
2016.01.07 13:15:36.477,1.41371,1.41386,1.00,2.62
2016.01.07 13:15:36.680,1.41372,1.41387,2.25,2.62
2016.01.07 13:15:37.176,1.41372,1.41386,1.50,1.50
2016.01.07 13:15:37.481,1.4137,1.41385,2.25,2.25
2016.01.07 13:15:37.837,1.4137,1.41383,1.37,1.57
2016.01.07 13:15:38.251,1.4137,1.41384,1.00,2.25
2016.01.07 13:15:38.304,1.41367,1.41382,1.20,1.37
2016.01.07 13:15:38.661,1.41368,1.41382,1.37,1.37
2016.01.07 13:15:38.712,1.41371,1.41384,1.10,2.62
2016.01.07 13:15:39.332,1.41371,1.41385,1.12,1.50
2016.01.07 13:15:39.384,1.4137,1.41382,1.37,1.37
2016.01.07 13:15:39.539,1.4137,1.41385,1.37,1.87
2016.01.07 13:15:39.590,1.4137,1.41385,1.00,2.25
2016.01.07 13:15:40.100,1.41369,1.41384,2.25,1.07
2016.01.07 13:15:40.345,1.41369,1.41382,2.25,1.12
2016.01.07 13:15:40.398,1.41367,1.4138,1.12,1.10
2016.01.07 13:15:40.449,1.41367,1.4138,1.12,1.12
2016.01.07 13:15:42.239,1.41367,1.4138,1.12,2.25
2016.01.07 13:15:42.684,1.41366,1.41379,2.25,1.50
2016.01.07 13:15:42.888,1.41366,1.41379,2.25,1.12
2016.01.07 13:15:43.395,1.41365,1.41379,2.32,1.20
2016.01.07 13:15:43.688,1.41365,1.4138,1.87,3.00
2016.01.07 13:15:44.095,1.41364,1.41378,2.25,1.75
2016.01.07 13:15:44.401,1.41359,1.41365,1.00,1.87
2016.01.07 13:15:44.752,1.41356,1.41361,1.50,1.07
2016.01.07 13:15:44.803,1.41349,1.41361,1.12,1.20
2016.01.07 13:15:45.311,1.41349,1.41361,1.20,1.57
2016.01.07 13:15:45.515,1.4135,1.41364,1.57,1.20
2016.01.07 13:15:45.796,1.41352,1.41366,1.12,1.87
2016.01.07 13:15:45.847,1.41354,1.41366,1.00,1.82
2016.01.07 13:15:45.899,1.41354,1.41367,1.00,1.50
2016.01.07 13:15:46.407,1.41354,1.41366,1.00,1.75
2016.01.07 13:15:46.712,1.41353,1.4136,1.00,1.10
2016.01.07 13:15:47.213,1.41353,1.41361,1.00,1.45
2016.01.07 13:15:47.366,1.41349,1.41361,1.12,1.45
2016.01.07 13:15:47.873,1.41349,1.4136,1.87,1.12
2016.01.07 13:15:48.266,1.41349,1.41356,1.00,1.50
2016.01.07 13:15:48.776,1.41349,1.41357,1.00,1.12
2016.01.07 13:15:49.387,1.41349,1.41358,1.00,1.87
2016.01.07 13:15:49.919,1.41349,1.41357,1.00,1.12
2016.01.07 13:15:50.428,1.41348,1.41358,1.00,3.00
2016.01.07 13:15:50.936,1.41348,1.41357,1.00,1.37
2016.01.07 13:15:51.583,1.41348,1.41357,1.00,1.07
2016.01.07 13:15:52.136,1.41348,1.41358,1.00,1.47
2016.01.07 13:15:52.744,1.41348,1.41358,1.00,2.25
2016.01.07 13:15:53.305,1.41347,1.41358,1.00,1.50
2016.01.07 13:15:53.508,1.41347,1.41358,1.00,1.87
2016.01.07 13:15:53.868,1.41347,1.41357,1.00,1.75
2016.01.07 13:15:54.397,1.41347,1.41356,1.00,1.45
2016.01.07 13:15:54.978,1.41347,1.41359,1.00,3.75
2016.01.07 13:15:55.654,1.41347,1.41359,1.00,3.00
2016.01.07 13:15:56.194,1.41347,1.41359,1.00,2.62
2016.01.07 13:15:56.550,1.41348,1.41359,1.00,1.20
2016.01.07 13:15:57.071,1.41348,1.4136,1.00,1.57
2016.01.07 13:15:58.924,1.41348,1.4136,1.10,1.20
2016.01.07 13:16:01.788,1.41348,1.4136,1.00,1.20
2016.01.07 13:16:02.553,1.41347,1.41358,1.00,1.50
2016.01.07 13:16:03.242,1.41347,1.41357,1.00,1.37
2016.01.07 13:16:05.522,1.41348,1.41358,1.00,2.25
2016.01.07 13:16:05.675,1.41348,1.41358,1.00,2.17
2016.01.07 13:16:06.190,1.41348,1.41358,1.00,1.80
2016.01.07 13:16:06.292,1.41348,1.41358,1.00,1.87
2016.01.07 13:16:06.984,1.41348,1.41356,1.00,1.12
2016.01.07 13:16:07.963,1.41348,1.41356,1.00,1.20
2016.01.07 13:16:08.268,1.41334,1.41343,1.00,1.00
2016.01.07 13:16:08.319,1.41334,1.41342,1.00,1.87
2016.01.07 13:16:08.824,1.41334,1.41341,1.00,1.50
2016.01.07 13:16:09.078,1.41334,1.41341,1.00,1.10
2016.01.07 13:16:09.129,1.41329,1.41341,1.87,1.10
2016.01.07 13:16:09.637,1.41329,1.41341,1.12,1.57
2016.01.07 13:16:09.948,1.41334,1.41344,1.00,1.87
2016.01.07 13:16:10.051,1.41337,1.41349,1.37,1.12
2016.01.07 13:16:10.559,1.4134,1.4135,1.95,1.10
2016.01.07 13:16:11.257,1.4134,1.41352,1.12,1.12
2016.01.07 13:16:11.359,1.4134,1.41352,2.62,2.25
2016.01.07 13:16:11.664,1.4134,1.41352,1.37,2.62
2016.01.07 13:16:11.918,1.4134,1.41352,1.00,3.00
2016.01.07 13:16:13.143,1.4134,1.41354,3.45,1.57
2016.01.07 13:16:13.297,1.41343,1.41356,1.00,2.62
2016.01.07 13:16:13.551,1.41346,1.41358,1.20,1.95
2016.01.07 13:16:14.352,1.41346,1.41358,1.47,1.20
2016.01.07 13:16:14.867,1.41345,1.41359,1.45,1.20
2016.01.07 13:16:15.070,1.41351,1.4136,1.00,1.12
2016.01.07 13:16:15.172,1.41351,1.41362,1.87,1.95
2016.01.07 13:16:15.224,1.41353,1.41363,1.37,2.62
2016.01.07 13:16:15.529,1.41357,1.41366,1.12,1.00
2016.01.07 13:16:15.864,1.41352,1.41365,1.87,1.12
2016.01.07 13:16:16.074,1.41351,1.41363,1.95,1.50
2016.01.07 13:16:16.583,1.41352,1.41363,1.37,1.12
2016.01.07 13:16:17.085,1.41351,1.41363,1.87,1.12
2016.01.07 13:16:17.542,1.41353,1.41366,1.10,1.20
2016.01.07 13:16:17.644,1.41357,1.41368,1.37,1.50
2016.01.07 13:16:17.695,1.41357,1.41369,1.37,1.75
2016.01.07 13:16:17.747,1.41357,1.4137,1.50,3.82
2016.01.07 13:16:17.849,1.41359,1.4137,1.95,1.12
2016.01.07 13:16:18.359,1.41359,1.41371,1.47,1.00
2016.01.07 13:16:18.874,1.41359,1.41371,1.10,1.00
2016.01.07 13:16:19.100,1.41363,1.41373,1.12,1.00
2016.01.07 13:16:19.151,1.41366,1.41375,1.00,1.00
2016.01.07 13:16:19.456,1.41366,1.41379,1.57,1.12
2016.01.07 13:16:20.735,1.41365,1.41379,1.20,1.00
2016.01.07 13:16:20.838,1.41366,1.41379,1.37,2.25
2016.01.07 13:16:21.145,1.41364,1.41378,2.25,1.20
2016.01.07 13:16:21.669,1.41364,1.41378,2.32,1.00
2016.01.07 13:16:22.177,1.41365,1.41378,1.07,1.00
2016.01.07 13:16:22.432,1.41366,1.41381,1.95,1.20
2016.01.07 13:16:22.708,1.41369,1.41381,1.20,1.87
2016.01.07 13:16:25.257,1.4137,1.41381,1.12,1.95
2016.01.07 13:16:25.512,1.4137,1.41382,1.57,1.00
2016.01.07 13:16:25.563,1.41374,1.41384,1.50,1.37
2016.01.07 13:16:25.868,1.41383,1.41396,1.12,1.87
2016.01.07 13:16:25.919,1.41383,1.41396,1.20,1.50
2016.01.07 13:16:26.267,1.41384,1.41397,1.37,1.75
2016.01.07 13:16:26.725,1.41383,1.41398,2.25,2.62
2016.01.07 13:16:26.979,1.41383,1.41398,1.12,3.75
2016.01.07 13:16:27.280,1.41396,1.41401,1.12,1.87
2016.01.07 13:16:27.333,1.41397,1.41406,1.12,2.32
2016.01.07 13:16:27.588,1.41401,1.41408,1.00,1.75
2016.01.07 13:16:27.690,1.41402,1.41407,1.00,1.00
2016.01.07 13:16:27.742,1.41405,1.41414,2.62,1.12
2016.01.07 13:16:27.844,1.41405,1.41413,1.12,1.50
2016.01.07 13:16:27.947,1.414,1.41414,1.87,1.75
2016.01.07 13:16:28.048,1.414,1.41415,1.37,1.87
2016.01.07 13:16:28.303,1.41402,1.41416,1.20,1.75
2016.01.07 13:16:28.556,1.41402,1.41417,1.47,1.50
2016.01.07 13:16:29.066,1.41401,1.41417,4.20,1.50
2016.01.07 13:16:29.220,1.41401,1.41417,4.12,1.50
2016.01.07 13:16:29.526,1.41405,1.41419,1.10,2.62
2016.01.07 13:16:29.627,1.41405,1.41419,1.50,1.87
2016.01.07 13:16:29.947,1.41406,1.4142,2.62,1.85
2016.01.07 13:16:30.404,1.41406,1.41419,1.50,1.12
2016.01.07 13:16:30.761,1.41406,1.41419,1.20,1.47
2016.01.07 13:16:31.262,1.41404,1.4142,1.37,1.20
2016.01.07 13:16:31.769,1.41406,1.41419,1.07,1.00
2016.01.07 13:16:32.047,1.41404,1.41419,1.10,2.62
2016.01.07 13:16:32.578,1.41403,1.41418,1.00,1.50
2016.01.07 13:16:33.085,1.41402,1.41417,1.45,1.50
2016.01.07 13:16:33.593,1.41403,1.41417,1.47,1.50
2016.01.07 13:16:35.929,1.41401,1.41417,2.25,1.12
2016.01.07 13:16:36.438,1.41401,1.41417,1.95,1.87
2016.01.07 13:16:37.300,1.41402,1.41417,1.47,1.87
2016.01.07 13:16:37.885,1.41401,1.41417,1.95,1.50
2016.01.07 13:16:38.191,1.41398,1.4141,1.12,1.87
2016.01.07 13:16:38.242,1.41396,1.41406,1.00,1.00
2016.01.07 13:16:38.294,1.41394,1.41406,2.25,1.50
2016.01.07 13:16:38.345,1.41394,1.41403,1.00,1.45
2016.01.07 13:16:38.498,1.41396,1.41403,1.00,1.12
2016.01.07 13:16:38.549,1.41395,1.41404,1.00,1.57
2016.01.07 13:16:38.601,1.41397,1.41407,1.00,1.75
2016.01.07 13:16:38.652,1.41397,1.41407,1.00,1.45
2016.01.07 13:16:38.925,1.41399,1.41407,1.00,1.45
2016.01.07 13:16:38.976,1.41397,1.41407,1.00,1.47
2016.01.07 13:16:39.027,1.41395,1.41407,1.10,1.47
2016.01.07 13:16:39.485,1.41396,1.4141,1.87,1.20
2016.01.07 13:16:39.536,1.41398,1.4141,1.37,1.75
2016.01.07 13:16:39.739,1.41401,1.41413,3.00,1.87
2016.01.07 13:16:40.243,1.41401,1.41413,1.87,1.12
2016.01.07 13:16:40.396,1.41401,1.41413,1.57,1.10
2016.01.07 13:16:41.406,1.41402,1.41416,1.07,1.12
2016.01.07 13:16:41.508,1.41403,1.41417,1.12,1.50
2016.01.07 13:16:41.712,1.41403,1.41418,1.50,1.07
2016.01.07 13:16:42.169,1.41405,1.4142,1.50,1.50
2016.01.07 13:16:42.924,1.41405,1.4142,1.57,1.12
2016.01.07 13:16:43.434,1.41404,1.4141,1.57,1.00
2016.01.07 13:16:43.731,1.41394,1.41403,1.10,1.37
2016.01.07 13:16:43.885,1.41393,1.41406,2.62,1.50
2016.01.07 13:16:43.987,1.41393,1.41406,1.12,1.07
2016.01.07 13:16:44.495,1.41393,1.41407,1.20,1.57
2016.01.07 13:16:44.872,1.414,1.41409,1.87,1.12
2016.01.07 13:16:44.924,1.41401,1.41414,2.25,1.50
2016.01.07 13:16:45.434,1.41401,1.41413,1.12,1.50
2016.01.07 13:16:45.587,1.41401,1.41413,1.00,1.75
2016.01.07 13:16:46.044,1.41396,1.41407,1.47,1.12
2016.01.07 13:16:46.098,1.41396,1.41405,1.00,1.47
2016.01.07 13:16:46.403,1.41392,1.41402,1.50,1.45
2016.01.07 13:16:46.555,1.41391,1.41403,1.12,2.25
2016.01.07 13:16:47.065,1.41391,1.41402,1.12,1.50
2016.01.07 13:16:47.116,1.41388,1.41401,1.00,1.50
2016.01.07 13:16:47.666,1.41386,1.41399,1.20,1.47
2016.01.07 13:16:48.841,1.41386,1.414,1.10,1.95
2016.01.07 13:16:53.524,1.41389,1.414,1.10,1.10
2016.01.07 13:16:53.829,1.41396,1.41403,1.00,1.20
2016.01.07 13:16:53.982,1.41401,1.41413,1.12,2.25
2016.01.07 13:16:54.085,1.41403,1.41413,1.00,1.12
2016.01.07 13:16:54.529,1.41404,1.41417,1.00,1.87
2016.01.07 13:16:54.836,1.41404,1.41419,1.57,2.25
2016.01.07 13:16:55.920,1.41404,1.41419,1.95,1.12
2016.01.07 13:16:56.443,1.41405,1.4142,1.47,1.87
2016.01.07 13:16:56.934,1.41405,1.4142,1.45,1.07
2016.01.07 13:16:58.105,1.41405,1.41421,2.25,1.20
2016.01.07 13:16:58.641,1.41408,1.41421,1.00,1.07
2016.01.07 13:16:58.693,1.41408,1.41422,1.50,1.87
2016.01.07 13:16:58.998,1.41423,1.41436,1.50,1.20
2016.01.07 13:16:59.100,1.41425,1.41438,1.10,1.10
2016.01.07 13:16:59.202,1.41425,1.41438,1.00,1.12
2016.01.07 13:16:59.557,1.41425,1.4144,1.47,2.62
2016.01.07 13:16:59.660,1.41425,1.41439,2.25,1.20
2016.01.07 13:17:00.170,1.41425,1.41441,2.25,2.70
2016.01.07 13:17:00.634,1.41426,1.4144,1.20,1.87
2016.01.07 13:17:00.990,1.41426,1.41441,1.87,1.12
2016.01.07 13:17:01.498,1.41426,1.41441,1.87,1.87
2016.01.07 13:17:01.947,1.4143,1.41441,1.37,1.37
2016.01.07 13:17:01.998,1.41434,1.41441,1.37,1.37
2016.01.07 13:17:02.151,1.41431,1.41444,1.00,1.12
2016.01.07 13:17:02.202,1.41431,1.41442,1.00,1.50
2016.01.07 13:17:02.355,1.41426,1.4144,1.87,1.50
2016.01.07 13:17:03.258,1.41426,1.41442,1.57,3.00
2016.01.07 13:17:03.310,1.41426,1.41442,1.87,2.62
2016.01.07 13:17:03.718,1.41426,1.4144,1.57,1.37
2016.01.07 13:17:08.478,1.41426,1.41436,1.00,1.00
2016.01.07 13:17:08.814,1.41422,1.41434,1.20,1.07
2016.01.07 13:17:09.120,1.4142,1.41427,1.00,1.37
2016.01.07 13:17:09.274,1.41411,1.41426,1.85,2.17
2016.01.07 13:17:09.909,1.41414,1.41425,1.20,1.10
2016.01.07 13:17:10.418,1.41413,1.41427,1.50,2.32
2016.01.07 13:17:11.079,1.41414,1.41426,1.20,1.37
2016.01.07 13:17:11.131,1.41418,1.41426,1.00,1.37
2016.01.07 13:17:11.284,1.41421,1.41429,1.20,1.00
2016.01.07 13:17:11.335,1.41421,1.41432,2.25,1.20
2016.01.07 13:17:11.437,1.41421,1.41433,2.25,1.12
2016.01.07 13:17:11.745,1.41422,1.41433,1.57,1.00
2016.01.07 13:17:12.280,1.41422,1.41434,1.95,1.00
2016.01.07 13:17:13.593,1.41422,1.41434,1.75,1.00
2016.01.07 13:17:13.746,1.41423,1.41437,1.50,1.00
2016.01.07 13:17:15.198,1.41424,1.41437,1.12,1.00
2016.01.07 13:17:15.605,1.41425,1.41438,1.12,1.00
2016.01.07 13:17:17.797,1.41425,1.41438,1.37,1.00
2016.01.07 13:17:18.305,1.41425,1.4144,1.87,1.95
2016.01.07 13:17:18.696,1.41425,1.41437,1.87,1.00
2016.01.07 13:17:18.799,1.41424,1.41437,1.12,1.10
2016.01.07 13:17:18.901,1.41423,1.41428,1.50,1.00
2016.01.07 13:17:19.003,1.4142,1.41426,1.37,1.00
2016.01.07 13:17:19.055,1.41414,1.41426,4.12,1.12
2016.01.07 13:17:19.106,1.41412,1.41426,1.87,1.12
2016.01.07 13:17:19.157,1.41412,1.41426,1.50,1.87
2016.01.07 13:17:19.259,1.41413,1.41425,1.50,1.50
2016.01.07 13:17:19.361,1.4141,1.41425,3.00,1.00
2016.01.07 13:17:19.717,1.41411,1.41424,1.12,2.32
2016.01.07 13:17:19.773,1.41409,1.41423,1.12,1.45
2016.01.07 13:17:19.878,1.41407,1.41413,1.30,1.00
2016.01.07 13:17:19.930,1.41405,1.41411,1.87,1.00
2016.01.07 13:17:20.084,1.41393,1.41408,1.57,4.50
2016.01.07 13:17:20.135,1.41392,1.41404,1.20,1.57
2016.01.07 13:17:20.339,1.41391,1.41403,1.12,2.32
2016.01.07 13:17:21.666,1.41392,1.41403,1.00,1.07
2016.01.07 13:17:21.768,1.41394,1.41405,1.12,1.37
2016.01.07 13:17:22.040,1.41401,1.41417,1.87,1.12
2016.01.07 13:17:22.092,1.41401,1.41418,2.25,1.87
2016.01.07 13:17:22.194,1.41404,1.41418,1.07,1.37
2016.01.07 13:17:22.347,1.41404,1.4142,1.45,3.00
2016.01.07 13:17:23.217,1.41404,1.4142,2.25,1.50
2016.01.07 13:17:23.572,1.41404,1.41418,1.87,1.47
2016.01.07 13:17:23.878,1.41403,1.41417,1.37,1.12
2016.01.07 13:17:23.929,1.41403,1.41417,1.00,1.12
2016.01.07 13:17:24.474,1.41402,1.41416,1.20,1.87
2016.01.07 13:17:25.389,1.414,1.41415,1.50,1.50
2016.01.07 13:17:26.488,1.41398,1.41411,1.00,1.75
2016.01.07 13:17:26.590,1.41395,1.41408,1.37,1.87
2016.01.07 13:17:26.984,1.41395,1.41408,1.75,1.10
2016.01.07 13:17:27.394,1.41398,1.41411,1.10,1.57
2016.01.07 13:17:27.800,1.41401,1.41413,1.12,1.45
2016.01.07 13:17:28.105,1.41403,1.41417,1.07,1.50
2016.01.07 13:17:29.149,1.41402,1.41416,1.20,1.12
2016.01.07 13:17:29.969,1.41404,1.41417,1.00,1.37
2016.01.07 13:17:30.477,1.41404,1.41418,1.07,2.25
2016.01.07 13:17:31.169,1.41404,1.41419,2.25,1.50
2016.01.07 13:17:31.372,1.41406,1.41421,1.20,2.62
2016.01.07 13:17:31.475,1.41408,1.41421,1.07,1.50
2016.01.07 13:17:31.780,1.4141,1.41422,1.45,1.07
2016.01.07 13:17:32.332,1.4141,1.41423,1.87,1.07
2016.01.07 13:17:33.300,1.41411,1.41425,1.20,2.32
2016.01.07 13:17:33.891,1.41413,1.41425,1.00,1.45
2016.01.07 13:17:34.096,1.41414,1.41428,1.95,1.20
2016.01.07 13:17:34.402,1.41415,1.41426,1.57,1.37
2016.01.07 13:17:34.758,1.4141,1.41425,2.62,1.45
2016.01.07 13:17:36.637,1.41412,1.41426,1.12,1.50
2016.01.07 13:17:37.630,1.41411,1.41426,1.87,2.25
2016.01.07 13:17:38.812,1.41412,1.41425,1.50,1.12
2016.01.07 13:17:39.218,1.41412,1.41427,2.62,2.70
2016.01.07 13:17:39.320,1.41413,1.41428,1.87,2.32
2016.01.07 13:17:39.422,1.41415,1.41428,1.45,1.37
2016.01.07 13:17:40.144,1.41414,1.41426,1.57,1.00
2016.01.07 13:17:40.670,1.41414,1.41427,1.87,1.37
2016.01.07 13:17:43.183,1.41415,1.41427,1.45,1.37
2016.01.07 13:17:43.488,1.41421,1.41434,1.95,1.95
2016.01.07 13:17:43.540,1.41422,1.41436,1.50,1.20
2016.01.07 13:17:46.856,1.41424,1.41437,1.45,1.57
2016.01.07 13:17:47.366,1.41423,1.41437,1.12,1.57
2016.01.07 13:17:47.910,1.41422,1.41437,1.50,2.32
2016.01.07 13:17:48.452,1.41423,1.41437,1.50,1.47
2016.01.07 13:17:48.504,1.41423,1.41437,1.50,1.10
2016.01.07 13:17:49.014,1.41424,1.41438,1.57,1.57
2016.01.07 13:17:50.030,1.41424,1.41438,3.00,1.57
2016.01.07 13:17:50.487,1.41426,1.41438,1.12,1.57
2016.01.07 13:17:51.828,1.41426,1.41438,1.57,1.07
2016.01.07 13:17:52.251,1.41418,1.41423,1.00,1.07
2016.01.07 13:17:52.304,1.41411,1.41423,1.07,1.57
2016.01.07 13:17:52.459,1.41411,1.41425,2.62,1.50
2016.01.07 13:17:52.510,1.41411,1.41423,1.87,1.00
2016.01.07 13:17:52.968,1.41409,1.41423,1.50,1.95
2016.01.07 13:17:53.875,1.41408,1.41423,2.25,2.70
2016.01.07 13:17:54.978,1.41408,1.41423,3.00,2.70
2016.01.07 13:17:55.639,1.41408,1.41423,2.62,3.00
2016.01.07 13:17:56.197,1.41408,1.41421,1.57,1.45
2016.01.07 13:17:58.067,1.41407,1.4142,1.95,1.50
2016.01.07 13:17:58.711,1.41407,1.41419,1.95,1.12
2016.01.07 13:18:01.363,1.4141,1.41422,1.20,1.57
2016.01.07 13:18:01.619,1.4141,1.41422,1.12,1.87
2016.01.07 13:18:01.721,1.41411,1.41422,1.00,1.57
2016.01.07 13:18:01.772,1.41413,1.41423,1.00,1.07
2016.01.07 13:18:02.134,1.41413,1.41425,1.00,2.70
2016.01.07 13:18:02.185,1.41413,1.41422,1.00,1.00
2016.01.07 13:18:02.695,1.41413,1.41423,1.00,1.50
2016.01.07 13:18:03.408,1.41413,1.41425,1.00,2.32
2016.01.07 13:18:04.795,1.41413,1.41425,1.47,2.32
2016.01.07 13:18:05.275,1.41419,1.41425,1.00,2.32
2016.01.07 13:18:05.479,1.41421,1.41433,2.25,1.57
2016.01.07 13:18:05.580,1.41423,1.41435,1.87,1.50
2016.01.07 13:18:05.783,1.41422,1.41435,1.50,1.75
2016.01.07 13:18:07.007,1.41421,1.41434,1.50,1.87
2016.01.07 13:18:07.531,1.41421,1.41433,1.37,1.07
2016.01.07 13:18:08.507,1.4142,1.41432,1.37,1.07
2016.01.07 13:18:09.048,1.41418,1.41431,1.57,1.95
2016.01.07 13:18:09.556,1.41418,1.41429,1.20,1.00
2016.01.07 13:18:09.709,1.41417,1.41426,1.37,1.07
2016.01.07 13:18:09.810,1.41413,1.41425,1.75,1.10
2016.01.07 13:18:09.861,1.41413,1.41425,1.75,1.50
2016.01.07 13:18:10.482,1.41411,1.41424,1.50,2.32
2016.01.07 13:18:10.990,1.4141,1.41423,1.12,1.57
2016.01.07 13:18:11.526,1.41411,1.41423,1.12,1.57
2016.01.07 13:18:12.077,1.41409,1.41423,2.32,2.70
2016.01.07 13:18:12.382,1.41408,1.41418,1.85,1.00
2016.01.07 13:18:12.903,1.41406,1.41418,1.82,1.00
2016.01.07 13:18:13.664,1.41406,1.41417,1.82,1.00
2016.01.07 13:18:14.485,1.41406,1.41417,1.20,1.00
2016.01.07 13:18:17.428,1.41405,1.41415,1.50,1.00
2016.01.07 13:18:17.631,1.41391,1.41399,1.57,1.00
2016.01.07 13:18:17.835,1.41387,1.41397,2.25,1.00
2016.01.07 13:18:18.139,1.41387,1.41397,1.12,1.37
2016.01.07 13:18:18.663,1.41385,1.41396,1.37,1.07
2016.01.07 13:18:19.428,1.41387,1.414,1.37,2.25
2016.01.07 13:18:19.530,1.41391,1.41401,1.12,1.12
2016.01.07 13:18:19.835,1.41399,1.41406,1.50,1.00
2016.01.07 13:18:20.344,1.41399,1.41406,1.50,1.07
2016.01.07 13:18:20.498,1.41403,1.41407,1.10,1.50
2016.01.07 13:18:20.549,1.41403,1.41413,1.20,1.50
2016.01.07 13:18:20.600,1.41402,1.41415,2.70,1.20
2016.01.07 13:18:20.899,1.41406,1.41416,2.62,1.00
2016.01.07 13:18:21.407,1.4141,1.41419,1.00,1.12
2016.01.07 13:18:22.056,1.41407,1.41418,1.75,1.12
2016.01.07 13:18:23.363,1.41408,1.4142,1.37,1.87
2016.01.07 13:18:23.923,1.41408,1.4142,1.12,1.87
2016.01.07 13:18:24.025,1.41408,1.4142,1.50,1.10
2016.01.07 13:18:25.909,1.41408,1.4142,1.50,1.47
2016.01.07 13:18:27.415,1.41408,1.41418,1.50,1.00
2016.01.07 13:18:28.320,1.41408,1.41418,1.47,1.10
2016.01.07 13:18:29.645,1.41405,1.41418,1.45,1.10
2016.01.07 13:18:31.330,1.41406,1.4142,3.45,1.12
2016.01.07 13:18:31.483,1.4141,1.41421,1.07,1.10
2016.01.07 13:18:31.902,1.41409,1.41423,1.87,1.50
2016.01.07 13:18:32.760,1.4141,1.41416,1.50,1.00
2016.01.07 13:18:33.066,1.41406,1.41412,1.37,1.12
2016.01.07 13:18:33.273,1.41404,1.4141,1.47,1.12
2016.01.07 13:18:33.430,1.41404,1.41414,1.50,1.37
2016.01.07 13:18:33.939,1.41405,1.41414,1.37,2.25
2016.01.07 13:18:34.643,1.41406,1.41414,1.50,2.25
2016.01.07 13:18:35.368,1.41406,1.41414,1.00,1.50
2016.01.07 13:18:37.083,1.41405,1.41414,1.12,1.87
2016.01.07 13:18:37.185,1.41405,1.41417,1.12,1.00
2016.01.07 13:18:37.338,1.41414,1.41418,1.00,1.95
2016.01.07 13:18:37.390,1.41411,1.41418,1.00,1.57
2016.01.07 13:18:37.442,1.41417,1.41421,1.87,1.87
2016.01.07 13:18:37.544,1.41423,1.41428,1.87,3.00
2016.01.07 13:18:37.595,1.41423,1.41436,1.50,1.37
2016.01.07 13:18:37.646,1.41426,1.41438,1.00,1.37
2016.01.07 13:18:37.697,1.41427,1.41439,1.00,1.57
2016.01.07 13:18:37.748,1.41429,1.41439,1.00,1.87
2016.01.07 13:18:37.952,1.41427,1.41438,1.00,1.00
2016.01.07 13:18:38.454,1.41426,1.41438,1.75,1.00
2016.01.07 13:18:38.861,1.41426,1.41438,1.12,1.00
2016.01.07 13:18:40.084,1.41426,1.41439,1.12,1.12
2016.01.07 13:18:40.300,1.41424,1.41436,2.62,1.00
2016.01.07 13:18:40.604,1.41424,1.41434,2.25,1.37
2016.01.07 13:18:41.163,1.41424,1.41435,2.25,1.37
2016.01.07 13:18:41.560,1.41424,1.41428,1.12,1.00
2016.01.07 13:18:41.865,1.41413,1.4142,1.37,2.25
2016.01.07 13:18:41.968,1.41411,1.41418,1.12,1.87
2016.01.07 13:18:42.070,1.41404,1.41413,1.12,1.50
2016.01.07 13:18:42.121,1.41403,1.41409,1.12,1.42
2016.01.07 13:18:42.510,1.41387,1.41398,1.00,1.50
2016.01.07 13:18:42.662,1.41387,1.41394,1.00,1.47
2016.01.07 13:18:43.393,1.41384,1.41394,1.87,1.47
2016.01.07 13:18:43.688,1.41377,1.41381,5.25,1.00
2016.01.07 13:18:43.739,1.41371,1.4138,2.62,1.00
2016.01.07 13:18:43.790,1.41369,1.41375,2.62,1.45
2016.01.07 13:18:43.892,1.41363,1.41373,1.87,1.37
2016.01.07 13:18:43.994,1.41363,1.41373,1.12,1.37
2016.01.07 13:18:44.147,1.41363,1.41369,1.00,1.37
2016.01.07 13:18:44.352,1.41363,1.41371,1.00,1.37
2016.01.07 13:18:44.892,1.41363,1.41373,2.25,1.37
2016.01.07 13:18:45.413,1.41363,1.41374,1.50,1.37
2016.01.07 13:18:45.920,1.41363,1.41375,1.50,1.47
2016.01.07 13:18:46.440,1.41364,1.41374,1.50,1.37
2016.01.07 13:18:46.971,1.41364,1.41375,1.50,1.47
2016.01.07 13:18:47.430,1.41362,1.41371,2.62,1.12
2016.01.07 13:18:47.481,1.41355,1.41364,1.12,1.37
2016.01.07 13:18:47.532,1.41358,1.41364,1.00,1.37
2016.01.07 13:18:47.584,1.41363,1.41371,1.00,1.50
2016.01.07 13:18:47.635,1.41363,1.41374,1.00,1.00
2016.01.07 13:18:47.686,1.41364,1.41374,1.37,1.37
2016.01.07 13:18:48.195,1.41364,1.41374,1.37,1.57
2016.01.07 13:18:48.493,1.41363,1.41376,1.50,1.87
2016.01.07 13:18:48.544,1.41365,1.41377,1.00,1.87
2016.01.07 13:18:48.697,1.41366,1.4138,1.87,1.12
2016.01.07 13:18:48.849,1.41366,1.41381,1.87,3.37
2016.01.07 13:18:49.357,1.41366,1.41379,1.37,1.50
2016.01.07 13:18:49.744,1.41366,1.41379,1.37,1.50
2016.01.07 13:18:51.136,1.41374,1.4138,1.00,1.05
2016.01.07 13:18:51.187,1.41378,1.41383,1.37,1.12
2016.01.07 13:18:51.289,1.41383,1.41392,1.00,1.20
2016.01.07 13:18:51.340,1.41383,1.41394,1.00,3.00
2016.01.07 13:18:51.442,1.41383,1.41396,1.37,1.87
2016.01.07 13:18:51.493,1.41383,1.41397,3.07,1.87
2016.01.07 13:18:51.800,1.41383,1.41396,3.00,1.87
2016.01.07 13:18:53.248,1.41383,1.41395,1.50,1.12
2016.01.07 13:18:53.654,1.41383,1.41395,1.37,1.37
2016.01.07 13:18:54.464,1.41382,1.41395,2.62,1.87
2016.01.07 13:18:55.415,1.41383,1.41395,1.50,2.62
2016.01.07 13:18:55.966,1.41383,1.41395,1.00,1.87
2016.01.07 13:18:56.511,1.41384,1.41395,1.00,1.87
2016.01.07 13:18:58.999,1.41385,1.41395,1.00,2.62
2016.01.07 13:18:59.758,1.41385,1.41397,1.00,2.62
2016.01.07 13:19:00.286,1.41385,1.41397,1.12,1.37
2016.01.07 13:19:00.977,1.41385,1.41398,1.87,2.62
2016.01.07 13:19:01.512,1.41387,1.41398,1.00,1.87
2016.01.07 13:19:01.767,1.41387,1.41399,1.37,1.37
2016.01.07 13:19:01.818,1.41389,1.41401,1.12,1.50
2016.01.07 13:19:02.295,1.41397,1.41401,1.00,1.50
2016.01.07 13:19:02.398,1.41394,1.41405,1.37,1.12
2016.01.07 13:19:02.449,1.41394,1.41403,1.37,1.00
2016.01.07 13:19:02.552,1.41391,1.41401,1.12,1.00
2016.01.07 13:19:02.654,1.41391,1.414,1.00,1.37
2016.01.07 13:19:02.960,1.41391,1.41398,1.00,1.37
2016.01.07 13:19:03.011,1.41391,1.41399,1.00,1.12
2016.01.07 13:19:03.823,1.41396,1.414,1.00,1.00
2016.01.07 13:19:03.874,1.41394,1.41401,1.00,1.50
2016.01.07 13:19:03.926,1.41394,1.41403,1.37,1.00
2016.01.07 13:19:04.030,1.41394,1.41403,1.00,1.37
2016.01.07 13:19:04.803,1.41392,1.41403,1.00,1.87
2016.01.07 13:19:05.316,1.41392,1.41402,1.00,1.37
2016.01.07 13:19:05.834,1.41392,1.41403,1.00,2.32
2016.01.07 13:19:05.936,1.41394,1.41403,1.00,1.20
2016.01.07 13:19:06.242,1.41399,1.41408,1.00,1.12
2016.01.07 13:19:06.344,1.41399,1.4141,1.00,1.12
2016.01.07 13:19:06.395,1.41402,1.4141,1.00,1.12
2016.01.07 13:19:06.750,1.41404,1.41411,1.00,1.12
2016.01.07 13:19:07.005,1.41406,1.41414,1.00,1.12
2016.01.07 13:19:07.108,1.41406,1.41417,1.00,1.12
2016.01.07 13:19:07.311,1.41404,1.41417,1.87,1.12
2016.01.07 13:19:07.413,1.41406,1.41417,1.00,1.12
2016.01.07 13:19:07.862,1.41402,1.41411,1.00,1.00
2016.01.07 13:19:07.913,1.414,1.41407,1.50,1.37
2016.01.07 13:19:08.218,1.41399,1.41408,1.37,1.37
2016.01.07 13:19:08.422,1.41398,1.41408,1.87,1.50
2016.01.07 13:19:08.879,1.41398,1.41409,1.87,1.12
2016.01.07 13:19:09.541,1.41398,1.41408,1.12,1.12
2016.01.07 13:19:09.950,1.41399,1.4141,1.00,1.75
2016.01.07 13:19:10.961,1.41399,1.41411,1.12,2.25
2016.01.07 13:19:11.612,1.41398,1.4141,1.87,1.12
2016.01.07 13:19:12.398,1.41396,1.41409,1.37,1.87
2016.01.07 13:19:12.500,1.41394,1.41404,1.00,1.50
2016.01.07 13:19:13.002,1.41393,1.41404,1.00,1.75
2016.01.07 13:19:13.408,1.41395,1.41404,1.00,1.87
2016.01.07 13:19:13.511,1.41393,1.41404,1.00,1.37
2016.01.07 13:19:13.562,1.41394,1.41405,1.37,1.50
2016.01.07 13:19:13.724,1.41393,1.41404,1.00,1.37
2016.01.07 13:19:14.135,1.41395,1.41404,1.00,1.37
2016.01.07 13:19:14.288,1.41395,1.41407,1.00,2.25
2016.01.07 13:19:14.999,1.41393,1.41404,1.87,1.10
2016.01.07 13:19:15.101,1.41391,1.41402,2.32,1.00
2016.01.07 13:19:15.608,1.41393,1.41402,1.00,1.07
2016.01.07 13:19:16.339,1.41392,1.41402,1.12,1.07
2016.01.07 13:19:17.143,1.41394,1.41404,1.00,1.87
2016.01.07 13:19:17.448,1.41395,1.41407,1.37,1.12
2016.01.07 13:19:18.006,1.41395,1.41407,1.37,2.62
2016.01.07 13:19:18.552,1.41395,1.41407,1.00,1.50
2016.01.07 13:19:19.210,1.41396,1.41407,1.00,1.37
2016.01.07 13:19:20.606,1.41398,1.41406,1.00,1.12
2016.01.07 13:19:20.911,1.41398,1.4141,1.37,1.87
2016.01.07 13:19:21.419,1.41398,1.4141,1.37,1.50
2016.01.07 13:19:22.242,1.414,1.41411,1.37,1.37
2016.01.07 13:19:22.293,1.414,1.41411,1.37,1.00
2016.01.07 13:19:22.498,1.414,1.4141,1.37,1.50
2016.01.07 13:19:23.162,1.414,1.41411,1.87,1.12
2016.01.07 13:19:23.494,1.414,1.4141,1.50,1.87
2016.01.07 13:19:23.850,1.41398,1.41409,2.25,1.50
2016.01.07 13:19:23.952,1.414,1.41409,1.00,1.50
2016.01.07 13:19:24.055,1.41398,1.41409,1.87,1.50
2016.01.07 13:19:24.573,1.41401,1.41411,1.00,1.12
2016.01.07 13:19:24.728,1.41401,1.41411,1.00,1.10
2016.01.07 13:19:24.830,1.41401,1.41411,1.00,1.12
2016.01.07 13:19:25.792,1.41402,1.41412,1.00,2.25
2016.01.07 13:19:26.300,1.41401,1.41412,1.12,2.25
2016.01.07 13:19:26.807,1.414,1.41411,2.25,4.87
2016.01.07 13:19:27.354,1.41402,1.41411,1.00,2.25
2016.01.07 13:19:27.861,1.414,1.41411,1.87,2.62
2016.01.07 13:19:28.324,1.41403,1.41412,1.00,1.75
2016.01.07 13:19:28.578,1.41404,1.41415,1.87,1.57
2016.01.07 13:19:28.833,1.41407,1.41415,1.00,1.10
2016.01.07 13:19:29.522,1.41407,1.41419,1.37,1.87
2016.01.07 13:19:30.030,1.41407,1.41419,1.37,1.12
2016.01.07 13:19:30.951,1.41407,1.41419,1.37,1.12
2016.01.07 13:19:31.106,1.41411,1.41421,1.00,1.37
2016.01.07 13:19:31.310,1.41412,1.41425,2.32,1.50
2016.01.07 13:19:31.815,1.41411,1.41421,1.37,1.37
2016.01.07 13:19:32.018,1.41408,1.41421,1.37,1.50
2016.01.07 13:19:32.070,1.41407,1.41411,1.50,1.00
2016.01.07 13:19:32.122,1.41407,1.41412,1.00,1.00
2016.01.07 13:19:32.173,1.41404,1.41408,1.00,1.20
2016.01.07 13:19:32.276,1.41393,1.41405,1.12,1.87
2016.01.07 13:19:32.328,1.4139,1.41403,3.45,1.37
2016.01.07 13:19:32.379,1.4139,1.41403,1.20,1.75
2016.01.07 13:19:32.430,1.41392,1.41403,1.00,1.50
2016.01.07 13:19:32.960,1.41392,1.41402,1.00,1.57
2016.01.07 13:19:33.724,1.41392,1.41402,1.00,1.20
2016.01.07 13:19:34.611,1.41389,1.41401,1.50,1.57
2016.01.07 13:19:34.712,1.41389,1.41401,1.37,1.75
2016.01.07 13:19:35.369,1.41389,1.41401,1.37,1.75
2016.01.07 13:19:35.884,1.41389,1.41402,1.50,1.87
2016.01.07 13:19:36.839,1.41387,1.41401,1.95,2.62
2016.01.07 13:19:37.347,1.41387,1.41401,1.87,2.62
2016.01.07 13:19:37.900,1.41387,1.414,1.50,1.12
2016.01.07 13:19:40.528,1.41388,1.41401,1.37,1.87
2016.01.07 13:19:41.577,1.41389,1.41401,1.37,1.75
2016.01.07 13:19:41.834,1.41389,1.41403,1.87,1.47
2016.01.07 13:19:41.886,1.41392,1.41405,1.57,1.50
2016.01.07 13:19:42.192,1.41393,1.41407,2.62,1.95
2016.01.07 13:19:42.497,1.41402,1.41406,1.00,1.00
2016.01.07 13:19:42.548,1.41403,1.41407,1.00,1.00
2016.01.07 13:19:42.600,1.41403,1.41407,2.25,1.00
2016.01.07 13:19:42.701,1.41406,1.41417,1.00,1.45
2016.01.07 13:19:43.872,1.41406,1.41419,1.07,1.87
2016.01.07 13:19:45.863,1.41407,1.41419,1.47,1.12
2016.01.07 13:19:46.928,1.41407,1.41419,1.47,1.12
2016.01.07 13:19:47.131,1.41413,1.4142,1.00,1.75
2016.01.07 13:19:47.399,1.41424,1.41434,1.37,1.37
2016.01.07 13:19:47.501,1.41424,1.41434,1.75,1.00
2016.01.07 13:19:47.706,1.41423,1.41434,1.37,1.10
2016.01.07 13:19:47.809,1.4142,1.41431,2.32,1.00
2016.01.07 13:19:48.013,1.41411,1.41423,1.12,1.37
2016.01.07 13:19:48.516,1.4141,1.41421,1.37,1.10
2016.01.07 13:19:49.024,1.4141,1.41423,1.00,2.25
2016.01.07 13:19:49.674,1.4141,1.41423,1.00,2.25
2016.01.07 13:19:50.181,1.4141,1.41423,1.37,2.25
2016.01.07 13:19:50.436,1.4141,1.41423,1.47,1.87
2016.01.07 13:19:50.961,1.4141,1.41423,1.10,1.87
2016.01.07 13:19:51.699,1.4141,1.41423,1.47,1.50
2016.01.07 13:19:52.537,1.4141,1.41423,1.45,1.47
2016.01.07 13:19:53.096,1.4141,1.41422,1.37,1.50
2016.01.07 13:19:53.963,1.4141,1.41423,1.45,1.10
2016.01.07 13:19:54.066,1.4141,1.41423,1.47,1.45
2016.01.07 13:19:54.585,1.4141,1.41423,1.47,1.07
2016.01.07 13:19:54.738,1.41417,1.41429,1.37,1.20
2016.01.07 13:19:54.790,1.41417,1.4143,2.25,1.12
2016.01.07 13:19:55.096,1.41417,1.4143,1.50,1.12
2016.01.07 13:19:55.198,1.41417,1.41431,1.85,1.50
2016.01.07 13:19:55.646,1.41416,1.41425,1.20,1.00
2016.01.07 13:19:55.698,1.41414,1.41425,1.37,1.00
2016.01.07 13:19:55.749,1.41413,1.41424,1.37,1.47
2016.01.07 13:19:55.852,1.41408,1.41422,1.57,1.07
2016.01.07 13:19:56.156,1.41407,1.41422,1.57,1.75
2016.01.07 13:19:56.754,1.41419,1.41425,1.37,1.50
2016.01.07 13:19:56.807,1.41421,1.41425,1.87,1.00
2016.01.07 13:19:56.858,1.41424,1.41432,1.12,1.12
2016.01.07 13:19:56.909,1.41424,1.41432,1.50,1.12
2016.01.07 13:19:57.266,1.41419,1.41432,1.87,1.75
2016.01.07 13:19:57.317,1.41419,1.41432,1.87,1.75
2016.01.07 13:19:57.622,1.41422,1.41431,1.75,1.12
2016.01.07 13:19:57.897,1.41426,1.41438,1.37,2.25
2016.01.07 13:19:58.152,1.41423,1.41436,1.87,1.87
2016.01.07 13:19:58.610,1.41425,1.41438,1.37,2.62
2016.01.07 13:19:58.712,1.41425,1.41438,1.45,2.62
2016.01.07 13:19:59.223,1.41425,1.41437,1.37,1.75
2016.01.07 13:19:59.580,1.41427,1.41439,1.20,1.50
2016.01.07 13:19:59.631,1.41429,1.41442,1.50,2.25
2016.01.07 13:20:00.057,1.41436,1.41445,1.50,1.37
2016.01.07 13:20:00.109,1.41434,1.41445,2.25,1.00
2016.01.07 13:20:00.161,1.41432,1.41445,1.20,1.87
2016.01.07 13:20:00.212,1.41432,1.41445,1.20,1.87
2016.01.07 13:20:00.264,1.41429,1.41443,3.00,1.75
2016.01.07 13:20:00.571,1.41424,1.41432,1.75,3.75
2016.01.07 13:20:00.674,1.41408,1.41419,1.00,1.07
2016.01.07 13:20:00.935,1.41405,1.4142,1.00,1.10
2016.01.07 13:20:01.443,1.41403,1.41419,1.37,1.10
2016.01.07 13:20:01.545,1.41401,1.41418,1.12,1.00
2016.01.07 13:20:02.153,1.41402,1.41416,1.00,1.00
2016.01.07 13:20:02.664,1.41402,1.41417,1.75,1.12
2016.01.07 13:20:03.193,1.41403,1.41417,1.12,1.37
2016.01.07 13:20:03.548,1.41403,1.41417,1.37,1.37
2016.01.07 13:20:04.166,1.41404,1.41417,1.37,1.87
2016.01.07 13:20:05.346,1.41403,1.41419,1.95,1.87
2016.01.07 13:20:06.646,1.41404,1.41419,1.57,1.37
2016.01.07 13:20:07.263,1.41404,1.41419,1.57,1.37
2016.01.07 13:20:07.724,1.41406,1.41421,1.50,1.12
2016.01.07 13:20:08.233,1.41408,1.41422,1.50,1.12
2016.01.07 13:20:08.887,1.41408,1.41422,1.37,1.75
2016.01.07 13:20:10.578,1.41408,1.4142,1.37,1.37
2016.01.07 13:20:11.679,1.41407,1.41421,1.87,1.75
2016.01.07 13:20:13.441,1.41407,1.41421,1.57,1.37
2016.01.07 13:20:13.644,1.41414,1.41422,1.37,1.87
2016.01.07 13:20:13.797,1.41416,1.41422,1.12,1.75
2016.01.07 13:20:13.900,1.4141,1.41422,1.87,1.12
2016.01.07 13:20:14.004,1.4141,1.41423,1.37,1.87
2016.01.07 13:20:14.516,1.41411,1.41423,1.37,1.12
2016.01.07 13:20:15.018,1.41411,1.41423,1.47,1.50
2016.01.07 13:20:15.526,1.41409,1.41423,1.82,1.87
2016.01.07 13:20:18.104,1.4141,1.41423,1.57,1.12
2016.01.07 13:20:18.967,1.41408,1.41422,1.87,1.37
2016.01.07 13:20:19.934,1.41408,1.41422,1.85,1.75
2016.01.07 13:20:20.138,1.4141,1.41414,1.00,1.00
2016.01.07 13:20:20.342,1.41391,1.41404,1.12,1.00
2016.01.07 13:20:20.551,1.41391,1.41402,1.12,1.12
2016.01.07 13:20:21.063,1.41385,1.41392,1.50,1.00
2016.01.07 13:20:21.368,1.41374,1.41386,1.50,1.87
2016.01.07 13:20:21.881,1.41374,1.41385,1.12,1.37
2016.01.07 13:20:22.405,1.41374,1.41385,1.37,1.37
2016.01.07 13:20:22.507,1.41374,1.41385,1.12,1.75
2016.01.07 13:20:23.034,1.41375,1.41385,1.00,1.75
2016.01.07 13:20:23.542,1.41375,1.41385,1.87,1.12
2016.01.07 13:20:24.925,1.41375,1.41386,1.87,1.75
2016.01.07 13:20:25.078,1.41381,1.41387,1.00,1.50
2016.01.07 13:20:25.232,1.41388,1.41399,1.00,1.12
2016.01.07 13:20:25.334,1.41389,1.41402,1.07,1.57
2016.01.07 13:20:25.533,1.41388,1.41402,3.75,1.47
2016.01.07 13:20:25.739,1.41392,1.41405,1.07,1.95
2016.01.07 13:20:26.247,1.41394,1.41405,1.00,1.20
2016.01.07 13:20:26.298,1.41396,1.41405,1.00,1.07
2016.01.07 13:20:26.977,1.41393,1.41404,1.50,1.00
2016.01.07 13:20:27.181,1.41392,1.41404,1.00,1.95
2016.01.07 13:20:28.723,1.4139,1.41404,1.45,1.95
2016.01.07 13:20:28.978,1.41389,1.41402,1.50,1.12
2016.01.07 13:20:29.527,1.41389,1.41402,1.12,1.12
2016.01.07 13:20:30.186,1.41389,1.414,1.37,1.07
2016.01.07 13:20:31.210,1.41389,1.41401,1.57,1.12
2016.01.07 13:20:31.515,1.41395,1.41401,1.00,1.12
2016.01.07 13:20:31.893,1.41399,1.41406,1.12,1.37
2016.01.07 13:20:31.944,1.41399,1.41408,1.95,1.00
2016.01.07 13:20:32.353,1.41401,1.41408,1.00,1.00
2016.01.07 13:20:32.456,1.41399,1.41408,1.20,1.00
2016.01.07 13:20:32.508,1.41401,1.41406,1.00,1.87
2016.01.07 13:20:32.611,1.41403,1.41411,1.00,1.10
2016.01.07 13:20:32.663,1.41405,1.41411,1.00,1.10
2016.01.07 13:20:32.714,1.41405,1.41416,1.37,1.12
2016.01.07 13:20:32.816,1.41405,1.41418,1.37,1.12
2016.01.07 13:20:33.123,1.41407,1.4142,1.37,1.87
2016.01.07 13:20:33.582,1.41406,1.41418,1.00,1.75
2016.01.07 13:20:33.685,1.41403,1.41416,1.12,1.12
2016.01.07 13:20:33.990,1.41405,1.41413,1.00,1.37
2016.01.07 13:20:34.295,1.41405,1.41415,1.00,1.87
2016.01.07 13:20:34.807,1.41405,1.41418,1.57,2.25
2016.01.07 13:20:35.772,1.41408,1.41418,1.00,2.25
2016.01.07 13:20:35.978,1.4141,1.41422,1.00,1.12
2016.01.07 13:20:36.080,1.4141,1.41423,1.12,1.75
2016.01.07 13:20:36.743,1.4141,1.41422,1.00,1.37
2016.01.07 13:20:38.313,1.4141,1.41421,1.00,1.12
2016.01.07 13:20:39.441,1.41407,1.41421,1.57,1.75
2016.01.07 13:20:39.644,1.41404,1.41416,1.37,1.12
2016.01.07 13:20:40.164,1.41403,1.41415,1.37,1.50
2016.01.07 13:20:40.216,1.41401,1.41415,1.87,1.50
2016.01.07 13:20:40.724,1.41401,1.41414,1.37,1.12
2016.01.07 13:20:41.080,1.41405,1.41414,1.00,1.12
2016.01.07 13:20:41.285,1.41405,1.41416,1.12,2.25
2016.01.07 13:20:41.393,1.41405,1.41418,1.00,1.50
2016.01.07 13:20:41.598,1.41405,1.4142,1.12,1.75
2016.01.07 13:20:42.105,1.41405,1.4142,1.20,1.75
2016.01.07 13:20:42.520,1.41408,1.4142,1.00,1.75
2016.01.07 13:20:43.029,1.41408,1.4142,1.10,1.50
2016.01.07 13:20:43.946,1.41405,1.41417,1.37,1.00
2016.01.07 13:20:44.252,1.41401,1.41415,2.25,1.12
2016.01.07 13:20:44.557,1.41401,1.41409,1.07,1.12
2016.01.07 13:20:45.016,1.41395,1.41406,1.12,1.50
2016.01.07 13:20:45.067,1.4139,1.41403,1.12,1.00
2016.01.07 13:20:45.119,1.41389,1.41403,1.50,1.57
2016.01.07 13:20:45.626,1.41389,1.41404,1.12,1.20
2016.01.07 13:20:46.426,1.4139,1.41405,1.87,1.50
2016.01.07 13:20:46.529,1.41393,1.41406,1.37,1.57
2016.01.07 13:20:46.682,1.41394,1.41406,1.37,1.00
2016.01.07 13:20:46.784,1.41394,1.41406,1.20,1.07
2016.01.07 13:20:46.887,1.41392,1.41404,1.47,1.07
2016.01.07 13:20:46.939,1.4139,1.41404,1.87,1.07
2016.01.07 13:20:47.198,1.4139,1.41404,1.47,1.87
2016.01.07 13:20:47.249,1.41388,1.41403,2.25,1.37
2016.01.07 13:20:48.379,1.41388,1.41396,1.37,1.00
2016.01.07 13:20:48.583,1.41373,1.41383,1.00,1.12
2016.01.07 13:20:48.787,1.41376,1.41385,1.37,1.75
2016.01.07 13:20:48.838,1.41376,1.41389,2.25,1.75
2016.01.07 13:20:48.890,1.41379,1.41389,1.37,1.12
2016.01.07 13:20:49.094,1.4138,1.4139,1.50,1.87
2016.01.07 13:20:49.299,1.4138,1.41392,1.87,1.50
2016.01.07 13:20:49.651,1.41375,1.41382,1.00,1.00
2016.01.07 13:20:49.703,1.41371,1.4138,1.47,1.37
2016.01.07 13:20:49.958,1.4137,1.41379,1.37,1.37
2016.01.07 13:20:50.163,1.4137,1.41381,1.37,2.32
2016.01.07 13:20:50.570,1.4137,1.41381,1.12,1.57
2016.01.07 13:20:51.096,1.4137,1.41381,1.85,1.20
2016.01.07 13:20:51.606,1.4137,1.41381,1.12,1.57
2016.01.07 13:20:52.108,1.4137,1.41381,1.85,1.20
2016.01.07 13:20:52.618,1.41367,1.4138,1.82,1.57
2016.01.07 13:20:52.669,1.41367,1.41378,1.82,1.37
2016.01.07 13:20:53.115,1.41367,1.41379,1.37,1.75
2016.01.07 13:20:53.623,1.41365,1.41379,2.25,1.75
2016.01.07 13:20:53.674,1.41365,1.41379,2.25,1.75
2016.01.07 13:20:54.562,1.41365,1.4138,1.50,2.62
2016.01.07 13:20:57.575,1.41365,1.41379,3.37,1.87
2016.01.07 13:20:59.611,1.41365,1.41378,2.25,1.12
2016.01.07 13:21:00.158,1.41365,1.41378,2.32,1.07
2016.01.07 13:21:00.622,1.41365,1.41378,2.32,1.07
2016.01.07 13:21:01.554,1.41366,1.4138,2.25,2.25
2016.01.07 13:21:02.081,1.41366,1.4138,3.00,2.25
2016.01.07 13:21:02.615,1.41368,1.4138,1.00,2.62
2016.01.07 13:21:04.910,1.41368,1.41381,1.07,2.25
2016.01.07 13:21:06.587,1.41367,1.41381,1.12,1.87
2016.01.07 13:21:07.598,1.41367,1.41381,1.12,2.25
2016.01.07 13:21:08.116,1.41366,1.4138,1.50,1.37
2016.01.07 13:21:08.630,1.41366,1.4138,1.50,1.37
2016.01.07 13:21:10.912,1.41366,1.4138,1.57,1.75
2016.01.07 13:21:11.979,1.41366,1.41371,1.47,1.50
2016.01.07 13:21:12.183,1.4135,1.41363,1.95,1.12
2016.01.07 13:21:12.639,1.41353,1.41361,1.37,1.20
2016.01.07 13:21:13.035,1.41351,1.41362,1.00,1.07
2016.01.07 13:21:13.542,1.41351,1.41362,1.00,1.10
2016.01.07 13:21:16.886,1.41351,1.41362,1.10,1.07
2016.01.07 13:21:17.896,1.41349,1.41362,1.82,1.12
2016.01.07 13:21:18.408,1.4135,1.41362,1.10,1.50
2016.01.07 13:21:19.867,1.4135,1.4136,1.57,1.10
2016.01.07 13:21:20.382,1.4135,1.4136,1.10,1.10
2016.01.07 13:21:21.397,1.41351,1.4136,1.37,1.10
2016.01.07 13:21:21.451,1.4135,1.4136,1.10,1.10
2016.01.07 13:21:21.972,1.4135,1.41362,1.57,2.25
2016.01.07 13:21:22.484,1.4135,1.41362,1.10,1.87
2016.01.07 13:21:22.535,1.41351,1.41362,1.37,2.25
2016.01.07 13:21:22.940,1.41349,1.41362,1.57,2.62
2016.01.07 13:21:23.531,1.4135,1.41362,1.47,3.00
2016.01.07 13:21:24.437,1.41351,1.41361,1.50,1.45
2016.01.07 13:21:24.986,1.41352,1.41361,1.47,1.37
2016.01.07 13:21:25.442,1.41348,1.41361,1.12,1.57
2016.01.07 13:21:26.671,1.41351,1.41361,1.50,1.57
2016.01.07 13:21:27.179,1.41351,1.41362,1.10,1.82
2016.01.07 13:21:29.047,1.41348,1.4136,1.85,1.00
2016.01.07 13:21:29.903,1.41347,1.41356,1.50,1.00
2016.01.07 13:21:30.107,1.41336,1.41344,1.12,1.00
2016.01.07 13:21:30.158,1.41333,1.41342,1.00,1.00
2016.01.07 13:21:30.210,1.41331,1.41342,1.12,1.12
2016.01.07 13:21:30.464,1.41333,1.41346,2.62,2.25
2016.01.07 13:21:30.668,1.41336,1.41348,1.20,1.57
2016.01.07 13:21:30.719,1.4134,1.41348,1.00,1.57
2016.01.07 13:21:31.122,1.41333,1.41347,1.75,2.25
2016.01.07 13:21:31.376,1.41333,1.41346,1.12,1.75
2016.01.07 13:21:31.579,1.41335,1.41347,1.50,2.70
2016.01.07 13:21:31.986,1.41331,1.41344,1.12,1.00
2016.01.07 13:21:32.335,1.4133,1.41345,1.45,2.25
2016.01.07 13:21:34.070,1.4133,1.41344,1.45,1.07
2016.01.07 13:21:35.088,1.41336,1.41345,1.37,1.50
2016.01.07 13:21:35.191,1.41336,1.41347,1.47,1.37
2016.01.07 13:21:35.293,1.41337,1.41347,1.45,1.00
2016.01.07 13:21:35.954,1.41337,1.41348,1.45,2.32
2016.01.07 13:21:36.463,1.41336,1.41348,1.12,2.32
2016.01.07 13:21:40.103,1.41334,1.41347,1.75,1.37
2016.01.07 13:21:40.811,1.41336,1.41347,1.45,1.47
2016.01.07 13:21:41.420,1.41337,1.41348,1.47,1.57
2016.01.07 13:21:41.623,1.41336,1.41348,1.07,1.50
2016.01.07 13:21:42.484,1.41334,1.41348,2.62,1.50
2016.01.07 13:21:45.926,1.41335,1.41348,2.62,1.00
2016.01.07 13:21:46.463,1.41334,1.41348,2.62,1.50
2016.01.07 13:21:47.933,1.41343,1.41349,1.37,1.00
2016.01.07 13:21:48.086,1.41347,1.41356,2.25,1.00
2016.01.07 13:21:48.286,1.41347,1.41358,3.00,1.50
2016.01.07 13:21:48.338,1.41349,1.41362,1.12,1.37
2016.01.07 13:21:48.389,1.41349,1.41362,1.50,1.37
2016.01.07 13:21:48.694,1.41344,1.41355,1.87,1.00
2016.01.07 13:21:49.051,1.41343,1.41354,1.75,1.37
2016.01.07 13:21:50.557,1.41352,1.4136,1.87,1.87
2016.01.07 13:21:50.609,1.41354,1.41364,1.12,1.00
2016.01.07 13:21:50.661,1.41359,1.41365,1.00,1.00
2016.01.07 13:21:50.763,1.41359,1.41372,2.62,1.37
2016.01.07 13:21:50.814,1.41363,1.41372,1.12,1.00
2016.01.07 13:21:50.866,1.41365,1.41375,1.10,1.00
2016.01.07 13:21:50.917,1.41366,1.41377,1.12,1.37
2016.01.07 13:21:50.968,1.41366,1.4138,1.87,2.25
2016.01.07 13:21:51.020,1.41368,1.4138,1.37,1.87
2016.01.07 13:21:51.228,1.41367,1.4138,3.37,1.00
2016.01.07 13:21:51.612,1.41368,1.4138,1.37,1.00
2016.01.07 13:21:54.172,1.41367,1.41381,1.87,1.57
2016.01.07 13:21:54.713,1.41367,1.41381,1.87,2.62
2016.01.07 13:21:55.017,1.41367,1.41376,1.87,1.00
2016.01.07 13:21:55.068,1.41364,1.41376,1.87,1.00
2016.01.07 13:21:55.545,1.41365,1.41376,1.07,1.87
2016.01.07 13:21:55.647,1.41365,1.41376,1.37,1.00
2016.01.07 13:21:56.421,1.41366,1.41378,1.37,1.37
2016.01.07 13:21:58.591,1.41364,1.41373,1.87,1.00
2016.01.07 13:21:58.745,1.4136,1.41366,1.20,1.00
2016.01.07 13:21:58.796,1.41353,1.41362,1.87,1.00
2016.01.07 13:21:58.848,1.41353,1.41362,1.37,1.00
2016.01.07 13:21:58.950,1.41349,1.41364,2.25,1.95
2016.01.07 13:21:59.207,1.4135,1.41362,1.37,1.37
2016.01.07 13:21:59.309,1.4135,1.41364,1.37,2.32
2016.01.07 13:21:59.411,1.4135,1.41362,1.37,1.12
2016.01.07 13:21:59.733,1.41349,1.41364,1.12,2.70
2016.01.07 13:21:59.987,1.41349,1.41361,1.37,1.37
2016.01.07 13:22:00.394,1.41348,1.41362,2.25,1.50
2016.01.07 13:22:00.496,1.41348,1.41362,1.07,1.57
2016.01.07 13:22:01.278,1.41351,1.41363,1.00,1.50
2016.01.07 13:22:01.329,1.41349,1.41364,1.95,3.37
2016.01.07 13:22:01.432,1.4135,1.41364,1.85,2.25
2016.01.07 13:22:01.483,1.4135,1.41364,1.87,1.95
2016.01.07 13:22:01.687,1.4135,1.41364,1.10,2.25
2016.01.07 13:22:02.192,1.4135,1.41364,1.10,2.25
2016.01.07 13:22:02.699,1.41349,1.41363,1.57,1.45
2016.01.07 13:22:03.367,1.41348,1.41362,1.87,1.20
2016.01.07 13:22:03.774,1.41348,1.41362,1.12,1.87
2016.01.07 13:22:04.349,1.41348,1.4136,1.10,1.87
2016.01.07 13:22:05.631,1.41347,1.41359,1.12,1.07
2016.01.07 13:22:06.617,1.41348,1.41359,1.07,1.00
2016.01.07 13:22:07.143,1.41348,1.4136,1.07,1.12
2016.01.07 13:22:09.615,1.41348,1.4136,1.07,1.50
2016.01.07 13:22:11.340,1.41345,1.41353,2.25,1.00
2016.01.07 13:22:11.494,1.4134,1.41345,1.00,1.07
2016.01.07 13:22:11.546,1.41334,1.41345,1.50,1.07
2016.01.07 13:22:11.598,1.41334,1.41346,1.00,1.87
2016.01.07 13:22:11.802,1.41333,1.41346,1.20,3.07
2016.01.07 13:22:12.053,1.41335,1.41346,1.45,1.47
2016.01.07 13:22:12.361,1.41335,1.41347,2.25,1.37
2016.01.07 13:22:13.329,1.41337,1.41345,1.37,1.00
2016.01.07 13:22:13.482,1.41337,1.41345,1.07,1.00
2016.01.07 13:22:13.685,1.41338,1.41347,1.10,1.00
2016.01.07 13:22:13.787,1.41338,1.41347,1.12,1.00
2016.01.07 13:22:14.193,1.41338,1.41349,1.50,1.87
2016.01.07 13:22:14.244,1.41343,1.41349,1.00,1.12
2016.01.07 13:22:14.550,1.41352,1.4136,1.37,3.00
2016.01.07 13:22:14.601,1.41351,1.4136,1.12,1.12
2016.01.07 13:22:14.653,1.41351,1.41358,1.87,1.37
2016.01.07 13:22:14.856,1.41351,1.4136,1.00,1.50
2016.01.07 13:22:15.262,1.41349,1.4136,1.00,1.50
2016.01.07 13:22:15.635,1.41346,1.4136,1.57,1.50
2016.01.07 13:22:16.295,1.41346,1.4136,1.57,1.87
2016.01.07 13:22:17.629,1.41344,1.41355,1.50,1.00
2016.01.07 13:22:17.731,1.41342,1.41353,1.47,1.00
2016.01.07 13:22:18.135,1.4134,1.41354,1.57,2.25
2016.01.07 13:22:18.491,1.4134,1.41354,1.47,3.37
2016.01.07 13:22:18.795,1.41347,1.41358,1.12,1.45
2016.01.07 13:22:19.309,1.41347,1.4136,1.57,1.57
2016.01.07 13:22:20.598,1.41345,1.41354,1.07,1.00
2016.01.07 13:22:20.700,1.41338,1.41351,1.87,1.12
2016.01.07 13:22:20.802,1.41339,1.41349,1.07,1.37
2016.01.07 13:22:21.310,1.41337,1.41349,1.12,1.75
2016.01.07 13:22:21.854,1.41335,1.41348,1.50,1.20
2016.01.07 13:22:22.205,1.41333,1.41346,3.00,1.87
2016.01.07 13:22:22.357,1.41332,1.41345,1.57,1.07
2016.01.07 13:22:23.017,1.41332,1.41345,1.20,1.45
2016.01.07 13:22:23.877,1.41332,1.41345,1.87,1.50
2016.01.07 13:22:24.480,1.41332,1.41344,1.12,1.57
2016.01.07 13:22:24.986,1.41332,1.41342,1.12,1.00
2016.01.07 13:22:25.680,1.41333,1.41342,1.37,1.00
2016.01.07 13:22:25.985,1.41332,1.41342,1.12,1.00
2016.01.07 13:22:26.593,1.41332,1.41342,1.37,1.12
2016.01.07 13:22:27.282,1.41331,1.41342,1.95,1.12
2016.01.07 13:22:27.789,1.41332,1.41342,1.37,1.37
2016.01.07 13:22:28.292,1.41331,1.41342,1.47,1.37
2016.01.07 13:22:28.799,1.41331,1.41342,1.47,1.12
2016.01.07 13:22:29.889,1.41332,1.41342,1.37,1.12
2016.01.07 13:22:30.399,1.41331,1.41342,1.47,1.50
2016.01.07 13:22:30.939,1.41331,1.41342,1.47,1.50
2016.01.07 13:22:31.446,1.41332,1.41342,1.37,1.50
2016.01.07 13:22:32.293,1.41331,1.41342,1.47,1.50
2016.01.07 13:22:32.801,1.41332,1.41342,1.37,1.50
2016.01.07 13:22:33.510,1.41331,1.41342,1.47,1.50
2016.01.07 13:22:34.017,1.41332,1.41343,1.37,1.95
2016.01.07 13:22:34.813,1.41331,1.41343,1.57,1.95
2016.01.07 13:22:35.409,1.41332,1.41343,1.37,1.95
2016.01.07 13:22:35.914,1.41332,1.41341,1.37,1.07
2016.01.07 13:22:36.417,1.41331,1.41341,1.47,1.07
2016.01.07 13:22:37.018,1.41332,1.41341,1.37,1.07
2016.01.07 13:22:37.723,1.41331,1.41341,1.47,1.07
2016.01.07 13:22:38.606,1.41332,1.41342,1.37,1.87
2016.01.07 13:22:39.242,1.4133,1.41342,1.07,2.62
2016.01.07 13:22:39.751,1.41329,1.41339,1.37,1.12
2016.01.07 13:22:39.803,1.41329,1.41334,1.37,1.00
2016.01.07 13:22:39.855,1.41324,1.41331,1.45,1.00
2016.01.07 13:22:39.957,1.41321,1.41325,1.00,1.00
2016.01.07 13:22:40.009,1.41313,1.41325,1.47,1.00
2016.01.07 13:22:40.540,1.41314,1.41326,1.50,1.50
2016.01.07 13:22:41.055,1.41314,1.41326,1.87,1.37
2016.01.07 13:22:42.060,1.41314,1.41326,3.37,1.37
2016.01.07 13:22:43.358,1.4132,1.41329,1.00,1.12
2016.01.07 13:22:43.409,1.4132,1.41329,1.00,1.00
2016.01.07 13:22:43.460,1.41321,1.41329,1.87,1.37
2016.01.07 13:22:43.562,1.41321,1.41334,1.95,2.70
2016.01.07 13:22:43.614,1.41321,1.41334,1.95,1.95
2016.01.07 13:22:44.123,1.41321,1.41334,2.25,1.50
2016.01.07 13:22:44.480,1.41323,1.41334,1.12,1.12
2016.01.07 13:22:44.582,1.41322,1.41334,1.12,1.12
2016.01.07 13:22:45.354,1.41322,1.41334,1.87,1.12
2016.01.07 13:22:46.965,1.41323,1.41336,1.37,1.47
2016.01.07 13:22:48.187,1.41322,1.41334,1.87,1.12
2016.01.07 13:22:48.492,1.4132,1.41334,1.75,2.25
2016.01.07 13:22:49.072,1.41322,1.41334,1.10,1.57
2016.01.07 13:22:49.377,1.41324,1.41334,1.00,1.12
2016.01.07 13:22:49.682,1.41324,1.41336,1.12,1.37
2016.01.07 13:22:49.987,1.41324,1.41336,1.87,1.37
2016.01.07 13:22:50.486,1.41324,1.41336,1.00,1.87
2016.01.07 13:22:51.006,1.41324,1.41336,1.07,1.82
2016.01.07 13:22:51.479,1.41322,1.41334,1.57,2.32
2016.01.07 13:22:51.988,1.41323,1.41334,1.45,1.95
2016.01.07 13:22:52.535,1.41324,1.41336,1.20,2.32
2016.01.07 13:22:52.864,1.41324,1.41336,1.12,1.50
2016.01.07 13:22:53.474,1.41323,1.41336,1.57,1.57
2016.01.07 13:22:54.017,1.41323,1.41336,2.62,1.50
2016.01.07 13:22:54.711,1.41322,1.41334,2.25,1.00
2016.01.07 13:22:55.261,1.41322,1.41334,1.47,1.00
2016.01.07 13:22:55.785,1.41321,1.41333,2.70,1.00
2016.01.07 13:22:55.837,1.41321,1.4133,1.20,1.37
2016.01.07 13:22:55.888,1.41319,1.41327,1.10,1.50
2016.01.07 13:22:56.130,1.41315,1.41326,1.00,1.87
2016.01.07 13:22:56.232,1.41314,1.41326,1.00,1.87
2016.01.07 13:22:56.335,1.41313,1.41326,1.57,1.57
2016.01.07 13:22:56.624,1.41313,1.41326,1.57,1.95
2016.01.07 13:22:57.786,1.41315,1.41326,1.47,1.87
2016.01.07 13:22:57.837,1.41317,1.41327,1.12,1.10
2016.01.07 13:22:57.889,1.41317,1.41327,1.87,1.00
2016.01.07 13:22:58.745,1.41316,1.41328,1.75,1.50
2016.01.07 13:22:59.272,1.41315,1.41328,1.50,2.62
2016.01.07 13:22:59.811,1.41314,1.41327,3.00,1.57
2016.01.07 13:22:59.918,1.41315,1.41327,1.12,1.87
2016.01.07 13:23:00.121,1.41317,1.41326,1.07,1.50
2016.01.07 13:23:00.180,1.41315,1.41323,1.00,1.00
2016.01.07 13:23:00.231,1.41312,1.41323,1.12,1.00
2016.01.07 13:23:00.536,1.41312,1.41323,1.50,1.00
2016.01.07 13:23:01.095,1.41313,1.41323,1.00,1.10
2016.01.07 13:23:01.501,1.41313,1.41323,1.00,1.12
2016.01.07 13:23:02.006,1.41313,1.41322,1.37,1.20
2016.01.07 13:23:02.413,1.41315,1.41327,1.37,3.00
2016.01.07 13:23:02.515,1.41318,1.41329,1.00,1.12
2016.01.07 13:23:02.617,1.41319,1.4133,1.37,1.95
2016.01.07 13:23:03.013,1.41318,1.4133,2.32,1.57
2016.01.07 13:23:03.615,1.41318,1.4133,1.57,1.57
2016.01.07 13:23:03.869,1.41318,1.41328,2.70,1.00
2016.01.07 13:23:04.021,1.41314,1.41325,1.57,1.00
2016.01.07 13:23:04.532,1.41314,1.41325,1.20,1.07
2016.01.07 13:23:07.350,1.41313,1.41325,1.87,1.50
2016.01.07 13:23:07.452,1.41315,1.41325,1.12,1.12
2016.01.07 13:23:07.656,1.41318,1.41331,1.57,1.87
2016.01.07 13:23:08.062,1.41318,1.41332,2.32,2.25
2016.01.07 13:23:08.362,1.41323,1.41336,1.95,3.00
2016.01.07 13:23:09.545,1.4132,1.41333,1.87,1.47
2016.01.07 13:23:09.792,1.4132,1.41333,1.00,1.50
2016.01.07 13:23:10.303,1.41318,1.41332,2.70,1.50
2016.01.07 13:23:10.456,1.41318,1.41331,1.20,1.07
2016.01.07 13:23:10.507,1.41318,1.41331,1.10,1.37
2016.01.07 13:23:11.073,1.41317,1.41331,1.57,2.25
2016.01.07 13:23:11.582,1.41316,1.41331,3.37,2.70
2016.01.07 13:23:12.089,1.41316,1.41331,3.37,1.87
2016.01.07 13:23:13.712,1.41318,1.41331,1.07,1.95
2016.01.07 13:23:14.221,1.41317,1.41331,1.57,1.12
2016.01.07 13:23:15.075,1.41321,1.41331,1.87,1.00
2016.01.07 13:23:15.379,1.41323,1.41337,2.32,3.00
2016.01.07 13:23:15.888,1.41323,1.41337,1.20,3.37
2016.01.07 13:23:17.376,1.41323,1.41337,1.10,2.25
2016.01.07 13:23:19.306,1.41323,1.41337,1.12,1.87
2016.01.07 13:23:19.662,1.41324,1.4134,1.95,3.75
2016.01.07 13:23:20.172,1.41325,1.4134,1.47,3.37
2016.01.07 13:23:21.855,1.41325,1.41339,1.12,1.50
2016.01.07 13:23:22.836,1.41324,1.41336,1.00,1.57
2016.01.07 13:23:23.344,1.41322,1.41335,1.57,1.47
2016.01.07 13:23:23.867,1.41322,1.41334,1.07,1.07
2016.01.07 13:23:24.375,1.41321,1.41334,1.07,1.50
2016.01.07 13:23:29.067,1.41322,1.41335,2.62,1.10
2016.01.07 13:23:29.576,1.41325,1.41338,1.57,1.50
2016.01.07 13:23:30.088,1.41325,1.41339,1.95,2.62
2016.01.07 13:23:31.087,1.41321,1.41335,1.20,1.20
2016.01.07 13:23:31.189,1.4132,1.41335,3.00,1.95
2016.01.07 13:23:31.787,1.4132,1.41335,2.25,1.95
2016.01.07 13:23:33.151,1.41321,1.41335,1.12,1.57
2016.01.07 13:23:33.506,1.41321,1.41335,1.00,1.87
2016.01.07 13:23:33.963,1.41319,1.41332,1.47,1.37
2016.01.07 13:23:34.014,1.41317,1.41332,1.50,1.50
2016.01.07 13:23:34.217,1.41316,1.41331,1.95,1.12
2016.01.07 13:23:34.705,1.41318,1.41331,1.00,1.12
2016.01.07 13:23:35.582,1.41319,1.41331,1.00,1.12
2016.01.07 13:23:35.964,1.41319,1.41327,1.00,1.00
2016.01.07 13:23:36.016,1.41313,1.41327,2.25,1.00
2016.01.07 13:23:36.067,1.41313,1.41327,1.87,2.62
2016.01.07 13:23:36.118,1.41313,1.41326,1.12,2.25
2016.01.07 13:23:41.276,1.41313,1.41323,1.00,1.45
2016.01.07 13:23:41.378,1.41312,1.41321,1.00,1.82
2016.01.07 13:23:41.530,1.41307,1.41322,1.87,3.00
2016.01.07 13:23:41.996,1.41305,1.41316,1.50,1.45
2016.01.07 13:23:42.507,1.41306,1.41318,1.50,1.37
2016.01.07 13:23:43.015,1.41307,1.41319,1.00,2.62
2016.01.07 13:23:43.283,1.41307,1.41321,1.00,2.62
2016.01.07 13:23:43.792,1.41308,1.41321,1.50,1.50
2016.01.07 13:23:44.748,1.41309,1.41322,1.00,3.37
2016.01.07 13:23:46.145,1.4131,1.41322,1.00,1.87
2016.01.07 13:23:46.247,1.41312,1.41322,1.00,1.75
2016.01.07 13:23:46.550,1.41312,1.41322,1.00,1.45
2016.01.07 13:23:47.058,1.41311,1.41322,1.00,1.57
2016.01.07 13:23:49.154,1.4131,1.41324,1.12,1.87
2016.01.07 13:23:49.205,1.41313,1.41324,1.00,1.87
2016.01.07 13:23:49.510,1.4132,1.4133,1.00,1.12
2016.01.07 13:23:49.561,1.4132,1.4133,1.00,1.10
2016.01.07 13:23:49.764,1.41318,1.4133,1.81,1.47
2016.01.07 13:23:50.424,1.41318,1.41332,1.81,1.95
2016.01.07 13:23:51.135,1.41317,1.41328,1.68,1.00
2016.01.07 13:23:51.288,1.41313,1.41326,1.88,2.32
2016.01.07 13:23:51.440,1.41313,1.41325,1.43,1.50
2016.01.07 13:23:52.417,1.41312,1.41325,1.43,2.62
2016.01.07 13:23:52.723,1.41315,1.41326,1.06,1.87
2016.01.07 13:23:52.775,1.41315,1.41327,1.06,1.50
2016.01.07 13:23:53.276,1.41314,1.41326,1.06,1.45
2016.01.07 13:23:53.631,1.41313,1.41326,1.13,1.37
2016.01.07 13:23:53.986,1.41315,1.41326,1.00,1.37
2016.01.07 13:23:54.191,1.41316,1.41329,2.26,1.57
2016.01.07 13:23:54.613,1.41317,1.41328,1.06,1.37
2016.01.07 13:23:55.124,1.41316,1.41329,1.51,3.07
2016.01.07 13:23:55.505,1.41315,1.41327,1.10,1.75
2016.01.07 13:23:55.861,1.41313,1.41325,1.13,1.12
2016.01.07 13:23:56.064,1.41313,1.41326,1.13,1.07
2016.01.07 13:23:56.571,1.41313,1.41325,1.01,1.10
2016.01.07 13:23:56.880,1.41313,1.41325,1.01,1.50
2016.01.07 13:23:57.400,1.41313,1.41325,1.13,1.50
2016.01.07 13:23:58.613,1.41313,1.4132,1.01,1.37
2016.01.07 13:23:58.766,1.41311,1.4132,1.06,1.37
2016.01.07 13:23:58.868,1.41309,1.41319,1.01,1.37
2016.01.07 13:23:59.448,1.41309,1.41318,1.13,1.37
2016.01.07 13:23:59.993,1.41308,1.41318,3.01,1.37
2016.01.07 13:24:00.929,1.41308,1.41318,1.88,1.47
2016.01.07 13:24:01.452,1.41308,1.41319,1.51,1.45
2016.01.07 13:24:01.918,1.41306,1.4132,1.51,2.25
2016.01.07 13:24:01.970,1.41308,1.4132,1.00,1.87
2016.01.07 13:24:02.276,1.41317,1.41322,1.00,1.10
2016.01.07 13:24:02.327,1.41318,1.41327,1.00,1.12
2016.01.07 13:24:02.480,1.41313,1.41327,2.18,1.50
2016.01.07 13:24:02.531,1.41313,1.41326,2.18,1.37
2016.01.07 13:24:02.634,1.41316,1.41329,1.00,2.25
2016.01.07 13:24:02.686,1.41316,1.41329,1.00,1.57
2016.01.07 13:24:03.335,1.41316,1.41328,1.00,1.00
2016.01.07 13:24:03.841,1.41313,1.41327,1.50,1.50
2016.01.07 13:24:04.445,1.41317,1.41327,1.12,1.00
2016.01.07 13:24:04.750,1.41317,1.4133,1.12,1.50
2016.01.07 13:24:05.361,1.41317,1.4133,1.50,1.00
2016.01.07 13:24:05.413,1.41319,1.4133,1.00,1.00
2016.01.07 13:24:05.770,1.41319,1.41327,1.12,1.00
2016.01.07 13:24:06.531,1.41321,1.41327,1.00,1.00
2016.01.07 13:24:06.633,1.41321,1.41332,1.00,1.50
2016.01.07 13:24:07.248,1.41322,1.41332,1.00,1.00
2016.01.07 13:24:07.502,1.41325,1.41334,1.00,1.47
2016.01.07 13:24:07.603,1.41329,1.41339,1.10,1.75
2016.01.07 13:24:07.705,1.41329,1.41341,1.37,1.37
2016.01.07 13:24:08.061,1.41332,1.41345,1.10,1.87
2016.01.07 13:24:08.112,1.41339,1.41343,1.00,1.10
2016.01.07 13:24:08.377,1.41349,1.41358,1.00,1.50
2016.01.07 13:24:08.430,1.41349,1.41364,1.00,3.37
2016.01.07 13:24:08.481,1.4135,1.41364,1.10,3.00
2016.01.07 13:24:08.737,1.41352,1.41364,1.00,3.00
2016.01.07 13:24:08.941,1.41352,1.41364,1.50,1.95
2016.01.07 13:24:09.448,1.41353,1.41367,1.12,2.32
2016.01.07 13:24:09.755,1.41361,1.41373,1.50,1.12
2016.01.07 13:24:09.808,1.41363,1.41376,1.00,1.87
2016.01.07 13:24:09.910,1.41363,1.41377,1.50,1.87
2016.01.07 13:24:10.427,1.41365,1.41379,1.00,2.62
2016.01.07 13:24:10.936,1.41365,1.41378,1.00,1.12
2016.01.07 13:24:12.195,1.41364,1.41379,1.20,1.87
2016.01.07 13:24:12.349,1.41361,1.41375,1.20,1.95
2016.01.07 13:24:12.656,1.4136,1.41374,1.10,2.25
2016.01.07 13:24:13.217,1.41361,1.41375,1.10,1.50
2016.01.07 13:24:13.867,1.41355,1.41368,3.75,1.37
2016.01.07 13:24:13.919,1.41353,1.41367,1.00,1.12
2016.01.07 13:24:14.021,1.41352,1.41368,1.87,2.70
2016.01.07 13:24:14.551,1.4135,1.41365,1.45,1.85
2016.01.07 13:24:15.197,1.4135,1.41364,1.87,1.57
2016.01.07 13:24:16.010,1.4135,1.41364,1.50,1.10
2016.01.07 13:24:16.362,1.4135,1.41362,1.50,1.00
2016.01.07 13:24:16.516,1.41347,1.4136,1.37,1.57
2016.01.07 13:24:16.669,1.41347,1.4136,1.00,2.70
2016.01.07 13:24:16.975,1.41345,1.41359,1.00,1.12
2016.01.07 13:24:17.077,1.41345,1.4136,1.10,3.75
2016.01.07 13:24:17.280,1.41345,1.41359,1.00,1.12
2016.01.07 13:24:17.812,1.41345,1.41359,1.10,1.12
2016.01.07 13:24:18.985,1.41345,1.41358,1.10,1.37
2016.01.07 13:24:19.289,1.41345,1.41358,1.10,1.07
2016.01.07 13:24:19.593,1.41345,1.41359,1.57,1.12
2016.01.07 13:24:20.465,1.41345,1.4136,1.57,3.00
2016.01.07 13:24:20.974,1.41346,1.4136,8.70,1.87
2016.01.07 13:24:21.234,1.41346,1.4136,8.62,1.57
2016.01.07 13:24:21.640,1.41346,1.41362,9.75,1.45
2016.01.07 13:24:22.689,1.41346,1.41361,9.75,1.50
2016.01.07 13:24:23.213,1.41346,1.41361,9.75,1.47
2016.01.07 13:24:24.093,1.41348,1.41361,4.12,1.75
2016.01.07 13:24:24.463,1.41348,1.41361,4.12,1.45
2016.01.07 13:24:28.574,1.41348,1.41362,3.75,1.45
2016.01.07 13:24:28.677,1.41352,1.41363,1.00,1.00
2016.01.07 13:24:28.729,1.41354,1.41367,1.00,1.87
2016.01.07 13:24:28.831,1.41354,1.41368,1.12,1.10
2016.01.07 13:24:28.933,1.41354,1.41368,1.12,1.12
2016.01.07 13:24:29.187,1.41354,1.41368,1.00,1.75
2016.01.07 13:24:29.391,1.41354,1.41367,1.50,1.12
2016.01.07 13:24:29.730,1.41354,1.41369,1.50,3.00
2016.01.07 13:24:29.832,1.41354,1.41368,1.50,1.12
2016.01.07 13:24:29.984,1.41352,1.41366,1.50,1.37
2016.01.07 13:24:30.543,1.41352,1.41366,1.20,1.87
2016.01.07 13:24:30.917,1.41352,1.41365,1.00,1.87
2016.01.07 13:24:31.069,1.41352,1.41363,1.00,1.07
2016.01.07 13:24:31.831,1.41352,1.41363,1.00,1.12
2016.01.07 13:24:32.057,1.41352,1.41363,1.10,1.00
2016.01.07 13:24:32.312,1.41354,1.41366,1.00,1.95
2016.01.07 13:24:32.820,1.41354,1.41367,1.50,1.50
2016.01.07 13:24:33.221,1.41354,1.41367,1.50,1.75
2016.01.07 13:24:33.577,1.41354,1.41367,1.87,1.12
2016.01.07 13:24:33.781,1.41352,1.41365,1.87,1.37
2016.01.07 13:24:33.883,1.4135,1.41364,2.70,2.25
2016.01.07 13:24:33.934,1.4135,1.41364,2.62,2.62
2016.01.07 13:24:34.036,1.4135,1.41364,2.25,2.62
2016.01.07 13:24:34.692,1.4135,1.41363,1.50,2.25
2016.01.07 13:24:35.200,1.4135,1.41363,1.87,1.87
2016.01.07 13:24:35.705,1.4135,1.41363,1.87,1.50
2016.01.07 13:24:36.111,1.4135,1.41363,1.87,1.87
2016.01.07 13:24:38.793,1.4135,1.41362,1.50,1.12
2016.01.07 13:24:40.062,1.41347,1.41361,2.32,1.37
2016.01.07 13:24:40.265,1.41347,1.41358,1.00,1.75
2016.01.07 13:24:40.774,1.41347,1.41358,1.00,1.37
2016.01.07 13:24:41.483,1.41347,1.41361,1.87,2.62
2016.01.07 13:24:42.500,1.41347,1.41361,1.50,1.75
2016.01.07 13:24:43.160,1.41349,1.41361,1.00,1.75
2016.01.07 13:24:43.584,1.41349,1.41362,1.00,1.50
2016.01.07 13:24:46.217,1.41349,1.41362,1.00,1.12
2016.01.07 13:24:47.230,1.41349,1.41363,2.62,1.75
2016.01.07 13:24:47.600,1.41356,1.41363,1.00,1.37
2016.01.07 13:24:47.651,1.41356,1.41366,1.00,1.50
2016.01.07 13:24:47.703,1.4136,1.41368,1.00,1.75
2016.01.07 13:24:47.755,1.4136,1.41372,4.50,1.47
2016.01.07 13:24:47.806,1.41361,1.41374,1.37,1.12
2016.01.07 13:24:48.010,1.41362,1.41376,1.37,2.70
2016.01.07 13:24:48.523,1.41362,1.41374,1.37,1.00
2016.01.07 13:24:49.030,1.41361,1.41374,2.25,1.00
2016.01.07 13:24:50.071,1.41362,1.41373,1.37,1.00
2016.01.07 13:24:51.025,1.41361,1.41373,7.87,1.87
2016.01.07 13:24:51.177,1.41361,1.41373,7.50,1.87
2016.01.07 13:24:51.636,1.41357,1.41368,1.50,1.00
2016.01.07 13:24:51.789,1.41354,1.41368,2.25,2.32
2016.01.07 13:24:51.840,1.41354,1.41368,1.57,3.45
2016.01.07 13:24:52.043,1.41357,1.4137,1.00,1.87
2016.01.07 13:24:52.382,1.41356,1.41367,1.85,1.07
2016.01.07 13:24:52.585,1.41352,1.41366,5.32,1.20
2016.01.07 13:24:53.094,1.41355,1.41369,1.00,2.25
2016.01.07 13:24:53.146,1.41355,1.41369,1.47,1.20
2016.01.07 13:24:53.197,1.41356,1.41369,1.37,1.07
2016.01.07 13:24:54.256,1.41356,1.41372,1.87,3.37
2016.01.07 13:24:54.889,1.41357,1.41372,1.37,3.07
2016.01.07 13:24:55.407,1.41358,1.41373,1.87,3.00
2016.01.07 13:24:55.925,1.41358,1.41373,1.12,3.00
2016.01.07 13:24:57.366,1.41361,1.41372,2.25,1.12
2016.01.07 13:24:57.804,1.41362,1.41373,1.20,1.37
2016.01.07 13:24:58.318,1.41362,1.41373,1.12,1.87
2016.01.07 13:25:00.135,1.41361,1.41373,3.37,1.87
2016.01.07 13:25:00.440,1.41361,1.41372,2.62,1.50
2016.01.07 13:25:01.289,1.41361,1.41373,2.62,1.75
2016.01.07 13:25:02.237,1.41361,1.41373,3.75,1.12
2016.01.07 13:25:02.288,1.41363,1.41374,1.50,1.47
2016.01.07 13:25:02.340,1.41363,1.41374,1.87,1.47
2016.01.07 13:25:02.655,1.41365,1.41374,1.12,1.47
2016.01.07 13:25:03.266,1.4137,1.41376,7.50,1.87
2016.01.07 13:25:03.778,1.41371,1.4138,3.75,1.12
2016.01.07 13:25:03.931,1.41371,1.41381,3.75,1.12
2016.01.07 13:25:04.734,1.41371,1.41383,3.75,3.37
2016.01.07 13:25:05.242,1.41371,1.41383,3.75,3.37
2016.01.07 13:25:05.889,1.41368,1.4138,1.95,1.12
2016.01.07 13:25:06.142,1.41368,1.4138,1.20,1.12
2016.01.07 13:25:06.346,1.41367,1.41379,4.12,3.37
2016.01.07 13:25:07.462,1.41367,1.41377,4.12,1.87
2016.01.07 13:25:07.969,1.41367,1.41376,2.25,1.10
2016.01.07 13:25:08.398,1.41367,1.41372,2.25,1.00
2016.01.07 13:25:08.551,1.41359,1.41368,1.12,1.00
2016.01.07 13:25:08.602,1.41357,1.41366,1.20,1.00
2016.01.07 13:25:08.872,1.41353,1.41367,1.00,2.62
2016.01.07 13:25:09.330,1.41354,1.41368,1.50,1.95
2016.01.07 13:25:09.854,1.41353,1.41368,1.50,2.25
2016.01.07 13:25:10.436,1.41353,1.41366,1.12,1.87
2016.01.07 13:25:11.468,1.41351,1.41365,1.12,1.37
2016.01.07 13:25:11.840,1.4135,1.41363,1.12,1.87
2016.01.07 13:25:11.993,1.4135,1.41363,1.12,1.50
2016.01.07 13:25:12.298,1.41349,1.41361,1.00,1.37
2016.01.07 13:25:13.380,1.41349,1.41361,1.00,1.50
2016.01.07 13:25:14.942,1.41348,1.41361,1.12,1.50
2016.01.07 13:25:16.001,1.4135,1.41361,2.25,2.62
2016.01.07 13:25:17.694,1.4135,1.41358,2.25,1.12
2016.01.07 13:25:18.792,1.41349,1.41358,1.00,1.37
2016.01.07 13:25:19.303,1.41349,1.41359,1.00,1.37
2016.01.07 13:25:20.632,1.41349,1.41356,1.00,1.45
2016.01.07 13:25:21.768,1.4135,1.41356,1.00,1.50
2016.01.07 13:25:22.277,1.4135,1.41359,1.00,2.62
2016.01.07 13:25:22.597,1.4135,1.41358,1.00,1.12
2016.01.07 13:25:22.648,1.4135,1.41359,1.00,1.87
2016.01.07 13:25:23.171,1.4135,1.41358,1.00,1.87
2016.01.07 13:25:23.815,1.4135,1.41357,1.00,2.25
2016.01.07 13:25:24.426,1.41348,1.4136,1.50,1.87
2016.01.07 13:25:24.529,1.41348,1.4136,1.47,2.25
2016.01.07 13:25:24.631,1.41348,1.4136,1.45,1.00
2016.01.07 13:25:25.177,1.41349,1.41363,1.26,1.87
2016.01.07 13:25:26.360,1.41351,1.41361,1.00,1.10
2016.01.07 13:25:26.665,1.41351,1.41361,1.00,2.62
2016.01.07 13:25:27.172,1.41351,1.41361,1.00,2.62
2016.01.07 13:25:27.682,1.41351,1.41359,1.00,1.12
2016.01.07 13:25:27.911,1.41348,1.4136,1.50,1.87
2016.01.07 13:25:29.654,1.41348,1.4136,1.50,1.50
2016.01.07 13:25:29.807,1.41348,1.41359,1.50,1.87
2016.01.07 13:25:30.115,1.41348,1.41359,1.50,4.12
2016.01.07 13:25:31.012,1.41347,1.41358,2.62,2.25
2016.01.07 13:25:32.010,1.41347,1.41357,2.62,1.37
2016.01.07 13:25:35.021,1.41345,1.41357,4.50,1.37
2016.01.07 13:25:36.148,1.41345,1.41355,3.00,1.75
2016.01.07 13:25:37.686,1.41345,1.41355,1.50,1.45
2016.01.07 13:25:37.738,1.41345,1.41357,2.25,1.87
2016.01.07 13:25:38.166,1.41345,1.41357,2.62,5.62
2016.01.07 13:25:39.802,1.41345,1.41357,2.62,2.25
2016.01.07 13:25:45.071,1.41347,1.41357,1.12,1.12
2016.01.07 13:25:50.976,1.41345,1.41356,1.57,1.07
2016.01.07 13:25:53.824,1.41344,1.4135,1.95,1.37
2016.01.07 13:25:53.980,1.41339,1.41346,1.00,1.20
2016.01.07 13:25:54.082,1.41338,1.41344,2.25,1.50
2016.01.07 13:25:54.338,1.41331,1.41344,3.37,2.25
2016.01.07 13:25:55.048,1.41333,1.41347,1.00,1.87
2016.01.07 13:25:55.101,1.41335,1.41347,1.00,1.00
2016.01.07 13:25:55.608,1.41335,1.41347,1.50,1.00
2016.01.07 13:25:56.119,1.41335,1.41347,1.00,1.00
2016.01.07 13:25:57.171,1.41335,1.41347,1.50,1.00
2016.01.07 13:25:58.074,1.41335,1.41347,1.00,1.00
2016.01.07 13:25:59.278,1.41333,1.41347,1.87,1.37
2016.01.07 13:26:00.185,1.41334,1.41347,1.37,1.37
2016.01.07 13:26:00.721,1.41333,1.41347,2.25,1.37
2016.01.07 13:26:01.897,1.41336,1.41351,1.87,1.95
2016.01.07 13:26:02.204,1.41341,1.41352,1.37,1.50
2016.01.07 13:26:03.002,1.4134,1.41352,1.57,1.00
2016.01.07 13:26:04.328,1.41342,1.41352,1.87,1.00
2016.01.07 13:26:04.872,1.41342,1.41353,1.50,1.00
2016.01.07 13:26:05.524,1.41342,1.41355,2.25,1.47
2016.01.07 13:26:05.829,1.4134,1.41351,1.10,2.25
2016.01.07 13:26:05.880,1.41338,1.41351,2.32,2.62
2016.01.07 13:26:06.085,1.41337,1.4135,1.87,1.87
2016.01.07 13:26:06.136,1.41337,1.4135,1.87,1.50
2016.01.07 13:26:06.187,1.41337,1.41348,2.25,1.00
2016.01.07 13:26:06.698,1.41337,1.41348,1.50,1.00
2016.01.07 13:26:08.612,1.41337,1.41341,1.00,1.00
2016.01.07 13:26:08.664,1.41337,1.41344,1.00,1.00
2016.01.07 13:26:08.715,1.41333,1.41338,1.50,1.87
2016.01.07 13:26:09.054,1.41324,1.41331,1.37,1.00
2016.01.07 13:26:09.105,1.41322,1.41331,1.37,1.00
2016.01.07 13:26:09.259,1.41322,1.41329,1.37,1.00
2016.01.07 13:26:09.310,1.41322,1.41331,1.37,1.00
2016.01.07 13:26:09.413,1.4132,1.41328,1.37,1.00
2016.01.07 13:26:09.516,1.41318,1.4133,2.25,1.00
2016.01.07 13:26:10.017,1.41319,1.4133,1.37,1.00
2016.01.07 13:26:10.221,1.41321,1.4133,1.37,1.00
2016.01.07 13:26:10.728,1.4132,1.4133,1.37,1.00
2016.01.07 13:26:11.261,1.41321,1.4133,1.37,1.00
2016.01.07 13:26:11.781,1.4132,1.4133,1.37,1.00
2016.01.07 13:26:12.325,1.41319,1.4133,1.37,1.00
2016.01.07 13:26:12.634,1.41319,1.41326,1.37,1.00
2016.01.07 13:26:12.736,1.41316,1.41325,1.87,1.00
2016.01.07 13:26:12.788,1.41316,1.41323,1.50,1.00
2016.01.07 13:26:12.840,1.41312,1.41323,1.12,1.00
2016.01.07 13:26:12.942,1.4131,1.4132,4.50,1.00
2016.01.07 13:26:12.994,1.4131,1.4132,3.07,1.00
2016.01.07 13:26:13.454,1.4131,1.4132,3.00,1.00
2016.01.07 13:26:14.494,1.4131,1.4132,2.62,1.00
2016.01.07 13:26:18.362,1.41309,1.41321,1.37,1.50
2016.01.07 13:26:18.957,1.4131,1.41322,2.62,1.10
2016.01.07 13:26:19.160,1.4131,1.41322,3.07,1.87
2016.01.07 13:26:19.668,1.4131,1.41321,3.00,1.37
2016.01.07 13:26:20.338,1.4131,1.41321,3.00,2.25
2016.01.07 13:26:21.620,1.41309,1.41314,1.20,1.00
2016.01.07 13:26:21.925,1.41293,1.41298,1.00,2.25
2016.01.07 13:26:22.077,1.41277,1.41282,2.25,1.37
2016.01.07 13:26:22.583,1.41278,1.41285,2.25,2.32
2016.01.07 13:26:22.940,1.4127,1.41285,2.25,1.57
2016.01.07 13:26:23.448,1.4127,1.41285,2.62,1.60
2016.01.07 13:26:23.998,1.41272,1.41285,1.75,1.53
2016.01.07 13:26:24.506,1.41273,1.41284,1.75,1.04
2016.01.07 13:26:24.946,1.41283,1.41289,1.37,2.28
2016.01.07 13:26:24.997,1.41283,1.41293,1.75,1.00
2016.01.07 13:26:25.462,1.41287,1.41297,1.12,1.10
2016.01.07 13:26:25.564,1.41288,1.41301,1.75,1.12
2016.01.07 13:26:26.828,1.41288,1.41302,2.25,1.00
2016.01.07 13:26:27.429,1.41288,1.41302,2.62,1.10
2016.01.07 13:26:27.947,1.41288,1.41301,1.37,1.10
2016.01.07 13:26:27.998,1.41288,1.41301,1.10,1.10
2016.01.07 13:26:30.828,1.41287,1.41299,1.20,1.00
2016.01.07 13:26:34.369,1.41297,1.41302,2.50,1.50
2016.01.07 13:26:34.605,1.41297,1.41302,2.25,1.07
2016.01.07 13:26:34.808,1.41289,1.41303,1.47,1.50
2016.01.07 13:26:35.315,1.41288,1.41302,1.47,1.12
2016.01.07 13:26:35.367,1.41287,1.41294,1.50,1.00
2016.01.07 13:26:35.729,1.41281,1.41289,3.00,1.37
2016.01.07 13:26:35.782,1.41281,1.41289,1.50,1.37
2016.01.07 13:26:35.986,1.4128,1.4129,1.95,1.12
2016.01.07 13:26:36.088,1.41281,1.41289,1.00,1.37
2016.01.07 13:26:36.611,1.41278,1.4129,2.32,1.37
2016.01.07 13:26:37.006,1.4128,1.41293,1.50,1.87
2016.01.07 13:26:37.108,1.41282,1.41292,1.37,1.37
2016.01.07 13:26:37.618,1.41281,1.41292,1.37,1.37
2016.01.07 13:26:37.669,1.4128,1.41293,1.87,1.00
2016.01.07 13:26:37.720,1.41282,1.41295,1.00,1.00
2016.01.07 13:26:37.772,1.41284,1.41296,1.10,1.07
2016.01.07 13:26:38.247,1.41286,1.41294,2.70,1.00
2016.01.07 13:26:38.453,1.41273,1.41281,1.20,1.12
2016.01.07 13:26:38.504,1.41274,1.41284,1.37,1.37
2016.01.07 13:26:38.910,1.41276,1.41285,1.50,1.50
2016.01.07 13:26:39.355,1.41276,1.41283,1.37,1.37
2016.01.07 13:26:39.406,1.41273,1.41285,2.70,1.50
2016.01.07 13:26:39.923,1.41274,1.41284,1.12,1.12
2016.01.07 13:26:40.467,1.41275,1.41282,1.87,1.00
2016.01.07 13:26:40.671,1.41265,1.41274,1.87,1.37
2016.01.07 13:26:41.179,1.41268,1.41275,1.00,1.37
2016.01.07 13:26:41.912,1.41266,1.41273,2.25,1.12
2016.01.07 13:26:42.174,1.41266,1.41274,1.12,1.12
2016.01.07 13:26:42.714,1.41267,1.41273,1.00,1.12
2016.01.07 13:26:43.920,1.41266,1.41273,1.00,1.50
2016.01.07 13:26:45.578,1.41263,1.41273,1.95,1.50
2016.01.07 13:26:46.492,1.41262,1.41275,4.46,1.37
2016.01.07 13:26:46.899,1.41264,1.41275,2.29,1.37
2016.01.07 13:26:47.207,1.41281,1.41289,1.47,1.37
2016.01.07 13:26:47.361,1.41283,1.41291,1.87,1.00
2016.01.07 13:26:47.669,1.41286,1.41299,1.00,2.70
2016.01.07 13:26:47.873,1.41286,1.41299,1.12,1.57
2016.01.07 13:26:48.381,1.41286,1.41299,1.12,1.57
2016.01.07 13:26:48.636,1.41286,1.41298,1.12,1.45
2016.01.07 13:26:49.140,1.41284,1.41296,1.45,1.37
2016.01.07 13:26:49.995,1.41284,1.41288,1.10,1.00
2016.01.07 13:26:50.338,1.41276,1.41282,1.00,1.00
2016.01.07 13:26:50.541,1.4127,1.41281,1.37,1.00
2016.01.07 13:26:50.644,1.4127,1.41281,1.07,1.00
2016.01.07 13:26:51.065,1.4127,1.41284,1.20,1.95
2016.01.07 13:26:51.399,1.4127,1.41284,2.25,1.95
2016.01.07 13:26:55.110,1.41276,1.41284,1.00,1.47
2016.01.07 13:26:55.314,1.41276,1.4129,1.87,1.95
2016.01.07 13:26:55.821,1.41276,1.4129,2.25,1.00
2016.01.07 13:26:56.331,1.41278,1.4129,1.12,1.00
2016.01.07 13:26:56.997,1.41277,1.41292,1.75,1.20
2016.01.07 13:26:57.346,1.41278,1.4129,1.12,1.00
2016.01.07 13:26:57.550,1.41277,1.41292,1.75,1.20
2016.01.07 13:27:00.104,1.41277,1.41291,1.75,1.00
2016.01.07 13:27:02.769,1.41277,1.41287,1.12,1.00
2016.01.07 13:27:03.091,1.41276,1.41284,1.00,1.37
2016.01.07 13:27:03.244,1.41272,1.41281,1.00,1.37
2016.01.07 13:27:03.447,1.41272,1.41285,1.00,1.87
2016.01.07 13:27:03.955,1.41272,1.41284,1.00,1.00
2016.01.07 13:27:04.157,1.41273,1.41284,1.37,1.00
2016.01.07 13:27:04.415,1.41273,1.41283,4.20,1.12
2016.01.07 13:27:04.670,1.41275,1.41282,2.25,1.37
2016.01.07 13:27:04.721,1.41275,1.41284,1.50,1.37
2016.01.07 13:27:05.865,1.41275,1.41283,2.25,1.37
2016.01.07 13:27:06.386,1.41275,1.41283,1.12,1.12
2016.01.07 13:27:07.090,1.41275,1.41282,1.12,1.12
2016.01.07 13:27:07.843,1.41275,1.41283,1.12,1.12
2016.01.07 13:27:08.725,1.41274,1.41284,1.87,1.87
2016.01.07 13:27:09.255,1.41274,1.41286,1.37,1.87
2016.01.07 13:27:10.056,1.41275,1.41285,1.00,1.37
2016.01.07 13:27:10.565,1.41274,1.41286,1.37,1.87
2016.01.07 13:27:10.768,1.41274,1.41283,1.37,1.87
2016.01.07 13:27:11.072,1.41271,1.41282,1.45,1.87
2016.01.07 13:27:11.329,1.41276,1.41283,1.87,1.12
2016.01.07 13:27:11.380,1.41276,1.41285,1.87,1.87
2016.01.07 13:27:11.889,1.41276,1.41285,1.87,1.87
2016.01.07 13:27:12.041,1.41276,1.41283,1.87,1.37
2016.01.07 13:27:12.092,1.41273,1.41283,4.20,1.37
2016.01.07 13:27:12.143,1.41274,1.41285,1.47,1.37
2016.01.07 13:27:12.295,1.41273,1.41286,3.07,2.62
2016.01.07 13:27:12.346,1.41273,1.4128,1.95,1.37
2016.01.07 13:27:12.840,1.41272,1.41282,1.50,1.37
2016.01.07 13:27:13.348,1.41272,1.41282,1.12,1.12
2016.01.07 13:27:13.777,1.41272,1.41281,1.37,1.37
2016.01.07 13:27:14.156,1.41274,1.41285,1.12,2.62
2016.01.07 13:27:14.562,1.41275,1.41285,1.00,1.00
2016.01.07 13:27:14.858,1.41276,1.41285,1.12,1.00
2016.01.07 13:27:16.945,1.41277,1.41284,1.50,1.37
2016.01.07 13:27:17.265,1.41275,1.41279,2.25,1.20
2016.01.07 13:27:17.519,1.41268,1.41281,1.45,2.62
2016.01.07 13:27:18.026,1.41268,1.4128,1.57,1.37
2016.01.07 13:27:18.495,1.41268,1.41274,1.20,1.37
2016.01.07 13:27:18.749,1.41265,1.41274,3.37,1.87
2016.01.07 13:27:18.851,1.41265,1.41273,3.00,1.00
2016.01.07 13:27:22.382,1.41265,1.41274,1.00,2.70
2016.01.07 13:27:25.748,1.41264,1.41274,1.10,1.10
2016.01.07 13:27:25.951,1.41265,1.41275,2.62,1.57
2016.01.07 13:27:26.453,1.41266,1.41275,1.00,1.37
2016.01.07 13:27:26.961,1.41264,1.41275,1.50,1.78
2016.01.07 13:27:27.469,1.41263,1.41272,1.85,1.00
2016.01.07 13:27:28.774,1.41263,1.41272,1.47,1.00
2016.01.07 13:27:31.237,1.41263,1.41273,1.47,1.12
2016.01.07 13:27:31.832,1.41263,1.41273,1.47,1.87
2016.01.07 13:27:32.086,1.41263,1.41274,1.47,2.28
2016.01.07 13:27:34.067,1.41263,1.41273,1.47,1.00
2016.01.07 13:27:34.726,1.41263,1.41273,1.47,1.87
2016.01.07 13:27:35.298,1.41263,1.41273,1.47,1.12
2016.01.07 13:27:38.827,1.41263,1.41273,1.47,1.87
2016.01.07 13:27:39.349,1.41263,1.41273,1.47,1.00
2016.01.07 13:27:45.042,1.41263,1.41274,1.47,1.12
2016.01.07 13:27:45.649,1.41263,1.41274,1.47,1.87
2016.01.07 13:27:46.156,1.41263,1.41274,1.47,1.12
2016.01.07 13:27:46.719,1.41263,1.41274,1.47,1.87
2016.01.07 13:27:47.957,1.41263,1.41272,1.37,1.20
2016.01.07 13:27:48.360,1.41262,1.41273,1.37,2.19
2016.01.07 13:27:48.869,1.41264,1.41273,1.00,1.81
2016.01.07 13:27:49.373,1.41261,1.41273,3.75,1.81
2016.01.07 13:27:50.031,1.41263,1.41272,1.20,1.12
2016.01.07 13:27:50.629,1.41263,1.41273,1.10,1.81
2016.01.07 13:27:51.167,1.41263,1.41272,1.10,1.12
2016.01.07 13:27:51.674,1.41263,1.41273,1.10,1.81
2016.01.07 13:27:52.030,1.41261,1.41271,1.12,1.37
2016.01.07 13:27:52.137,1.4126,1.41271,1.12,1.12
2016.01.07 13:27:52.340,1.4126,1.41271,1.12,3.00
2016.01.07 13:27:52.634,1.4126,1.41271,1.20,1.95
2016.01.07 13:27:54.478,1.41258,1.41267,1.87,1.00
2016.01.07 13:27:54.783,1.41256,1.41263,1.87,1.00
2016.01.07 13:27:55.189,1.41259,1.41266,1.07,1.00
2016.01.07 13:27:55.291,1.41256,1.41262,1.95,1.00
2016.01.07 13:27:55.564,1.41256,1.41267,3.07,2.69
2016.01.07 13:27:56.073,1.41256,1.41268,1.37,1.20
2016.01.07 13:27:56.789,1.41257,1.41269,1.12,2.25
2016.01.07 13:27:59.398,1.41257,1.41269,1.20,2.25
2016.01.07 13:27:59.705,1.41257,1.41269,1.50,1.10
2016.01.07 13:28:00.244,1.41258,1.4127,1.87,1.10
2016.01.07 13:28:01.045,1.41259,1.41271,1.47,1.00
2016.01.07 13:28:01.349,1.41262,1.41271,1.00,1.00
2016.01.07 13:28:01.916,1.4126,1.41271,1.37,1.00
2016.01.07 13:28:02.173,1.41261,1.41273,1.00,1.00
2016.01.07 13:28:02.224,1.41262,1.41274,1.12,1.10
2016.01.07 13:28:02.530,1.41271,1.41281,1.50,1.12
2016.01.07 13:28:02.735,1.41276,1.41288,1.87,1.69
2016.01.07 13:28:02.996,1.41276,1.41288,3.00,2.49
2016.01.07 13:28:03.507,1.41276,1.41288,3.00,2.11
2016.01.07 13:28:03.914,1.41276,1.41288,2.25,1.74
2016.01.07 13:28:04.990,1.41277,1.41289,1.00,2.32
2016.01.07 13:28:05.041,1.4128,1.4129,1.00,1.12
2016.01.07 13:28:05.092,1.4128,1.41292,1.00,1.12
2016.01.07 13:28:05.144,1.41284,1.41294,1.00,1.87
2016.01.07 13:28:05.408,1.41285,1.41299,2.32,1.12
2016.01.07 13:28:05.459,1.41289,1.413,1.37,1.00
2016.01.07 13:28:05.662,1.41287,1.413,1.00,1.00
2016.01.07 13:28:05.764,1.41289,1.413,1.37,1.00
2016.01.07 13:28:06.018,1.41289,1.41302,1.87,1.12
2016.01.07 13:28:06.645,1.4129,1.41302,2.25,1.12
2016.01.07 13:28:07.152,1.41292,1.41304,1.00,1.12
2016.01.07 13:28:07.406,1.41296,1.41307,1.37,2.25
2016.01.07 13:28:07.559,1.41295,1.41307,1.37,1.12
2016.01.07 13:28:07.953,1.41295,1.41309,3.75,1.00
2016.01.07 13:28:08.903,1.41296,1.41309,2.25,1.00
2016.01.07 13:28:08.954,1.41296,1.41309,2.62,1.00
2016.01.07 13:28:09.607,1.41296,1.4131,1.87,1.05
2016.01.07 13:28:10.063,1.41296,1.4131,1.00,2.10
2016.01.07 13:28:10.266,1.41295,1.41308,1.37,1.37
2016.01.07 13:28:10.663,1.41293,1.41308,1.50,1.95
2016.01.07 13:28:10.714,1.41293,1.41306,1.12,1.12
2016.01.07 13:28:11.019,1.41291,1.41306,1.82,1.87
2016.01.07 13:28:12.078,1.41291,1.41306,1.85,1.75
2016.01.07 13:28:14.583,1.41292,1.41306,1.57,1.75
2016.01.07 13:28:19.443,1.41295,1.41307,1.00,1.87
2016.01.07 13:28:19.494,1.41297,1.41307,1.00,1.37
2016.01.07 13:28:19.545,1.41305,1.41311,2.50,3.37
2016.01.07 13:28:19.596,1.41299,1.41305,1.37,1.00
2016.01.07 13:28:19.799,1.41301,1.41317,1.37,1.50
2016.01.07 13:28:19.901,1.41303,1.41317,1.37,1.50
2016.01.07 13:28:20.331,1.41304,1.41311,1.37,1.37
2016.01.07 13:28:20.434,1.41305,1.41317,1.12,1.45
2016.01.07 13:28:20.536,1.41304,1.41314,1.50,1.37
2016.01.07 13:28:20.740,1.41303,1.41314,1.12,1.37
2016.01.07 13:28:20.996,1.41303,1.41312,3.75,1.37
2016.01.07 13:28:21.544,1.41304,1.41311,1.00,1.37
2016.01.07 13:28:21.901,1.413,1.41307,2.25,1.37
2016.01.07 13:28:21.953,1.41298,1.41306,1.37,1.37
2016.01.07 13:28:22.005,1.41298,1.41303,1.00,1.50
2016.01.07 13:28:22.107,1.41293,1.41306,1.50,1.75
2016.01.07 13:28:22.209,1.41296,1.41305,1.00,1.37
2016.01.07 13:28:22.412,1.41294,1.41305,1.00,1.47
2016.01.07 13:28:22.725,1.41294,1.41303,1.00,1.47
2016.01.07 13:28:22.829,1.41294,1.41305,1.00,1.87
2016.01.07 13:28:23.390,1.41291,1.41304,1.00,1.07
2016.01.07 13:28:23.492,1.41293,1.41303,1.50,1.47
2016.01.07 13:28:23.742,1.41294,1.41307,1.20,1.12
2016.01.07 13:28:24.262,1.41294,1.41307,1.00,2.25
2016.01.07 13:28:26.301,1.41292,1.41305,1.47,1.37
2016.01.07 13:28:26.403,1.41291,1.41305,1.57,1.50
2016.01.07 13:28:27.014,1.41293,1.41305,1.00,1.37
2016.01.07 13:28:27.525,1.41296,1.41303,1.00,1.37
2016.01.07 13:28:27.582,1.41296,1.41306,1.00,1.45
2016.01.07 13:28:28.090,1.41296,1.41305,1.00,1.47
2016.01.07 13:28:28.792,1.41296,1.41306,1.00,1.45
2016.01.07 13:28:29.335,1.41295,1.41307,1.50,1.50
2016.01.07 13:28:30.060,1.41295,1.41307,1.50,1.75
2016.01.07 13:28:30.769,1.41296,1.41307,1.00,1.75
2016.01.07 13:28:30.820,1.41298,1.41307,1.37,1.37
2016.01.07 13:28:31.024,1.41301,1.41312,1.12,1.07
2016.01.07 13:28:31.731,1.41301,1.41314,1.00,3.37
2016.01.07 13:28:32.137,1.41301,1.4131,1.00,1.37
2016.01.07 13:28:32.645,1.41301,1.41309,1.00,1.37
2016.01.07 13:28:32.955,1.41301,1.41313,1.12,1.75
2016.01.07 13:28:33.057,1.41301,1.41314,1.87,2.32
2016.01.07 13:28:33.464,1.41301,1.41313,1.50,1.45
2016.01.07 13:28:33.616,1.41301,1.41314,1.87,1.57
2016.01.07 13:28:34.298,1.41301,1.41314,1.95,1.50
2016.01.07 13:28:34.928,1.41299,1.41312,1.95,1.07
2016.01.07 13:28:35.030,1.41299,1.41311,1.00,2.62
2016.01.07 13:28:35.626,1.41299,1.41309,1.00,1.12
2016.01.07 13:28:35.728,1.41295,1.41309,3.82,1.12
2016.01.07 13:28:36.236,1.41295,1.4131,2.70,1.87
2016.01.07 13:28:37.249,1.41295,1.4131,2.62,1.37
2016.01.07 13:28:42.751,1.41295,1.41306,1.57,1.00
2016.01.07 13:28:43.255,1.41295,1.41307,1.57,1.00
2016.01.07 13:28:43.848,1.41294,1.41307,1.57,1.57
2016.01.07 13:28:43.950,1.41294,1.41307,1.50,3.75
2016.01.07 13:28:44.255,1.41294,1.41305,1.50,4.87
2016.01.07 13:28:44.813,1.41294,1.41304,1.87,1.37
2016.01.07 13:28:44.864,1.41296,1.41305,1.37,1.95
2016.01.07 13:28:45.373,1.41294,1.41306,1.87,1.45
2016.01.07 13:28:45.678,1.41294,1.41303,1.87,1.37
2016.01.07 13:28:46.557,1.41294,1.41305,2.62,1.47
2016.01.07 13:28:47.072,1.41294,1.41304,1.50,1.37
2016.01.07 13:28:47.621,1.41294,1.41307,2.25,1.50
2016.01.07 13:28:48.007,1.41296,1.41309,1.12,1.50
2016.01.07 13:28:48.514,1.41296,1.41309,1.87,1.50
2016.01.07 13:28:49.408,1.41298,1.4131,1.00,2.62
2016.01.07 13:28:49.561,1.41298,1.4131,1.00,1.12
2016.01.07 13:28:49.866,1.41298,1.41309,1.00,2.25
2016.01.07 13:28:50.740,1.41296,1.41307,1.50,1.07
2016.01.07 13:28:51.750,1.41297,1.41303,1.37,1.00
2016.01.07 13:28:51.953,1.41294,1.41302,1.00,1.00
2016.01.07 13:28:52.461,1.41293,1.41302,1.75,2.32
2016.01.07 13:28:53.054,1.41291,1.41302,3.37,2.62
2016.01.07 13:28:53.309,1.41291,1.41301,1.87,2.25
2016.01.07 13:28:53.614,1.4129,1.413,1.50,1.00
2016.01.07 13:28:53.715,1.41291,1.41302,1.50,1.20
2016.01.07 13:28:54.172,1.41289,1.41301,4.12,1.87
2016.01.07 13:28:54.392,1.4129,1.41302,1.87,1.87
2016.01.07 13:28:54.595,1.41291,1.41301,1.95,1.37
2016.01.07 13:28:55.153,1.4129,1.41297,1.87,1.00
2016.01.07 13:28:55.458,1.41287,1.41292,1.87,1.37
2016.01.07 13:28:55.707,1.41287,1.41295,1.37,1.00
2016.01.07 13:28:55.809,1.41284,1.41294,2.62,2.62
2016.01.07 13:28:55.860,1.41284,1.41294,1.87,2.62
2016.01.07 13:28:56.114,1.41285,1.41293,1.37,1.50
2016.01.07 13:28:56.216,1.41284,1.41293,1.00,1.37
2016.01.07 13:28:56.267,1.41284,1.41293,1.00,1.07
2016.01.07 13:28:59.379,1.41284,1.41293,1.37,1.07
2016.01.07 13:28:59.979,1.41284,1.41294,2.25,1.12
2016.01.07 13:29:01.334,1.41284,1.41296,2.25,1.87
2016.01.07 13:29:02.626,1.41286,1.41296,1.12,1.50
2016.01.07 13:29:04.173,1.41286,1.41297,1.12,1.23
2016.01.07 13:29:04.696,1.41287,1.41297,1.12,1.23
2016.01.07 13:29:06.497,1.41287,1.41296,1.20,1.15
2016.01.07 13:29:07.148,1.41287,1.41297,1.20,1.23
2016.01.07 13:29:07.656,1.41287,1.41297,1.20,1.15
2016.01.07 13:29:09.108,1.41288,1.41298,1.47,1.50
2016.01.07 13:29:10.345,1.41288,1.41298,1.47,1.50
2016.01.07 13:29:10.886,1.41288,1.41299,1.47,1.48
2016.01.07 13:29:12.131,1.41288,1.41296,1.47,1.00
2016.01.07 13:29:14.290,1.41286,1.41297,3.37,1.00
2016.01.07 13:29:16.598,1.41286,1.41296,3.07,1.00
2016.01.07 13:29:17.055,1.41287,1.41296,1.00,1.00
2016.01.07 13:29:19.358,1.41287,1.41297,1.00,1.00
2016.01.07 13:29:22.434,1.41287,1.41298,2.25,1.10
2016.01.07 13:29:22.937,1.4129,1.41298,1.12,1.10
2016.01.07 13:29:23.745,1.41293,1.41299,1.12,2.32
2016.01.07 13:29:24.078,1.41295,1.41299,1.12,1.12
2016.01.07 13:29:25.324,1.41295,1.41299,1.12,1.12
2016.01.07 13:29:26.053,1.41296,1.413,1.12,1.20
2016.01.07 13:29:26.583,1.41295,1.413,1.12,1.95
2016.01.07 13:29:27.103,1.41296,1.413,1.12,1.20
2016.01.07 13:29:27.693,1.41295,1.413,1.12,1.95
2016.01.07 13:29:27.951,1.4129,1.41297,1.00,1.12
2016.01.07 13:29:28.053,1.41295,1.413,1.50,2.62
2016.01.07 13:29:29.059,1.41296,1.41301,1.50,2.62
2016.01.07 13:29:29.365,1.41295,1.41299,1.12,1.00
2016.01.07 13:29:29.468,1.41289,1.41298,1.12,1.12
2016.01.07 13:29:29.999,1.41289,1.41297,1.12,1.12
2016.01.07 13:29:30.050,1.41286,1.41296,1.50,1.07
2016.01.07 13:29:30.152,1.41284,1.41296,1.12,1.07
2016.01.07 13:29:30.356,1.41283,1.41295,1.10,1.12
2016.01.07 13:29:31.020,1.41282,1.41292,1.00,1.12
2016.01.07 13:29:31.530,1.41282,1.41291,1.50,1.07
2016.01.07 13:29:32.035,1.41278,1.41282,1.00,1.12
2016.01.07 13:29:32.087,1.41276,1.41282,1.00,1.12
2016.01.07 13:29:32.625,1.41273,1.41282,1.37,1.12
2016.01.07 13:29:33.476,1.41274,1.41282,1.12,1.12
2016.01.07 13:29:36.085,1.41275,1.41283,1.12,1.37
2016.01.07 13:29:36.187,1.41277,1.41283,1.37,1.12
2016.01.07 13:29:36.738,1.41278,1.41284,1.12,1.95
2016.01.07 13:29:37.791,1.41277,1.41282,1.50,1.37
2016.01.07 13:29:38.308,1.41275,1.41282,1.12,1.37
2016.01.07 13:29:38.867,1.41275,1.41283,1.12,1.37
2016.01.07 13:29:39.450,1.41276,1.41283,1.00,1.37
2016.01.07 13:29:40.217,1.41276,1.41282,1.50,1.37
2016.01.07 13:29:40.268,1.41277,1.41282,1.12,1.37
2016.01.07 13:29:40.320,1.41278,1.41284,1.50,1.47
2016.01.07 13:29:40.573,1.41282,1.41288,1.00,1.67
2016.01.07 13:29:40.777,1.41279,1.41289,1.12,1.80
2016.01.07 13:29:41.134,1.41279,1.41292,1.57,1.07
2016.01.07 13:29:41.698,1.41279,1.41292,1.87,1.07
2016.01.07 13:29:43.386,1.41282,1.41295,1.12,1.75
2016.01.07 13:29:43.539,1.41283,1.41296,1.37,1.87
2016.01.07 13:29:43.693,1.41284,1.41297,1.12,2.25
2016.01.07 13:29:44.209,1.41285,1.41297,1.12,1.50
2016.01.07 13:29:45.202,1.41287,1.41297,1.12,1.12
2016.01.07 13:29:45.311,1.41288,1.413,1.37,2.25
2016.01.07 13:29:45.414,1.4129,1.413,1.47,2.25
2016.01.07 13:29:45.516,1.4129,1.413,1.10,2.25
2016.01.07 13:29:45.721,1.41281,1.41292,1.00,1.12
2016.01.07 13:29:45.772,1.41285,1.41292,1.00,1.12
2016.01.07 13:29:45.824,1.41285,1.41295,1.00,1.12
2016.01.07 13:29:46.326,1.41285,1.41296,1.00,1.12
2016.01.07 13:29:47.508,1.41285,1.41296,1.00,1.00
2016.01.07 13:29:47.610,1.41285,1.41295,1.00,1.37
2016.01.07 13:29:48.427,1.41285,1.41298,1.00,1.12
2016.01.07 13:29:48.987,1.41285,1.41297,1.00,1.37
2016.01.07 13:29:50.223,1.41283,1.41298,1.00,1.00
2016.01.07 13:29:51.245,1.41283,1.413,1.12,1.12
2016.01.07 13:29:51.553,1.41285,1.41302,1.37,1.87
2016.01.07 13:29:52.104,1.41284,1.41303,1.12,1.12
2016.01.07 13:29:52.411,1.41284,1.41299,1.00,1.00
2016.01.07 13:29:52.810,1.41279,1.41294,1.50,1.00
2016.01.07 13:29:53.121,1.41279,1.41294,1.12,1.37
2016.01.07 13:29:55.138,1.4128,1.41299,1.00,3.75
2016.01.07 13:29:55.241,1.4128,1.41308,1.00,1.00
2016.01.07 13:29:55.754,1.41279,1.41309,1.00,1.00
2016.01.07 13:29:56.354,1.41282,1.41311,1.00,1.00
2016.01.07 13:29:57.220,1.41282,1.41312,1.00,1.00
2016.01.07 13:29:57.561,1.41284,1.41312,1.00,1.00
2016.01.07 13:29:58.203,1.41284,1.41313,1.00,1.00
2016.01.07 13:29:58.357,1.41275,1.41313,1.50,1.00
2016.01.07 13:29:58.950,1.41276,1.41313,1.00,1.00
2016.01.07 13:29:59.431,1.41276,1.41306,1.00,1.00
2016.01.07 13:29:59.966,1.41271,1.41306,1.00,1.00
2016.01.07 13:30:00.017,1.41269,1.41306,1.00,1.00
2016.01.07 13:30:00.347,1.41284,1.41302,1.50,1.00
2016.01.07 13:30:00.463,1.4128,1.41302,1.00,1.00
2016.01.07 13:30:00.667,1.41276,1.41302,1.00,1.00
2016.01.07 13:30:00.819,1.41276,1.41304,1.00,1.50
2016.01.07 13:30:00.870,1.41276,1.41306,1.00,1.00
2016.01.07 13:30:01.175,1.41279,1.41306,1.50,1.00
2016.01.07 13:30:01.545,1.41277,1.41306,1.00,1.00
2016.01.07 13:30:01.647,1.4128,1.41306,1.00,1.00
2016.01.07 13:30:01.750,1.41276,1.41306,1.50,1.00
2016.01.07 13:30:01.852,1.41268,1.41306,1.00,1.00
2016.01.07 13:30:02.056,1.41276,1.41306,1.00,1.00
2016.01.07 13:30:02.572,1.41271,1.41307,1.00,1.00
2016.01.07 13:30:02.674,1.41276,1.41307,1.00,1.00
2016.01.07 13:30:03.132,1.41276,1.41305,1.00,1.00
2016.01.07 13:30:03.481,1.41283,1.41305,1.00,1.00
2016.01.07 13:30:04.144,1.41283,1.41306,1.00,1.12
2016.01.07 13:30:04.475,1.41283,1.41304,1.00,1.00
2016.01.07 13:30:05.421,1.41283,1.41302,1.50,1.00
2016.01.07 13:30:05.737,1.41283,1.41298,1.00,1.00
2016.01.07 13:30:05.789,1.41283,1.41301,1.00,1.00
2016.01.07 13:30:05.891,1.41283,1.41303,1.50,1.00
2016.01.07 13:30:06.395,1.41283,1.41302,1.00,1.00
2016.01.07 13:30:06.548,1.41283,1.413,1.00,1.00
2016.01.07 13:30:06.701,1.41274,1.413,1.00,1.00
2016.01.07 13:30:06.803,1.41271,1.413,1.50,1.00
2016.01.07 13:30:07.357,1.4127,1.413,1.00,1.00
2016.01.07 13:30:07.773,1.41274,1.41299,1.37,1.00
2016.01.07 13:30:08.484,1.41275,1.41296,1.37,1.00
2016.01.07 13:30:08.992,1.41274,1.41297,1.37,1.50
2016.01.07 13:30:09.638,1.41272,1.41295,2.62,1.00
2016.01.07 13:30:10.096,1.41272,1.41295,2.62,1.00
2016.01.07 13:30:10.300,1.41272,1.4129,1.37,1.00
2016.01.07 13:30:10.402,1.4127,1.4129,1.87,1.00
2016.01.07 13:30:11.803,1.41273,1.41289,1.50,1.37
2016.01.07 13:30:12.142,1.41273,1.41285,1.37,1.00
2016.01.07 13:30:12.193,1.41271,1.41285,1.37,1.37
2016.01.07 13:30:12.808,1.4127,1.41284,1.37,1.37
2016.01.07 13:30:13.321,1.41268,1.41282,1.87,1.00
2016.01.07 13:30:14.025,1.4127,1.41284,1.37,1.37
2016.01.07 13:30:14.613,1.41268,1.41281,1.75,1.00
2016.01.07 13:30:15.265,1.41268,1.41282,1.75,1.00
2016.01.07 13:30:15.924,1.41269,1.41283,1.37,1.50
2016.01.07 13:30:16.783,1.41269,1.41281,1.37,1.00
2016.01.07 13:30:17.543,1.41269,1.41282,1.47,1.00
2016.01.07 13:30:19.231,1.41269,1.41281,1.47,1.00
2016.01.07 13:30:19.765,1.41271,1.41281,1.50,1.00
2016.01.07 13:30:20.184,1.41271,1.41282,1.00,1.00
2016.01.07 13:30:20.439,1.41271,1.41282,1.50,1.87
2016.01.07 13:30:20.969,1.41265,1.41272,1.87,1.50
2016.01.07 13:30:21.070,1.41261,1.4127,1.82,1.50
2016.01.07 13:30:21.223,1.41255,1.41269,1.87,1.87
2016.01.07 13:30:21.539,1.41256,1.41266,1.12,1.00
2016.01.07 13:30:21.641,1.41255,1.41266,1.12,1.00
2016.01.07 13:30:21.895,1.41256,1.41268,1.12,1.20
2016.01.07 13:30:23.162,1.41256,1.41266,1.12,1.00
2016.01.07 13:30:23.265,1.4126,1.41268,1.00,1.00
2016.01.07 13:30:23.774,1.4126,1.41267,1.00,1.00
2016.01.07 13:30:24.505,1.41259,1.41267,1.12,1.00
2016.01.07 13:30:24.607,1.41259,1.41269,1.75,1.10
2016.01.07 13:30:25.115,1.41259,1.41269,1.75,1.07
2016.01.07 13:30:25.469,1.41261,1.41271,1.00,1.87
2016.01.07 13:30:25.528,1.41264,1.41271,1.00,1.00
2016.01.07 13:30:26.290,1.41264,1.41271,1.12,1.87
2016.01.07 13:30:26.826,1.41264,1.41271,1.00,1.12
2016.01.07 13:30:27.335,1.41263,1.41272,1.12,1.00
2016.01.07 13:30:27.922,1.41264,1.41272,1.37,1.00
2016.01.07 13:30:28.482,1.41264,1.41272,1.12,1.87
2016.01.07 13:30:28.787,1.41261,1.41268,1.12,1.50
2016.01.07 13:30:28.889,1.41259,1.41268,1.37,1.87
2016.01.07 13:30:29.139,1.41255,1.41266,1.87,1.00
2016.01.07 13:30:29.444,1.41252,1.4126,2.25,1.54
2016.01.07 13:30:30.322,1.4125,1.4126,2.62,1.54
2016.01.07 13:30:30.376,1.4125,1.41263,2.62,1.67
2016.01.07 13:30:30.682,1.4125,1.41261,1.87,1.54
2016.01.07 13:30:30.885,1.4125,1.41263,1.50,1.67
2016.01.07 13:30:31.394,1.41251,1.41262,1.85,1.54
2016.01.07 13:30:34.987,1.4125,1.41263,2.62,1.54
2016.01.07 13:30:35.089,1.41252,1.41266,2.32,2.49
2016.01.07 13:30:35.366,1.41255,1.41267,1.75,1.54
2016.01.07 13:30:35.621,1.41256,1.41269,1.12,1.74
2016.01.07 13:30:36.079,1.41259,1.41272,1.07,1.95
2016.01.07 13:30:36.130,1.41262,1.41272,2.25,1.87
2016.01.07 13:30:36.182,1.41263,1.41272,1.50,1.00
2016.01.07 13:30:36.550,1.4127,1.41278,1.37,1.00
2016.01.07 13:30:37.060,1.41269,1.4128,1.37,1.54
2016.01.07 13:30:37.570,1.4127,1.4128,1.37,1.54
2016.01.07 13:30:38.216,1.41269,1.4128,1.37,1.54
2016.01.07 13:30:38.597,1.41271,1.4128,1.37,1.67
2016.01.07 13:30:38.700,1.41267,1.41279,1.50,2.42
2016.01.07 13:30:38.802,1.41271,1.4128,1.37,2.04
2016.01.07 13:30:39.328,1.4127,1.41279,1.37,1.54
2016.01.07 13:30:40.309,1.41267,1.41278,1.00,2.04
2016.01.07 13:30:40.513,1.41268,1.41278,1.37,2.04
2016.01.07 13:30:40.921,1.4127,1.41278,1.37,1.29
2016.01.07 13:30:41.467,1.4127,1.4128,1.37,2.42
2016.01.07 13:30:42.032,1.4127,1.41278,1.37,1.54
2016.01.07 13:30:42.235,1.41268,1.41278,1.37,1.54
2016.01.07 13:30:42.337,1.41273,1.41279,1.37,1.54
2016.01.07 13:30:42.653,1.41271,1.41279,1.37,1.54
2016.01.07 13:30:43.164,1.41272,1.41279,1.37,1.54
2016.01.07 13:30:43.418,1.4127,1.41279,1.37,1.54
2016.01.07 13:30:43.823,1.41272,1.4128,1.37,3.17
2016.01.07 13:30:43.925,1.4127,1.41279,1.37,1.67
2016.01.07 13:30:44.027,1.41268,1.41278,1.37,1.67
2016.01.07 13:30:44.536,1.41268,1.41279,1.37,1.71
2016.01.07 13:30:45.092,1.4127,1.41279,1.12,1.34
2016.01.07 13:30:45.601,1.41268,1.41278,1.12,1.34
2016.01.07 13:30:46.166,1.41268,1.41277,1.12,1.34
2016.01.07 13:30:46.472,1.41266,1.41276,3.00,1.34
2016.01.07 13:30:46.981,1.41266,1.41275,1.50,1.27
2016.01.07 13:30:50.368,1.41265,1.41274,1.50,1.27
2016.01.07 13:30:50.470,1.41265,1.41274,1.07,1.27
2016.01.07 13:30:50.826,1.41263,1.41272,1.75,1.27
2016.01.07 13:30:51.543,1.41263,1.41272,1.45,1.27
2016.01.07 13:30:51.595,1.41263,1.41274,1.45,1.27
2016.01.07 13:30:52.102,1.41262,1.41273,1.50,1.27
2016.01.07 13:30:52.641,1.41263,1.41273,1.95,1.27
2016.01.07 13:30:53.150,1.41263,1.41272,1.95,1.27
2016.01.07 13:30:53.658,1.41263,1.41272,1.95,1.27
2016.01.07 13:30:54.362,1.41262,1.41273,3.75,1.77
2016.01.07 13:30:55.216,1.41261,1.41271,1.50,1.47
2016.01.07 13:30:55.580,1.41261,1.41269,2.25,1.37
2016.01.07 13:30:56.109,1.41261,1.4127,1.12,1.39
2016.01.07 13:30:56.611,1.41261,1.41269,1.50,1.37
2016.01.07 13:30:56.763,1.41261,1.41271,1.12,1.47
2016.01.07 13:30:57.270,1.41261,1.41269,1.50,1.00
2016.01.07 13:30:59.071,1.41259,1.41272,2.62,3.45
2016.01.07 13:30:59.609,1.41258,1.4127,1.95,1.57
2016.01.07 13:31:01.051,1.41258,1.41267,2.32,1.00
2016.01.07 13:31:01.103,1.41258,1.41267,2.32,1.87
2016.01.07 13:31:01.206,1.41255,1.41265,1.12,6.00
2016.01.07 13:31:01.807,1.41253,1.41263,1.00,2.32
2016.01.07 13:31:02.314,1.41251,1.41262,1.57,1.50
2016.01.07 13:31:04.374,1.41252,1.41258,1.00,1.00
2016.01.07 13:31:04.882,1.41248,1.41257,3.00,1.57
2016.01.07 13:31:05.504,1.41243,1.41247,7.50,1.12
2016.01.07 13:31:05.611,1.41239,1.41244,1.00,1.87
2016.01.07 13:31:05.662,1.41234,1.41239,2.25,1.37
2016.01.07 13:31:05.714,1.41232,1.41238,1.00,1.37
2016.01.07 13:31:05.765,1.41229,1.41238,1.37,1.37
2016.01.07 13:31:05.970,1.41226,1.41236,1.37,1.50
2016.01.07 13:31:06.686,1.41225,1.41236,1.37,1.50
2016.01.07 13:31:07.409,1.41225,1.41236,1.57,1.12
2016.01.07 13:31:07.952,1.41225,1.41236,1.57,1.87
2016.01.07 13:31:08.462,1.41225,1.41236,1.57,1.00
2016.01.07 13:31:08.614,1.41225,1.41234,1.85,1.00
2016.01.07 13:31:08.940,1.41225,1.41236,1.47,1.00
2016.01.07 13:31:09.043,1.41224,1.41238,3.37,1.95
2016.01.07 13:31:10.427,1.41228,1.41239,1.00,1.57
2016.01.07 13:31:11.289,1.41226,1.41239,1.95,1.20
2016.01.07 13:31:11.645,1.4123,1.41241,1.00,3.00
2016.01.07 13:31:11.696,1.4123,1.41241,1.00,1.57
2016.01.07 13:31:11.747,1.41228,1.41238,1.20,1.00
2016.01.07 13:31:12.053,1.41208,1.41217,4.87,3.75
2016.01.07 13:31:12.104,1.4121,1.41219,1.12,2.25
2016.01.07 13:31:12.155,1.41213,1.41219,1.12,2.25
2016.01.07 13:31:12.207,1.41215,1.41224,1.00,4.87
2016.01.07 13:31:12.258,1.41217,1.41224,1.00,3.75
2016.01.07 13:31:12.459,1.41214,1.41224,1.65,3.75
2016.01.07 13:31:12.510,1.41214,1.4122,1.50,1.12
2016.01.07 13:31:12.612,1.41214,1.41221,1.00,1.37
2016.01.07 13:31:12.714,1.41214,1.41222,1.87,1.12
2016.01.07 13:31:13.019,1.41213,1.41223,1.10,1.75
2016.01.07 13:31:13.274,1.41216,1.41225,1.00,2.70
2016.01.07 13:31:13.326,1.41214,1.41225,1.47,1.87
2016.01.07 13:31:13.378,1.41217,1.41225,1.12,1.12
2016.01.07 13:31:13.701,1.41225,1.41238,1.10,2.70
2016.01.07 13:31:13.804,1.41225,1.41238,1.95,2.32
2016.01.07 13:31:13.906,1.4123,1.41238,1.00,1.20
2016.01.07 13:31:14.009,1.4123,1.41241,1.00,1.00
2016.01.07 13:31:14.112,1.4123,1.41243,1.37,1.12
2016.01.07 13:31:14.417,1.4123,1.4124,1.12,1.00
2016.01.07 13:31:14.468,1.4123,1.41242,1.12,1.20
2016.01.07 13:31:14.570,1.4123,1.4124,1.12,1.00
2016.01.07 13:31:15.329,1.4123,1.4124,1.10,1.00
2016.01.07 13:31:16.116,1.41212,1.41217,6.00,1.37
2016.01.07 13:31:16.167,1.41211,1.41217,3.75,1.37
2016.01.07 13:31:16.219,1.41209,1.41221,1.20,1.00
2016.01.07 13:31:16.320,1.41208,1.41218,1.87,1.37
2016.01.07 13:31:16.626,1.41208,1.41215,1.10,1.37
2016.01.07 13:31:17.327,1.4121,1.41218,1.00,1.07
2016.01.07 13:31:17.378,1.41212,1.41218,1.00,1.00
2016.01.07 13:31:17.480,1.4121,1.41222,1.10,1.10
2016.01.07 13:31:18.025,1.4121,1.41222,1.07,1.50
2016.01.07 13:31:18.980,1.41213,1.41224,1.00,1.82
2016.01.07 13:31:19.336,1.4121,1.41222,1.07,1.00
2016.01.07 13:31:20.487,1.4121,1.41222,1.07,1.37
2016.01.07 13:31:20.992,1.4121,1.41222,1.07,1.00
2016.01.07 13:31:22.192,1.41213,1.41222,1.00,1.00
2016.01.07 13:31:22.807,1.41209,1.41221,3.00,1.12
2016.01.07 13:31:24.703,1.41209,1.4122,2.62,1.00
2016.01.07 13:31:25.010,1.41208,1.41218,1.12,1.50
2016.01.07 13:31:25.265,1.4121,1.41222,1.12,1.37
2016.01.07 13:31:25.517,1.4121,1.4122,1.07,1.87
2016.01.07 13:31:25.875,1.41209,1.41218,1.10,1.00
2016.01.07 13:31:26.341,1.41208,1.4122,2.25,1.00
2016.01.07 13:31:26.443,1.41208,1.4122,1.50,1.87
2016.01.07 13:31:26.964,1.41208,1.4122,1.50,1.50
2016.01.07 13:31:31.856,1.4121,1.41221,1.10,1.12
2016.01.07 13:31:33.095,1.41211,1.41221,1.00,1.00
2016.01.07 13:31:33.146,1.41213,1.41221,1.00,1.00
2016.01.07 13:31:33.526,1.41221,1.41229,1.87,1.12
2016.01.07 13:31:33.578,1.41221,1.4123,2.62,1.37
2016.01.07 13:31:33.731,1.41223,1.41231,1.20,1.12
2016.01.07 13:31:34.249,1.41223,1.41233,1.57,1.50
2016.01.07 13:31:34.746,1.41223,1.41234,1.57,1.12
2016.01.07 13:31:35.355,1.41223,1.41234,3.45,1.50
2016.01.07 13:31:35.905,1.41224,1.41234,1.37,1.00
2016.01.07 13:31:36.565,1.41225,1.41234,1.37,1.12
2016.01.07 13:31:37.063,1.41227,1.41234,1.37,1.12
2016.01.07 13:31:37.570,1.41226,1.41235,1.37,1.50
2016.01.07 13:31:38.118,1.41226,1.41235,1.37,2.25
2016.01.07 13:31:38.831,1.41227,1.41238,1.00,1.87
2016.01.07 13:31:39.137,1.4123,1.41241,2.25,1.75
2016.01.07 13:31:39.663,1.41231,1.41244,1.50,2.62
2016.01.07 13:31:40.179,1.41231,1.41244,1.87,4.50
2016.01.07 13:31:40.948,1.41231,1.4124,1.50,1.00
2016.01.07 13:31:41.252,1.41228,1.41237,2.25,1.75
2016.01.07 13:31:43.256,1.41228,1.41236,1.37,1.12
2016.01.07 13:31:43.357,1.41227,1.41233,1.00,1.07
2016.01.07 13:31:43.898,1.41224,1.41235,1.37,2.25
2016.01.07 13:31:44.311,1.41221,1.41231,1.95,1.00
2016.01.07 13:31:44.363,1.41221,1.41231,1.87,1.00
2016.01.07 13:31:44.466,1.41221,1.41228,1.12,1.50
2016.01.07 13:31:44.569,1.41218,1.41229,1.12,1.12
2016.01.07 13:31:44.671,1.41214,1.41226,1.07,1.12
2016.01.07 13:31:44.773,1.41213,1.41225,1.57,2.62
2016.01.07 13:31:45.079,1.4121,1.41221,1.50,1.00
2016.01.07 13:31:45.391,1.4121,1.4122,1.12,1.00
2016.01.07 13:31:45.797,1.4121,1.41223,1.37,1.87
2016.01.07 13:31:46.311,1.4121,1.41223,1.47,1.57
2016.01.07 13:31:46.661,1.41212,1.41223,1.37,1.57
2016.01.07 13:31:46.966,1.41213,1.41226,1.57,1.45
2016.01.07 13:31:47.271,1.41219,1.4123,1.87,3.07
2016.01.07 13:31:48.886,1.41217,1.41227,1.95,1.00
2016.01.07 13:31:48.989,1.41217,1.41227,1.12,1.12
2016.01.07 13:31:49.299,1.41217,1.41229,1.37,4.12
2016.01.07 13:31:52.087,1.41219,1.41229,1.37,1.57
2016.01.07 13:31:53.577,1.41219,1.41227,1.37,1.87
2016.01.07 13:31:53.679,1.41214,1.41223,1.95,1.80
2016.01.07 13:31:53.782,1.41213,1.41221,1.12,1.75
2016.01.07 13:31:54.188,1.4121,1.41222,2.70,1.95
2016.01.07 13:31:54.601,1.41213,1.41223,1.37,1.37
2016.01.07 13:31:54.907,1.41214,1.41225,1.47,1.87
2016.01.07 13:31:55.011,1.41218,1.41228,2.25,1.12
2016.01.07 13:31:55.215,1.41216,1.41225,2.25,1.00
2016.01.07 13:31:55.513,1.41216,1.41228,2.62,1.47
2016.01.07 13:31:55.564,1.41217,1.41227,1.50,1.12
2016.01.07 13:31:55.615,1.41217,1.41229,1.87,3.75
2016.01.07 13:31:55.869,1.41217,1.41229,1.87,1.50
2016.01.07 13:31:57.622,1.41216,1.41227,1.87,1.00
2016.01.07 13:31:57.956,1.41214,1.41223,1.47,1.00
2016.01.07 13:31:58.265,1.41218,1.41227,1.00,2.32
2016.01.07 13:31:58.367,1.4122,1.41229,1.00,1.50
2016.01.07 13:31:58.418,1.4122,1.41229,1.12,1.12
2016.01.07 13:31:59.584,1.41218,1.4123,1.45,3.00
2016.01.07 13:32:01.592,1.41218,1.4123,1.45,3.37
2016.01.07 13:32:01.892,1.4122,1.41231,1.57,1.12
2016.01.07 13:32:01.994,1.4122,1.41231,2.32,1.50
2016.01.07 13:32:02.402,1.41221,1.41232,1.12,1.00
2016.01.07 13:32:02.555,1.41223,1.41235,3.00,3.75
2016.01.07 13:32:03.001,1.41224,1.41233,1.00,1.37
2016.01.07 13:32:03.508,1.41223,1.41234,2.62,1.37
2016.01.07 13:32:04.015,1.41223,1.41234,1.37,1.37
2016.01.07 13:32:04.212,1.41223,1.41234,1.37,1.00
2016.01.07 13:32:04.620,1.41227,1.41234,1.37,1.12
2016.01.07 13:32:05.513,1.41228,1.41234,1.37,1.87
2016.01.07 13:32:06.019,1.41228,1.41234,1.37,1.12
2016.01.07 13:32:07.502,1.41227,1.41234,1.37,1.00
2016.01.07 13:32:08.051,1.41232,1.41238,7.75,2.25
2016.01.07 13:32:08.558,1.41234,1.41238,1.00,1.50
2016.01.07 13:32:09.254,1.41233,1.41238,7.50,1.50
2016.01.07 13:32:10.937,1.41233,1.41238,7.50,1.50
2016.01.07 13:32:12.354,1.41227,1.41238,1.12,1.50
2016.01.07 13:32:14.266,1.41227,1.41238,1.12,1.00
2016.01.07 13:32:14.318,1.41235,1.4124,7.75,1.95
2016.01.07 13:32:17.201,1.41236,1.41241,7.75,1.87
2016.01.07 13:32:20.209,1.41235,1.41239,7.50,1.00
2016.01.07 13:32:24.936,1.41235,1.41239,1.00,1.12
2016.01.07 13:32:31.127,1.41235,1.41239,1.00,1.50
2016.01.07 13:32:31.178,1.41231,1.41235,7.87,1.00
2016.01.07 13:32:31.230,1.41225,1.41229,12.00,1.50
2016.01.07 13:32:31.382,1.41221,1.41228,2.32,1.12
2016.01.07 13:32:31.433,1.41224,1.41228,1.05,1.12
2016.01.07 13:32:31.485,1.41224,1.41229,1.42,1.00
2016.01.07 13:32:31.721,1.41224,1.41233,2.32,1.00
2016.01.07 13:32:32.229,1.41226,1.41232,1.00,1.00
2016.01.07 13:32:32.823,1.41225,1.4123,2.70,1.00
2016.01.07 13:32:33.129,1.41222,1.41226,7.50,1.00
2016.01.07 13:32:33.282,1.41215,1.41222,1.45,1.00
2016.01.07 13:32:33.953,1.41215,1.4122,3.82,1.00
2016.01.07 13:32:37.340,1.41215,1.41221,4.12,1.00
2016.01.07 13:32:39.278,1.41217,1.41222,2.25,2.25
2016.01.07 13:32:39.817,1.41217,1.41223,2.25,1.00
2016.01.07 13:32:40.449,1.41217,1.41222,2.25,1.00
2016.01.07 13:32:40.713,1.41217,1.41225,2.62,1.10
2016.01.07 13:32:40.814,1.41217,1.41228,2.70,1.87
2016.01.07 13:32:41.324,1.41218,1.41228,1.10,1.50
2016.01.07 13:32:41.717,1.41217,1.41228,4.57,1.50
2016.01.07 13:32:42.802,1.41217,1.41228,3.45,1.00
2016.01.07 13:32:43.284,1.41217,1.41225,2.70,1.00
2016.01.07 13:32:43.589,1.41217,1.41223,2.25,1.50
2016.01.07 13:32:44.068,1.41206,1.4121,3.00,1.50
2016.01.07 13:32:44.120,1.41202,1.41214,1.00,1.50
2016.01.07 13:32:44.272,1.41199,1.41213,1.57,2.62
2016.01.07 13:32:44.578,1.41203,1.41215,1.10,1.87
2016.01.07 13:32:44.832,1.41204,1.41218,1.57,2.19
2016.01.07 13:32:45.352,1.41204,1.41216,2.32,1.00
2016.01.07 13:32:45.862,1.41204,1.41216,2.62,1.10
2016.01.07 13:32:46.806,1.41203,1.41215,3.00,1.00
2016.01.07 13:32:47.314,1.41203,1.41215,3.75,1.37
2016.01.07 13:32:48.590,1.41206,1.41215,1.37,1.37
2016.01.07 13:32:48.966,1.41205,1.41217,1.47,2.11
2016.01.07 13:32:49.021,1.41208,1.41218,1.37,1.00
2016.01.07 13:32:49.630,1.41207,1.41218,2.25,1.00
2016.01.07 13:32:50.030,1.41214,1.41219,1.37,1.00
2016.01.07 13:32:50.082,1.41214,1.41223,1.45,1.00
2016.01.07 13:32:50.337,1.41211,1.41223,1.87,1.87
2016.01.07 13:32:50.846,1.41211,1.41222,1.87,1.87
2016.01.07 13:32:51.393,1.41211,1.41222,1.50,1.87
2016.01.07 13:32:51.701,1.41211,1.41222,2.62,1.37
2016.01.07 13:32:51.753,1.41211,1.41223,2.62,1.95
2016.01.07 13:32:52.432,1.41211,1.4122,1.37,1.50
2016.01.07 13:32:52.534,1.41211,1.41218,1.00,1.12
2016.01.07 13:32:52.637,1.41208,1.41218,1.47,1.57
2016.01.07 13:32:53.144,1.41207,1.41218,1.57,1.87
2016.01.07 13:32:53.839,1.41208,1.41219,1.45,1.00
2016.01.07 13:32:54.246,1.41209,1.41219,1.87,1.00
2016.01.07 13:32:54.564,1.41209,1.41222,1.87,1.50
2016.01.07 13:32:54.920,1.41211,1.41222,1.47,1.50
2016.01.07 13:32:55.022,1.41211,1.41222,1.47,1.37
2016.01.07 13:32:55.074,1.41211,1.41222,1.75,1.12
2016.01.07 13:32:55.379,1.41211,1.41221,1.50,1.37
2016.01.07 13:32:55.430,1.41211,1.41221,1.50,1.00
2016.01.07 13:32:55.925,1.41209,1.41219,1.87,1.00
2016.01.07 13:32:56.077,1.41208,1.41218,1.50,1.00
2016.01.07 13:32:56.805,1.41208,1.41219,1.37,1.95
2016.01.07 13:32:56.857,1.41207,1.41217,1.47,1.00
2016.01.07 13:32:57.241,1.41207,1.41217,1.47,1.00
2016.01.07 13:32:57.748,1.41207,1.41218,1.47,1.12
2016.01.07 13:32:58.411,1.41205,1.41218,1.47,1.95
2016.01.07 13:33:00.045,1.41207,1.41218,1.37,1.57
2016.01.07 13:33:00.571,1.41207,1.41218,1.47,1.50
2016.01.07 13:33:00.924,1.41207,1.41215,1.10,1.00
2016.01.07 13:33:01.026,1.41203,1.41215,1.87,1.10
2016.01.07 13:33:01.580,1.41203,1.41215,1.57,1.20
2016.01.07 13:33:02.105,1.41203,1.41215,1.37,1.75
2016.01.07 13:33:03.567,1.41206,1.41214,1.37,1.37
2016.01.07 13:33:03.670,1.41209,1.41217,1.47,1.12
2016.01.07 13:33:03.772,1.41211,1.41216,1.37,1.00
2016.01.07 13:33:03.975,1.41211,1.41218,1.37,1.00
2016.01.07 13:33:04.840,1.41213,1.4122,1.37,2.62
2016.01.07 13:33:04.891,1.41213,1.4122,1.37,1.50
2016.01.07 13:33:04.942,1.4121,1.41222,1.07,1.87
2016.01.07 13:33:04.993,1.41212,1.41222,1.37,1.00
2016.01.07 13:33:05.563,1.41219,1.41225,1.12,1.12
2016.01.07 13:33:05.614,1.41219,1.41228,2.70,1.00
2016.01.07 13:33:05.665,1.41219,1.4123,1.57,1.12
2016.01.07 13:33:05.767,1.41219,1.41232,2.70,1.12
2016.01.07 13:33:05.869,1.41222,1.41232,1.00,1.12
2016.01.07 13:33:06.175,1.41228,1.41236,2.25,1.37
2016.01.07 13:33:06.277,1.4123,1.4124,1.12,1.12
2016.01.07 13:33:06.379,1.4123,1.41243,1.07,1.87
2016.01.07 13:33:06.661,1.41238,1.41243,1.37,1.87
2016.01.07 13:33:07.271,1.41237,1.41243,1.37,1.87
2016.01.07 13:33:08.581,1.41238,1.41243,1.37,1.87
2016.01.07 13:33:09.557,1.41237,1.41242,1.37,1.00
2016.01.07 13:33:10.231,1.41239,1.41243,1.00,1.00
2016.01.07 13:33:10.495,1.41246,1.41259,1.37,1.37
2016.01.07 13:33:10.546,1.41252,1.41261,1.37,2.70
2016.01.07 13:33:10.597,1.41252,1.41261,1.47,2.62
2016.01.07 13:33:10.648,1.41254,1.41261,1.37,1.87
2016.01.07 13:33:10.801,1.41253,1.41262,1.50,1.00
2016.01.07 13:33:10.903,1.41257,1.41263,1.00,1.00
2016.01.07 13:33:11.106,1.41259,1.41266,1.10,1.00
2016.01.07 13:33:11.158,1.41261,1.41268,1.37,1.37
2016.01.07 13:33:11.209,1.41261,1.41268,1.37,1.00
2016.01.07 13:33:11.562,1.4126,1.41269,1.20,2.25
2016.01.07 13:33:12.276,1.4126,1.41269,2.32,1.12
2016.01.07 13:33:12.892,1.4126,1.41269,1.57,1.12
2016.01.07 13:33:13.656,1.4126,1.41269,2.32,2.25
2016.01.07 13:33:14.020,1.41255,1.41266,1.45,1.50
2016.01.07 13:33:14.543,1.41256,1.41265,1.37,2.25
2016.01.07 13:33:15.100,1.41255,1.41265,1.47,2.25
2016.01.07 13:33:15.567,1.41256,1.41265,1.37,2.25
2016.01.07 13:33:15.669,1.41252,1.41262,1.00,1.37
2016.01.07 13:33:16.328,1.41253,1.41263,1.00,1.87
2016.01.07 13:33:16.380,1.41261,1.41266,1.37,1.50
2016.01.07 13:33:16.584,1.41255,1.41264,1.47,1.00
2016.01.07 13:33:22.460,1.41254,1.41264,2.32,1.00
2016.01.07 13:33:22.999,1.41255,1.41264,1.47,1.00
2016.01.07 13:33:23.881,1.41254,1.41266,1.95,1.12
2016.01.07 13:33:24.519,1.41255,1.41266,1.47,1.12
2016.01.07 13:33:24.978,1.41261,1.41267,1.37,1.50
2016.01.07 13:33:25.182,1.41263,1.41271,1.37,1.37
2016.01.07 13:33:25.233,1.41266,1.41273,1.00,1.50
2016.01.07 13:33:25.285,1.41266,1.41276,1.50,1.12
2016.01.07 13:33:25.538,1.41274,1.41284,1.45,1.00
2016.01.07 13:33:25.691,1.41274,1.41286,1.45,1.50
2016.01.07 13:33:26.171,1.41273,1.41284,2.25,1.00
2016.01.07 13:33:27.089,1.41272,1.41284,1.50,1.20
2016.01.07 13:33:27.527,1.41279,1.41284,1.00,1.20
2016.01.07 13:33:27.679,1.41282,1.4129,1.37,1.12
2016.01.07 13:33:28.388,1.41282,1.41293,1.37,1.87
2016.01.07 13:33:28.641,1.41282,1.41293,2.25,1.37
2016.01.07 13:33:29.295,1.41282,1.41293,3.00,1.00
2016.01.07 13:33:29.600,1.41282,1.41296,3.75,1.12
2016.01.07 13:33:30.069,1.41282,1.41296,3.00,1.45
2016.01.07 13:33:30.620,1.41282,1.41295,1.12,1.57
2016.01.07 13:33:30.957,1.41282,1.41295,1.10,2.70
2016.01.07 13:33:31.111,1.41278,1.4129,2.25,1.50
2016.01.07 13:33:31.450,1.41278,1.41288,1.50,1.00
2016.01.07 13:33:31.502,1.41278,1.41287,1.00,1.00
2016.01.07 13:33:31.553,1.41278,1.41283,1.00,1.00
2016.01.07 13:33:31.860,1.4126,1.41271,2.25,1.12
2016.01.07 13:33:31.911,1.4126,1.4127,1.00,1.95
2016.01.07 13:33:32.532,1.4126,1.41269,1.00,1.00
2016.01.07 13:33:32.689,1.41257,1.41268,1.45,1.00
2016.01.07 13:33:33.146,1.41259,1.41269,1.07,1.37
2016.01.07 13:33:33.759,1.41259,1.41269,1.07,1.00
2016.01.07 13:33:34.294,1.41255,1.41268,4.12,1.37
2016.01.07 13:33:34.345,1.41254,1.41266,1.45,1.12
2016.01.07 13:33:34.396,1.41253,1.41264,1.12,1.37
2016.01.07 13:33:34.701,1.41251,1.41262,1.12,1.12
2016.01.07 13:33:35.204,1.41251,1.41261,1.50,1.00
2016.01.07 13:33:35.508,1.41252,1.41262,1.37,1.12
2016.01.07 13:33:35.813,1.41254,1.41262,1.37,1.00
2016.01.07 13:33:36.389,1.41253,1.41262,1.37,1.50
2016.01.07 13:33:36.543,1.41247,1.41259,1.50,1.87
2016.01.07 13:33:36.697,1.41245,1.41257,1.57,2.25
2016.01.07 13:33:38.004,1.41245,1.41259,1.37,1.95
2016.01.07 13:33:38.208,1.41245,1.41259,1.07,1.95
2016.01.07 13:33:38.442,1.41248,1.41259,1.47,1.00
2016.01.07 13:33:38.954,1.41248,1.4126,1.57,1.10
2016.01.07 13:33:39.556,1.4125,1.41261,1.12,1.10
2016.01.07 13:33:40.086,1.4125,1.41261,1.10,1.57
2016.01.07 13:33:40.767,1.41252,1.41261,1.00,1.00
2016.01.07 13:33:41.097,1.41255,1.41262,1.37,1.75
2016.01.07 13:33:41.351,1.41248,1.41258,1.95,1.50
2016.01.07 13:33:41.402,1.4125,1.41258,1.37,1.00
2016.01.07 13:33:41.554,1.41252,1.4126,2.32,1.00
2016.01.07 13:33:42.153,1.41252,1.4126,2.32,1.50
2016.01.07 13:33:42.661,1.41252,1.4126,1.20,1.00
2016.01.07 13:33:43.634,1.41252,1.4126,1.20,1.50
2016.01.07 13:33:44.145,1.4125,1.4126,1.57,1.10
2016.01.07 13:33:44.348,1.41255,1.4126,1.00,1.57
2016.01.07 13:33:44.400,1.41253,1.4126,1.00,1.57
2016.01.07 13:33:44.451,1.4126,1.41266,1.37,5.25
2016.01.07 13:33:44.502,1.41261,1.41266,1.37,1.00
2016.01.07 13:33:44.765,1.41261,1.4127,1.37,1.50
2016.01.07 13:33:44.969,1.41259,1.41273,1.20,1.87
2016.01.07 13:33:45.020,1.41259,1.41273,1.50,1.87
2016.01.07 13:33:45.529,1.41261,1.41273,1.12,1.37
2016.01.07 13:33:47.034,1.41261,1.41273,1.12,1.87
2016.01.07 13:33:47.952,1.4126,1.41272,1.50,1.37
2016.01.07 13:33:48.787,1.4126,1.41272,1.10,1.47
2016.01.07 13:33:49.295,1.4126,1.41272,1.10,1.47
2016.01.07 13:33:50.645,1.4126,1.41272,1.47,1.10
2016.01.07 13:33:51.944,1.4126,1.41272,1.47,1.47
2016.01.07 13:33:53.747,1.4126,1.41272,1.47,1.57
2016.01.07 13:33:56.400,1.41262,1.41273,1.12,1.57
2016.01.07 13:33:56.451,1.41264,1.41273,1.00,1.07
2016.01.07 13:33:56.750,1.41268,1.41277,1.00,1.12
2016.01.07 13:33:56.801,1.41268,1.41278,1.50,1.12
2016.01.07 13:33:57.313,1.41268,1.41279,1.45,1.47
2016.01.07 13:33:58.187,1.41268,1.41279,1.45,1.47
2016.01.07 13:33:58.960,1.41268,1.41279,1.37,1.47
2016.01.07 13:34:01.761,1.41268,1.41278,1.12,1.00
2016.01.07 13:34:02.580,1.41268,1.41278,3.00,1.00
2016.01.07 13:34:03.088,1.41269,1.41278,1.20,1.00
2016.01.07 13:34:03.828,1.41268,1.41278,1.20,1.00
2016.01.07 13:34:06.486,1.41267,1.41279,1.57,2.32
2016.01.07 13:34:08.975,1.41267,1.41278,1.47,1.00
2016.01.07 13:34:09.987,1.41268,1.41281,2.32,2.32
2016.01.07 13:34:10.089,1.41272,1.41281,1.00,1.00
2016.01.07 13:34:10.394,1.41272,1.41283,2.62,1.37
2016.01.07 13:34:10.699,1.4128,1.41284,1.00,1.12
2016.01.07 13:34:10.971,1.41286,1.41298,1.10,1.00
2016.01.07 13:34:11.022,1.41286,1.413,1.95,1.20
2016.01.07 13:34:11.226,1.41287,1.41299,1.50,1.10
2016.01.07 13:34:11.886,1.41287,1.41299,1.12,1.57
2016.01.07 13:34:12.935,1.41288,1.41299,1.00,1.20
2016.01.07 13:34:13.088,1.4129,1.41301,1.00,1.12
2016.01.07 13:34:13.460,1.4129,1.41304,1.95,3.07
2016.01.07 13:34:13.714,1.41291,1.41304,1.50,3.00
2016.01.07 13:34:14.222,1.41291,1.41304,1.00,2.25
2016.01.07 13:34:14.615,1.41298,1.41305,1.00,2.25
2016.01.07 13:34:14.667,1.41296,1.41305,1.00,3.00
2016.01.07 13:34:14.719,1.41297,1.41305,1.50,1.87
2016.01.07 13:34:15.024,1.41302,1.41313,1.37,1.07
2016.01.07 13:34:15.657,1.41302,1.41315,1.20,1.12
2016.01.07 13:34:16.200,1.41302,1.41315,1.95,1.20
2016.01.07 13:34:16.943,1.41303,1.41315,1.00,1.12
2016.01.07 13:34:18.004,1.41302,1.41314,1.87,1.07
2016.01.07 13:34:18.156,1.41305,1.41314,1.00,1.07
2016.01.07 13:34:18.852,1.41305,1.4131,1.00,1.00
2016.01.07 13:34:19.004,1.41296,1.41309,1.12,2.28
2016.01.07 13:34:19.460,1.41296,1.41306,1.00,1.87
2016.01.07 13:34:20.326,1.41292,1.41306,3.00,1.50
2016.01.07 13:34:21.783,1.41292,1.41305,2.25,1.00
2016.01.07 13:34:22.310,1.41292,1.41304,1.87,1.00
2016.01.07 13:34:24.318,1.41291,1.41306,3.00,1.47
2016.01.07 13:34:24.370,1.41291,1.41301,3.00,1.00
2016.01.07 13:34:24.421,1.41291,1.41301,1.12,1.00
2016.01.07 13:34:25.020,1.4129,1.41301,1.20,1.00
2016.01.07 13:34:25.122,1.4129,1.41303,1.10,1.10
2016.01.07 13:34:25.629,1.4129,1.41303,1.10,1.47
2016.01.07 13:34:27.460,1.41288,1.41299,1.87,1.50
2016.01.07 13:34:27.664,1.41288,1.41299,1.00,1.87
2016.01.07 13:34:29.716,1.41289,1.41302,1.00,2.62
2016.01.07 13:34:30.033,1.41289,1.41302,1.10,1.20
2016.01.07 13:34:30.644,1.41289,1.41302,1.20,1.47
2016.01.07 13:34:31.662,1.41289,1.41302,1.10,1.20
2016.01.07 13:34:32.210,1.41289,1.41304,1.45,1.95
2016.01.07 13:34:32.488,1.41292,1.41305,2.32,1.95
2016.01.07 13:34:35.502,1.41292,1.41305,1.20,1.50
2016.01.07 13:34:36.742,1.41292,1.41305,1.57,1.87
2016.01.07 13:34:37.250,1.41294,1.41304,1.12,1.12
2016.01.07 13:34:37.757,1.41296,1.41305,1.12,2.25
2016.01.07 13:34:37.809,1.41297,1.41305,1.12,1.12
2016.01.07 13:34:37.860,1.41299,1.41305,1.37,1.12
2016.01.07 13:34:38.071,1.413,1.41307,1.12,1.10
2016.01.07 13:34:38.275,1.41298,1.41308,1.12,1.45
2016.01.07 13:34:38.782,1.41299,1.41308,1.12,1.45
2016.01.07 13:34:40.445,1.41302,1.41308,1.37,1.57
2016.01.07 13:34:40.779,1.41308,1.41319,1.50,1.12
2016.01.07 13:34:41.084,1.41313,1.41319,1.12,1.12
2016.01.07 13:34:41.135,1.41313,1.41321,1.12,2.32
2016.01.07 13:34:41.779,1.41313,1.41324,1.12,1.50
2016.01.07 13:34:41.982,1.41309,1.41319,1.12,1.00
2016.01.07 13:34:42.135,1.41309,1.41319,1.00,1.10
2016.01.07 13:34:42.693,1.41309,1.41318,1.12,1.00
2016.01.07 13:34:42.794,1.4131,1.41322,1.12,1.82
2016.01.07 13:34:43.101,1.4131,1.41321,3.37,1.00
2016.01.07 13:34:43.408,1.41318,1.41323,1.50,1.80
2016.01.07 13:34:43.459,1.41321,1.41325,1.00,1.50
2016.01.07 13:34:43.562,1.41318,1.41325,1.80,1.00
2016.01.07 13:34:43.664,1.41328,1.41333,1.37,3.00
2016.01.07 13:34:43.716,1.41328,1.41336,1.37,1.12
2016.01.07 13:34:43.767,1.41325,1.41336,1.37,1.12
2016.01.07 13:34:44.279,1.41326,1.41338,1.12,1.87
2016.01.07 13:34:44.648,1.41326,1.41337,1.37,1.10
2016.01.07 13:34:45.302,1.41325,1.41337,1.57,1.10
2016.01.07 13:34:45.660,1.41324,1.41337,2.70,1.12
2016.01.07 13:34:46.531,1.41323,1.41334,3.00,1.00
2016.01.07 13:34:47.207,1.41323,1.41334,2.70,1.12
2016.01.07 13:34:49.213,1.41327,1.41335,1.12,1.20
2016.01.07 13:34:49.776,1.41323,1.41335,1.75,1.10
2016.01.07 13:34:50.285,1.41325,1.41335,1.20,1.00
2016.01.07 13:34:51.011,1.41325,1.41336,1.07,1.87
2016.01.07 13:34:51.619,1.41325,1.41335,1.07,1.37
2016.01.07 13:34:53.710,1.41325,1.41335,1.20,1.00
2016.01.07 13:34:54.629,1.41325,1.41335,1.07,1.37
2016.01.07 13:34:57.100,1.41327,1.41335,1.37,1.87
2016.01.07 13:34:57.151,1.41327,1.41338,1.37,1.12
2016.01.07 13:34:57.203,1.41329,1.41338,1.47,1.50
2016.01.07 13:34:57.254,1.4133,1.4134,1.12,1.12
2016.01.07 13:34:57.607,1.41331,1.41342,1.87,1.87
2016.01.07 13:34:57.861,1.41331,1.41342,1.50,1.87
2016.01.07 13:34:58.598,1.4133,1.41343,1.12,1.57
2016.01.07 13:34:59.725,1.4133,1.41339,1.00,1.50
2016.01.07 13:35:00.250,1.41328,1.41339,1.20,1.57
2016.01.07 13:35:00.403,1.41326,1.41334,1.87,1.00
2016.01.07 13:35:00.913,1.41326,1.41335,1.45,1.00
2016.01.07 13:35:01.457,1.41325,1.41336,1.47,2.70
2016.01.07 13:35:01.559,1.41323,1.41334,2.62,1.00
2016.01.07 13:35:01.814,1.41321,1.41334,1.45,1.57
2016.01.07 13:35:02.171,1.41321,1.4133,1.07,1.00
2016.01.07 13:35:02.574,1.41319,1.41331,1.07,1.07
2016.01.07 13:35:03.740,1.41318,1.4133,1.50,1.10
2016.01.07 13:35:03.842,1.41317,1.41331,3.82,1.07
2016.01.07 13:35:03.945,1.41318,1.4133,1.37,1.20
2016.01.07 13:35:04.504,1.4132,1.4133,1.12,1.10
2016.01.07 13:35:05.331,1.41321,1.4133,1.50,1.10
2016.01.07 13:35:05.637,1.41324,1.41334,1.12,1.20
2016.01.07 13:35:05.942,1.41325,1.41334,1.37,1.20
2016.01.07 13:35:06.451,1.41325,1.41334,1.12,1.20
2016.01.07 13:35:07.348,1.41324,1.41334,1.00,1.20
2016.01.07 13:35:07.861,1.41324,1.41334,1.50,1.20
2016.01.07 13:35:08.413,1.41324,1.41334,1.00,1.20
2016.01.07 13:35:08.992,1.41324,1.41335,2.32,1.47
2016.01.07 13:35:09.297,1.41326,1.4133,1.00,1.87
2016.01.07 13:35:09.399,1.41322,1.4133,1.37,1.50
2016.01.07 13:35:09.502,1.41318,1.41329,1.37,1.00
2016.01.07 13:35:09.604,1.41317,1.41329,1.57,1.50
2016.01.07 13:35:09.859,1.41318,1.41325,1.12,1.00
2016.01.07 13:35:10.161,1.41319,1.41326,2.32,1.00
2016.01.07 13:35:10.212,1.4132,1.4133,1.12,1.12
2016.01.07 13:35:10.365,1.41325,1.41333,1.12,1.20
2016.01.07 13:35:10.672,1.41327,1.41338,1.57,1.87
2016.01.07 13:35:11.047,1.41331,1.4134,1.12,2.70
2016.01.07 13:35:11.555,1.41333,1.41338,1.12,1.37
2016.01.07 13:35:11.708,1.41332,1.41342,1.37,2.32
2016.01.07 13:35:11.810,1.41332,1.41344,2.25,1.95
2016.01.07 13:35:12.031,1.41334,1.41344,2.62,1.87
2016.01.07 13:35:12.361,1.41338,1.41344,1.12,1.87
2016.01.07 13:35:12.970,1.41337,1.41345,1.12,1.47
2016.01.07 13:35:13.427,1.41335,1.41344,1.12,1.87
2016.01.07 13:35:13.631,1.41333,1.41343,1.57,1.20
2016.01.07 13:35:13.784,1.41333,1.41343,1.50,1.50
2016.01.07 13:35:14.402,1.41334,1.41343,1.00,1.87
2016.01.07 13:35:14.454,1.41335,1.41343,1.00,1.50
2016.01.07 13:35:14.708,1.41335,1.41346,1.37,1.87
2016.01.07 13:35:14.759,1.41339,1.41345,1.12,1.37
2016.01.07 13:35:14.962,1.41336,1.41346,1.87,1.00
2016.01.07 13:35:15.064,1.41342,1.41349,1.12,3.75
2016.01.07 13:35:15.935,1.41341,1.41349,1.12,1.12
2016.01.07 13:35:15.987,1.41341,1.4135,1.50,2.25
2016.01.07 13:35:16.038,1.41343,1.4135,1.37,1.12
2016.01.07 13:35:16.342,1.4134,1.41345,1.00,1.00
2016.01.07 13:35:16.444,1.41337,1.41344,1.57,1.00
2016.01.07 13:35:16.963,1.41335,1.41345,1.87,1.00
2016.01.07 13:35:17.172,1.41335,1.41345,1.20,1.00
2016.01.07 13:35:17.223,1.41335,1.41344,1.50,1.00
2016.01.07 13:35:17.427,1.41335,1.41344,1.07,1.00
2016.01.07 13:35:18.078,1.41335,1.41344,1.37,1.00
2016.01.07 13:35:18.872,1.41334,1.41344,2.25,1.00
2016.01.07 13:35:19.238,1.41334,1.41346,1.50,1.50
2016.01.07 13:35:21.057,1.41334,1.41343,1.07,1.00
2016.01.07 13:35:23.317,1.41339,1.41345,1.00,1.37
2016.01.07 13:35:23.419,1.41341,1.41346,1.37,1.00
2016.01.07 13:35:23.470,1.41342,1.41352,2.32,3.37
2016.01.07 13:35:23.521,1.41342,1.4135,3.45,1.12
2016.01.07 13:35:23.851,1.41346,1.41354,1.07,1.00
2016.01.07 13:35:23.903,1.41346,1.41358,1.07,1.95
2016.01.07 13:35:24.411,1.41347,1.41358,1.57,1.47
2016.01.07 13:35:24.513,1.41348,1.41358,1.45,1.37
2016.01.07 13:35:25.117,1.41348,1.41361,2.62,1.37
2016.01.07 13:35:25.168,1.41352,1.41361,1.12,1.37
2016.01.07 13:35:25.880,1.41352,1.41362,1.50,1.37
2016.01.07 13:35:25.982,1.41349,1.41359,1.87,1.00
2016.01.07 13:35:26.508,1.4135,1.4136,1.07,1.12
2016.01.07 13:35:26.929,1.41354,1.41361,1.00,1.37
2016.01.07 13:35:27.031,1.41352,1.41361,1.12,1.37
2016.01.07 13:35:27.082,1.41357,1.41362,1.37,1.87
2016.01.07 13:35:27.133,1.41357,1.41365,1.37,1.12
2016.01.07 13:35:27.239,1.41358,1.41369,1.37,2.32
2016.01.07 13:35:27.686,1.41357,1.41369,1.10,1.95
2016.01.07 13:35:28.791,1.41355,1.41361,1.00,1.47
2016.01.07 13:35:29.047,1.41341,1.41351,1.07,1.50
2016.01.07 13:35:29.504,1.41338,1.41345,4.87,1.00
2016.01.07 13:35:29.555,1.41337,1.41345,2.25,1.00
2016.01.07 13:35:29.864,1.41331,1.41342,1.07,1.00
2016.01.07 13:35:29.917,1.41327,1.4134,1.57,1.57
2016.01.07 13:35:30.424,1.41326,1.4134,1.95,3.07
2016.01.07 13:35:30.973,1.41325,1.4134,3.75,3.07
2016.01.07 13:35:31.228,1.41325,1.41338,1.12,2.70
2016.01.07 13:35:31.736,1.41327,1.41338,1.45,1.95
2016.01.07 13:35:32.246,1.41326,1.41338,1.87,1.20
2016.01.07 13:35:33.509,1.41326,1.41338,1.95,1.95
2016.01.07 13:35:34.799,1.41332,1.41338,1.37,1.00
2016.01.07 13:35:35.306,1.41331,1.41339,1.37,1.00
2016.01.07 13:35:35.913,1.41333,1.41339,1.12,1.00
2016.01.07 13:35:36.425,1.41333,1.41339,1.37,1.00
2016.01.07 13:35:36.577,1.41332,1.41339,1.12,1.00
2016.01.07 13:35:37.879,1.41332,1.4134,1.12,1.00
2016.01.07 13:35:38.386,1.41333,1.4134,1.12,1.00
2016.01.07 13:35:38.983,1.4133,1.4134,1.50,1.87
2016.01.07 13:35:40.143,1.4133,1.41339,1.12,1.10
2016.01.07 13:35:40.649,1.41329,1.41339,1.50,1.00
2016.01.07 13:35:41.501,1.4133,1.41339,1.12,1.00
2016.01.07 13:35:42.627,1.41329,1.41341,1.50,1.57
2016.01.07 13:35:43.150,1.4133,1.4134,1.12,1.37
2016.01.07 13:35:44.022,1.41333,1.41342,1.37,2.70
2016.01.07 13:35:44.532,1.41334,1.41344,1.12,2.70
2016.01.07 13:35:45.032,1.41333,1.41344,1.37,2.32
2016.01.07 13:35:45.562,1.41332,1.41344,1.95,2.32
2016.01.07 13:35:46.113,1.41332,1.41344,2.32,2.70
2016.01.07 13:35:47.143,1.41332,1.41344,2.32,3.45
2016.01.07 13:35:47.367,1.41333,1.41343,1.12,1.50
2016.01.07 13:35:47.824,1.41327,1.41335,2.25,1.00
2016.01.07 13:35:47.876,1.41327,1.41338,3.00,1.12
2016.01.07 13:35:49.238,1.41327,1.41337,2.25,1.00
2016.01.07 13:35:50.732,1.41327,1.41338,1.87,1.12
2016.01.07 13:35:54.712,1.41329,1.41339,1.45,1.00
2016.01.07 13:35:55.251,1.41329,1.41341,1.45,1.50
2016.01.07 13:35:55.662,1.41336,1.41341,1.00,1.37
2016.01.07 13:35:55.764,1.41338,1.41343,1.00,1.10
2016.01.07 13:35:55.815,1.41339,1.41346,1.20,1.00
2016.01.07 13:35:55.917,1.41344,1.41352,1.10,1.37
2016.01.07 13:35:56.019,1.41345,1.41355,1.07,1.87
2016.01.07 13:35:56.520,1.41345,1.41356,1.12,1.37
2016.01.07 13:35:56.673,1.41343,1.41353,2.25,1.00
2016.01.07 13:35:56.724,1.41343,1.41353,1.00,1.00
2016.01.07 13:35:56.979,1.41341,1.41351,1.87,1.00
2016.01.07 13:35:57.030,1.4134,1.41351,1.50,1.00
2016.01.07 13:35:57.183,1.41339,1.41348,1.50,1.00
2016.01.07 13:35:57.440,1.41338,1.41348,1.20,1.00
2016.01.07 13:35:57.797,1.41335,1.41347,1.57,1.00
2016.01.07 13:35:57.848,1.41335,1.41344,1.95,1.00
2016.01.07 13:35:58.357,1.41333,1.41343,1.12,1.00
2016.01.07 13:35:58.869,1.41332,1.41343,1.87,1.00
2016.01.07 13:35:59.845,1.41332,1.41342,1.12,1.12
2016.01.07 13:36:00.352,1.41332,1.41342,1.07,1.00
2016.01.07 13:36:01.108,1.4133,1.41341,1.37,1.00
2016.01.07 13:36:01.670,1.41331,1.4134,1.50,1.00
2016.01.07 13:36:01.924,1.41326,1.41334,1.10,1.00
2016.01.07 13:36:02.376,1.41327,1.41336,1.37,1.10
2016.01.07 13:36:02.580,1.41326,1.41336,1.20,1.00
2016.01.07 13:36:03.088,1.41326,1.41337,2.70,1.00
2016.01.07 13:36:04.037,1.41327,1.41339,1.12,1.95
2016.01.07 13:36:04.575,1.41328,1.41339,1.12,1.95
2016.01.07 13:36:05.447,1.41328,1.41339,2.25,1.10
2016.01.07 13:36:05.954,1.41328,1.41339,1.12,1.10
2016.01.07 13:36:06.005,1.41328,1.41337,1.37,1.00
2016.01.07 13:36:06.353,1.41326,1.41337,1.00,1.00
2016.01.07 13:36:08.253,1.41334,1.41338,1.00,1.20
2016.01.07 13:36:08.355,1.41331,1.41339,1.37,1.00
2016.01.07 13:36:08.508,1.41331,1.4134,1.87,1.07
2016.01.07 13:36:08.937,1.41328,1.4134,1.00,1.10
2016.01.07 13:36:10.393,1.41328,1.41339,1.00,1.00
2016.01.07 13:36:10.901,1.41328,1.41339,1.00,1.07
2016.01.07 13:36:11.954,1.41327,1.41339,1.00,1.20
2016.01.07 13:36:14.473,1.41327,1.41337,1.00,1.00
2016.01.07 13:36:15.017,1.41326,1.41337,1.95,1.00
2016.01.07 13:36:15.757,1.41326,1.41337,2.70,1.00
2016.01.07 13:36:16.420,1.41326,1.41338,1.95,1.20
2016.01.07 13:36:16.924,1.41326,1.41337,1.95,1.00
2016.01.07 13:36:17.445,1.41327,1.4134,1.95,1.50
2016.01.07 13:36:18.156,1.41328,1.4134,1.47,1.50
2016.01.07 13:36:22.929,1.41328,1.4134,1.47,1.87
2016.01.07 13:36:23.931,1.41328,1.4134,1.47,1.87
2016.01.07 13:36:24.947,1.41326,1.41339,1.87,1.20
2016.01.07 13:36:31.965,1.41326,1.41339,1.87,2.32
2016.01.07 13:36:33.480,1.41326,1.41339,3.00,1.07
2016.01.07 13:36:35.148,1.41327,1.41341,1.95,2.25
2016.01.07 13:36:35.657,1.41328,1.41338,2.25,1.00
2016.01.07 13:36:35.759,1.41328,1.41338,2.62,1.00
2016.01.07 13:36:36.799,1.41328,1.4134,2.25,1.37
2016.01.07 13:36:36.851,1.41328,1.4134,1.50,1.37
2016.01.07 13:36:38.628,1.41328,1.4134,1.95,1.87
2016.01.07 13:36:40.254,1.41328,1.41339,1.87,1.00
2016.01.07 13:36:42.457,1.41332,1.41341,1.00,1.85
2016.01.07 13:36:42.660,1.41333,1.41345,1.37,1.50
2016.01.07 13:36:43.169,1.41334,1.41344,1.07,1.00
2016.01.07 13:36:43.696,1.41334,1.41345,1.07,2.62
2016.01.07 13:36:44.216,1.41334,1.41345,1.07,2.62
2016.01.07 13:36:44.769,1.41334,1.41345,1.10,2.62
2016.01.07 13:36:45.278,1.41334,1.41343,1.37,1.00
2016.01.07 13:36:45.430,1.41331,1.41343,1.50,1.00
2016.01.07 13:36:47.428,1.41331,1.41343,3.37,2.25
2016.01.07 13:36:48.157,1.41333,1.41346,1.07,1.85
2016.01.07 13:36:48.665,1.41333,1.41345,2.32,1.00
2016.01.07 13:36:50.797,1.41333,1.41344,3.37,2.25
2016.01.07 13:36:50.949,1.41331,1.41343,1.37,1.37
2016.01.07 13:36:51.528,1.4133,1.41344,3.00,3.45
2016.01.07 13:36:52.039,1.41331,1.41344,2.25,2.62
2016.01.07 13:36:52.823,1.41331,1.41344,1.87,2.25
2016.01.07 13:36:54.326,1.41331,1.41344,1.37,3.37
2016.01.07 13:36:55.237,1.4133,1.41344,1.87,3.37
2016.01.07 13:36:55.768,1.41333,1.41344,1.50,2.62
2016.01.07 13:36:56.538,1.4133,1.41344,3.00,3.00
2016.01.07 13:36:56.791,1.41332,1.41344,1.95,2.62
2016.01.07 13:36:57.552,1.41333,1.41344,1.37,2.62
2016.01.07 13:36:59.934,1.41334,1.41345,1.10,1.50
2016.01.07 13:37:00.645,1.41332,1.41343,1.12,1.00
2016.01.07 13:37:01.927,1.41334,1.41345,1.10,1.37
2016.01.07 13:37:02.276,1.41339,1.41347,1.00,1.20
2016.01.07 13:37:02.583,1.41341,1.41348,1.87,1.37
2016.01.07 13:37:02.838,1.4135,1.41359,1.12,1.00
2016.01.07 13:37:02.889,1.41355,1.41363,1.00,1.95
2016.01.07 13:37:03.363,1.41355,1.41365,1.85,1.50
2016.01.07 13:37:03.568,1.41359,1.41366,1.00,1.50
2016.01.07 13:37:04.772,1.41355,1.41366,1.82,1.12
2016.01.07 13:37:05.392,1.41357,1.41367,1.87,1.50
2016.01.07 13:37:05.443,1.41363,1.41367,1.00,1.00
2016.01.07 13:37:05.494,1.41363,1.41369,1.00,1.00
2016.01.07 13:37:05.546,1.41363,1.41372,4.50,1.87
2016.01.07 13:37:05.648,1.41365,1.41374,1.87,1.00
2016.01.07 13:37:06.154,1.41368,1.41376,1.07,1.37
2016.01.07 13:37:06.663,1.41368,1.41377,1.00,2.25
2016.01.07 13:37:07.340,1.41365,1.41376,1.50,2.62
2016.01.07 13:37:08.799,1.41366,1.41376,1.47,1.37
2016.01.07 13:37:10.936,1.41368,1.41378,1.95,3.07
2016.01.07 13:37:14.984,1.41367,1.41377,1.82,1.12
2016.01.07 13:37:18.031,1.41364,1.4137,1.87,1.87
2016.01.07 13:37:18.083,1.41362,1.41368,1.37,1.00
2016.01.07 13:37:18.134,1.41358,1.41368,1.37,1.12
2016.01.07 13:37:18.641,1.41355,1.41368,2.32,1.00
2016.01.07 13:37:19.904,1.41355,1.41368,1.47,1.50
2016.01.07 13:37:20.883,1.41355,1.41367,1.95,1.37
2016.01.07 13:37:22.111,1.41355,1.41367,1.47,1.12
2016.01.07 13:37:22.903,1.41355,1.41367,1.57,1.00
2016.01.07 13:37:23.422,1.41355,1.41367,1.95,1.50
2016.01.07 13:37:23.932,1.41354,1.41367,1.95,1.12
2016.01.07 13:37:24.241,1.41356,1.41369,1.50,2.62
2016.01.07 13:37:24.394,1.41357,1.41369,1.37,1.12
2016.01.07 13:37:24.496,1.41357,1.41369,1.00,1.12
2016.01.07 13:37:24.768,1.41355,1.41367,2.70,1.00
2016.01.07 13:37:25.378,1.41357,1.41369,1.00,1.12
2016.01.07 13:37:25.429,1.41355,1.41367,1.95,1.00
2016.01.07 13:37:25.581,1.41355,1.41367,1.20,1.00
2016.01.07 13:37:29.304,1.41354,1.41366,1.07,1.20
2016.01.07 13:37:29.608,1.41351,1.41363,1.57,1.07
2016.01.07 13:37:30.015,1.41352,1.41365,1.20,1.20
2016.01.07 13:37:30.066,1.41353,1.41365,1.87,1.10
2016.01.07 13:37:37.286,1.41354,1.41364,1.07,1.00
2016.01.07 13:37:37.895,1.41352,1.41363,1.12,1.00
2016.01.07 13:37:38.437,1.41351,1.41363,1.50,1.00
2016.01.07 13:37:38.661,1.41351,1.41363,1.10,1.45
2016.01.07 13:37:38.712,1.4135,1.4136,1.57,1.00
2016.01.07 13:37:38.865,1.41348,1.41359,1.07,1.10
2016.01.07 13:37:39.119,1.41347,1.41359,1.57,1.07
2016.01.07 13:37:39.627,1.41345,1.41357,1.95,1.87
2016.01.07 13:37:39.678,1.41345,1.41356,1.12,1.07
2016.01.07 13:37:40.029,1.41339,1.41348,1.37,1.10
2016.01.07 13:37:40.080,1.41337,1.41348,1.57,1.10
2016.01.07 13:37:40.992,1.41336,1.41348,1.47,1.50
2016.01.07 13:37:41.094,1.41336,1.41349,1.10,1.75
2016.01.07 13:37:41.298,1.41336,1.41343,1.00,1.00
2016.01.07 13:37:41.350,1.41331,1.41342,1.82,1.00
2016.01.07 13:37:41.401,1.41331,1.41342,1.00,1.07
2016.01.07 13:37:45.916,1.41331,1.41343,1.50,1.95
2016.01.07 13:37:50.129,1.4134,1.41344,1.00,1.20
2016.01.07 13:37:50.332,1.41347,1.41357,1.12,1.50
2016.01.07 13:37:52.043,1.41347,1.41358,3.00,1.12
2016.01.07 13:37:53.200,1.4135,1.41358,1.00,1.50
2016.01.07 13:37:53.302,1.41355,1.41362,1.00,1.50
2016.01.07 13:37:53.353,1.41356,1.41363,1.00,1.50
2016.01.07 13:37:53.455,1.41356,1.41366,1.12,1.57
2016.01.07 13:37:53.963,1.41356,1.41365,1.12,1.37
2016.01.07 13:37:54.370,1.41355,1.41366,1.45,1.12
2016.01.07 13:37:54.422,1.41354,1.41364,1.12,1.12
2016.01.07 13:37:54.727,1.41352,1.41362,3.37,1.00
2016.01.07 13:37:55.083,1.41352,1.41362,1.57,1.00
2016.01.07 13:37:55.728,1.41352,1.41365,1.20,2.32
2016.01.07 13:37:56.236,1.41352,1.41365,1.20,1.57
2016.01.07 13:37:56.743,1.41352,1.41364,1.20,1.12
2016.01.07 13:37:57.263,1.41351,1.4136,1.12,1.00
2016.01.07 13:38:00.148,1.41351,1.41359,1.00,1.00
2016.01.07 13:38:00.754,1.41351,1.41358,1.00,1.00
2016.01.07 13:38:01.109,1.41349,1.41358,1.10,1.00
2016.01.07 13:38:01.776,1.41349,1.41357,1.10,1.00
2016.01.07 13:38:02.318,1.41347,1.41357,1.47,1.10
2016.01.07 13:38:02.774,1.41345,1.4135,1.42,1.50
2016.01.07 13:38:02.826,1.41345,1.4135,1.50,1.00
2016.01.07 13:38:02.877,1.41343,1.41347,1.50,1.12
2016.01.07 13:38:03.144,1.41338,1.41342,3.75,1.00
2016.01.07 13:38:03.196,1.41331,1.41338,1.00,1.00
2016.01.07 13:38:03.405,1.41331,1.4134,1.00,1.00
2016.01.07 13:38:05.484,1.41332,1.41341,1.00,1.12
2016.01.07 13:38:05.638,1.41332,1.41345,1.20,2.70
2016.01.07 13:38:05.943,1.41334,1.41345,1.00,1.47
2016.01.07 13:38:06.548,1.41334,1.41347,1.10,1.20
2016.01.07 13:38:07.116,1.41334,1.41347,1.10,1.57
2016.01.07 13:38:07.217,1.41333,1.41344,1.20,1.47
2016.01.07 13:38:07.269,1.41332,1.41343,1.20,1.45
2016.01.07 13:38:07.781,1.41332,1.41341,1.00,1.00
2016.01.07 13:38:09.042,1.4133,1.41341,1.20,1.00
2016.01.07 13:38:10.272,1.41332,1.41343,1.87,1.07
2016.01.07 13:38:10.324,1.41334,1.41344,1.87,1.20
2016.01.07 13:38:10.478,1.41337,1.41347,1.47,1.95
2016.01.07 13:38:10.681,1.41344,1.41349,1.00,1.50
2016.01.07 13:38:10.835,1.41344,1.41352,1.00,1.37
2016.01.07 13:38:10.939,1.41344,1.41353,1.87,1.37
2016.01.07 13:38:11.142,1.41344,1.41354,1.12,1.20
2016.01.07 13:38:12.150,1.41344,1.41354,1.87,1.95
2016.01.07 13:38:12.780,1.41344,1.41354,1.37,3.37
2016.01.07 13:38:12.831,1.41343,1.41354,1.00,3.75
2016.01.07 13:38:15.999,1.41342,1.41353,1.00,1.57
2016.01.07 13:38:16.656,1.41339,1.41347,1.95,1.00
2016.01.07 13:38:16.961,1.41341,1.41349,1.00,1.00
2016.01.07 13:38:17.069,1.41341,1.41351,1.00,1.57
2016.01.07 13:38:17.171,1.41342,1.41352,1.37,1.20
2016.01.07 13:38:17.769,1.41341,1.41353,2.25,1.57
2016.01.07 13:38:18.279,1.41341,1.41353,1.95,1.57
2016.01.07 13:38:18.827,1.41342,1.41353,1.47,1.57
2016.01.07 13:38:19.369,1.41341,1.41353,1.95,1.57
2016.01.07 13:38:19.886,1.41343,1.41353,1.87,1.07
2016.01.07 13:38:19.937,1.41345,1.41356,1.20,4.12
2016.01.07 13:38:20.040,1.41345,1.41357,1.95,2.32
2016.01.07 13:38:20.244,1.41345,1.41357,2.32,1.20
2016.01.07 13:38:20.768,1.41345,1.41356,1.50,1.20
2016.01.07 13:38:21.699,1.41345,1.41354,1.37,1.10
2016.01.07 13:38:21.751,1.41345,1.41353,1.12,1.00
2016.01.07 13:38:24.547,1.41342,1.41354,5.62,1.00
2016.01.07 13:38:25.079,1.41342,1.41355,5.62,1.10
2016.01.07 13:38:25.181,1.41343,1.41353,1.45,1.00
2016.01.07 13:38:26.553,1.41342,1.41356,4.50,1.95
2016.01.07 13:38:27.469,1.41355,1.41363,1.00,2.31
2016.01.07 13:38:27.675,1.41361,1.41371,1.47,1.07
2016.01.07 13:38:27.828,1.41361,1.41374,1.12,1.12
2016.01.07 13:38:27.980,1.41362,1.41374,1.37,1.20
2016.01.07 13:38:29.511,1.41364,1.41375,1.00,3.37
2016.01.07 13:38:29.716,1.41367,1.41378,1.10,1.12
2016.01.07 13:38:29.955,1.41367,1.41378,2.32,1.00
2016.01.07 13:38:30.485,1.41367,1.41379,4.12,1.20
2016.01.07 13:38:31.767,1.41367,1.41379,1.87,2.32
2016.01.07 13:38:32.302,1.41367,1.41379,1.50,1.57
2016.01.07 13:38:32.830,1.41366,1.4138,1.50,3.07
2016.01.07 13:38:33.730,1.41367,1.4138,1.12,1.57
2016.01.07 13:38:34.567,1.41367,1.41373,1.87,1.00
2016.01.07 13:38:34.619,1.41367,1.41372,1.12,1.00
2016.01.07 13:38:34.721,1.41365,1.41371,1.37,2.25
2016.01.07 13:38:34.823,1.41357,1.41367,1.12,1.00
2016.01.07 13:38:35.135,1.41353,1.41364,1.12,1.12
2016.01.07 13:38:35.290,1.41352,1.41361,1.95,1.00
2016.01.07 13:38:35.596,1.41347,1.41358,3.37,2.25
2016.01.07 13:38:36.091,1.41345,1.41352,1.12,2.25
2016.01.07 13:38:36.143,1.41343,1.4135,1.12,1.07
2016.01.07 13:38:36.195,1.41339,1.41348,1.50,1.37
2016.01.07 13:38:36.399,1.41338,1.41346,1.00,1.57
2016.01.07 13:38:36.451,1.41338,1.41345,1.00,1.37
2016.01.07 13:38:36.502,1.41336,1.41345,1.00,2.62
2016.01.07 13:38:36.554,1.41336,1.41344,1.00,1.37
2016.01.07 13:38:36.605,1.41332,1.41344,1.87,1.87
2016.01.07 13:38:37.845,1.41331,1.41345,3.07,1.87
2016.01.07 13:38:38.315,1.41335,1.41345,1.87,1.00
2016.01.07 13:38:38.367,1.41335,1.41348,2.25,1.47
2016.01.07 13:38:38.520,1.41336,1.4135,1.12,1.57
2016.01.07 13:38:38.724,1.41337,1.41351,1.87,1.50
2016.01.07 13:38:39.029,1.41343,1.41353,1.50,1.00
2016.01.07 13:38:39.080,1.41343,1.41355,1.50,2.25
2016.01.07 13:38:39.132,1.41344,1.41355,1.95,1.50
2016.01.07 13:38:39.436,1.41346,1.41357,1.12,1.37
2016.01.07 13:38:39.488,1.41345,1.41357,1.12,1.00
2016.01.07 13:38:39.539,1.41345,1.4136,2.62,1.95
2016.01.07 13:38:39.641,1.41346,1.4136,1.75,1.57
2016.01.07 13:38:39.946,1.4135,1.41361,1.37,1.00
2016.01.07 13:38:40.252,1.4135,1.41357,1.50,1.00
2016.01.07 13:38:40.507,1.41344,1.41349,1.00,1.12
2016.01.07 13:38:40.616,1.41342,1.41349,1.00,1.00
2016.01.07 13:38:40.718,1.41342,1.41349,1.00,1.95
2016.01.07 13:38:40.871,1.41339,1.41349,1.37,1.07
2016.01.07 13:38:41.024,1.41337,1.41346,3.37,1.37
2016.01.07 13:38:41.126,1.41337,1.41347,2.62,1.20
2016.01.07 13:38:41.529,1.41337,1.41346,1.87,1.45
2016.01.07 13:38:41.580,1.41335,1.41346,1.12,1.87
2016.01.07 13:38:42.104,1.41332,1.41344,3.82,1.75
2016.01.07 13:38:42.648,1.41332,1.41341,1.20,1.20
2016.01.07 13:38:42.699,1.4133,1.41341,1.50,1.95
2016.01.07 13:38:42.903,1.4133,1.4134,1.87,2.25
2016.01.07 13:38:43.207,1.41328,1.41337,1.12,1.00
2016.01.07 13:38:43.512,1.41326,1.41333,1.00,4.50
2016.01.07 13:38:43.563,1.41326,1.41333,1.12,1.37
2016.01.07 13:38:43.880,1.41326,1.41333,1.00,1.37
2016.01.07 13:38:44.033,1.41324,1.41328,1.12,1.00
2016.01.07 13:38:44.084,1.4132,1.41326,1.00,1.00
2016.01.07 13:38:44.137,1.41314,1.41326,2.62,1.45
2016.01.07 13:38:44.188,1.41314,1.41323,2.62,1.00
2016.01.07 13:38:44.240,1.4131,1.41323,2.25,1.87
2016.01.07 13:38:46.014,1.4131,1.41323,2.32,1.07
2016.01.07 13:38:46.403,1.41313,1.41323,4.50,1.00
2016.01.07 13:38:46.456,1.41315,1.41327,1.20,1.12
2016.01.07 13:38:46.760,1.41315,1.41325,1.37,1.50
2016.01.07 13:38:46.964,1.4131,1.41323,1.95,1.87
2016.01.07 13:38:48.385,1.41308,1.41321,1.57,1.07
2016.01.07 13:38:50.060,1.4131,1.41323,1.50,1.50
2016.01.07 13:38:50.471,1.4131,1.41323,2.62,1.12
2016.01.07 13:38:50.522,1.4131,1.41323,2.62,1.10
2016.01.07 13:38:50.727,1.41316,1.41327,1.07,1.87
2016.01.07 13:38:50.778,1.41316,1.41327,1.45,1.12
2016.01.07 13:38:51.293,1.41315,1.41328,2.70,1.12
2016.01.07 13:38:54.187,1.41315,1.41327,1.57,1.07
2016.01.07 13:38:54.694,1.41314,1.41327,2.62,1.00
2016.01.07 13:38:55.086,1.41321,1.4133,2.62,1.00
2016.01.07 13:38:55.137,1.41324,1.41333,1.12,1.00
2016.01.07 13:38:55.543,1.41324,1.41338,1.87,1.45
2016.01.07 13:38:56.052,1.41326,1.41337,1.50,1.10
2016.01.07 13:38:58.716,1.41326,1.41337,1.87,1.10
2016.01.07 13:39:00.132,1.41328,1.41337,1.45,1.00
2016.01.07 13:39:00.386,1.41329,1.41339,1.57,1.00
2016.01.07 13:39:00.488,1.41329,1.41342,2.32,1.95
2016.01.07 13:39:00.540,1.41329,1.41342,3.37,1.95
2016.01.07 13:39:00.948,1.41334,1.41345,1.45,1.07
2016.01.07 13:39:01.456,1.41335,1.41346,1.50,1.07
2016.01.07 13:39:01.814,1.41335,1.41344,1.37,1.12
2016.01.07 13:39:02.163,1.41331,1.4134,1.75,1.20
2016.01.07 13:39:02.214,1.41331,1.4134,1.00,1.20
2016.01.07 13:39:02.724,1.4133,1.41342,1.10,1.07
2016.01.07 13:39:02.775,1.4133,1.41343,1.85,1.12
2016.01.07 13:39:02.826,1.41332,1.41343,1.45,1.00
2016.01.07 13:39:03.184,1.41332,1.41346,2.25,1.95
2016.01.07 13:39:03.696,1.41333,1.41346,1.95,1.20
2016.01.07 13:39:04.163,1.41335,1.41347,1.20,1.10
2016.01.07 13:39:04.470,1.41339,1.41349,1.12,1.50
2016.01.07 13:39:04.625,1.41342,1.41356,2.25,2.25
2016.01.07 13:39:04.678,1.41344,1.41356,1.50,1.12
2016.01.07 13:39:04.781,1.41346,1.41358,1.12,1.12
2016.01.07 13:39:05.143,1.41348,1.41359,2.25,1.00
2016.01.07 13:39:05.397,1.4135,1.41362,1.10,1.95
2016.01.07 13:39:05.449,1.4135,1.41362,1.50,1.00
2016.01.07 13:39:05.754,1.41353,1.41365,2.25,1.00
2016.01.07 13:39:06.342,1.41355,1.41365,1.10,1.12
2016.01.07 13:39:09.569,1.41353,1.41366,1.12,1.57
2016.01.07 13:39:10.075,1.41353,1.41367,1.50,1.57
2016.01.07 13:39:10.583,1.41352,1.41367,2.62,1.87
2016.01.07 13:39:11.149,1.41353,1.41366,1.37,1.45
2016.01.07 13:39:11.303,1.41352,1.41367,1.57,2.25
2016.01.07 13:39:12.302,1.41356,1.41369,1.10,2.25
2016.01.07 13:39:12.608,1.41356,1.4137,1.95,1.12
2016.01.07 13:39:13.142,1.41354,1.41368,1.45,1.50
2016.01.07 13:39:13.482,1.41353,1.41366,1.57,1.50
2016.01.07 13:39:13.584,1.41352,1.41363,1.57,1.00
2016.01.07 13:39:14.098,1.4135,1.41363,1.45,1.45
2016.01.07 13:39:14.503,1.41349,1.41363,1.87,2.62
2016.01.07 13:39:19.019,1.41348,1.41361,1.82,1.87
2016.01.07 13:39:19.324,1.41348,1.41359,1.12,1.37
2016.01.07 13:39:19.923,1.41348,1.41359,1.12,1.50
2016.01.07 13:39:20.280,1.41346,1.41358,1.20,1.20
2016.01.07 13:39:20.534,1.41346,1.41357,1.20,1.47
2016.01.07 13:39:21.044,1.41346,1.41358,1.20,1.95
2016.01.07 13:39:21.570,1.41346,1.41357,1.20,1.47
2016.01.07 13:39:22.200,1.41346,1.41358,1.20,1.95
2016.01.07 13:39:22.937,1.41346,1.41357,1.10,1.47
2016.01.07 13:39:23.481,1.41346,1.41358,1.10,1.20
2016.01.07 13:39:23.913,1.41346,1.41353,1.10,1.00
2016.01.07 13:39:24.168,1.41332,1.41342,1.50,1.12
2016.01.07 13:39:24.701,1.41332,1.41342,1.47,1.07
2016.01.07 13:39:24.803,1.41334,1.41345,1.00,1.87
2016.01.07 13:39:25.159,1.41333,1.41346,5.25,2.25
2016.01.07 13:39:25.211,1.41334,1.41346,1.12,1.12
2016.01.07 13:39:25.736,1.41336,1.41346,1.37,1.12
2016.01.07 13:39:25.992,1.41335,1.41348,1.87,1.10
2016.01.07 13:39:26.247,1.41339,1.4135,1.12,2.25
2016.01.07 13:39:26.759,1.41339,1.4135,1.37,1.37
2016.01.07 13:39:29.566,1.41341,1.41353,1.50,1.87
2016.01.07 13:39:29.668,1.41343,1.41356,1.12,2.62
2016.01.07 13:39:29.871,1.41345,1.41356,1.37,1.37
2016.01.07 13:39:30.630,1.41345,1.41356,1.50,1.12
2016.01.07 13:39:32.264,1.41345,1.41358,1.75,1.00
2016.01.07 13:39:33.039,1.41346,1.41359,1.87,1.12
2016.01.07 13:39:34.995,1.41346,1.41356,1.87,1.00
2016.01.07 13:39:35.046,1.41346,1.41356,1.20,1.87
2016.01.07 13:39:35.301,1.41343,1.41354,1.10,1.12
2016.01.07 13:39:35.614,1.41341,1.41353,1.75,1.87
2016.01.07 13:39:37.137,1.41337,1.4135,1.50,1.12
2016.01.07 13:39:37.240,1.41336,1.41346,1.12,1.07
2016.01.07 13:39:37.343,1.41335,1.41346,1.00,2.25
2016.01.07 13:39:38.003,1.41333,1.41345,1.10,1.07
2016.01.07 13:39:38.371,1.41333,1.41345,1.00,1.37
2016.01.07 13:39:41.874,1.4133,1.41342,1.75,3.37
2016.01.07 13:39:42.183,1.4133,1.41341,1.12,2.32
2016.01.07 13:39:43.420,1.41329,1.41341,1.12,2.32
2016.01.07 13:39:44.728,1.41329,1.41341,1.12,2.32
2016.01.07 13:39:45.231,1.41329,1.41341,1.37,1.57
2016.01.07 13:39:45.333,1.41329,1.41343,1.87,4.12
2016.01.07 13:39:45.486,1.41332,1.41343,1.50,1.00
2016.01.07 13:39:45.537,1.41332,1.41343,1.12,1.00
2016.01.07 13:39:45.639,1.41332,1.41343,1.12,2.25
2016.01.07 13:39:45.944,1.41332,1.41345,3.75,1.20
2016.01.07 13:39:46.388,1.41332,1.41343,2.25,1.50
2016.01.07 13:39:46.439,1.41332,1.41341,1.87,1.10
2016.01.07 13:39:47.929,1.41332,1.41344,1.37,2.32
2016.01.07 13:39:48.693,1.41332,1.41344,2.25,1.00
2016.01.07 13:39:49.203,1.41335,1.41348,1.07,1.57
2016.01.07 13:39:49.807,1.41335,1.41344,1.95,1.12
2016.01.07 13:39:49.909,1.41335,1.41347,1.20,1.00
2016.01.07 13:39:50.265,1.41335,1.41346,1.50,1.37
2016.01.07 13:39:50.367,1.41335,1.41348,1.37,1.12
2016.01.07 13:39:50.912,1.41335,1.41348,1.12,1.20
2016.01.07 13:39:54.675,1.41335,1.41344,1.87,1.37
2016.01.07 13:39:55.115,1.41334,1.41345,3.37,1.12
2016.01.07 13:39:55.218,1.41335,1.41347,1.12,1.00
2016.01.07 13:39:55.745,1.41334,1.41347,1.87,1.50
2016.01.07 13:39:56.403,1.41335,1.41345,1.12,1.37
2016.01.07 13:39:56.606,1.41335,1.41346,1.12,1.50
2016.01.07 13:39:57.114,1.41335,1.41347,1.12,1.10
2016.01.07 13:39:58.601,1.41335,1.41347,1.12,1.95
2016.01.07 13:39:59.726,1.41335,1.41345,1.87,1.12
2016.01.07 13:39:59.827,1.41335,1.41346,4.87,1.12
2016.01.07 13:40:00.086,1.41338,1.41349,1.12,1.00
2016.01.07 13:40:00.339,1.41344,1.41356,3.75,3.37
2016.01.07 13:40:00.400,1.41345,1.41358,1.87,1.95
2016.01.07 13:40:00.554,1.41347,1.4136,1.75,1.37
2016.01.07 13:40:00.656,1.41348,1.41362,1.37,2.62
2016.01.07 13:40:01.414,1.41347,1.41362,3.00,3.00
2016.01.07 13:40:01.938,1.41349,1.41362,1.37,3.37
2016.01.07 13:40:02.448,1.41357,1.41362,1.00,1.50
2016.01.07 13:40:02.601,1.41361,1.41373,1.50,1.00
2016.01.07 13:40:02.652,1.41365,1.41374,1.10,1.37
2016.01.07 13:40:03.162,1.41365,1.41375,1.10,3.00
2016.01.07 13:40:03.668,1.41365,1.41373,1.10,1.00
2016.01.07 13:40:04.176,1.41364,1.41375,1.57,2.62
2016.01.07 13:40:04.610,1.41362,1.41373,1.37,1.12
2016.01.07 13:40:05.142,1.41362,1.41371,1.37,1.07
2016.01.07 13:40:05.194,1.41362,1.41371,1.00,1.07
2016.01.07 13:40:05.303,1.4136,1.41371,1.50,1.20
2016.01.07 13:40:05.405,1.4136,1.41368,1.50,1.57
2016.01.07 13:40:06.018,1.4136,1.41365,1.50,1.00
2016.01.07 13:40:06.324,1.41345,1.4135,1.37,1.00
2016.01.07 13:40:06.476,1.41341,1.4135,1.57,1.10
2016.01.07 13:40:06.696,1.41341,1.4135,1.00,1.47
2016.01.07 13:40:07.003,1.41334,1.41342,1.47,1.50
2016.01.07 13:40:07.308,1.4133,1.41342,1.45,1.50
2016.01.07 13:40:07.410,1.4133,1.41342,1.45,3.00
2016.01.07 13:40:08.138,1.4133,1.41342,1.45,1.87
2016.01.07 13:40:09.295,1.41329,1.41341,2.62,1.37
2016.01.07 13:40:11.703,1.41328,1.4134,1.37,1.50
2016.01.07 13:40:13.356,1.41327,1.41338,1.20,1.50
2016.01.07 13:40:13.407,1.41325,1.41338,2.25,1.50
2016.01.07 13:40:13.560,1.41326,1.41336,1.00,1.20
2016.01.07 13:40:14.044,1.41323,1.41335,1.85,1.47
2016.01.07 13:40:14.562,1.41321,1.41334,3.75,1.20
2016.01.07 13:40:15.673,1.41321,1.4133,1.95,1.00
2016.01.07 13:40:15.725,1.4132,1.41325,1.45,1.12
2016.01.07 13:40:15.776,1.41318,1.41322,1.87,1.00
2016.01.07 13:40:15.828,1.41318,1.41322,1.12,1.00
2016.01.07 13:40:15.879,1.41314,1.41319,1.50,1.07
2016.01.07 13:40:15.930,1.41307,1.41319,1.95,1.20
2016.01.07 13:40:16.167,1.41307,1.41319,1.87,1.87
2016.01.07 13:40:16.474,1.41309,1.41316,1.87,1.37
2016.01.07 13:40:17.176,1.41308,1.41317,1.37,1.00
2016.01.07 13:40:18.062,1.41309,1.41317,1.37,1.00
2016.01.07 13:40:18.937,1.41308,1.41317,1.37,1.00
2016.01.07 13:40:19.849,1.41306,1.41317,1.12,1.00
2016.01.07 13:40:21.035,1.41306,1.41317,1.50,1.50
2016.01.07 13:40:21.550,1.41306,1.41318,3.00,1.50
2016.01.07 13:40:23.382,1.41306,1.41317,2.25,1.87
2016.01.07 13:40:23.433,1.41306,1.41317,1.87,1.87
2016.01.07 13:40:23.485,1.41305,1.41314,1.75,1.12
2016.01.07 13:40:23.587,1.41303,1.41314,1.12,1.87
2016.01.07 13:40:23.689,1.41302,1.41312,2.62,1.12
2016.01.07 13:40:23.893,1.41302,1.41308,2.25,1.12
2016.01.07 13:40:24.418,1.41299,1.41308,1.50,1.12
2016.01.07 13:40:24.953,1.41298,1.4131,1.12,1.95
2016.01.07 13:40:27.480,1.41298,1.41309,1.12,1.47
2016.01.07 13:40:28.291,1.41298,1.4131,1.12,2.70
2016.01.07 13:40:30.535,1.41297,1.41304,3.45,1.00
2016.01.07 13:40:30.589,1.41297,1.41303,1.12,1.20
2016.01.07 13:40:30.640,1.41291,1.413,2.62,1.00
2016.01.07 13:40:30.691,1.41291,1.413,1.87,1.07
2016.01.07 13:40:30.936,1.41291,1.41298,1.12,1.07
2016.01.07 13:40:31.241,1.41286,1.41293,1.87,1.12
2016.01.07 13:40:31.547,1.41279,1.41284,1.00,1.95
2016.01.07 13:40:31.599,1.41272,1.41283,1.87,4.87
2016.01.07 13:40:31.701,1.41268,1.41278,1.50,1.75
2016.01.07 13:40:31.993,1.41267,1.41276,1.50,1.50
2016.01.07 13:40:32.505,1.41266,1.41275,1.50,1.45
2016.01.07 13:40:33.162,1.41265,1.41275,1.00,1.50
2016.01.07 13:40:34.002,1.41264,1.41271,1.50,1.47
2016.01.07 13:40:34.054,1.41262,1.41271,1.00,1.47
2016.01.07 13:40:34.156,1.41258,1.41269,1.87,1.12
2016.01.07 13:40:34.402,1.41257,1.41266,1.50,1.20
2016.01.07 13:40:34.656,1.41255,1.41266,1.00,1.12
2016.01.07 13:40:35.864,1.41255,1.41266,1.12,1.95
2016.01.07 13:40:36.018,1.41256,1.41265,1.00,1.50
2016.01.07 13:40:36.120,1.41253,1.41264,1.00,1.87
2016.01.07 13:40:36.172,1.41253,1.41264,1.37,1.87
2016.01.07 13:40:36.476,1.41253,1.4126,1.00,1.00
2016.01.07 13:40:36.711,1.41247,1.41256,3.00,1.37
2016.01.07 13:40:36.762,1.41246,1.41252,1.37,1.00
2016.01.07 13:40:36.813,1.41242,1.41249,2.25,1.37
2016.01.07 13:40:36.864,1.41242,1.41249,1.50,1.37
2016.01.07 13:40:37.373,1.41242,1.4125,3.00,1.37
2016.01.07 13:40:37.899,1.41244,1.41249,1.00,1.37
2016.01.07 13:40:38.520,1.41239,1.41247,1.93,1.37
2016.01.07 13:40:38.572,1.41239,1.41247,1.56,1.37
2016.01.07 13:40:38.775,1.41237,1.41248,1.12,1.37
2016.01.07 13:40:38.826,1.41237,1.41246,1.87,1.37
2016.01.07 13:40:39.129,1.41236,1.41244,1.00,1.47
2016.01.07 13:40:39.585,1.41234,1.41244,1.00,1.47
2016.01.07 13:40:40.125,1.41234,1.41245,1.00,1.45
2016.01.07 13:40:40.672,1.41233,1.41244,1.75,1.47
2016.01.07 13:40:40.926,1.41231,1.41244,1.75,1.37
2016.01.07 13:40:41.231,1.41229,1.41239,1.37,1.50
2016.01.07 13:40:41.546,1.41227,1.41239,1.12,1.87
2016.01.07 13:40:41.699,1.41225,1.41239,1.95,1.37
2016.01.07 13:40:43.511,1.41223,1.41235,1.75,1.10
2016.01.07 13:40:43.767,1.41222,1.41234,2.25,1.87
2016.01.07 13:40:43.819,1.41222,1.41234,1.50,1.87
2016.01.07 13:40:44.328,1.41223,1.41232,1.50,1.45
2016.01.07 13:40:44.380,1.41223,1.41232,1.75,1.45
2016.01.07 13:40:44.887,1.41223,1.41234,2.25,1.87
2016.01.07 13:40:45.396,1.41222,1.41234,2.25,1.12
2016.01.07 13:40:46.008,1.41223,1.41234,1.75,2.25
2016.01.07 13:40:46.551,1.41222,1.41234,3.00,1.00
2016.01.07 13:40:51.944,1.41224,1.41236,1.45,1.37
2016.01.07 13:40:55.663,1.4123,1.41238,1.00,1.37
2016.01.07 13:40:55.714,1.4123,1.41238,1.12,1.00
2016.01.07 13:40:56.417,1.41225,1.41238,2.25,1.12
2016.01.07 13:40:56.965,1.41225,1.41238,1.75,1.12
2016.01.07 13:40:57.321,1.41228,1.41241,1.75,2.70
2016.01.07 13:40:57.794,1.41235,1.41241,1.00,1.95
2016.01.07 13:40:57.947,1.4124,1.41252,1.87,2.25
2016.01.07 13:40:57.998,1.41241,1.41253,1.87,1.75
2016.01.07 13:40:58.405,1.41242,1.41249,1.12,1.00
2016.01.07 13:40:58.558,1.41234,1.41247,1.12,1.50
2016.01.07 13:40:59.068,1.41236,1.41249,1.20,1.75
2016.01.07 13:41:00.207,1.41236,1.41249,1.45,1.47
2016.01.07 13:41:00.716,1.41238,1.4125,1.00,1.95
2016.01.07 13:41:00.819,1.41235,1.41245,1.12,1.87
2016.01.07 13:41:01.022,1.41234,1.41247,2.62,1.57
2016.01.07 13:41:01.544,1.41237,1.41247,1.07,1.00
2016.01.07 13:41:02.055,1.41235,1.41249,1.12,2.32
2016.01.07 13:41:02.627,1.41241,1.41252,1.12,1.87
2016.01.07 13:41:03.033,1.41239,1.41252,1.85,1.95
2016.01.07 13:41:03.084,1.41237,1.41248,1.50,1.12
2016.01.07 13:41:03.586,1.41237,1.41249,1.07,1.07
2016.01.07 13:41:05.466,1.41237,1.4125,1.07,1.20
2016.01.07 13:41:06.081,1.41237,1.4125,1.07,1.95
2016.01.07 13:41:06.592,1.41239,1.41249,1.00,1.12
2016.01.07 13:41:06.695,1.41238,1.41251,1.50,1.50
2016.01.07 13:41:06.798,1.4124,1.41251,5.25,1.87
2016.01.07 13:41:08.895,1.41241,1.41251,5.62,3.00
2016.01.07 13:41:09.099,1.41241,1.41254,3.00,1.87
2016.01.07 13:41:09.151,1.41243,1.41254,1.50,1.37
2016.01.07 13:41:09.454,1.4125,1.41263,1.50,1.20
2016.01.07 13:41:09.860,1.41252,1.41265,1.50,1.37
2016.01.07 13:41:11.766,1.41251,1.41263,1.50,1.50
2016.01.07 13:41:12.630,1.41249,1.41263,2.25,1.57
2016.01.07 13:41:12.732,1.41248,1.41261,1.57,1.12
2016.01.07 13:41:13.082,1.41245,1.41258,2.32,1.95
2016.01.07 13:41:13.387,1.41243,1.41255,1.47,1.07
2016.01.07 13:41:13.590,1.41242,1.41254,1.95,1.57
2016.01.07 13:41:13.692,1.4124,1.41254,2.25,1.57
2016.01.07 13:41:14.142,1.4124,1.41244,1.00,1.00
2016.01.07 13:41:14.194,1.41235,1.41242,1.00,1.00
2016.01.07 13:41:14.245,1.41234,1.41242,1.57,2.62
2016.01.07 13:41:14.296,1.41233,1.41241,1.00,1.82
2016.01.07 13:41:14.399,1.41228,1.41238,1.95,1.57
2016.01.07 13:41:14.602,1.41228,1.41237,1.12,1.07
2016.01.07 13:41:15.263,1.41227,1.41236,1.50,1.07
2016.01.07 13:41:15.315,1.41224,1.41237,1.95,2.25
2016.01.07 13:41:15.366,1.41224,1.41236,1.00,1.12
2016.01.07 13:41:15.873,1.41222,1.41234,2.70,1.10
2016.01.07 13:41:16.265,1.41221,1.41226,1.00,1.37
2016.01.07 13:41:16.316,1.41216,1.41229,1.50,1.50
2016.01.07 13:41:16.368,1.41216,1.41228,1.37,1.75
2016.01.07 13:41:16.419,1.41216,1.41224,1.00,1.12
2016.01.07 13:41:16.572,1.41213,1.41224,1.87,1.00
2016.01.07 13:41:16.623,1.41213,1.41223,1.37,1.37
2016.01.07 13:41:16.877,1.41209,1.41221,1.00,1.00
2016.01.07 13:41:16.928,1.41207,1.4122,1.95,1.12
2016.01.07 13:41:17.131,1.41208,1.4122,1.07,1.10
2016.01.07 13:41:17.776,1.41207,1.4122,1.50,1.10
2016.01.07 13:41:17.877,1.41207,1.4122,1.87,1.10
2016.01.07 13:41:17.929,1.41212,1.41223,1.12,1.20
2016.01.07 13:41:18.081,1.41211,1.41223,1.47,1.00
2016.01.07 13:41:18.183,1.41211,1.41224,1.57,1.47
2016.01.07 13:41:18.866,1.41209,1.41222,1.45,1.20
2016.01.07 13:41:19.323,1.41208,1.4122,1.12,1.00
2016.01.07 13:41:19.628,1.41207,1.4122,1.87,1.87
2016.01.07 13:41:20.119,1.41209,1.41224,3.00,2.70
2016.01.07 13:41:20.678,1.41208,1.41223,1.87,1.87
2016.01.07 13:41:21.448,1.4121,1.41223,1.12,1.50
2016.01.07 13:41:21.601,1.41209,1.41222,1.37,1.50
2016.01.07 13:41:22.109,1.41208,1.41221,1.37,1.12
2016.01.07 13:41:22.513,1.41213,1.41221,1.00,1.00
2016.01.07 13:41:22.717,1.41212,1.41225,1.45,1.50
2016.01.07 13:41:22.768,1.41211,1.4122,1.50,1.00
2016.01.07 13:41:23.075,1.41206,1.41216,1.87,2.62
2016.01.07 13:41:23.380,1.41208,1.41216,1.45,1.00
2016.01.07 13:41:23.727,1.41209,1.41221,1.10,1.50
2016.01.07 13:41:23.829,1.4121,1.4122,1.37,1.37
2016.01.07 13:41:24.340,1.41211,1.4122,1.37,1.37
2016.01.07 13:41:25.341,1.41211,1.41219,1.37,1.37
2016.01.07 13:41:25.747,1.4121,1.4122,1.00,1.37
2016.01.07 13:41:26.256,1.4121,1.4122,1.00,1.00
2016.01.07 13:41:26.658,1.4121,1.41219,1.37,1.37
2016.01.07 13:41:26.862,1.41209,1.41221,1.57,2.62
2016.01.07 13:41:27.517,1.4121,1.41219,1.47,1.00
2016.01.07 13:41:27.569,1.41207,1.41216,1.75,1.12
2016.01.07 13:41:28.096,1.41205,1.41218,3.00,1.75
2016.01.07 13:41:28.503,1.41206,1.41218,1.75,1.12
2016.01.07 13:41:29.055,1.41206,1.41218,1.87,2.25
2016.01.07 13:41:29.564,1.41206,1.41218,1.75,1.12
2016.01.07 13:41:30.118,1.41213,1.41223,1.12,1.50
2016.01.07 13:41:30.321,1.41214,1.41225,1.95,1.12
2016.01.07 13:41:30.423,1.41216,1.41226,1.50,1.00
2016.01.07 13:41:30.525,1.41219,1.41228,1.50,1.12
2016.01.07 13:41:30.577,1.41221,1.41231,2.62,1.75
2016.01.07 13:41:30.730,1.41222,1.41234,1.50,1.00
2016.01.07 13:41:31.217,1.41225,1.41236,1.45,3.00
2016.01.07 13:41:31.725,1.41226,1.41237,1.20,1.95
2016.01.07 13:41:32.167,1.41227,1.41236,1.47,1.50
2016.01.07 13:41:33.234,1.41227,1.41238,1.47,2.25
2016.01.07 13:41:33.742,1.41225,1.41237,2.62,1.12
2016.01.07 13:41:34.175,1.41227,1.41236,1.50,1.37
2016.01.07 13:41:34.480,1.41227,1.41237,1.50,1.00
2016.01.07 13:41:35.014,1.41228,1.41237,1.50,1.00
2016.01.07 13:41:35.117,1.4123,1.41239,1.37,3.00
2016.01.07 13:41:35.270,1.41229,1.41239,1.10,2.25
2016.01.07 13:41:35.916,1.41228,1.41239,1.50,3.00
2016.01.07 13:41:36.442,1.41228,1.41238,1.87,1.50
2016.01.07 13:41:36.967,1.41226,1.41238,1.87,1.87
2016.01.07 13:41:38.282,1.41226,1.41238,1.75,1.95
2016.01.07 13:41:38.798,1.41226,1.41238,1.87,1.00
2016.01.07 13:41:39.306,1.41233,1.41239,1.00,1.12
2016.01.07 13:41:39.408,1.41233,1.41242,1.57,1.00
2016.01.07 13:41:39.762,1.4123,1.41239,2.25,1.12
2016.01.07 13:41:40.066,1.41234,1.41245,1.75,1.50
2016.01.07 13:41:40.371,1.41235,1.41246,2.25,1.50
2016.01.07 13:41:40.474,1.41235,1.41246,1.87,1.50
2016.01.07 13:41:43.308,1.41235,1.41248,1.87,1.85
2016.01.07 13:41:43.410,1.41236,1.41246,1.00,1.00
2016.01.07 13:41:43.665,1.41235,1.41246,1.37,1.00
2016.01.07 13:41:43.767,1.41235,1.41246,1.07,1.00
2016.01.07 13:41:44.275,1.41235,1.41248,1.12,1.87
2016.01.07 13:41:48.468,1.41234,1.41247,1.87,1.37
2016.01.07 13:41:51.772,1.41233,1.41246,1.50,1.20
2016.01.07 13:41:51.874,1.41233,1.41246,1.45,1.50
2016.01.07 13:41:52.569,1.41231,1.41245,2.32,1.50
2016.01.07 13:41:54.248,1.41232,1.41244,1.57,1.12
2016.01.07 13:41:54.502,1.41241,1.41251,1.12,1.07
2016.01.07 13:41:54.553,1.41245,1.41253,1.10,1.37
2016.01.07 13:41:54.604,1.41248,1.41257,1.00,1.85
2016.01.07 13:41:54.897,1.41248,1.41258,1.37,1.37
2016.01.07 13:41:55.658,1.41246,1.41258,2.70,1.37
2016.01.07 13:41:57.370,1.41245,1.41256,1.00,1.07
2016.01.07 13:41:57.630,1.41242,1.41254,1.85,1.37
2016.01.07 13:41:57.681,1.41239,1.41253,1.12,1.10
2016.01.07 13:41:57.833,1.41239,1.41253,1.50,1.12
2016.01.07 13:41:58.190,1.41243,1.41256,1.85,1.12
2016.01.07 13:41:58.700,1.4124,1.41252,1.47,1.20
2016.01.07 13:41:59.003,1.41235,1.41251,3.00,1.57
2016.01.07 13:41:59.054,1.41235,1.41251,2.32,1.87
2016.01.07 13:41:59.364,1.41235,1.41251,1.45,2.25
2016.01.07 13:41:59.684,1.41235,1.41246,1.12,1.20
2016.01.07 13:42:00.009,1.41229,1.41244,1.12,1.95
2016.01.07 13:42:00.520,1.41231,1.41244,1.47,1.47
2016.01.07 13:42:00.825,1.41232,1.41246,1.50,1.47
2016.01.07 13:42:01.118,1.41231,1.41246,1.45,1.95
2016.01.07 13:42:01.625,1.41231,1.41245,1.50,1.88
2016.01.07 13:42:02.664,1.4123,1.41244,3.00,1.00
2016.01.07 13:42:03.171,1.41233,1.41244,1.57,1.00
2016.01.07 13:42:03.326,1.41234,1.41244,1.50,1.00
2016.01.07 13:42:03.717,1.41234,1.41246,1.50,1.12
2016.01.07 13:42:04.123,1.41235,1.41249,1.07,1.57
2016.01.07 13:42:04.529,1.41233,1.41246,1.87,1.00
2016.01.07 13:42:04.833,1.41232,1.41244,2.25,1.12
2016.01.07 13:42:06.617,1.41232,1.41244,2.25,1.00
2016.01.07 13:42:07.274,1.41232,1.41244,2.62,1.00
2016.01.07 13:42:07.479,1.41236,1.41246,1.00,1.12
2016.01.07 13:42:07.682,1.41235,1.41248,1.75,1.50
2016.01.07 13:42:08.088,1.41237,1.41246,1.12,1.00
2016.01.07 13:42:08.139,1.41235,1.41246,1.12,1.50
2016.01.07 13:42:08.701,1.41235,1.41247,1.50,1.00
2016.01.07 13:42:08.752,1.41235,1.41245,1.50,1.00
2016.01.07 13:42:09.964,1.41234,1.41244,1.12,1.00
2016.01.07 13:42:10.472,1.41235,1.41245,1.07,1.87
2016.01.07 13:42:12.319,1.41231,1.41244,4.12,1.00
2016.01.07 13:42:12.867,1.41232,1.41244,1.45,1.07
2016.01.07 13:42:13.021,1.41232,1.41244,1.45,1.07
2016.01.07 13:42:14.836,1.41233,1.41244,1.47,1.07
2016.01.07 13:42:15.137,1.41233,1.41245,1.57,2.62
2016.01.07 13:42:15.677,1.41234,1.41245,1.00,2.62
2016.01.07 13:42:17.751,1.41234,1.41245,1.50,1.87
2016.01.07 13:42:17.954,1.41235,1.41246,1.87,1.37
2016.01.07 13:42:20.363,1.41235,1.41247,3.37,1.57
2016.01.07 13:42:20.415,1.41237,1.41249,1.47,3.00
2016.01.07 13:42:20.770,1.41242,1.4125,1.10,1.50
2016.01.07 13:42:21.280,1.41242,1.41251,2.32,1.37
2016.01.07 13:42:21.788,1.41239,1.41249,1.10,2.62
2016.01.07 13:42:22.081,1.41236,1.41247,1.75,1.00
2016.01.07 13:42:22.438,1.41236,1.41247,1.10,1.00
2016.01.07 13:42:22.691,1.41233,1.41244,1.50,1.00
2016.01.07 13:42:23.203,1.41233,1.41245,1.57,1.00
2016.01.07 13:42:23.752,1.41233,1.41245,1.45,1.00
2016.01.07 13:42:24.661,1.41233,1.41246,1.45,1.50
2016.01.07 13:42:25.164,1.41234,1.41245,1.85,1.00
2016.01.07 13:42:26.140,1.41235,1.41247,1.20,1.00
2016.01.07 13:42:26.191,1.41238,1.41248,1.37,2.25
2016.01.07 13:42:26.496,1.41246,1.41255,1.00,1.37
2016.01.07 13:42:28.429,1.41243,1.41256,1.95,1.37
2016.01.07 13:42:28.930,1.41242,1.41253,1.57,1.00
2016.01.07 13:42:29.545,1.41243,1.41253,1.12,1.12
2016.01.07 13:42:30.976,1.41241,1.41253,1.00,1.00
2016.01.07 13:42:31.077,1.4124,1.41252,1.12,2.25
2016.01.07 13:42:31.673,1.41238,1.41248,1.10,1.00
2016.01.07 13:42:34.165,1.41237,1.41248,2.32,1.00
2016.01.07 13:42:37.142,1.41237,1.41248,2.32,1.00
2016.01.07 13:42:37.890,1.41236,1.41247,1.87,1.00
2016.01.07 13:42:38.043,1.41235,1.41246,1.50,1.10
2016.01.07 13:42:38.500,1.41235,1.41245,1.12,1.07
2016.01.07 13:42:40.249,1.41235,1.41246,1.50,1.12
2016.01.07 13:42:40.860,1.41235,1.41245,1.12,1.07
2016.01.07 13:42:41.445,1.41234,1.41246,1.57,1.12
2016.01.07 13:42:50.408,1.41234,1.41246,2.32,1.00
2016.01.07 13:42:50.685,1.41234,1.41244,2.32,1.00
2016.01.07 13:42:51.360,1.41234,1.41244,1.00,1.00
2016.01.07 13:42:51.665,1.4123,1.41242,3.37,1.00
2016.01.07 13:42:51.817,1.41231,1.41244,1.57,1.20
2016.01.07 13:42:52.021,1.41231,1.41244,1.87,1.20
2016.01.07 13:42:53.116,1.4123,1.41242,2.25,1.50
2016.01.07 13:42:53.218,1.41229,1.4124,1.00,1.57
2016.01.07 13:42:53.320,1.41227,1.41238,1.57,1.00
2016.01.07 13:42:53.828,1.41226,1.41237,1.50,1.10
2016.01.07 13:42:54.209,1.41226,1.41237,1.37,1.10
2016.01.07 13:42:55.181,1.41225,1.41237,2.70,1.10
2016.01.07 13:42:55.471,1.41223,1.41232,1.12,1.37
2016.01.07 13:42:55.522,1.41221,1.41232,1.50,1.37
2016.01.07 13:42:56.492,1.41221,1.41232,1.37,1.37
2016.01.07 13:42:57.123,1.41221,1.41231,1.37,1.37
2016.01.07 13:42:57.631,1.41221,1.41233,1.87,1.87
2016.01.07 13:42:57.888,1.41221,1.41233,2.62,1.87
2016.01.07 13:42:58.192,1.4122,1.41231,3.00,1.00
2016.01.07 13:42:58.243,1.4122,1.41231,1.50,1.87
2016.01.07 13:42:58.294,1.41217,1.41228,1.75,1.00
2016.01.07 13:42:58.498,1.41214,1.41224,1.20,1.00
2016.01.07 13:43:03.051,1.41213,1.41224,1.37,1.87
2016.01.07 13:43:03.102,1.4121,1.4122,1.00,1.07
2016.01.07 13:43:03.153,1.4121,1.4122,1.00,1.37
2016.01.07 13:43:04.928,1.41208,1.41218,1.87,1.07
2016.01.07 13:43:10.353,1.41207,1.41219,1.95,1.12
2016.01.07 13:43:12.345,1.41207,1.41218,1.95,1.07
2016.01.07 13:43:13.057,1.41209,1.4122,1.12,1.57
2016.01.07 13:43:13.575,1.41209,1.4122,1.37,1.10
2016.01.07 13:43:17.542,1.41209,1.41217,1.00,1.87
2016.01.07 13:43:17.694,1.41204,1.41211,1.00,1.12
2016.01.07 13:43:17.898,1.41201,1.41214,1.50,1.68
2016.01.07 13:43:18.303,1.41201,1.41214,1.10,1.68
2016.01.07 13:43:18.840,1.41202,1.41215,1.37,3.01
2016.01.07 13:43:20.773,1.41203,1.41215,1.37,1.57
2016.01.07 13:43:23.245,1.41204,1.41216,1.37,1.45
2016.01.07 13:43:23.571,1.41204,1.41217,1.47,1.87
2016.01.07 13:43:24.382,1.41205,1.41217,1.47,1.50
2016.01.07 13:43:31.061,1.41207,1.41218,1.87,1.12
2016.01.07 13:43:31.416,1.41207,1.41218,1.50,1.50
2016.01.07 13:43:31.930,1.41205,1.41217,1.95,1.50
2016.01.07 13:43:32.190,1.41202,1.41214,1.95,1.20
2016.01.07 13:43:32.728,1.41202,1.41214,1.57,1.57
2016.01.07 13:43:33.235,1.41202,1.41212,1.37,1.00
2016.01.07 13:43:33.779,1.41202,1.41212,1.12,1.00
2016.01.07 13:43:34.491,1.41201,1.41212,1.10,1.00
2016.01.07 13:43:34.690,1.41199,1.41209,1.12,1.00
2016.01.07 13:43:34.843,1.41198,1.41209,1.00,1.12
2016.01.07 13:43:35.371,1.41198,1.4121,1.00,2.11
2016.01.07 13:43:36.225,1.41198,1.4121,1.12,1.77
2016.01.07 13:43:36.691,1.41201,1.4121,1.50,1.06
2016.01.07 13:43:36.894,1.41203,1.41213,1.00,1.44
2016.01.07 13:43:37.402,1.41201,1.41212,1.07,1.81
2016.01.07 13:43:37.927,1.41203,1.41214,2.62,1.69
2016.01.07 13:43:39.954,1.41204,1.41209,1.10,1.61
2016.01.07 13:43:40.005,1.41199,1.41209,2.62,2.11
2016.01.07 13:43:40.107,1.41198,1.41207,1.10,1.32
2016.01.07 13:43:40.877,1.41198,1.41208,1.50,1.00
2016.01.07 13:43:40.979,1.41199,1.41208,1.57,1.00
2016.01.07 13:43:41.285,1.41199,1.41211,2.25,1.74
2016.01.07 13:43:41.840,1.41198,1.41208,2.25,1.32
2016.01.07 13:43:42.669,1.41198,1.41207,1.50,1.00
2016.01.07 13:43:42.720,1.41197,1.41207,1.87,2.49
2016.01.07 13:43:42.771,1.41197,1.41205,1.00,1.87
2016.01.07 13:43:43.313,1.41195,1.41204,1.07,1.00
2016.01.07 13:43:43.671,1.41198,1.41205,1.00,1.50
2016.01.07 13:43:43.982,1.412,1.41205,1.10,1.00
2016.01.07 13:43:44.321,1.412,1.41211,1.10,3.24
2016.01.07 13:43:45.042,1.41196,1.41209,3.37,1.66
2016.01.07 13:43:45.144,1.41196,1.41209,3.00,2.41
2016.01.07 13:43:45.516,1.41194,1.41205,1.87,1.00
2016.01.07 13:43:45.823,1.41191,1.41201,1.87,1.28
2016.01.07 13:43:45.925,1.41191,1.412,1.57,1.00
2016.01.07 13:43:46.584,1.41189,1.41201,2.25,1.53
2016.01.07 13:43:46.889,1.41188,1.412,3.37,1.66
2016.01.07 13:43:47.194,1.41191,1.41201,1.10,1.59
2016.01.07 13:43:47.602,1.41191,1.41202,2.25,2.41
2016.01.07 13:43:48.143,1.41191,1.41201,1.50,1.00
2016.01.07 13:43:49.036,1.41191,1.41201,2.62,1.00
2016.01.07 13:43:49.240,1.41193,1.41205,1.37,2.03
2016.01.07 13:43:49.444,1.41194,1.412,1.50,2.41
2016.01.07 13:43:49.546,1.41188,1.41197,2.70,1.91
2016.01.07 13:43:49.649,1.41188,1.41195,1.00,1.28
2016.01.07 13:43:50.307,1.41188,1.41198,1.00,2.11
2016.01.07 13:43:51.368,1.41185,1.41196,1.45,1.00
2016.01.07 13:43:55.144,1.41185,1.41196,1.10,1.00
2016.01.07 13:43:55.388,1.41183,1.41195,3.00,1.47
2016.01.07 13:43:55.695,1.41176,1.41186,1.00,1.50
2016.01.07 13:43:56.001,1.4117,1.41177,1.00,1.37
2016.01.07 13:43:56.052,1.41167,1.41177,1.00,1.87
2016.01.07 13:43:56.156,1.41164,1.41175,1.50,1.95
2016.01.07 13:43:56.598,1.41163,1.41175,1.00,1.84
2016.01.07 13:43:57.024,1.41162,1.41167,1.00,1.00
2016.01.07 13:43:57.329,1.41142,1.41151,1.87,2.89
2016.01.07 13:43:57.380,1.41139,1.41149,1.47,1.00
2016.01.07 13:43:57.532,1.41139,1.41144,1.47,1.00
2016.01.07 13:43:57.836,1.4114,1.41145,1.37,3.00
2016.01.07 13:43:57.887,1.41137,1.41146,1.87,2.25
2016.01.07 13:43:57.939,1.41137,1.41147,1.87,1.12
2016.01.07 13:43:58.243,1.41136,1.41142,1.87,1.12
2016.01.07 13:43:58.346,1.41135,1.41142,1.37,2.52
2016.01.07 13:43:58.397,1.41134,1.41142,1.00,2.52
2016.01.07 13:43:58.449,1.41131,1.41142,2.25,2.52
2016.01.07 13:43:58.652,1.41133,1.41142,1.57,1.50
2016.01.07 13:43:58.703,1.41135,1.41144,1.50,2.14
2016.01.07 13:43:59.075,1.41146,1.41152,1.37,2.89
2016.01.07 13:43:59.127,1.41147,1.41152,1.37,1.50
2016.01.07 13:43:59.229,1.41146,1.41153,1.37,1.02
2016.01.07 13:43:59.280,1.41149,1.41153,1.00,1.02
2016.01.07 13:43:59.484,1.41159,1.41164,1.37,1.12
2016.01.07 13:43:59.587,1.41154,1.41165,1.95,2.25
2016.01.07 13:43:59.689,1.41158,1.41166,1.87,1.12
2016.01.07 13:43:59.995,1.41161,1.41168,1.87,1.50
2016.01.07 13:44:00.252,1.41161,1.41172,1.37,1.80
2016.01.07 13:44:00.458,1.41164,1.41174,1.12,1.42
2016.01.07 13:44:00.561,1.41164,1.41176,4.87,1.12
2016.01.07 13:44:00.918,1.41172,1.41178,1.37,1.87
2016.01.07 13:44:01.114,1.41169,1.41178,1.47,1.50
2016.01.07 13:44:01.622,1.41167,1.41178,1.12,1.37
2016.01.07 13:44:02.338,1.41166,1.41171,1.37,1.00
2016.01.07 13:44:02.492,1.41161,1.41172,1.12,1.87
2016.01.07 13:44:02.543,1.41157,1.4117,1.75,1.12
2016.01.07 13:44:03.003,1.41156,1.41168,1.57,2.62
2016.01.07 13:44:03.524,1.41158,1.41171,2.32,2.62
2016.01.07 13:44:03.881,1.41159,1.41172,1.47,1.50
2016.01.07 13:44:04.086,1.41158,1.41172,1.57,2.25
2016.01.07 13:44:04.619,1.41156,1.41171,1.87,2.25
2016.01.07 13:44:05.128,1.41159,1.41172,1.47,1.50
2016.01.07 13:44:05.387,1.41157,1.41164,1.50,1.50
2016.01.07 13:44:05.702,1.41155,1.41164,1.12,2.25
2016.01.07 13:44:06.210,1.41154,1.41163,1.57,1.37
2016.01.07 13:44:06.515,1.41155,1.41164,1.00,2.32
2016.01.07 13:44:06.910,1.41161,1.4117,1.00,1.57
2016.01.07 13:44:06.962,1.41163,1.41175,1.07,2.32
2016.01.07 13:44:07.624,1.41163,1.41176,1.57,1.10
2016.01.07 13:44:08.131,1.41163,1.41175,1.95,1.87
2016.01.07 13:44:08.913,1.41164,1.41175,1.20,1.07
2016.01.07 13:44:10.599,1.41164,1.41177,1.10,1.95
2016.01.07 13:44:11.209,1.41164,1.41177,1.57,1.47
2016.01.07 13:44:11.732,1.41165,1.41177,1.47,1.47
2016.01.07 13:44:12.982,1.41165,1.41174,1.57,1.00
2016.01.07 13:44:13.287,1.41162,1.41172,2.25,1.00
2016.01.07 13:44:13.440,1.41162,1.41174,2.25,1.87
2016.01.07 13:44:13.996,1.41162,1.41174,2.62,2.62
2016.01.07 13:44:14.503,1.41162,1.41173,1.50,1.12
2016.01.07 13:44:14.655,1.4116,1.4117,1.50,1.00
2016.01.07 13:44:14.808,1.41159,1.4117,1.00,1.87
2016.01.07 13:44:15.398,1.41155,1.41168,6.37,1.00
2016.01.07 13:44:15.754,1.41156,1.41166,1.37,1.00
2016.01.07 13:44:16.315,1.41155,1.41166,1.37,1.50
2016.01.07 13:44:16.925,1.41155,1.41164,1.50,1.00
2016.01.07 13:44:17.078,1.41155,1.41164,1.10,1.12
2016.01.07 13:44:17.129,1.41155,1.41163,1.10,1.50
2016.01.07 13:44:17.834,1.41152,1.41162,1.47,1.00
2016.01.07 13:44:18.344,1.41152,1.41162,1.10,1.37
2016.01.07 13:44:19.053,1.41152,1.4116,1.10,1.00
2016.01.07 13:44:19.594,1.41152,1.4116,1.00,1.50
2016.01.07 13:44:20.705,1.41148,1.4116,1.57,1.50
2016.01.07 13:44:21.268,1.4115,1.4116,1.00,1.50
2016.01.07 13:44:21.674,1.41151,1.41161,1.37,1.50
2016.01.07 13:44:21.827,1.41158,1.41168,1.07,1.37
2016.01.07 13:44:21.878,1.41158,1.41169,1.12,1.87
2016.01.07 13:44:22.392,1.4116,1.41169,1.47,1.00
2016.01.07 13:44:22.901,1.41159,1.41169,1.45,1.00
2016.01.07 13:44:23.555,1.4116,1.41169,1.47,1.00
2016.01.07 13:44:24.063,1.41161,1.41171,1.37,1.87
2016.01.07 13:44:24.574,1.41162,1.4117,1.37,1.00
2016.01.07 13:44:24.676,1.4116,1.41171,1.47,1.87
2016.01.07 13:44:25.184,1.41161,1.4117,1.37,1.00
2016.01.07 13:44:25.647,1.41161,1.41172,1.37,2.62
2016.01.07 13:44:25.859,1.41161,1.41171,1.37,1.37
2016.01.07 13:44:26.390,1.41161,1.41172,1.37,3.37
2016.01.07 13:44:26.898,1.41162,1.41172,1.07,1.50
2016.01.07 13:44:26.950,1.41162,1.41173,1.12,1.37
2016.01.07 13:44:27.305,1.41161,1.41176,2.62,3.75
2016.01.07 13:44:29.214,1.41161,1.41172,2.62,1.00
2016.01.07 13:44:29.536,1.4116,1.41166,1.12,1.50
2016.01.07 13:44:31.234,1.41159,1.41167,1.37,1.75
2016.01.07 13:44:33.005,1.4116,1.41169,1.50,1.37
2016.01.07 13:44:33.309,1.4116,1.41166,1.00,1.00
2016.01.07 13:44:33.513,1.41151,1.4116,1.00,2.70
2016.01.07 13:44:33.564,1.4115,1.41156,1.00,1.50
2016.01.07 13:44:33.996,1.4113,1.41135,1.50,1.47
2016.01.07 13:44:34.048,1.41128,1.41135,1.00,1.95
2016.01.07 13:44:34.099,1.41125,1.41134,1.00,1.37
2016.01.07 13:44:34.609,1.41123,1.41135,3.00,2.70
2016.01.07 13:44:34.660,1.41124,1.41135,1.37,3.37
2016.01.07 13:44:34.762,1.41123,1.41135,2.25,2.62
2016.01.07 13:44:35.206,1.41123,1.41135,2.32,1.87
2016.01.07 13:44:35.257,1.41124,1.41137,1.37,3.00
2016.01.07 13:44:35.766,1.41125,1.41137,1.37,1.87
2016.01.07 13:44:36.973,1.41125,1.41136,1.57,1.10
2016.01.07 13:44:37.648,1.41128,1.41137,1.00,2.32
2016.01.07 13:44:37.903,1.4113,1.41141,1.50,1.12
2016.01.07 13:44:37.955,1.41129,1.41139,3.07,1.00
2016.01.07 13:44:38.261,1.41126,1.41137,1.20,1.87
2016.01.07 13:44:38.765,1.41124,1.41138,2.25,3.37
2016.01.07 13:44:39.273,1.41125,1.41138,1.57,3.00
2016.01.07 13:44:40.035,1.41125,1.41137,1.57,1.20
2016.01.07 13:44:40.647,1.41124,1.41138,2.62,1.95
2016.01.07 13:44:42.180,1.41124,1.41137,3.00,2.70
2016.01.07 13:44:43.020,1.41125,1.41136,1.12,1.37
2016.01.07 13:44:43.478,1.41124,1.41131,1.10,1.12
2016.01.07 13:44:44.229,1.41123,1.41135,2.32,1.87
2016.01.07 13:44:44.534,1.41125,1.41135,1.37,1.87
2016.01.07 13:44:45.235,1.41124,1.41134,1.50,1.50
2016.01.07 13:44:45.742,1.41124,1.41134,1.00,1.87
2016.01.07 13:44:46.351,1.41122,1.41133,4.12,1.00
2016.01.07 13:44:46.403,1.41122,1.41132,3.00,1.37
2016.01.07 13:44:46.910,1.41122,1.41132,3.00,1.00
2016.01.07 13:44:47.216,1.41126,1.41137,1.07,1.87
2016.01.07 13:44:47.318,1.41126,1.41137,1.37,1.50
2016.01.07 13:44:47.847,1.41126,1.41139,2.62,2.25
2016.01.07 13:44:48.802,1.41134,1.41142,1.37,1.37
2016.01.07 13:44:48.904,1.41137,1.41147,1.12,1.00
2016.01.07 13:44:49.006,1.41137,1.41151,2.25,2.70
2016.01.07 13:44:49.108,1.41139,1.41151,2.25,1.87
2016.01.07 13:44:50.000,1.41139,1.41151,1.50,1.37
2016.01.07 13:44:50.309,1.41141,1.41152,1.95,1.20
2016.01.07 13:44:50.514,1.41141,1.41155,4.50,1.57
2016.01.07 13:44:51.221,1.41141,1.41151,1.95,1.87
2016.01.07 13:44:51.731,1.41141,1.41153,1.95,1.50
2016.01.07 13:44:52.140,1.41141,1.41153,1.95,1.50
2016.01.07 13:44:52.657,1.41141,1.41153,2.70,1.10
2016.01.07 13:44:53.113,1.41141,1.41151,2.70,1.12
2016.01.07 13:44:53.165,1.41141,1.41151,1.10,1.20
2016.01.07 13:44:53.218,1.41141,1.41151,1.10,1.95
2016.01.07 13:44:53.553,1.41141,1.41146,1.10,1.00
2016.01.07 13:44:53.604,1.41134,1.41146,3.00,1.00
2016.01.07 13:44:53.706,1.41135,1.41145,1.37,1.37
2016.01.07 13:44:54.010,1.41135,1.41146,5.25,2.25
2016.01.07 13:44:54.163,1.41138,1.41148,1.45,1.50
2016.01.07 13:44:54.315,1.41138,1.41151,1.45,2.25
2016.01.07 13:44:54.943,1.41137,1.4115,2.25,1.50
2016.01.07 13:44:55.603,1.41136,1.4115,1.87,1.50
2016.01.07 13:44:56.041,1.41135,1.41149,2.25,1.57
2016.01.07 13:44:56.600,1.41135,1.41149,1.87,1.95
2016.01.07 13:44:56.702,1.41135,1.41148,1.57,1.45
2016.01.07 13:44:57.388,1.41135,1.41147,1.50,1.07
2016.01.07 13:44:57.440,1.41139,1.4115,1.12,1.37
2016.01.07 13:44:57.595,1.41139,1.41152,1.12,1.50
2016.01.07 13:44:58.604,1.41139,1.41152,1.12,1.00
2016.01.07 13:44:58.810,1.41145,1.41154,1.37,1.85
2016.01.07 13:44:59.014,1.41144,1.41159,1.87,1.50
2016.01.07 13:44:59.522,1.41144,1.41159,1.87,2.25
2016.01.07 13:45:00.391,1.41153,1.41159,1.00,2.25
2016.01.07 13:45:01.018,1.41153,1.4116,1.00,1.57
2016.01.07 13:45:04.471,1.41153,1.41162,1.00,1.00
2016.01.07 13:45:04.832,1.41156,1.41163,1.00,1.00
2016.01.07 13:45:05.036,1.41162,1.41171,1.37,1.50
2016.01.07 13:45:05.240,1.41164,1.41176,1.50,1.87
2016.01.07 13:45:05.342,1.41165,1.41177,1.75,2.25
2016.01.07 13:45:05.803,1.41168,1.41179,1.50,1.00
2016.01.07 13:45:07.062,1.41168,1.41177,1.50,1.37
2016.01.07 13:45:07.367,1.41168,1.41179,2.25,1.50
2016.01.07 13:45:07.723,1.41172,1.41178,1.00,1.00
2016.01.07 13:45:08.371,1.41172,1.41178,1.00,1.50
2016.01.07 13:45:09.335,1.41167,1.41178,1.37,1.57
2016.01.07 13:45:09.552,1.41166,1.41176,1.12,2.25
2016.01.07 13:45:09.756,1.41161,1.41174,1.10,1.50
2016.01.07 13:45:09.858,1.41161,1.41173,1.10,1.12
2016.01.07 13:45:11.622,1.41161,1.41173,1.10,1.47
2016.01.07 13:45:11.916,1.41161,1.41172,1.10,1.37
2016.01.07 13:45:12.535,1.4116,1.41173,1.07,1.47
2016.01.07 13:45:13.144,1.41162,1.41175,1.12,1.50
2016.01.07 13:45:13.196,1.41162,1.41175,1.50,1.07
2016.01.07 13:45:15.800,1.41164,1.41177,1.20,4.57
2016.01.07 13:45:15.953,1.41165,1.41177,1.10,1.47
2016.01.07 13:45:16.258,1.41165,1.41178,1.50,1.95
2016.01.07 13:45:16.912,1.41165,1.41178,1.87,1.95
2016.01.07 13:45:18.186,1.41169,1.41179,1.00,2.62
2016.01.07 13:45:18.536,1.41169,1.41179,1.95,1.12
2016.01.07 13:45:18.893,1.41167,1.41179,1.00,2.70
2016.01.07 13:45:19.545,1.41169,1.41181,1.10,1.57
2016.01.07 13:45:20.053,1.4117,1.4118,1.00,1.12
2016.01.07 13:45:20.724,1.4117,1.4118,1.00,1.20
2016.01.07 13:45:21.590,1.4117,1.41177,1.00,1.00
2016.01.07 13:45:21.948,1.41168,1.41177,1.12,1.00
2016.01.07 13:45:22.456,1.41165,1.41177,1.82,1.00
2016.01.07 13:45:23.111,1.41165,1.41177,2.25,1.07
2016.01.07 13:45:30.854,1.41165,1.41175,1.50,1.00
2016.01.07 13:45:31.358,1.41165,1.41176,2.25,1.10
2016.01.07 13:45:31.927,1.41168,1.41179,1.50,1.87
2016.01.07 13:45:31.979,1.41168,1.41179,3.00,1.20
2016.01.07 13:45:32.132,1.41174,1.41179,1.00,1.07
2016.01.07 13:45:32.337,1.41183,1.41192,1.50,1.47
2016.01.07 13:45:32.439,1.41183,1.41193,1.57,1.00
2016.01.07 13:45:32.645,1.41183,1.41195,2.32,1.10
2016.01.07 13:45:33.169,1.41183,1.41195,1.50,1.07
2016.01.07 13:45:33.220,1.41183,1.41195,1.37,1.37
2016.01.07 13:45:33.474,1.41182,1.41193,1.95,1.07
2016.01.07 13:45:33.975,1.41182,1.41191,1.00,1.07
2016.01.07 13:45:34.280,1.41179,1.41184,2.25,1.00
2016.01.07 13:45:34.383,1.41176,1.41182,1.87,1.00
2016.01.07 13:45:34.434,1.41176,1.41182,1.00,1.12
2016.01.07 13:45:35.055,1.41171,1.4118,1.00,1.10
2016.01.07 13:45:35.579,1.41171,1.4118,1.12,1.20
2016.01.07 13:45:36.242,1.41181,1.41189,1.37,1.37
2016.01.07 13:45:36.293,1.4118,1.41191,1.87,1.75
2016.01.07 13:45:36.395,1.4118,1.41193,3.07,1.37
2016.01.07 13:45:36.497,1.41181,1.41193,1.47,1.10
2016.01.07 13:45:36.650,1.41181,1.41193,1.57,1.10
2016.01.07 13:45:36.956,1.41182,1.41193,1.37,1.37
2016.01.07 13:45:37.058,1.41182,1.41191,1.37,1.10
2016.01.07 13:45:37.604,1.41183,1.41192,1.57,1.10
2016.01.07 13:45:38.114,1.41183,1.41192,1.10,1.10
2016.01.07 13:45:38.645,1.41183,1.41194,1.95,1.00
2016.01.07 13:45:39.152,1.41183,1.41195,1.95,1.12
2016.01.07 13:45:40.113,1.41184,1.41195,1.57,1.00
2016.01.07 13:45:40.626,1.41184,1.41195,1.10,1.00
2016.01.07 13:45:41.133,1.41184,1.41195,1.57,1.00
2016.01.07 13:45:41.662,1.41184,1.41195,1.07,1.37
2016.01.07 13:45:42.670,1.41183,1.41195,2.62,1.00
2016.01.07 13:45:43.178,1.41183,1.41196,2.62,1.12
2016.01.07 13:45:43.965,1.41184,1.41195,1.07,1.00
2016.01.07 13:45:44.472,1.41183,1.41195,2.32,1.10
2016.01.07 13:45:45.091,1.41184,1.41194,1.10,1.00
2016.01.07 13:45:46.024,1.41184,1.41192,1.10,1.00
2016.01.07 13:45:46.413,1.41181,1.41192,1.37,1.45
2016.01.07 13:45:46.618,1.41181,1.41192,1.75,1.45
2016.01.07 13:45:46.928,1.41183,1.41193,1.00,2.25
2016.01.07 13:45:47.482,1.41183,1.41193,1.37,1.12
2016.01.07 13:45:47.990,1.41182,1.41193,2.70,1.12
2016.01.07 13:45:48.564,1.41183,1.41193,1.37,1.12
2016.01.07 13:45:49.056,1.41182,1.41193,1.20,1.12
2016.01.07 13:45:49.462,1.41183,1.41192,1.37,1.07
2016.01.07 13:45:50.241,1.41182,1.41192,1.57,1.07
2016.01.07 13:45:50.495,1.41179,1.4119,1.12,1.12
2016.01.07 13:45:50.648,1.4118,1.4119,1.37,1.00
2016.01.07 13:45:51.156,1.41181,1.41192,1.50,2.62
2016.01.07 13:45:51.669,1.4118,1.4119,1.50,1.12
2016.01.07 13:45:52.279,1.41181,1.4119,1.12,1.12
2016.01.07 13:45:52.753,1.41179,1.41188,1.37,1.37
2016.01.07 13:45:53.059,1.4117,1.41177,1.37,1.00
2016.01.07 13:45:53.161,1.41167,1.41178,3.37,2.62
2016.01.07 13:45:53.264,1.41169,1.41178,1.37,1.37
2016.01.07 13:45:53.416,1.4117,1.41178,1.37,1.50
2016.01.07 13:45:53.670,1.41166,1.41175,1.12,1.20
2016.01.07 13:45:53.865,1.41165,1.41173,1.50,1.12
2016.01.07 13:45:53.917,1.41162,1.41172,1.00,1.75
2016.01.07 13:45:54.527,1.41162,1.41173,1.50,2.25
2016.01.07 13:45:54.832,1.41162,1.41173,1.87,1.12
2016.01.07 13:45:54.984,1.41163,1.41173,1.10,1.10
2016.01.07 13:45:55.313,1.41164,1.41174,1.50,1.00
2016.01.07 13:45:55.770,1.41163,1.41174,1.57,1.10
2016.01.07 13:45:58.120,1.41164,1.41176,1.20,1.57
2016.01.07 13:45:58.273,1.41164,1.41176,2.62,1.57
2016.01.07 13:46:02.663,1.41167,1.41178,1.00,1.81
2016.01.07 13:46:03.473,1.41164,1.41176,2.25,1.01
2016.01.07 13:46:04.083,1.41164,1.41176,1.75,1.88
2016.01.07 13:46:04.134,1.41164,1.41175,1.47,1.06
2016.01.07 13:46:05.392,1.41164,1.41175,1.87,1.13
2016.01.07 13:46:05.906,1.41164,1.41174,1.20,1.01
2016.01.07 13:46:06.717,1.41164,1.41175,1.10,1.13
2016.01.07 13:46:07.641,1.41163,1.41175,1.12,2.63
2016.01.07 13:46:07.945,1.41164,1.41175,1.00,1.01
2016.01.07 13:46:08.149,1.41166,1.41177,1.00,2.18
2016.01.07 13:46:08.423,1.41165,1.41177,2.32,1.13
2016.01.07 13:46:08.474,1.41165,1.41177,2.25,1.43
2016.01.07 13:46:14.020,1.41165,1.41177,2.70,1.50
2016.01.07 13:46:14.224,1.41166,1.41177,2.32,1.10
2016.01.07 13:46:14.843,1.41166,1.41178,3.00,1.10
2016.01.07 13:46:16.961,1.41168,1.41179,1.20,1.87
2016.01.07 13:46:17.558,1.41166,1.41179,1.87,2.62
2016.01.07 13:46:18.068,1.41167,1.41179,1.07,2.70
2016.01.07 13:46:19.239,1.41164,1.41177,1.87,2.25
2016.01.07 13:46:19.290,1.41164,1.41177,1.10,2.70
2016.01.07 13:46:19.393,1.41164,1.41177,1.10,3.37
2016.01.07 13:46:20.655,1.41162,1.41174,1.50,1.47
2016.01.07 13:46:20.706,1.4116,1.41174,2.62,1.37
2016.01.07 13:46:21.309,1.41161,1.41174,1.00,1.37
2016.01.07 13:46:21.411,1.41161,1.41172,1.00,1.37
2016.01.07 13:46:21.513,1.41161,1.41174,1.00,2.32
2016.01.07 13:46:22.023,1.41161,1.41174,1.00,3.07
2016.01.07 13:46:23.330,1.4116,1.41173,1.50,2.25
2016.01.07 13:46:25.160,1.4116,1.41172,1.50,1.12
2016.01.07 13:46:25.746,1.4116,1.41173,1.50,1.50
2016.01.07 13:46:26.103,1.41162,1.41175,1.45,1.57
2016.01.07 13:46:26.426,1.41165,1.41176,1.07,1.07
2016.01.07 13:46:26.833,1.41168,1.41177,1.00,1.12
2016.01.07 13:46:26.884,1.41168,1.41178,1.00,1.20
2016.01.07 13:46:27.498,1.41168,1.41178,1.10,1.12
2016.01.07 13:46:28.370,1.41166,1.41176,1.87,1.00
2016.01.07 13:46:28.981,1.41166,1.41174,1.50,1.00
2016.01.07 13:46:29.494,1.41162,1.41172,1.37,1.00
2016.01.07 13:46:29.850,1.41162,1.41172,1.00,1.87
2016.01.07 13:46:30.164,1.41162,1.41174,1.00,1.50
2016.01.07 13:46:30.573,1.41165,1.41174,1.00,1.50
2016.01.07 13:46:33.010,1.41165,1.41176,1.00,2.32
2016.01.07 13:46:33.937,1.41165,1.41177,1.87,1.20
2016.01.07 13:46:34.987,1.41165,1.41178,1.87,2.25
2016.01.07 13:46:35.545,1.41166,1.41178,1.07,1.20
2016.01.07 13:46:38.444,1.4117,1.41178,1.00,1.20
2016.01.07 13:46:38.807,1.41175,1.4118,1.87,1.00
2016.01.07 13:46:38.859,1.4117,1.41181,1.37,1.87
2016.01.07 13:46:39.163,1.41171,1.41179,1.37,1.37
2016.01.07 13:46:39.368,1.4117,1.4118,1.37,1.00
2016.01.07 13:46:39.470,1.41172,1.41181,1.37,1.87
2016.01.07 13:46:39.775,1.41173,1.41182,1.20,1.50
2016.01.07 13:46:40.068,1.41181,1.41186,1.00,2.25
2016.01.07 13:46:40.120,1.41181,1.41187,1.12,1.00
2016.01.07 13:46:40.171,1.41182,1.41187,1.37,1.00
2016.01.07 13:46:40.222,1.41182,1.41191,1.37,1.00
2016.01.07 13:46:40.734,1.41181,1.41192,1.87,3.75
2016.01.07 13:46:41.281,1.41181,1.41192,1.50,1.37
2016.01.07 13:46:42.052,1.41183,1.41191,1.37,1.37
2016.01.07 13:46:42.431,1.41184,1.41194,1.00,1.87
2016.01.07 13:46:42.482,1.41189,1.41198,1.47,1.37
2016.01.07 13:46:42.991,1.41188,1.41198,1.95,1.12
2016.01.07 13:46:43.497,1.41188,1.41198,1.95,2.25
2016.01.07 13:46:46.459,1.41188,1.41198,1.50,1.50
2016.01.07 13:46:48.166,1.41188,1.41197,2.25,1.50
2016.01.07 13:46:48.742,1.41187,1.412,1.87,3.45
2016.01.07 13:46:49.414,1.41187,1.412,2.25,3.45
2016.01.07 13:46:51.916,1.41188,1.41198,1.50,1.00
2016.01.07 13:46:56.184,1.41187,1.41197,1.50,1.00
2016.01.07 13:46:57.355,1.41187,1.41197,1.07,1.00
2016.01.07 13:46:58.167,1.41187,1.41195,1.07,1.00
2016.01.07 13:46:58.508,1.41186,1.41197,1.57,1.00
2016.01.07 13:47:00.971,1.41187,1.41197,1.20,1.00
2016.01.07 13:47:01.505,1.41187,1.41198,1.57,1.00
2016.01.07 13:47:01.759,1.41187,1.41193,1.20,1.00
2016.01.07 13:47:02.013,1.41173,1.4118,1.50,1.37
2016.01.07 13:47:02.115,1.41168,1.41179,2.25,1.12
2016.01.07 13:47:02.374,1.41167,1.41178,1.50,1.12
2016.01.07 13:47:02.731,1.41168,1.41179,1.45,1.00
2016.01.07 13:47:03.238,1.41169,1.41179,1.20,1.00
2016.01.07 13:47:03.765,1.4117,1.41181,1.10,1.37
2016.01.07 13:47:04.273,1.4117,1.41181,1.07,1.00
2016.01.07 13:47:04.700,1.41171,1.41181,1.12,1.00
2016.01.07 13:47:05.985,1.41171,1.41183,1.87,1.57
2016.01.07 13:47:06.496,1.41174,1.41183,1.00,1.47
2016.01.07 13:47:07.604,1.41173,1.41182,1.10,1.12
2016.01.07 13:47:08.112,1.41173,1.41183,1.95,1.12
2016.01.07 13:47:10.385,1.41173,1.41183,2.25,1.12
2016.01.07 13:47:10.950,1.41172,1.41182,2.25,1.00
2016.01.07 13:47:11.103,1.41172,1.41182,1.87,1.00
2016.01.07 13:47:11.646,1.41172,1.41184,2.25,1.57
2016.01.07 13:47:12.689,1.41172,1.41183,2.62,1.12
2016.01.07 13:47:12.996,1.4119,1.41194,2.25,1.50
2016.01.07 13:47:13.047,1.4119,1.41195,1.50,1.00
2016.01.07 13:47:13.200,1.4119,1.41196,3.37,1.00
2016.01.07 13:47:13.252,1.4119,1.41198,1.87,1.00
2016.01.07 13:47:13.831,1.41192,1.41198,1.20,1.00
2016.01.07 13:47:14.035,1.41191,1.412,1.87,1.87
2016.01.07 13:47:14.559,1.41191,1.41199,1.50,1.00
2016.01.07 13:47:15.214,1.4119,1.412,2.62,1.50
2016.01.07 13:47:15.367,1.41189,1.41197,1.10,1.12
2016.01.07 13:47:15.926,1.41187,1.41197,1.87,1.37
2016.01.07 13:47:16.476,1.41186,1.41197,3.00,1.50
2016.01.07 13:47:17.026,1.41186,1.41196,2.62,1.00
2016.01.07 13:47:18.485,1.41185,1.41196,3.00,1.50
2016.01.07 13:47:19.197,1.41185,1.41194,1.12,1.00
2016.01.07 13:47:19.501,1.41176,1.41183,1.00,1.45
2016.01.07 13:47:19.603,1.41169,1.4118,3.00,1.10
2016.01.07 13:47:19.808,1.41172,1.41183,1.87,1.00
2016.01.07 13:47:19.910,1.41173,1.41185,2.62,1.10
2016.01.07 13:47:20.316,1.41176,1.41188,2.25,1.57
2016.01.07 13:47:20.572,1.41179,1.41191,1.47,1.10
2016.01.07 13:47:21.612,1.4118,1.4119,1.00,1.00
2016.01.07 13:47:22.120,1.4118,1.41191,1.00,1.10
2016.01.07 13:47:23.063,1.41181,1.41193,1.00,1.50
2016.01.07 13:47:23.600,1.41181,1.41193,1.20,1.20
2016.01.07 13:47:23.855,1.41183,1.41194,1.00,1.23
2016.01.07 13:47:24.160,1.41184,1.41197,2.62,1.67
2016.01.07 13:47:24.668,1.41184,1.41198,3.00,2.72
2016.01.07 13:47:25.195,1.41185,1.41198,1.12,2.42
2016.01.07 13:47:28.059,1.41188,1.41198,1.07,1.60
2016.01.07 13:47:29.559,1.41189,1.412,1.10,1.00
2016.01.07 13:47:29.661,1.41191,1.41201,1.00,1.37
2016.01.07 13:47:29.967,1.41202,1.41212,1.37,1.00
2016.01.07 13:47:30.482,1.41203,1.41216,1.87,1.07
2016.01.07 13:47:31.472,1.41203,1.41214,1.95,1.00
2016.01.07 13:47:31.771,1.41202,1.41213,1.00,1.07
2016.01.07 13:47:32.229,1.41202,1.41206,1.00,1.00
2016.01.07 13:47:32.433,1.41194,1.41205,1.00,1.95
2016.01.07 13:47:32.484,1.41194,1.41205,1.00,1.20
2016.01.07 13:47:32.536,1.41194,1.41205,1.10,1.12
2016.01.07 13:47:32.790,1.41194,1.41207,1.20,2.05
2016.01.07 13:47:33.196,1.41195,1.41208,1.45,1.12
2016.01.07 13:47:33.703,1.41194,1.41208,2.62,1.12
2016.01.07 13:47:33.856,1.41196,1.41208,2.70,1.10
2016.01.07 13:47:34.603,1.41196,1.41208,1.57,1.07
2016.01.07 13:47:35.870,1.41197,1.41209,1.95,1.50
2016.01.07 13:47:36.174,1.412,1.41212,1.00,1.12
2016.01.07 13:47:36.681,1.412,1.41212,1.10,1.07
2016.01.07 13:47:37.192,1.412,1.41212,1.95,1.07
2016.01.07 13:47:37.711,1.412,1.41214,2.62,1.12
2016.01.07 13:47:38.219,1.412,1.41213,1.50,1.12
2016.01.07 13:47:38.270,1.412,1.41213,1.50,1.00
2016.01.07 13:47:38.927,1.412,1.41212,1.50,1.00
2016.01.07 13:47:39.650,1.412,1.41214,2.25,1.57
2016.01.07 13:47:39.802,1.41201,1.41214,1.20,1.50
2016.01.07 13:47:40.555,1.41201,1.41214,1.07,1.95
2016.01.07 13:47:41.063,1.41201,1.41212,1.07,1.00
2016.01.07 13:47:41.570,1.41201,1.41212,1.00,1.10
2016.01.07 13:47:41.907,1.412,1.41212,2.25,1.10
2016.01.07 13:47:42.211,1.41202,1.41215,1.57,1.57
2016.01.07 13:47:42.718,1.41202,1.41215,2.25,1.12
2016.01.07 13:47:43.380,1.41205,1.41216,1.00,1.95
2016.01.07 13:47:43.887,1.41205,1.41216,1.12,1.10
2016.01.07 13:47:44.462,1.41207,1.41217,1.00,1.07
2016.01.07 13:47:44.969,1.41207,1.41217,1.00,1.10
2016.01.07 13:47:45.071,1.41205,1.41218,1.95,2.32
2016.01.07 13:47:45.580,1.41205,1.41218,1.95,1.95
2016.01.07 13:47:45.971,1.41205,1.41217,1.37,1.37
2016.01.07 13:47:46.277,1.41205,1.41217,1.37,1.07
2016.01.07 13:47:46.734,1.41206,1.41217,1.00,1.45
2016.01.07 13:47:47.250,1.41207,1.41217,1.00,1.57
2016.01.07 13:47:48.775,1.41206,1.41218,1.50,1.45
2016.01.07 13:47:49.501,1.41206,1.41219,1.37,1.87
2016.01.07 13:47:50.313,1.41206,1.41219,1.00,1.87
2016.01.07 13:47:51.569,1.41206,1.41219,1.50,2.62
2016.01.07 13:47:51.671,1.41206,1.41219,1.57,1.20
2016.01.07 13:47:52.760,1.41208,1.4122,1.00,1.45
2016.01.07 13:47:53.417,1.41208,1.41221,1.57,1.87
2016.01.07 13:47:55.427,1.41208,1.41221,3.00,1.07
2016.01.07 13:47:55.936,1.41209,1.41221,1.45,1.12
2016.01.07 13:47:56.628,1.41208,1.41221,1.50,1.87
2016.01.07 13:47:57.140,1.41209,1.4122,1.20,1.00
2016.01.07 13:47:57.664,1.41209,1.41219,1.20,1.10
2016.01.07 13:47:59.914,1.41208,1.41219,1.45,1.10
2016.01.07 13:48:01.919,1.41209,1.41219,1.10,1.57
2016.01.07 13:48:03.980,1.41208,1.41221,1.45,1.95
2016.01.07 13:48:04.487,1.41207,1.41221,2.62,1.47
2016.01.07 13:48:04.994,1.41209,1.41221,1.47,2.32
2016.01.07 13:48:05.248,1.41207,1.41221,2.62,3.07
2016.01.07 13:48:05.604,1.41207,1.41218,2.25,1.00
2016.01.07 13:48:06.111,1.41207,1.41218,1.50,1.12
2016.01.07 13:48:06.515,1.41207,1.41218,1.12,1.20
2016.01.07 13:48:07.031,1.41207,1.41217,1.12,1.00
2016.01.07 13:48:07.671,1.41207,1.41217,1.12,1.37
2016.01.07 13:48:08.452,1.41206,1.41215,1.00,1.20
2016.01.07 13:48:13.116,1.41206,1.41216,1.57,1.50
2016.01.07 13:48:13.573,1.41207,1.41218,1.12,1.37
2016.01.07 13:48:15.544,1.41206,1.41218,2.32,1.37
2016.01.07 13:48:16.968,1.41206,1.41215,1.20,1.12
2016.01.07 13:48:17.961,1.41202,1.41213,2.70,1.00
2016.01.07 13:48:18.268,1.4119,1.41203,1.87,1.12
2016.01.07 13:48:18.319,1.41189,1.41203,1.87,1.12
2016.01.07 13:48:18.421,1.4119,1.41203,1.20,2.62
2016.01.07 13:48:18.725,1.41191,1.41203,1.57,1.20
2016.01.07 13:48:19.219,1.4119,1.41203,1.57,1.47
2016.01.07 13:48:19.525,1.41191,1.41203,1.10,1.57
2016.01.07 13:48:19.678,1.41191,1.41203,1.47,1.57
2016.01.07 13:48:20.374,1.41191,1.41203,1.50,1.10
2016.01.07 13:48:21.126,1.41189,1.41203,1.87,1.95
2016.01.07 13:48:21.228,1.41191,1.41203,1.10,3.37
2016.01.07 13:48:21.755,1.41189,1.41203,1.50,2.25
2016.01.07 13:48:21.806,1.41192,1.41203,1.00,1.12
2016.01.07 13:48:22.060,1.4119,1.41203,1.95,1.10
2016.01.07 13:48:22.467,1.41191,1.41204,1.50,1.50
2016.01.07 13:48:22.772,1.41192,1.41204,1.10,1.87
2016.01.07 13:48:23.129,1.41191,1.41204,1.57,1.57
2016.01.07 13:48:23.234,1.41192,1.41204,1.10,1.87
2016.01.07 13:48:23.387,1.4119,1.41204,3.00,1.50
2016.01.07 13:48:24.315,1.41191,1.41204,1.50,1.87
2016.01.07 13:48:24.836,1.41191,1.41204,1.20,1.95
2016.01.07 13:48:25.245,1.41189,1.41203,1.12,2.25
2016.01.07 13:48:25.867,1.41189,1.41201,1.47,1.57
2016.01.07 13:48:26.172,1.41189,1.41201,1.47,1.95
2016.01.07 13:48:26.699,1.4119,1.41201,1.37,1.57
2016.01.07 13:48:27.180,1.41192,1.41203,1.45,1.12
2016.01.07 13:48:31.525,1.41192,1.41203,1.95,1.00
2016.01.07 13:48:32.033,1.41193,1.41203,1.87,1.00
2016.01.07 13:48:32.541,1.41193,1.41205,1.50,1.57
2016.01.07 13:48:34.944,1.41195,1.41207,1.47,1.12
2016.01.07 13:48:35.170,1.41199,1.41209,1.00,1.50
2016.01.07 13:48:35.706,1.41199,1.41209,1.50,1.00
2016.01.07 13:48:36.368,1.412,1.41211,1.12,1.95
2016.01.07 13:48:36.875,1.41201,1.41211,1.12,1.12
2016.01.07 13:48:37.332,1.41201,1.41214,3.75,1.47
2016.01.07 13:48:37.765,1.41203,1.41214,2.32,1.00
2016.01.07 13:48:37.867,1.41201,1.41212,1.47,1.00
2016.01.07 13:48:38.376,1.412,1.41212,1.20,1.12
2016.01.07 13:48:38.783,1.41199,1.4121,1.50,1.00
2016.01.07 13:48:39.086,1.41197,1.41207,1.00,1.00
2016.01.07 13:48:39.594,1.41198,1.41207,1.00,1.00
2016.01.07 13:48:40.051,1.41198,1.41202,1.00,1.00
2016.01.07 13:48:40.205,1.41194,1.41202,1.12,1.12
2016.01.07 13:48:40.423,1.41194,1.412,1.00,1.75
2016.01.07 13:48:40.474,1.41188,1.412,1.20,1.87
2016.01.07 13:48:40.728,1.41188,1.41202,1.50,2.70
2016.01.07 13:48:40.780,1.41188,1.41202,1.50,1.95
2016.01.07 13:48:41.086,1.4119,1.41202,1.10,2.70
2016.01.07 13:48:42.651,1.41189,1.41201,1.20,1.00
2016.01.07 13:48:43.158,1.41189,1.412,1.07,1.00
2016.01.07 13:48:43.463,1.41182,1.41194,3.00,1.00
2016.01.07 13:48:43.514,1.41182,1.41194,1.95,1.07
2016.01.07 13:48:44.042,1.41184,1.41194,1.00,1.12
2016.01.07 13:48:44.570,1.41185,1.41194,1.00,1.12
2016.01.07 13:48:44.672,1.41183,1.41194,2.70,1.12
2016.01.07 13:48:44.876,1.41184,1.41194,1.50,1.20
2016.01.07 13:48:45.241,1.41185,1.4119,1.20,1.50
2016.01.07 13:48:45.394,1.41181,1.41185,1.00,1.00
2016.01.07 13:48:45.446,1.41178,1.41184,1.95,1.50
2016.01.07 13:48:45.548,1.41172,1.41182,1.07,1.50
2016.01.07 13:48:45.650,1.4117,1.41182,1.12,3.07
2016.01.07 13:48:45.701,1.4117,1.41182,1.50,3.37
2016.01.07 13:48:46.261,1.4117,1.41182,1.00,2.70
2016.01.07 13:48:46.364,1.41173,1.41183,1.00,1.07
2016.01.07 13:48:46.567,1.41173,1.41185,1.57,1.57
2016.01.07 13:48:47.025,1.41171,1.41183,1.37,1.07
2016.01.07 13:48:47.418,1.41172,1.41182,1.00,1.37
2016.01.07 13:48:47.675,1.41172,1.41183,1.00,2.25
2016.01.07 13:48:48.183,1.41171,1.41182,1.00,1.95
2016.01.07 13:48:48.595,1.41173,1.41184,1.00,1.87
2016.01.07 13:48:48.647,1.41173,1.41186,1.07,1.87
2016.01.07 13:48:49.156,1.41173,1.41183,1.10,1.10
2016.01.07 13:48:50.105,1.41173,1.41185,1.50,1.87
2016.01.07 13:48:50.156,1.41176,1.41185,1.00,1.75
2016.01.07 13:48:50.310,1.41176,1.41185,1.00,1.07
2016.01.07 13:48:50.566,1.41173,1.41187,1.50,1.75
2016.01.07 13:48:50.925,1.41176,1.41187,1.00,1.87
2016.01.07 13:48:51.027,1.41174,1.41187,1.12,1.87
2016.01.07 13:48:51.078,1.41174,1.41187,1.57,1.12
2016.01.07 13:48:51.687,1.41177,1.41188,1.12,1.47
2016.01.07 13:48:52.588,1.41178,1.41189,1.00,1.45
2016.01.07 13:48:52.892,1.41178,1.4119,2.62,1.95
2016.01.07 13:48:53.427,1.41177,1.4119,2.25,1.50
2016.01.07 13:48:54.189,1.41178,1.4119,2.32,1.00
2016.01.07 13:48:54.644,1.41177,1.41189,1.37,1.57
2016.01.07 13:48:54.696,1.41177,1.41189,1.10,1.57
2016.01.07 13:48:55.355,1.41175,1.41189,1.45,1.57
2016.01.07 13:48:55.406,1.41178,1.41189,1.00,1.57
2016.01.07 13:48:55.661,1.41176,1.41187,1.00,1.10
2016.01.07 13:48:55.712,1.41176,1.41187,1.37,1.12
2016.01.07 13:48:55.924,1.41176,1.41187,1.10,1.00
2016.01.07 13:48:56.434,1.41174,1.41186,1.12,1.00
2016.01.07 13:48:56.942,1.41174,1.41188,1.87,1.95
2016.01.07 13:48:57.361,1.41176,1.41188,1.12,1.10
2016.01.07 13:48:57.869,1.41177,1.41188,1.00,1.10
2016.01.07 13:48:58.908,1.41175,1.41186,1.00,1.87
2016.01.07 13:48:59.010,1.41169,1.41181,2.62,1.10
2016.01.07 13:48:59.214,1.41168,1.41181,1.57,1.10
2016.01.07 13:49:00.072,1.41168,1.41181,1.45,1.20
2016.01.07 13:49:00.903,1.41169,1.41182,1.20,1.57
2016.01.07 13:49:02.012,1.41168,1.41177,1.20,1.00
2016.01.07 13:49:02.359,1.41162,1.4117,1.75,1.00
2016.01.07 13:49:02.410,1.41158,1.4117,2.25,1.00
2016.01.07 13:49:02.461,1.41158,1.4117,1.50,1.00
2016.01.07 13:49:02.817,1.4116,1.4117,1.37,1.00
2016.01.07 13:49:03.677,1.41159,1.4117,1.37,1.00
2016.01.07 13:49:04.287,1.4116,1.4117,1.00,2.25
2016.01.07 13:49:05.226,1.41161,1.41169,1.37,1.00
2016.01.07 13:49:05.734,1.4116,1.4117,1.50,2.25
2016.01.07 13:49:06.083,1.41158,1.41168,1.00,1.37
2016.01.07 13:49:06.592,1.41159,1.41167,1.37,1.37
2016.01.07 13:49:06.796,1.41158,1.41169,1.37,1.37
2016.01.07 13:49:07.299,1.4116,1.41168,1.37,1.37
2016.01.07 13:49:07.719,1.41159,1.4117,1.37,3.45
2016.01.07 13:49:08.689,1.4116,1.4117,1.37,3.37
2016.01.07 13:49:09.197,1.41159,1.4117,1.50,2.25
2016.01.07 13:49:09.991,1.4116,1.4117,1.37,3.00
2016.01.07 13:49:10.670,1.41159,1.4117,1.50,2.25
2016.01.07 13:49:11.320,1.41159,1.4117,1.50,3.00
2016.01.07 13:49:11.828,1.41159,1.4117,1.00,1.12
2016.01.07 13:49:13.040,1.41159,1.4117,1.37,1.12
2016.01.07 13:49:14.342,1.41159,1.41169,1.12,1.12
2016.01.07 13:49:14.393,1.41159,1.41169,1.12,2.25
2016.01.07 13:49:14.546,1.41157,1.41166,1.50,1.20
2016.01.07 13:49:14.648,1.41156,1.41166,2.25,2.25
2016.01.07 13:49:14.952,1.41158,1.41166,1.37,2.25
2016.01.07 13:49:16.512,1.41158,1.41169,1.50,2.25
2016.01.07 13:49:16.614,1.4116,1.41169,1.37,2.25
2016.01.07 13:49:17.524,1.41161,1.41169,1.37,2.25
2016.01.07 13:49:17.879,1.41161,1.41165,1.12,1.00
2016.01.07 13:49:18.033,1.41148,1.41157,1.12,1.12
2016.01.07 13:49:18.310,1.41147,1.41153,1.00,1.37
2016.01.07 13:49:18.566,1.4114,1.41154,2.25,3.75
2016.01.07 13:49:19.075,1.4114,1.41154,2.25,3.37
2016.01.07 13:49:19.600,1.4114,1.4115,1.87,1.20
2016.01.07 13:49:20.877,1.41139,1.4115,2.62,1.45
2016.01.07 13:49:21.030,1.41139,1.41146,1.87,1.00
2016.01.07 13:49:21.285,1.41129,1.41137,1.50,1.07
2016.01.07 13:49:21.762,1.41129,1.41134,1.00,1.00
2016.01.07 13:49:22.525,1.41125,1.41134,1.87,1.12
2016.01.07 13:49:23.046,1.41125,1.41134,2.25,1.00
2016.01.07 13:49:23.454,1.41125,1.41136,1.12,1.20
2016.01.07 13:49:24.189,1.41125,1.41136,1.57,1.00
2016.01.07 13:49:24.698,1.41125,1.41137,1.57,1.95
2016.01.07 13:49:26.371,1.41125,1.41137,1.85,1.95
2016.01.07 13:49:27.497,1.41128,1.41137,1.10,1.00
2016.01.07 13:49:27.549,1.41128,1.41139,2.32,1.07
2016.01.07 13:49:28.061,1.41128,1.41139,2.25,1.12
2016.01.07 13:49:28.830,1.41128,1.41139,1.87,1.50
2016.01.07 13:49:30.341,1.4113,1.41139,1.37,1.87
2016.01.07 13:49:30.646,1.41132,1.41139,1.37,1.87
2016.01.07 13:49:30.985,1.4113,1.4114,1.87,1.95
2016.01.07 13:49:31.639,1.41131,1.41139,1.37,1.37
2016.01.07 13:49:32.263,1.4113,1.4114,1.87,1.87
2016.01.07 13:49:32.930,1.41131,1.41139,1.37,1.37
2016.01.07 13:49:32.981,1.4113,1.4114,1.87,1.12
2016.01.07 13:49:33.489,1.4113,1.4114,1.50,1.87
2016.01.07 13:49:34.031,1.4113,1.4114,1.00,1.12
2016.01.07 13:49:34.552,1.4113,1.4114,1.87,1.87
2016.01.07 13:49:34.857,1.4113,1.4114,1.00,1.87
2016.01.07 13:49:35.009,1.41127,1.41135,1.00,1.47
2016.01.07 13:49:35.162,1.41123,1.41132,1.75,1.37
2016.01.07 13:49:35.213,1.41122,1.41132,1.87,1.37
2016.01.07 13:49:35.265,1.41122,1.41127,1.50,1.37
2016.01.07 13:49:35.647,1.4112,1.41126,1.50,1.12
2016.01.07 13:49:35.699,1.41119,1.41124,1.00,1.37
2016.01.07 13:49:35.753,1.41116,1.41124,1.50,1.75
2016.01.07 13:49:35.805,1.41115,1.4112,2.25,1.37
2016.01.07 13:49:35.857,1.41114,1.41121,1.12,1.75
2016.01.07 13:49:35.960,1.4111,1.41119,1.50,2.62
2016.01.07 13:49:36.012,1.41107,1.41117,1.75,1.37
2016.01.07 13:49:36.063,1.41107,1.41117,1.37,2.25
2016.01.07 13:49:36.571,1.41107,1.41119,1.00,1.37
2016.01.07 13:49:36.932,1.41107,1.4112,1.45,1.57
2016.01.07 13:49:37.439,1.41108,1.4112,2.32,1.10
2016.01.07 13:49:37.947,1.41109,1.41121,2.25,1.00
2016.01.07 13:49:38.278,1.4111,1.41122,1.37,4.12
2016.01.07 13:49:38.991,1.41117,1.41122,1.12,1.00
2016.01.07 13:49:39.367,1.41124,1.41131,4.50,1.50
2016.01.07 13:49:39.429,1.41125,1.41138,1.12,1.50
2016.01.07 13:49:39.939,1.41125,1.41138,2.25,1.12
2016.01.07 13:49:40.195,1.41125,1.41136,1.50,1.00
2016.01.07 13:49:40.512,1.41123,1.41135,1.75,1.07
2016.01.07 13:49:40.666,1.41122,1.41132,2.62,1.00
2016.01.07 13:49:41.174,1.4112,1.41132,3.75,1.12
2016.01.07 13:49:41.888,1.4112,1.41132,3.37,1.87
2016.01.07 13:49:43.836,1.41122,1.41131,1.00,1.12
2016.01.07 13:49:44.401,1.41119,1.4113,3.00,1.37
2016.01.07 13:49:44.503,1.41119,1.41131,2.25,1.12
2016.01.07 13:49:44.758,1.41118,1.41127,2.25,1.37
2016.01.07 13:49:44.811,1.41117,1.41124,1.00,1.10
2016.01.07 13:49:44.862,1.41114,1.41121,1.87,1.37
2016.01.07 13:49:44.965,1.41109,1.4112,1.37,1.37
2016.01.07 13:49:45.476,1.41107,1.41118,1.20,1.07
2016.01.07 13:49:45.977,1.41107,1.41118,1.20,1.07
2016.01.07 13:49:46.687,1.41107,1.41119,1.57,1.07
2016.01.07 13:49:47.281,1.41107,1.41119,1.45,1.00
2016.01.07 13:49:47.831,1.41106,1.4112,2.62,1.20
2016.01.07 13:49:48.345,1.41108,1.41121,1.12,1.00
2016.01.07 13:49:48.397,1.41111,1.41122,1.37,1.12
2016.01.07 13:49:48.549,1.41113,1.41124,1.12,3.37
2016.01.07 13:49:49.057,1.41114,1.41124,1.12,2.62
2016.01.07 13:49:53.760,1.41114,1.41126,1.12,1.37
2016.01.07 13:49:54.101,1.41119,1.4113,1.12,1.47
2016.01.07 13:49:54.254,1.41121,1.4113,1.00,1.47
2016.01.07 13:49:54.355,1.41121,1.4113,1.00,1.10
2016.01.07 13:49:54.761,1.41121,1.41132,1.12,1.95
2016.01.07 13:49:55.268,1.41121,1.41132,1.20,1.12
2016.01.07 13:49:57.881,1.41122,1.41134,1.57,1.12
2016.01.07 13:49:58.276,1.41124,1.41137,2.32,1.95
2016.01.07 13:50:00.278,1.41124,1.41137,1.57,1.85
2016.01.07 13:50:00.633,1.41124,1.4113,1.45,1.00
2016.01.07 13:50:00.895,1.4111,1.41119,1.75,1.00
2016.01.07 13:50:00.946,1.4111,1.41119,1.75,1.12
2016.01.07 13:50:00.998,1.41109,1.41119,1.37,1.12
2016.01.07 13:50:01.049,1.41109,1.41119,1.50,1.00
2016.01.07 13:50:01.252,1.4111,1.4112,1.37,1.10
2016.01.07 13:50:01.869,1.41109,1.41121,1.50,2.26
2016.01.07 13:50:02.813,1.4111,1.41121,1.50,2.26
2016.01.07 13:50:03.361,1.41108,1.41121,2.32,1.45
2016.01.07 13:50:03.903,1.41109,1.41121,1.12,1.57
2016.01.07 13:50:04.434,1.41109,1.41121,1.87,1.95
2016.01.07 13:50:05.063,1.4111,1.41121,1.37,1.95
2016.01.07 13:50:05.523,1.41117,1.41123,1.12,1.50
2016.01.07 13:50:05.726,1.41118,1.41126,1.37,1.95
2016.01.07 13:50:06.237,1.41117,1.41126,2.25,1.12
2016.01.07 13:50:06.522,1.41121,1.41127,1.57,1.12
2016.01.07 13:50:06.574,1.41123,1.4113,1.20,1.12
2016.01.07 13:50:06.727,1.41125,1.41132,1.10,1.00
2016.01.07 13:50:06.778,1.41125,1.41132,1.12,1.00
2016.01.07 13:50:07.721,1.41125,1.41138,2.25,1.95
2016.01.07 13:50:09.177,1.41125,1.41138,1.57,1.87
2016.01.07 13:50:09.734,1.41125,1.41138,1.57,1.50
2016.01.07 13:50:10.390,1.41125,1.41136,1.00,1.07
2016.01.07 13:50:11.318,1.41123,1.41133,1.37,1.50
2016.01.07 13:50:11.624,1.41115,1.41122,1.00,2.32
2016.01.07 13:50:11.675,1.4111,1.41122,1.00,3.45
2016.01.07 13:50:11.727,1.41109,1.41122,1.00,3.07
2016.01.07 13:50:12.837,1.41109,1.41121,1.50,1.47
2016.01.07 13:50:13.345,1.41109,1.41121,1.50,1.47
2016.01.07 13:50:13.719,1.41109,1.41121,1.50,1.20
2016.01.07 13:50:14.898,1.4111,1.41122,1.75,1.00
2016.01.07 13:50:15.304,1.41116,1.41122,1.00,1.00
2016.01.07 13:50:15.507,1.41116,1.41127,1.37,3.75
2016.01.07 13:50:16.164,1.41112,1.41122,1.45,1.00
2016.01.07 13:50:16.265,1.4111,1.41116,1.75,1.00
2016.01.07 13:50:16.367,1.41107,1.41119,3.00,1.12
2016.01.07 13:50:16.571,1.4111,1.4112,1.37,1.47
2016.01.07 13:50:17.079,1.4111,1.41121,1.87,1.07
2016.01.07 13:50:17.581,1.4111,1.41121,1.00,1.07
2016.01.07 13:50:18.088,1.41109,1.41119,3.00,1.10
2016.01.07 13:50:18.394,1.41099,1.41108,3.37,1.12
2016.01.07 13:50:19.322,1.41101,1.41109,1.00,1.20
2016.01.07 13:50:20.035,1.411,1.41112,2.32,2.70
2016.01.07 13:50:20.086,1.411,1.41111,2.70,1.00
2016.01.07 13:50:20.137,1.41103,1.41113,1.00,3.07
2016.01.07 13:50:20.290,1.41105,1.41115,1.37,1.45
2016.01.07 13:50:20.442,1.41105,1.41118,2.25,3.37
2016.01.07 13:50:20.949,1.41104,1.41116,1.87,1.00
2016.01.07 13:50:21.304,1.41103,1.41117,2.25,1.50
2016.01.07 13:50:22.386,1.41102,1.41115,2.62,1.00
2016.01.07 13:50:23.237,1.41102,1.41115,2.62,1.50
2016.01.07 13:50:23.615,1.41102,1.41108,1.50,1.00
2016.01.07 13:50:23.767,1.41098,1.41104,1.00,1.12
2016.01.07 13:50:23.818,1.41098,1.41103,1.00,1.37
2016.01.07 13:50:24.119,1.411,1.41105,1.37,3.00
2016.01.07 13:50:24.172,1.41099,1.41104,1.12,1.00
2016.01.07 13:50:24.324,1.41099,1.41111,1.50,1.47
2016.01.07 13:50:24.578,1.411,1.41111,1.37,1.20
2016.01.07 13:50:24.781,1.411,1.41114,2.32,1.57
2016.01.07 13:50:25.135,1.41102,1.41114,1.57,1.20
2016.01.07 13:50:25.651,1.41104,1.41115,1.47,1.37
2016.01.07 13:50:26.160,1.41105,1.41115,1.20,1.37
2016.01.07 13:50:26.772,1.41105,1.41115,2.25,1.37
2016.01.07 13:50:27.280,1.41105,1.41118,2.25,1.57
2016.01.07 13:50:30.658,1.41111,1.4112,1.37,2.62
2016.01.07 13:50:30.964,1.41113,1.4112,1.87,1.00
2016.01.07 13:50:31.015,1.41115,1.41127,1.07,1.12
2016.01.07 13:50:31.523,1.41119,1.4113,1.12,1.85
2016.01.07 13:50:31.935,1.41121,1.41134,1.95,3.07
2016.01.07 13:50:31.986,1.41122,1.41134,1.00,2.32
2016.01.07 13:50:32.517,1.41123,1.41134,1.00,2.70
2016.01.07 13:50:34.265,1.41123,1.41131,1.00,1.00
2016.01.07 13:50:34.530,1.41119,1.41131,1.20,1.10
2016.01.07 13:50:35.042,1.4112,1.4113,1.00,1.00
2016.01.07 13:50:35.741,1.4112,1.41131,1.00,1.10
2016.01.07 13:50:36.250,1.41119,1.41131,1.50,1.10
2016.01.07 13:50:36.352,1.41119,1.4113,1.12,1.37
2016.01.07 13:50:37.011,1.4112,1.41131,1.00,2.70
2016.01.07 13:50:37.519,1.41121,1.41131,1.00,2.32
2016.01.07 13:50:37.621,1.41123,1.41133,1.87,1.47
2016.01.07 13:50:37.723,1.41123,1.41134,2.32,1.00
2016.01.07 13:50:37.876,1.41125,1.41138,1.12,2.25
2016.01.07 13:50:40.292,1.41125,1.41137,1.10,1.87
2016.01.07 13:50:42.741,1.41122,1.41135,1.57,2.32
2016.01.07 13:50:43.621,1.41121,1.41132,1.00,1.20
2016.01.07 13:50:44.153,1.4112,1.41132,1.50,1.47
2016.01.07 13:50:44.508,1.41119,1.41132,2.25,1.20
2016.01.07 13:50:45.296,1.4112,1.41131,1.50,1.37
2016.01.07 13:50:45.500,1.41119,1.41131,1.45,1.37
2016.01.07 13:50:46.028,1.4112,1.41131,1.47,1.37
2016.01.07 13:50:46.573,1.41119,1.41131,1.45,1.37
2016.01.07 13:50:46.979,1.41119,1.41128,1.45,1.12
2016.01.07 13:50:47.283,1.41118,1.41127,1.00,3.45
2016.01.07 13:50:47.537,1.41116,1.41126,1.00,2.62
2016.01.07 13:50:47.799,1.41114,1.41126,2.32,2.70
2016.01.07 13:50:48.106,1.41114,1.41123,1.12,1.20
2016.01.07 13:50:48.999,1.41111,1.41123,1.07,1.12
2016.01.07 13:50:49.567,1.4111,1.41123,2.62,1.37
2016.01.07 13:50:50.183,1.41114,1.41123,2.25,1.37
2016.01.07 13:50:50.235,1.41121,1.41127,1.07,1.00
2016.01.07 13:50:50.338,1.41123,1.41131,1.50,1.12
2016.01.07 13:50:50.390,1.41123,1.41133,1.87,1.37
2016.01.07 13:50:50.442,1.41125,1.41135,1.07,1.87
2016.01.07 13:50:50.953,1.41126,1.41139,1.20,1.87
2016.01.07 13:50:51.213,1.41127,1.4114,2.25,1.75
2016.01.07 13:50:54.089,1.41126,1.41138,1.50,1.00
2016.01.07 13:50:58.511,1.41126,1.41139,2.25,2.62
2016.01.07 13:50:58.562,1.41126,1.41139,1.20,3.37
2016.01.07 13:50:58.613,1.41126,1.41139,1.07,3.37
2016.01.07 13:50:58.918,1.41125,1.41137,1.00,1.50
2016.01.07 13:51:01.022,1.41123,1.41136,1.20,3.00
2016.01.07 13:51:01.531,1.41123,1.41133,1.00,1.47
2016.01.07 13:51:04.270,1.41121,1.41134,1.10,1.82
2016.01.07 13:51:04.513,1.4112,1.41127,1.12,1.95
2016.01.07 13:51:04.926,1.41114,1.41124,2.25,1.00
2016.01.07 13:51:04.978,1.41114,1.41124,1.12,2.25
2016.01.07 13:51:06.067,1.41112,1.41123,1.12,1.45
2016.01.07 13:51:06.372,1.41114,1.41125,1.00,1.50
2016.01.07 13:51:06.674,1.41116,1.4113,2.62,1.12
2016.01.07 13:51:07.131,1.41122,1.4113,1.00,1.12
2016.01.07 13:51:07.183,1.41122,1.41132,1.00,1.50
2016.01.07 13:51:07.234,1.41124,1.41132,1.00,1.12
2016.01.07 13:51:07.285,1.41124,1.41135,1.07,2.32
2016.01.07 13:51:07.798,1.41125,1.41138,1.07,1.87
2016.01.07 13:51:09.254,1.41125,1.41138,1.09,1.57
2016.01.07 13:51:09.509,1.41127,1.41139,1.07,1.85
2016.01.07 13:51:10.399,1.41127,1.41138,1.07,1.00
2016.01.07 13:51:13.121,1.41129,1.41138,1.10,1.00
2016.01.07 13:51:13.466,1.41132,1.41142,1.00,2.32
2016.01.07 13:51:13.771,1.41152,1.41162,1.00,3.00
2016.01.07 13:51:14.279,1.41149,1.41161,1.95,1.12
2016.01.07 13:51:14.331,1.41149,1.41161,1.95,2.25
2016.01.07 13:51:14.788,1.41149,1.4116,1.12,1.12
2016.01.07 13:51:15.421,1.41146,1.41157,1.95,1.07
2016.01.07 13:51:15.732,1.41146,1.41156,1.12,1.95
2016.01.07 13:51:15.783,1.41143,1.41153,1.07,1.00
2016.01.07 13:51:15.987,1.41143,1.41153,1.50,1.00
2016.01.07 13:51:16.973,1.41141,1.41153,1.57,1.07
2016.01.07 13:51:17.628,1.41143,1.41153,1.12,1.07
2016.01.07 13:51:18.269,1.41142,1.41155,1.20,3.37
2016.01.07 13:51:18.482,1.41143,1.41155,2.25,1.87
2016.01.07 13:51:18.990,1.41145,1.41157,1.20,1.47
2016.01.07 13:51:19.496,1.41145,1.41158,2.45,1.85
2016.01.07 13:51:20.708,1.41146,1.41159,1.57,1.95
2016.01.07 13:51:20.861,1.41149,1.41159,1.00,1.20
2016.01.07 13:51:22.612,1.4115,1.41159,1.00,1.12
2016.01.07 13:51:22.664,1.4115,1.4116,1.00,2.25
2016.01.07 13:51:22.716,1.41152,1.4116,1.00,1.12
2016.01.07 13:51:22.919,1.41153,1.41163,1.37,1.00
2016.01.07 13:51:23.210,1.41169,1.41174,1.45,5.25
2016.01.07 13:51:23.262,1.4117,1.41178,1.50,1.00
2016.01.07 13:51:23.414,1.4117,1.41179,1.50,1.00
2016.01.07 13:51:23.466,1.4117,1.41179,1.50,1.00
2016.01.07 13:51:24.228,1.41169,1.41182,2.25,2.25
2016.01.07 13:51:24.469,1.41165,1.41178,1.47,2.25
2016.01.07 13:51:24.622,1.41162,1.41176,1.45,1.57
2016.01.07 13:51:24.674,1.41162,1.41175,1.47,1.87
2016.01.07 13:51:25.183,1.41164,1.41176,1.00,1.50
2016.01.07 13:51:25.721,1.41163,1.41175,1.12,1.07
2016.01.07 13:51:25.928,1.41161,1.41175,1.10,1.95
2016.01.07 13:51:25.979,1.41161,1.41175,1.00,2.25
2016.01.07 13:51:26.233,1.41156,1.41169,1.20,1.57
2016.01.07 13:51:27.440,1.41162,1.41169,1.00,1.20
2016.01.07 13:51:27.644,1.41165,1.41176,1.10,1.45
2016.01.07 13:51:28.084,1.41165,1.41178,1.95,1.12
2016.01.07 13:51:28.850,1.41167,1.41179,1.00,1.75
2016.01.07 13:51:28.953,1.41167,1.4118,1.20,1.20
2016.01.07 13:51:29.056,1.41175,1.41182,1.00,2.25
2016.01.07 13:51:29.158,1.41176,1.41184,1.10,1.00
2016.01.07 13:51:29.409,1.41182,1.41189,1.00,1.12
2016.01.07 13:51:29.562,1.41183,1.41195,1.07,1.75
2016.01.07 13:51:29.613,1.41183,1.41196,1.37,1.12
2016.01.07 13:51:30.591,1.41186,1.41198,1.10,1.95
2016.01.07 13:51:33.028,1.4119,1.41198,1.00,1.85
2016.01.07 13:51:33.376,1.41201,1.41207,1.10,1.87
2016.01.07 13:51:33.427,1.41207,1.41213,1.00,1.37
2016.01.07 13:51:33.530,1.41207,1.41221,1.07,1.57
2016.01.07 13:51:34.240,1.41207,1.4122,1.57,1.45
2016.01.07 13:51:35.313,1.41207,1.4122,1.10,1.82
2016.01.07 13:51:36.216,1.41204,1.41217,1.50,1.00
2016.01.07 13:51:36.318,1.41204,1.41217,1.10,1.10
2016.01.07 13:51:36.522,1.41204,1.41217,2.25,1.00
2016.01.07 13:51:36.963,1.41222,1.41227,1.37,1.50
2016.01.07 13:51:37.016,1.41222,1.41228,1.37,1.00
2016.01.07 13:51:37.118,1.41222,1.41232,1.37,1.12
2016.01.07 13:51:37.271,1.41224,1.41231,1.37,2.62
2016.01.07 13:51:37.323,1.41222,1.41231,1.37,1.12
2016.01.07 13:51:37.527,1.41221,1.4123,1.37,2.25
2016.01.07 13:51:38.034,1.4122,1.41228,1.37,1.37
2016.01.07 13:51:38.538,1.41219,1.41228,1.37,1.00
2016.01.07 13:51:39.147,1.41217,1.41229,1.87,1.12
2016.01.07 13:51:39.662,1.41217,1.41228,1.12,1.37
2016.01.07 13:51:40.175,1.41217,1.41228,1.12,1.37
2016.01.07 13:51:41.063,1.41215,1.41228,1.47,1.37
2016.01.07 13:51:41.369,1.41214,1.41227,1.20,1.87
2016.01.07 13:51:41.829,1.41211,1.41224,1.07,1.50
2016.01.07 13:51:42.035,1.41211,1.41224,1.00,2.25
2016.01.07 13:51:42.188,1.41206,1.41221,2.25,1.57
2016.01.07 13:51:42.290,1.41204,1.41219,1.50,1.57
2016.01.07 13:51:42.393,1.41204,1.41219,1.07,2.25
2016.01.07 13:51:42.495,1.41204,1.41217,1.12,1.50
2016.01.07 13:51:42.597,1.41204,1.41217,1.20,1.00
2016.01.07 13:51:42.927,1.41206,1.41219,1.50,1.45
2016.01.07 13:51:44.453,1.41208,1.41219,1.10,1.45
2016.01.07 13:51:45.158,1.41208,1.4122,1.07,1.20
2016.01.07 13:51:45.667,1.41209,1.41219,1.10,1.00
2016.01.07 13:51:46.240,1.41209,1.41222,1.10,1.95
2016.01.07 13:51:47.127,1.41209,1.4122,1.10,1.37
2016.01.07 13:51:47.653,1.41209,1.4122,1.10,1.00
2016.01.07 13:51:48.651,1.41211,1.41221,1.00,1.47
2016.01.07 13:51:49.109,1.41211,1.41222,1.10,1.12
2016.01.07 13:51:49.313,1.41211,1.41224,1.37,1.37
2016.01.07 13:51:49.639,1.41211,1.41226,1.37,1.85
2016.01.07 13:51:49.842,1.41213,1.41226,1.10,1.20
2016.01.07 13:51:50.299,1.41211,1.41223,1.20,1.50
2016.01.07 13:51:50.916,1.41211,1.41223,1.10,1.75
2016.01.07 13:51:51.914,1.41209,1.41222,1.12,1.10
2016.01.07 13:51:52.368,1.41212,1.41223,1.07,1.12
2016.01.07 13:51:52.674,1.41215,1.41223,1.00,1.00
2016.01.07 13:51:52.981,1.41218,1.41225,2.32,1.00
2016.01.07 13:51:53.032,1.41218,1.41229,2.32,1.50
2016.01.07 13:51:53.518,1.41218,1.41229,1.37,2.25
2016.01.07 13:51:53.569,1.41214,1.41227,1.95,1.37
2016.01.07 13:51:54.904,1.41214,1.41227,1.95,1.75
2016.01.07 13:51:55.428,1.41213,1.41225,1.50,1.75
2016.01.07 13:51:55.778,1.41211,1.41224,1.37,1.85
2016.01.07 13:51:56.033,1.41211,1.41224,1.07,1.87
2016.01.07 13:51:56.535,1.41211,1.41224,1.07,1.87
2016.01.07 13:51:57.093,1.4121,1.41221,1.07,1.20
2016.01.07 13:51:57.145,1.4121,1.41221,1.07,1.85
2016.01.07 13:51:57.939,1.41212,1.41221,1.00,1.85
2016.01.07 13:51:58.371,1.41225,1.41236,1.32,1.75
2016.01.07 13:51:58.423,1.41228,1.41238,1.10,1.00
2016.01.07 13:51:58.525,1.41228,1.41238,1.12,1.00
2016.01.07 13:51:59.044,1.41229,1.41243,1.07,1.20
2016.01.07 13:51:59.638,1.41229,1.41243,1.10,1.50
2016.01.07 13:52:01.618,1.41236,1.41242,1.00,1.45
2016.01.07 13:52:01.771,1.41242,1.41251,1.00,1.50
2016.01.07 13:52:02.046,1.41243,1.41251,1.57,1.12
2016.01.07 13:52:02.418,1.41245,1.41256,1.12,1.50
2016.01.07 13:52:02.520,1.41247,1.41259,1.10,1.95
2016.01.07 13:52:02.572,1.41247,1.41259,1.10,1.10
2016.01.07 13:52:02.624,1.41249,1.41259,1.10,1.10
2016.01.07 13:52:05.471,1.41247,1.41261,1.95,1.12
2016.01.07 13:52:05.776,1.41251,1.41262,1.00,2.25
2016.01.07 13:52:08.399,1.41248,1.41262,1.20,1.12
2016.01.07 13:52:11.126,1.41249,1.41262,1.12,1.12
2016.01.07 13:52:11.177,1.41252,1.41264,1.10,1.50
2016.01.07 13:52:13.503,1.4125,1.41263,1.20,1.12
2016.01.07 13:52:16.093,1.4125,1.41261,1.37,1.07
2016.01.07 13:52:19.344,1.41256,1.41262,1.00,1.50
2016.01.07 13:52:19.618,1.41275,1.41284,1.00,1.12
2016.01.07 13:52:19.720,1.41275,1.41287,1.12,1.50
2016.01.07 13:52:19.771,1.41278,1.41287,1.00,1.00
2016.01.07 13:52:20.077,1.41278,1.41282,1.00,1.12
2016.01.07 13:52:20.230,1.41271,1.4128,2.62,1.12
2016.01.07 13:52:20.533,1.41263,1.41275,1.00,1.37
2016.01.07 13:52:20.585,1.41268,1.41275,1.00,1.37
2016.01.07 13:52:20.636,1.41272,1.4128,1.37,1.00
2016.01.07 13:52:21.144,1.41272,1.41281,1.12,1.12
2016.01.07 13:52:21.659,1.41265,1.41276,1.00,1.50
2016.01.07 13:52:22.167,1.41263,1.41276,1.37,2.25
2016.01.07 13:52:22.523,1.41266,1.41276,1.00,1.50
2016.01.07 13:52:22.574,1.41266,1.41279,1.50,1.12
2016.01.07 13:52:22.626,1.41269,1.41279,1.00,1.12
2016.01.07 13:52:22.976,1.41271,1.4128,1.00,1.00
2016.01.07 13:52:23.027,1.41271,1.41282,1.00,1.00
2016.01.07 13:52:23.564,1.41271,1.41282,1.00,1.37
2016.01.07 13:52:23.939,1.41278,1.41283,1.12,1.00
2016.01.07 13:52:24.042,1.41277,1.41287,1.37,1.87
2016.01.07 13:52:24.144,1.41272,1.41285,1.57,1.57
2016.01.07 13:52:24.195,1.41272,1.41284,1.57,1.12
2016.01.07 13:52:26.243,1.41272,1.41284,1.20,1.12
2016.01.07 13:52:27.328,1.41274,1.41284,1.00,1.12
2016.01.07 13:52:27.633,1.41274,1.41284,1.37,1.57
2016.01.07 13:52:28.040,1.41272,1.41284,1.37,1.37
2016.01.07 13:52:28.347,1.41274,1.41286,1.00,1.12
2016.01.07 13:52:28.934,1.41272,1.41285,1.45,1.50
2016.01.07 13:52:29.444,1.41272,1.41285,1.50,1.20
2016.01.07 13:52:30.132,1.41275,1.41287,1.37,1.12
2016.01.07 13:52:30.234,1.41275,1.41288,1.47,1.47
2016.01.07 13:52:30.561,1.41272,1.41285,1.50,1.37
2016.01.07 13:52:32.659,1.41271,1.41283,2.25,1.00
2016.01.07 13:52:32.761,1.41271,1.41283,1.57,1.00
2016.01.07 13:52:33.349,1.41271,1.41283,1.95,1.00
2016.01.07 13:52:33.859,1.41272,1.41283,1.47,1.37
2016.01.07 13:52:34.367,1.41271,1.41283,1.57,1.37
2016.01.07 13:52:34.894,1.41271,1.41283,1.57,1.12
2016.01.07 13:52:35.562,1.41271,1.41283,1.57,1.12
2016.01.07 13:52:36.829,1.41273,1.41287,1.95,2.25
2016.01.07 13:52:36.881,1.41276,1.41288,2.62,2.62
2016.01.07 13:52:36.932,1.41277,1.41288,1.00,1.37
2016.01.07 13:52:37.084,1.41276,1.41288,1.00,1.87
2016.01.07 13:52:39.591,1.41274,1.41286,1.75,1.50
2016.01.07 13:52:40.400,1.41272,1.41284,1.75,1.37
2016.01.07 13:52:40.457,1.41271,1.41284,1.37,1.87
2016.01.07 13:52:40.782,1.41271,1.41282,1.37,1.37
2016.01.07 13:52:41.086,1.41269,1.4128,1.12,1.75
2016.01.07 13:52:41.709,1.41267,1.41278,1.12,2.25
2016.01.07 13:52:42.116,1.41266,1.41278,1.12,2.25
2016.01.07 13:52:42.270,1.41265,1.41278,3.75,2.25
2016.01.07 13:52:45.288,1.41266,1.41277,1.00,1.50
2016.01.07 13:52:45.665,1.41265,1.41278,1.50,1.75
2016.01.07 13:52:46.174,1.41266,1.41279,1.50,1.50
2016.01.07 13:52:47.907,1.41264,1.41271,1.87,1.87
2016.01.07 13:52:47.958,1.41255,1.41267,1.12,1.50
2016.01.07 13:52:48.111,1.41253,1.41265,1.00,1.10
2016.01.07 13:52:48.162,1.41252,1.41264,1.37,1.50
2016.01.07 13:52:48.265,1.4125,1.41263,2.62,1.12
2016.01.07 13:52:48.367,1.4125,1.41262,1.12,1.50
2016.01.07 13:52:50.274,1.41248,1.41261,1.50,1.12
2016.01.07 13:52:51.207,1.41249,1.41258,1.12,1.87
2016.01.07 13:52:51.310,1.41245,1.41254,2.25,1.12
2016.01.07 13:52:51.362,1.41247,1.41259,1.57,1.87
2016.01.07 13:52:52.486,1.41247,1.41259,1.95,1.12
2016.01.07 13:52:55.084,1.41247,1.41259,1.47,1.12
2016.01.07 13:52:56.110,1.41246,1.41257,1.57,1.57
2016.01.07 13:52:56.161,1.41246,1.41257,1.50,2.25
2016.01.07 13:52:56.486,1.41239,1.41252,1.87,2.25
2016.01.07 13:52:56.741,1.41237,1.41247,1.85,1.00
2016.01.07 13:52:56.792,1.41236,1.41246,1.95,1.00
2016.01.07 13:52:56.894,1.41234,1.41244,1.07,1.00
2016.01.07 13:52:56.945,1.41231,1.41245,2.70,1.07
2016.01.07 13:52:57.047,1.41231,1.41245,1.20,1.12
2016.01.07 13:52:57.693,1.41231,1.41245,2.70,1.12
2016.01.07 13:52:57.846,1.41233,1.41246,1.10,1.07
2016.01.07 13:52:57.897,1.41234,1.41247,1.87,1.12
2016.01.07 13:52:58.405,1.41234,1.41248,1.95,1.50
2016.01.07 13:52:58.989,1.41234,1.41248,1.20,1.87
2016.01.07 13:52:59.396,1.41232,1.41246,1.95,1.37
2016.01.07 13:52:59.904,1.41233,1.41246,1.12,1.07
2016.01.07 13:53:01.327,1.41233,1.41243,1.87,1.00
2016.01.07 13:53:01.530,1.4123,1.41243,1.87,1.87
2016.01.07 13:53:01.886,1.4123,1.41243,1.50,3.00
2016.01.07 13:53:02.190,1.41235,1.41245,1.00,1.12
2016.01.07 13:53:02.738,1.41233,1.41244,1.12,1.10
2016.01.07 13:53:02.891,1.41234,1.41244,1.00,1.12
2016.01.07 13:53:03.843,1.41234,1.41246,2.25,1.87
2016.01.07 13:53:04.046,1.41232,1.41244,1.10,1.10
2016.01.07 13:53:04.301,1.4124,1.41245,1.00,1.20
2016.01.07 13:53:04.453,1.41245,1.4126,3.75,1.12
2016.01.07 13:53:04.504,1.41253,1.41262,1.00,1.45
2016.01.07 13:53:04.971,1.41252,1.4126,1.00,1.12
2016.01.07 13:53:05.600,1.41251,1.4126,1.00,1.12
2016.01.07 13:53:06.146,1.41252,1.4126,1.00,1.12
2016.01.07 13:53:06.960,1.41251,1.4126,1.12,1.50
2016.01.07 13:53:08.001,1.4125,1.4126,1.87,1.12
2016.01.07 13:53:08.666,1.4125,1.4126,2.62,1.50
2016.01.07 13:53:09.194,1.4125,1.4126,2.62,1.50
2016.01.07 13:53:10.996,1.4125,1.4126,2.62,1.87
2016.01.07 13:53:11.232,1.4125,1.4126,2.70,1.50
2016.01.07 13:53:12.916,1.41251,1.41261,1.57,1.57
2016.01.07 13:53:15.104,1.41255,1.41263,1.00,2.62
2016.01.07 13:53:15.401,1.41261,1.41269,1.37,1.87
2016.01.07 13:53:15.509,1.41263,1.4127,1.87,1.00
2016.01.07 13:53:15.814,1.41265,1.41271,1.37,1.00
2016.01.07 13:53:15.916,1.41269,1.41278,1.00,2.25
2016.01.07 13:53:15.968,1.41269,1.41278,1.12,1.12
2016.01.07 13:53:16.567,1.4127,1.41283,1.12,1.95
2016.01.07 13:53:16.619,1.41271,1.41283,1.07,1.95
2016.01.07 13:53:19.622,1.41271,1.41281,1.00,1.00
2016.01.07 13:53:21.033,1.41269,1.41281,1.95,1.00
2016.01.07 13:53:23.176,1.41269,1.41281,1.57,1.37
2016.01.07 13:53:24.627,1.41268,1.4128,1.12,2.25
2016.01.07 13:53:24.679,1.41267,1.4128,1.75,3.75
2016.01.07 13:53:25.136,1.41265,1.41275,3.37,1.47
2016.01.07 13:53:25.289,1.41265,1.41274,1.12,1.07
2016.01.07 13:53:25.340,1.41263,1.41274,1.12,2.62
2016.01.07 13:53:25.391,1.41263,1.41274,1.00,2.62
2016.01.07 13:53:25.442,1.41263,1.41272,1.00,1.87
2016.01.07 13:53:25.797,1.41258,1.41266,2.25,1.12
2016.01.07 13:53:25.908,1.41254,1.41262,1.00,1.45
2016.01.07 13:53:26.111,1.41254,1.4126,1.00,1.37
2016.01.07 13:53:26.660,1.41251,1.41261,1.87,1.47
2016.01.07 13:53:27.172,1.41252,1.41261,1.00,1.47
2016.01.07 13:53:27.679,1.41252,1.41263,1.00,1.50
2016.01.07 13:53:32.360,1.41251,1.4126,1.50,1.47
2016.01.07 13:53:33.152,1.41251,1.41261,1.37,1.45
2016.01.07 13:53:33.769,1.41251,1.4126,1.37,1.47
2016.01.07 13:53:35.449,1.4125,1.41261,1.87,1.45
2016.01.07 13:53:35.992,1.41251,1.4126,1.37,1.47
2016.01.07 13:53:36.449,1.41251,1.41257,1.37,1.37
2016.01.07 13:53:36.551,1.41248,1.41258,2.25,1.75
2016.01.07 13:53:36.653,1.41248,1.41253,1.00,1.37
2016.01.07 13:53:36.704,1.41246,1.41253,1.37,1.37
2016.01.07 13:53:37.222,1.41245,1.41254,1.00,1.87
2016.01.07 13:53:37.324,1.41242,1.41251,1.50,1.75
2016.01.07 13:53:37.578,1.41244,1.41255,1.37,3.00
2016.01.07 13:53:37.629,1.41243,1.41255,1.00,2.62
2016.01.07 13:53:37.934,1.41241,1.41251,1.37,1.75
2016.01.07 13:53:38.138,1.41239,1.41251,1.50,1.75
2016.01.07 13:53:38.431,1.41243,1.41251,1.00,1.37
2016.01.07 13:53:38.482,1.41242,1.41254,1.12,2.25
2016.01.07 13:53:38.533,1.41242,1.41253,1.87,1.00
2016.01.07 13:53:38.839,1.41245,1.41259,3.00,1.50
2016.01.07 13:53:38.992,1.41247,1.4126,1.07,2.25
2016.01.07 13:53:39.840,1.4125,1.41259,1.10,1.00
2016.01.07 13:53:47.204,1.41251,1.4126,1.00,1.47
2016.01.07 13:53:47.509,1.41266,1.41276,1.37,2.25
2016.01.07 13:53:47.561,1.41269,1.41279,1.10,1.87
2016.01.07 13:53:47.813,1.41269,1.41279,1.47,1.12
2016.01.07 13:53:47.864,1.41271,1.41283,1.50,1.12
2016.01.07 13:53:49.297,1.41272,1.41283,1.00,1.59
2016.01.07 13:53:49.551,1.41271,1.41283,1.95,1.59
2016.01.07 13:53:49.959,1.41271,1.41284,3.00,1.59
2016.01.07 13:53:52.243,1.41279,1.41286,1.00,1.50
2016.01.07 13:53:52.446,1.41285,1.4129,1.00,1.00
2016.01.07 13:53:52.700,1.41285,1.41292,1.12,1.00
2016.01.07 13:53:52.751,1.41285,1.41296,1.87,1.37
2016.01.07 13:53:53.041,1.41287,1.41298,2.25,1.00
2016.01.07 13:53:53.193,1.41294,1.41299,1.37,1.00
2016.01.07 13:53:53.295,1.41294,1.413,1.37,1.00
2016.01.07 13:53:53.601,1.41299,1.41305,1.37,1.96
2016.01.07 13:53:53.754,1.41301,1.41307,1.37,1.21
2016.01.07 13:53:53.806,1.41306,1.41311,1.37,2.62
2016.01.07 13:53:54.151,1.41312,1.41318,1.37,1.00
2016.01.07 13:53:54.305,1.41311,1.4132,1.37,1.21
2016.01.07 13:53:54.914,1.4131,1.4132,1.47,1.00
2016.01.07 13:53:54.965,1.4131,1.4132,1.85,1.00
2016.01.07 13:53:55.478,1.41312,1.4132,1.00,1.59
2016.01.07 13:53:57.003,1.41312,1.4132,1.00,2.34
2016.01.07 13:53:57.517,1.41309,1.4132,1.85,1.59
2016.01.07 13:53:57.984,1.41308,1.41318,1.50,1.00
2016.01.07 13:53:59.663,1.41308,1.41318,1.20,1.00
2016.01.07 13:54:00.171,1.41307,1.41318,1.20,1.87
2016.01.07 13:54:00.680,1.41305,1.41311,1.37,1.00
2016.01.07 13:54:00.732,1.41303,1.41307,1.50,1.00
2016.01.07 13:54:00.783,1.41299,1.41306,2.25,1.50
2016.01.07 13:54:00.886,1.41295,1.41303,1.37,1.47
2016.01.07 13:54:00.988,1.41292,1.41303,1.37,1.12
2016.01.07 13:54:01.090,1.4129,1.41302,1.00,1.12
2016.01.07 13:54:02.214,1.4129,1.41301,1.87,1.95
2016.01.07 13:54:02.316,1.4129,1.413,1.00,2.40
2016.01.07 13:54:02.862,1.41285,1.41291,1.00,1.00
2016.01.07 13:54:03.017,1.41282,1.41291,1.37,1.10
2016.01.07 13:54:03.170,1.41283,1.41291,1.37,1.12
2016.01.07 13:54:03.221,1.41277,1.41287,1.45,1.00
2016.01.07 13:54:03.272,1.41275,1.41287,2.25,1.12
2016.01.07 13:54:03.425,1.41271,1.41284,2.32,1.50
2016.01.07 13:54:04.015,1.41268,1.41283,2.25,1.20
2016.01.07 13:54:04.067,1.41268,1.41283,2.25,1.20
2016.01.07 13:54:04.473,1.41267,1.41281,1.20,1.57
2016.01.07 13:54:05.586,1.41268,1.41281,1.20,1.12
2016.01.07 13:54:06.095,1.41269,1.41284,1.20,2.28
2016.01.07 13:54:06.147,1.41269,1.41284,1.20,2.28
2016.01.07 13:54:06.567,1.41273,1.41284,1.00,1.12
2016.01.07 13:54:07.481,1.41273,1.41286,1.47,1.90
2016.01.07 13:54:08.007,1.41278,1.41286,1.00,1.53
2016.01.07 13:54:08.110,1.41282,1.4129,1.00,1.37
2016.01.07 13:54:08.162,1.41282,1.41292,1.50,1.60
2016.01.07 13:54:08.214,1.41284,1.41292,1.00,1.12
2016.01.07 13:54:10.768,1.41284,1.41291,1.95,1.00
2016.01.07 13:54:11.276,1.41284,1.41292,1.95,1.12
2016.01.07 13:54:12.883,1.41285,1.41292,1.00,1.12
2016.01.07 13:54:14.058,1.41285,1.41292,1.37,1.12
2016.01.07 13:54:14.262,1.41285,1.41292,1.12,1.37
2016.01.07 13:54:14.313,1.41283,1.41288,1.12,1.37
2016.01.07 13:54:14.365,1.41281,1.41288,1.37,2.28
2016.01.07 13:54:14.416,1.41279,1.41284,1.50,1.80
2016.01.07 13:54:14.519,1.41271,1.41284,2.25,1.80
2016.01.07 13:54:14.722,1.41271,1.41284,1.87,3.00
2016.01.07 13:54:15.219,1.41271,1.41283,1.37,1.87
2016.01.07 13:54:15.270,1.41271,1.41284,1.47,1.57
2016.01.07 13:54:17.097,1.41271,1.41284,1.47,1.47
2016.01.07 13:54:19.343,1.41277,1.41284,1.00,1.57
2016.01.07 13:54:19.599,1.4128,1.41284,1.12,1.57
2016.01.07 13:54:19.650,1.41282,1.41291,1.00,1.87
2016.01.07 13:54:20.057,1.4128,1.41291,1.57,1.20
2016.01.07 13:54:20.565,1.4128,1.41289,1.00,1.00
2016.01.07 13:54:23.994,1.41278,1.41289,1.20,1.00
2016.01.07 13:54:24.096,1.41281,1.41289,1.37,1.00
2016.01.07 13:54:24.147,1.41281,1.41291,1.50,1.20
2016.01.07 13:54:24.403,1.41284,1.41294,1.37,1.00
2016.01.07 13:54:24.710,1.41287,1.41298,2.25,1.95
2016.01.07 13:54:25.015,1.41287,1.41298,2.32,1.95
2016.01.07 13:54:25.218,1.41287,1.41298,2.32,1.95
2016.01.07 13:54:25.875,1.41288,1.41298,1.00,1.95
2016.01.07 13:54:28.879,1.41285,1.41295,1.00,1.50
2016.01.07 13:54:28.982,1.41281,1.41294,1.57,1.57
2016.01.07 13:54:29.236,1.4128,1.41294,2.32,1.87
2016.01.07 13:54:29.770,1.41281,1.41294,1.75,1.87
2016.01.07 13:54:31.698,1.41282,1.41293,1.12,1.12
2016.01.07 13:54:31.750,1.41282,1.41293,1.87,1.10
2016.01.07 13:54:31.903,1.41282,1.41294,1.87,1.37
2016.01.07 13:54:32.107,1.41282,1.41294,1.95,1.07
2016.01.07 13:54:32.773,1.41282,1.41294,1.95,1.00
2016.01.07 13:54:33.843,1.41281,1.41294,2.32,2.25
2016.01.07 13:54:34.267,1.4128,1.41292,1.75,1.37
2016.01.07 13:54:34.775,1.41279,1.41292,1.87,1.50
2016.01.07 13:54:35.296,1.4128,1.4129,1.50,1.07
2016.01.07 13:54:35.751,1.4128,1.41292,1.00,1.50
2016.01.07 13:54:36.833,1.41279,1.41292,1.95,1.50
2016.01.07 13:54:37.845,1.41279,1.41292,1.95,1.50
2016.01.07 13:54:38.884,1.4128,1.41292,1.47,1.50
2016.01.07 13:54:39.240,1.41281,1.41293,2.32,1.47
2016.01.07 13:54:39.714,1.41282,1.41296,2.70,1.45
2016.01.07 13:54:40.071,1.41285,1.41296,1.57,1.37
2016.01.07 13:54:40.741,1.41285,1.41297,2.70,1.57
2016.01.07 13:54:42.178,1.41287,1.41299,1.12,1.87
2016.01.07 13:54:42.702,1.41287,1.41298,1.45,1.12
2016.01.07 13:54:43.463,1.41286,1.41296,2.70,1.00
2016.01.07 13:54:43.514,1.41286,1.41296,1.95,1.00
2016.01.07 13:54:44.788,1.41286,1.41297,2.70,1.00
2016.01.07 13:54:45.296,1.41287,1.41298,1.20,1.20
2016.01.07 13:54:45.753,1.41286,1.41298,2.32,1.95
2016.01.07 13:54:46.058,1.4128,1.41293,3.07,1.57
2016.01.07 13:54:46.110,1.4128,1.41291,3.07,1.00
2016.01.07 13:54:46.212,1.4128,1.4129,2.32,1.00
2016.01.07 13:54:46.417,1.41277,1.41289,1.37,1.57
2016.01.07 13:54:46.765,1.41274,1.41281,1.00,1.20
2016.01.07 13:54:46.867,1.41269,1.41281,1.37,1.20
2016.01.07 13:54:47.375,1.41269,1.41281,1.47,1.12
2016.01.07 13:54:49.557,1.41269,1.4128,1.57,1.00
2016.01.07 13:54:50.276,1.41269,1.41279,1.00,1.00
2016.01.07 13:54:53.149,1.41273,1.41279,1.00,1.00
2016.01.07 13:54:53.251,1.41274,1.41285,1.57,1.45
2016.01.07 13:54:53.302,1.41274,1.41287,2.32,2.25
2016.01.07 13:54:53.607,1.41277,1.41288,3.00,3.82
2016.01.07 13:54:53.659,1.41277,1.41288,3.00,3.82
2016.01.07 13:54:54.218,1.41278,1.41288,1.00,2.32
2016.01.07 13:54:54.270,1.41278,1.41286,1.00,1.00
2016.01.07 13:54:54.424,1.41275,1.41286,1.10,1.57
2016.01.07 13:54:54.577,1.41273,1.41282,2.62,1.00
2016.01.07 13:54:54.781,1.4127,1.41282,1.57,1.00
2016.01.07 13:54:54.833,1.41269,1.4128,1.12,1.50
2016.01.07 13:54:54.884,1.41269,1.4128,1.10,1.50
2016.01.07 13:54:55.326,1.41268,1.41279,1.57,1.47
2016.01.07 13:54:56.657,1.41269,1.4128,1.57,2.32
2016.01.07 13:54:57.172,1.41269,1.4128,1.10,1.95
2016.01.07 13:54:57.613,1.41268,1.4128,1.82,1.95
2016.01.07 13:54:57.920,1.41268,1.41277,1.20,1.00
2016.01.07 13:54:58.276,1.41268,1.41273,1.00,1.37
2016.01.07 13:54:58.430,1.41266,1.41272,1.75,1.12
2016.01.07 13:54:58.583,1.41266,1.41272,1.00,1.12
2016.01.07 13:54:58.933,1.41266,1.41272,1.00,2.62
2016.01.07 13:54:59.441,1.41264,1.41271,1.87,1.87
2016.01.07 13:55:00.402,1.41263,1.41271,2.62,1.87
2016.01.07 13:55:02.013,1.41261,1.41269,1.95,1.12
2016.01.07 13:55:02.065,1.41261,1.41266,1.37,2.25
2016.01.07 13:55:02.167,1.41257,1.41262,1.47,1.00
2016.01.07 13:55:02.219,1.41255,1.4126,2.25,1.00
2016.01.07 13:55:02.271,1.41257,1.41261,1.50,1.87
2016.01.07 13:55:02.373,1.4125,1.41261,1.20,1.57
2016.01.07 13:55:03.193,1.41248,1.41259,3.00,1.12
2016.01.07 13:55:03.244,1.41248,1.41256,1.95,1.00
2016.01.07 13:55:03.600,1.41247,1.41255,1.10,1.00
2016.01.07 13:55:04.257,1.41247,1.41255,1.47,1.00
2016.01.07 13:55:04.767,1.41247,1.41256,1.57,1.12
2016.01.07 13:55:06.077,1.41246,1.41256,1.57,1.87
2016.01.07 13:55:06.628,1.41245,1.41256,1.87,1.87
2016.01.07 13:55:08.823,1.41245,1.41253,1.75,1.00
2016.01.07 13:55:08.976,1.41238,1.41251,2.62,1.50
2016.01.07 13:55:09.027,1.41238,1.41248,2.62,1.00
2016.01.07 13:55:09.078,1.41238,1.41248,1.45,1.00
2016.01.07 13:55:09.535,1.41241,1.41248,1.00,1.00
2016.01.07 13:55:09.586,1.41241,1.4125,1.00,1.00
2016.01.07 13:55:09.688,1.41244,1.41254,1.12,1.57
2016.01.07 13:55:09.739,1.41244,1.41254,1.12,1.37
2016.01.07 13:55:09.842,1.41244,1.41255,1.45,1.37
2016.01.07 13:55:10.039,1.41244,1.41255,1.87,1.00
2016.01.07 13:55:10.549,1.41246,1.41256,1.57,1.00
2016.01.07 13:55:11.198,1.41244,1.41256,2.25,1.40
2016.01.07 13:55:11.727,1.41245,1.41257,3.00,1.53
2016.01.07 13:55:16.467,1.41248,1.41258,1.07,2.65
2016.01.07 13:55:16.519,1.41248,1.41258,1.07,1.00
2016.01.07 13:55:16.621,1.41248,1.4126,3.45,1.90
2016.01.07 13:55:17.294,1.4125,1.41262,1.20,2.28
2016.01.07 13:55:19.098,1.4125,1.41262,1.95,1.41
2016.01.07 13:55:19.302,1.4125,1.41262,1.95,1.79
2016.01.07 13:55:20.030,1.4125,1.41261,2.32,1.41
2016.01.07 13:55:20.697,1.4125,1.4126,1.57,1.12
2016.01.07 13:55:21.200,1.4125,1.4126,2.32,1.12
2016.01.07 13:55:21.749,1.4125,1.4126,1.57,1.12
2016.01.07 13:55:22.367,1.4125,1.4126,2.32,1.12
2016.01.07 13:55:22.951,1.4125,1.4126,1.57,1.12
2016.01.07 13:55:23.986,1.4125,1.4126,2.32,1.12
2016.01.07 13:55:24.508,1.4125,1.4126,1.10,1.12
2016.01.07 13:55:25.338,1.41248,1.41258,1.57,1.00
2016.01.07 13:55:25.848,1.41248,1.41258,1.20,1.12
2016.01.07 13:55:27.167,1.41248,1.41257,1.20,1.00
2016.01.07 13:55:30.146,1.41248,1.41258,1.07,1.87
2016.01.07 13:55:32.818,1.41248,1.41259,1.45,2.25
2016.01.07 13:55:37.363,1.4125,1.41259,1.00,1.50
2016.01.07 13:55:39.373,1.41249,1.41258,1.20,1.00
2016.01.07 13:55:39.883,1.41249,1.41258,1.20,1.00
2016.01.07 13:55:40.706,1.41247,1.41259,2.25,1.20
2016.01.07 13:55:41.112,1.41247,1.41257,1.50,1.00
2016.01.07 13:55:41.616,1.41246,1.41255,1.75,1.00
2016.01.07 13:55:42.026,1.41246,1.41255,1.57,1.00
2016.01.07 13:55:42.230,1.41245,1.41252,1.50,1.00
2016.01.07 13:55:42.893,1.41243,1.41254,1.87,1.10
2016.01.07 13:55:43.401,1.41247,1.41254,1.37,1.00
2016.01.07 13:55:45.356,1.41245,1.41254,1.95,1.00
2016.01.07 13:55:49.339,1.41245,1.41254,2.70,1.00
2016.01.07 13:55:57.033,1.41245,1.41254,3.07,1.00
2016.01.07 13:55:58.322,1.41246,1.41254,1.00,1.00
2016.01.07 13:56:01.441,1.41245,1.41254,1.10,1.00
2016.01.07 13:56:03.758,1.41244,1.41254,1.20,1.10
2016.01.07 13:56:04.996,1.41244,1.41252,1.57,1.00
2016.01.07 13:56:05.621,1.41244,1.41252,1.57,1.00
2016.01.07 13:56:06.102,1.41241,1.41246,1.00,1.00
2016.01.07 13:56:06.407,1.41237,1.41241,1.00,1.00
2016.01.07 13:56:06.624,1.41235,1.41242,2.25,1.00
2016.01.07 13:56:07.183,1.41236,1.41242,1.12,1.00
2016.01.07 13:56:07.719,1.41235,1.41242,2.25,1.00
2016.01.07 13:56:08.865,1.41235,1.41245,2.25,1.50
2016.01.07 13:56:08.916,1.41235,1.41243,1.00,1.10
2016.01.07 13:56:09.120,1.41229,1.41242,1.00,4.12
2016.01.07 13:56:09.385,1.41229,1.41242,1.07,3.07
2016.01.07 13:56:09.487,1.41229,1.41242,1.37,2.25
2016.01.07 13:56:09.852,1.41234,1.4124,2.25,1.12
2016.01.07 13:56:09.904,1.41234,1.41243,1.07,1.50
2016.01.07 13:56:10.109,1.41229,1.41241,3.00,1.00
2016.01.07 13:56:10.368,1.41233,1.41239,1.50,1.00
2016.01.07 13:56:10.624,1.41233,1.41243,1.12,1.12
2016.01.07 13:56:10.865,1.41233,1.41241,1.12,1.00
2016.01.07 13:56:10.916,1.41229,1.41241,1.20,1.95
2016.01.07 13:56:11.123,1.41229,1.41238,1.07,1.00
2016.01.07 13:56:11.884,1.41228,1.41238,1.87,1.87
2016.01.07 13:56:12.403,1.41227,1.41238,1.57,1.87
2016.01.07 13:56:13.104,1.41228,1.41238,1.37,1.87
2016.01.07 13:56:13.598,1.41227,1.41235,1.47,1.00
2016.01.07 13:56:13.649,1.41225,1.41235,1.10,1.00
2016.01.07 13:56:13.752,1.41225,1.41232,1.45,1.00
2016.01.07 13:56:13.854,1.41221,1.41232,1.50,1.00
2016.01.07 13:56:13.907,1.41221,1.4123,1.12,1.50
2016.01.07 13:56:14.213,1.41215,1.41226,1.50,1.00
2016.01.07 13:56:14.264,1.41215,1.41226,1.50,1.87
2016.01.07 13:56:14.315,1.41214,1.41222,2.62,1.00
2016.01.07 13:56:14.569,1.41209,1.41222,3.75,1.10
2016.01.07 13:56:15.076,1.4121,1.41222,1.47,1.95
2016.01.07 13:56:15.178,1.4121,1.41222,1.47,1.95
2016.01.07 13:56:15.566,1.41209,1.41222,2.70,1.95
2016.01.07 13:56:16.233,1.4121,1.41223,3.37,1.87
2016.01.07 13:56:16.765,1.41211,1.41223,1.12,1.87
2016.01.07 13:56:17.593,1.41211,1.41223,1.50,1.37
2016.01.07 13:56:18.125,1.41213,1.41223,1.50,1.00
2016.01.07 13:56:18.926,1.41216,1.41225,1.00,1.50
2016.01.07 13:56:19.231,1.41224,1.41236,3.00,1.37
2016.01.07 13:56:19.334,1.41229,1.41238,1.10,1.50
2016.01.07 13:56:19.385,1.41229,1.41238,1.50,1.50
2016.01.07 13:56:19.436,1.41231,1.41241,1.20,1.12
2016.01.07 13:56:19.487,1.41231,1.41241,1.87,1.12
2016.01.07 13:56:19.761,1.41235,1.41243,1.12,1.00
2016.01.07 13:56:19.813,1.41235,1.41247,1.20,1.50
2016.01.07 13:56:20.119,1.41237,1.41247,1.37,1.50
2016.01.07 13:56:20.424,1.41235,1.41247,1.45,1.50
2016.01.07 13:56:20.629,1.41232,1.41245,3.00,1.12
2016.01.07 13:56:20.996,1.41231,1.41245,1.95,3.00
2016.01.07 13:56:21.505,1.41233,1.41245,1.87,3.00
2016.01.07 13:56:21.809,1.41231,1.41243,3.75,1.87
2016.01.07 13:56:22.608,1.4123,1.41243,2.25,2.25
2016.01.07 13:56:22.864,1.41228,1.4124,1.45,1.57
2016.01.07 13:56:22.915,1.41228,1.41238,1.00,1.20
2016.01.07 13:56:23.890,1.41226,1.41238,1.50,1.57
2016.01.07 13:56:24.467,1.41226,1.41238,1.00,1.20
2016.01.07 13:56:25.005,1.41227,1.41238,1.12,1.57
2016.01.07 13:56:25.540,1.41226,1.41238,1.50,1.20
2016.01.07 13:56:26.081,1.41226,1.41238,1.50,1.07
2016.01.07 13:56:28.904,1.41226,1.41238,1.50,1.20
2016.01.07 13:56:29.956,1.41227,1.41238,1.12,1.57
2016.01.07 13:56:30.464,1.41226,1.41238,1.50,1.20
2016.01.07 13:56:31.248,1.41226,1.41238,1.50,1.20
2016.01.07 13:56:32.742,1.41227,1.41238,1.50,1.20
2016.01.07 13:56:33.254,1.41227,1.41238,1.10,1.07
2016.01.07 13:56:34.144,1.41227,1.41238,1.57,1.07
2016.01.07 13:56:34.674,1.41227,1.41238,1.10,1.07
2016.01.07 13:56:35.215,1.41227,1.41239,1.47,1.50
2016.01.07 13:56:35.721,1.41228,1.41238,2.32,1.00
2016.01.07 13:56:37.383,1.41228,1.41238,3.07,1.10
2016.01.07 13:56:37.944,1.41228,1.41238,2.25,1.10
2016.01.07 13:56:38.540,1.41228,1.41238,1.45,1.10
2016.01.07 13:56:39.151,1.41227,1.41238,3.00,1.20
2016.01.07 13:56:40.698,1.41227,1.41238,3.45,1.20
2016.01.07 13:56:43.571,1.41229,1.41237,1.00,1.10
2016.01.07 13:56:44.078,1.41229,1.4124,1.00,1.95
2016.01.07 13:56:44.129,1.41231,1.4124,1.00,1.95
2016.01.07 13:56:44.676,1.41231,1.4124,1.00,1.50
2016.01.07 13:56:45.184,1.41229,1.4124,1.10,1.50
2016.01.07 13:56:45.876,1.41229,1.4124,1.07,1.57
2016.01.07 13:56:46.085,1.41231,1.41243,1.37,2.25
2016.01.07 13:56:46.187,1.41231,1.41243,1.87,1.12
2016.01.07 13:56:46.720,1.41232,1.41243,1.10,1.07
2016.01.07 13:56:47.837,1.41238,1.41244,1.00,2.25
2016.01.07 13:56:48.142,1.41244,1.41253,1.50,1.00
2016.01.07 13:56:48.295,1.41242,1.41251,3.75,1.00
2016.01.07 13:56:48.642,1.41247,1.41257,1.50,1.43
2016.01.07 13:56:48.846,1.41247,1.41257,1.12,1.00
2016.01.07 13:56:50.278,1.41247,1.41257,1.87,1.00
2016.01.07 13:56:50.795,1.41247,1.41257,1.87,1.10
2016.01.07 13:56:52.659,1.41246,1.41255,1.00,1.12
2016.01.07 13:56:52.711,1.41243,1.41254,1.57,1.20
2016.01.07 13:56:53.218,1.41244,1.41254,1.50,1.50
2016.01.07 13:56:57.052,1.41244,1.41256,1.50,4.12
2016.01.07 13:56:57.558,1.41245,1.41256,1.37,4.87
2016.01.07 13:56:57.913,1.41244,1.41256,1.50,4.87
2016.01.07 13:56:59.811,1.41242,1.41253,1.57,1.00
2016.01.07 13:56:59.913,1.41241,1.41253,2.70,1.95
2016.01.07 13:57:00.625,1.41243,1.41253,1.12,2.32
2016.01.07 13:57:01.147,1.41244,1.41253,1.37,1.57
2016.01.07 13:57:01.503,1.41243,1.41253,1.12,1.57
2016.01.07 13:57:01.811,1.41241,1.41253,1.50,1.95
2016.01.07 13:57:03.109,1.41241,1.41253,1.37,2.32
2016.01.07 13:57:03.723,1.41243,1.41253,1.12,2.32
2016.01.07 13:57:04.180,1.41244,1.41256,2.25,2.62
2016.01.07 13:57:04.332,1.41247,1.41256,1.12,1.87
2016.01.07 13:57:04.973,1.41246,1.41258,1.12,2.62
2016.01.07 13:57:06.018,1.41247,1.41258,1.12,2.32
2016.01.07 13:57:10.176,1.41247,1.41259,1.12,2.25
2016.01.07 13:57:10.700,1.41248,1.41259,2.25,1.50
2016.01.07 13:57:11.364,1.41249,1.4126,1.00,2.25
2016.01.07 13:57:11.670,1.41248,1.41252,1.00,1.00
2016.01.07 13:57:11.721,1.41247,1.41255,2.70,1.00
2016.01.07 13:57:11.822,1.41244,1.41257,1.75,4.50
2016.01.07 13:57:12.501,1.41245,1.41257,1.75,3.00
2016.01.07 13:57:13.012,1.41247,1.41257,1.37,1.57
2016.01.07 13:57:13.469,1.41246,1.41257,1.12,1.07
2016.01.07 13:57:14.635,1.41246,1.41258,1.37,2.62
2016.01.07 13:57:15.141,1.41246,1.41258,1.12,2.62
2016.01.07 13:57:15.674,1.41247,1.41258,1.12,3.00
2016.01.07 13:57:16.569,1.41245,1.41258,2.62,3.37
2016.01.07 13:57:17.077,1.41245,1.41258,2.62,3.37
2016.01.07 13:57:17.754,1.41245,1.41258,2.62,3.37
2016.01.07 13:57:19.053,1.41245,1.41253,1.87,1.00
2016.01.07 13:57:19.311,1.4124,1.41249,3.45,1.00
2016.01.07 13:57:19.566,1.41241,1.41247,1.37,1.00
2016.01.07 13:57:19.669,1.41239,1.41245,1.50,1.00
2016.01.07 13:57:19.771,1.41236,1.41244,1.12,1.12
2016.01.07 13:57:19.823,1.41234,1.4124,1.12,1.00
2016.01.07 13:57:19.874,1.41232,1.4124,1.00,1.00
2016.01.07 13:57:20.353,1.41233,1.4124,1.37,1.00
2016.01.07 13:57:20.455,1.41232,1.4124,1.12,1.00
2016.01.07 13:57:20.965,1.41232,1.4124,1.37,1.00
2016.01.07 13:57:22.954,1.41233,1.4124,1.37,1.50
2016.01.07 13:57:24.265,1.41233,1.4124,1.12,1.00
2016.01.07 13:57:24.773,1.41232,1.4124,1.12,1.00
2016.01.07 13:57:25.279,1.41232,1.4124,1.37,1.00
2016.01.07 13:57:25.995,1.41233,1.4124,1.37,1.00
2016.01.07 13:57:26.593,1.41233,1.41242,1.37,2.73
2016.01.07 13:57:27.117,1.41232,1.41242,1.37,2.73
2016.01.07 13:57:27.779,1.41233,1.41241,1.37,1.23
2016.01.07 13:57:28.069,1.41232,1.41241,1.12,1.60
2016.01.07 13:57:30.485,1.41232,1.4124,1.12,1.00
2016.01.07 13:57:34.498,1.41233,1.4124,1.12,1.00
2016.01.07 13:57:35.711,1.41232,1.4124,1.12,1.00
2016.01.07 13:57:36.254,1.41232,1.4124,1.37,1.00
2016.01.07 13:57:36.815,1.41232,1.4124,1.12,1.00
2016.01.07 13:57:37.323,1.41232,1.41241,1.37,1.10
2016.01.07 13:57:37.795,1.41228,1.41241,1.50,1.57
2016.01.07 13:57:37.897,1.41227,1.41241,2.70,2.70
2016.01.07 13:57:37.948,1.41227,1.4124,3.00,1.07
2016.01.07 13:57:38.709,1.41228,1.41238,1.07,1.00
2016.01.07 13:57:39.015,1.41226,1.41238,1.87,2.62
2016.01.07 13:57:39.532,1.41226,1.41237,2.25,2.62
2016.01.07 13:57:40.782,1.41229,1.41239,1.00,2.25
2016.01.07 13:57:40.935,1.41229,1.4124,1.10,1.12
2016.01.07 13:57:41.138,1.41232,1.4124,1.50,1.12
2016.01.07 13:57:41.443,1.41245,1.41252,1.00,1.20
2016.01.07 13:57:41.730,1.41249,1.41255,1.12,1.00
2016.01.07 13:57:42.035,1.41251,1.41258,1.12,1.95
2016.01.07 13:57:42.086,1.41251,1.41259,1.12,1.20
2016.01.07 13:57:42.504,1.41251,1.41261,1.12,1.20
2016.01.07 13:57:43.024,1.41251,1.41261,1.00,1.50
2016.01.07 13:57:44.119,1.41251,1.41261,1.00,1.12
2016.01.07 13:57:45.221,1.41252,1.41261,1.00,1.12
2016.01.07 13:57:46.077,1.41252,1.41261,1.95,1.00
2016.01.07 13:57:46.129,1.41256,1.41265,1.00,1.81
2016.01.07 13:57:46.180,1.41257,1.41265,1.00,1.53
2016.01.07 13:57:46.282,1.41257,1.41267,1.50,1.00
2016.01.07 13:57:46.536,1.41259,1.41267,1.00,1.10
2016.01.07 13:57:47.205,1.4126,1.41271,1.00,3.06
2016.01.07 13:57:47.511,1.41263,1.41271,1.00,1.47
2016.01.07 13:57:48.029,1.41263,1.41272,1.00,1.07
2016.01.07 13:57:49.755,1.41263,1.41272,1.00,1.00
2016.01.07 13:57:50.262,1.41263,1.41274,1.00,2.32
2016.01.07 13:57:50.967,1.41264,1.41274,1.00,3.07
2016.01.07 13:57:52.374,1.41262,1.41274,2.62,2.32
2016.01.07 13:57:52.729,1.41262,1.41271,1.00,1.00
2016.01.07 13:57:53.852,1.41262,1.41271,1.00,1.87
2016.01.07 13:57:54.362,1.41262,1.41272,1.00,1.95
2016.01.07 13:57:54.667,1.41262,1.4127,1.00,1.37
2016.01.07 13:57:54.769,1.41262,1.41272,1.00,3.00
2016.01.07 13:57:55.569,1.41262,1.41271,1.00,1.37
2016.01.07 13:57:56.308,1.41262,1.41272,1.00,1.87
2016.01.07 13:57:56.930,1.41261,1.41266,1.87,1.37
2016.01.07 13:57:56.982,1.41256,1.41265,1.00,1.57
2016.01.07 13:57:57.084,1.41254,1.41265,1.00,3.00
2016.01.07 13:57:57.135,1.41252,1.41264,1.12,1.87
2016.01.07 13:57:57.642,1.4125,1.41262,1.37,1.07
2016.01.07 13:57:58.149,1.4125,1.41261,1.00,1.10
2016.01.07 13:57:58.568,1.41253,1.41261,1.00,1.10
2016.01.07 13:57:59.076,1.41252,1.41261,1.00,1.10
2016.01.07 13:58:00.159,1.41252,1.41261,1.00,2.70
2016.01.07 13:58:01.597,1.41252,1.4126,1.00,1.07
2016.01.07 13:58:01.972,1.4125,1.4126,1.00,1.12
2016.01.07 13:58:02.125,1.4125,1.41258,1.00,1.12
2016.01.07 13:58:02.278,1.41248,1.41258,1.00,1.87
2016.01.07 13:58:02.803,1.41247,1.41257,1.12,1.20
2016.01.07 13:58:03.198,1.41245,1.41254,1.00,1.45
2016.01.07 13:58:03.502,1.41244,1.41254,1.00,1.87
2016.01.07 13:58:04.009,1.41243,1.41253,1.00,1.87
2016.01.07 13:58:04.691,1.41243,1.41253,1.00,2.62
2016.01.07 13:58:04.912,1.41241,1.4125,1.00,1.00
2016.01.07 13:58:04.963,1.4124,1.41246,1.00,1.12
2016.01.07 13:58:05.166,1.41234,1.41243,1.00,1.95
2016.01.07 13:58:05.217,1.41232,1.41243,1.00,2.25
2016.01.07 13:58:05.370,1.41228,1.41239,1.00,1.12
2016.01.07 13:58:05.917,1.41228,1.4124,1.00,1.75
2016.01.07 13:58:06.221,1.41228,1.41242,1.10,3.00
2016.01.07 13:58:06.373,1.4123,1.41242,1.00,2.62
2016.01.07 13:58:06.880,1.41229,1.41242,1.00,2.62
2016.01.07 13:58:07.413,1.4123,1.41241,1.50,1.37
2016.01.07 13:58:07.516,1.41232,1.41243,1.12,1.45
2016.01.07 13:58:07.618,1.41233,1.41244,1.07,1.50
2016.01.07 13:58:07.976,1.41234,1.41247,1.50,1.87
2016.01.07 13:58:08.331,1.41238,1.41247,1.37,1.12
2016.01.07 13:58:08.738,1.41241,1.41248,1.50,1.37
2016.01.07 13:58:08.789,1.41243,1.41255,1.87,1.85
2016.01.07 13:58:08.891,1.41247,1.41257,1.00,1.12
2016.01.07 13:58:08.943,1.41247,1.41257,1.87,1.12
2016.01.07 13:58:09.548,1.4125,1.41257,1.00,1.12
2016.01.07 13:58:10.056,1.41248,1.41257,1.07,1.00
2016.01.07 13:58:10.590,1.41248,1.41257,1.20,1.50
2016.01.07 13:58:11.365,1.41248,1.41257,1.07,1.00
2016.01.07 13:58:11.871,1.41248,1.41257,1.20,1.50
2016.01.07 13:58:12.684,1.41248,1.41257,1.20,1.00
2016.01.07 13:58:13.895,1.41248,1.41257,1.07,1.50
2016.01.07 13:58:14.574,1.41247,1.41257,1.87,1.00
2016.01.07 13:58:15.089,1.41248,1.41257,1.07,1.50
2016.01.07 13:58:15.438,1.41234,1.4124,1.00,1.00
2016.01.07 13:58:15.641,1.41228,1.41239,2.14,1.12
2016.01.07 13:58:16.305,1.41228,1.41238,1.00,1.50
2016.01.07 13:58:17.234,1.41226,1.4124,2.89,1.20
2016.01.07 13:58:18.722,1.41229,1.4124,1.20,1.45
2016.01.07 13:58:19.027,1.41227,1.41238,1.12,1.50
2016.01.07 13:58:19.078,1.41227,1.41238,1.10,1.50
2016.01.07 13:58:19.231,1.41223,1.41232,1.87,1.12
2016.01.07 13:58:19.283,1.41222,1.41234,3.27,1.87
2016.01.07 13:58:19.572,1.41222,1.41227,1.50,1.87
2016.01.07 13:58:19.624,1.41214,1.41225,1.50,2.62
2016.01.07 13:58:19.981,1.41213,1.41225,1.47,1.95
2016.01.07 13:58:20.492,1.41215,1.41225,1.10,1.47
2016.01.07 13:58:21.006,1.41214,1.41226,1.07,2.32
2016.01.07 13:58:21.513,1.41214,1.41225,1.07,1.47
2016.01.07 13:58:22.045,1.41214,1.41226,1.07,2.32
2016.01.07 13:58:22.514,1.41216,1.41228,1.37,1.95
2016.01.07 13:58:22.768,1.4122,1.41232,1.87,1.00
2016.01.07 13:58:22.870,1.41221,1.41232,1.75,1.00
2016.01.07 13:58:23.211,1.41227,1.4124,1.20,1.57
2016.01.07 13:58:23.720,1.41226,1.4124,1.87,1.57
2016.01.07 13:58:24.798,1.41226,1.41237,3.00,1.00
2016.01.07 13:58:25.105,1.41218,1.41225,1.12,1.50
2016.01.07 13:58:25.433,1.41211,1.41221,1.50,1.57
2016.01.07 13:58:25.638,1.4121,1.4122,1.50,1.37
2016.01.07 13:58:25.690,1.41211,1.4122,1.37,1.37
2016.01.07 13:58:25.998,1.41211,1.41218,1.37,1.37
2016.01.07 13:58:26.346,1.41207,1.41217,1.37,1.37
2016.01.07 13:58:26.501,1.41204,1.41212,1.87,1.37
2016.01.07 13:58:26.908,1.41204,1.41215,1.12,1.47
2016.01.07 13:58:29.826,1.41204,1.41214,1.87,1.47
2016.01.07 13:58:30.239,1.41204,1.41216,2.25,1.37
2016.01.07 13:58:30.645,1.41206,1.41218,1.87,1.87
2016.01.07 13:58:30.798,1.41207,1.4122,2.25,1.87
2016.01.07 13:58:31.306,1.4121,1.41222,1.12,1.20
2016.01.07 13:58:31.357,1.4121,1.41222,1.50,1.20
2016.01.07 13:58:31.874,1.4121,1.41221,1.87,1.12
2016.01.07 13:58:35.667,1.41211,1.41221,1.07,1.00
2016.01.07 13:58:36.557,1.41208,1.4122,2.62,1.00
2016.01.07 13:58:36.811,1.41207,1.4122,1.87,1.37
2016.01.07 13:58:37.389,1.41207,1.4122,1.87,1.00
2016.01.07 13:58:37.896,1.41208,1.41221,1.57,1.12
2016.01.07 13:58:38.499,1.41208,1.41221,1.50,1.12
2016.01.07 13:58:40.026,1.41209,1.41222,2.25,1.50
2016.01.07 13:58:40.332,1.41214,1.41226,3.37,1.00
2016.01.07 13:58:40.766,1.41215,1.41229,3.37,1.50
2016.01.07 13:58:42.086,1.41215,1.41229,3.37,2.25
2016.01.07 13:58:42.960,1.41218,1.41231,1.07,2.62
2016.01.07 13:58:43.011,1.41218,1.41231,1.45,2.62
2016.01.07 13:58:43.557,1.41218,1.41231,1.12,2.62
2016.01.07 13:58:48.932,1.41218,1.41224,1.00,1.00
2016.01.07 13:58:48.983,1.41217,1.41226,1.87,1.12
2016.01.07 13:58:49.034,1.41216,1.41221,1.50,1.12
2016.01.07 13:58:49.085,1.41215,1.41221,1.37,1.37
2016.01.07 13:58:49.387,1.41213,1.41221,1.07,1.00
2016.01.07 13:58:49.439,1.41211,1.41223,2.25,1.12
2016.01.07 13:58:49.997,1.41211,1.41223,1.87,1.12
2016.01.07 13:58:50.303,1.41211,1.41223,1.10,1.20
2016.01.07 13:58:50.798,1.4121,1.41221,2.32,1.00
2016.01.07 13:58:51.053,1.4121,1.41223,2.32,1.95
2016.01.07 13:58:51.560,1.41211,1.41221,1.20,1.00
2016.01.07 13:58:51.904,1.41209,1.4122,1.87,1.50
2016.01.07 13:58:52.007,1.41207,1.41218,1.20,1.87
2016.01.07 13:58:52.110,1.41204,1.41217,3.75,1.50
2016.01.07 13:58:52.415,1.41203,1.4121,1.07,1.00
2016.01.07 13:58:52.721,1.41192,1.41204,1.50,1.95
2016.01.07 13:58:52.982,1.4119,1.41203,1.95,1.50
2016.01.07 13:58:55.174,1.41192,1.41202,1.20,1.00
2016.01.07 13:58:55.276,1.41192,1.41206,1.12,1.20
2016.01.07 13:58:55.785,1.41193,1.41206,1.12,1.57
2016.01.07 13:58:56.347,1.41196,1.41207,1.12,1.00
2016.01.07 13:58:56.399,1.41198,1.41207,1.00,1.00
2016.01.07 13:58:56.553,1.41199,1.41211,1.20,2.25
2016.01.07 13:58:56.605,1.41201,1.41212,1.00,1.57
2016.01.07 13:58:57.114,1.41199,1.41212,3.37,1.00
2016.01.07 13:58:57.619,1.41199,1.41212,3.00,1.50
2016.01.07 13:58:58.126,1.41199,1.41208,1.50,1.00
2016.01.07 13:58:58.229,1.41195,1.41208,1.57,1.57
2016.01.07 13:58:58.280,1.41195,1.41206,1.20,1.00
2016.01.07 13:58:58.594,1.41192,1.41204,1.87,1.50
2016.01.07 13:58:58.900,1.41191,1.41203,1.37,1.50
2016.01.07 13:58:59.869,1.4119,1.41203,1.95,1.07
2016.01.07 13:59:00.529,1.4119,1.41203,1.10,1.95
2016.01.07 13:59:01.543,1.4119,1.41204,2.70,1.95
2016.01.07 13:59:02.554,1.4119,1.41204,2.70,1.95
2016.01.07 13:59:03.364,1.41194,1.41204,1.37,1.57
2016.01.07 13:59:03.736,1.41196,1.41206,1.37,1.00
2016.01.07 13:59:04.920,1.41197,1.41208,1.00,1.95
2016.01.07 13:59:06.238,1.41197,1.41208,1.87,1.10
2016.01.07 13:59:06.955,1.41197,1.41208,1.50,1.20
2016.01.07 13:59:07.266,1.41196,1.41205,1.37,1.50
2016.01.07 13:59:07.317,1.41193,1.41204,1.12,1.12
2016.01.07 13:59:07.368,1.41193,1.41203,1.00,1.20
2016.01.07 13:59:07.622,1.41189,1.41201,1.57,1.37
2016.01.07 13:59:10.064,1.41188,1.41199,1.57,1.37
2016.01.07 13:59:10.572,1.41186,1.41199,1.12,1.45
2016.01.07 13:59:11.181,1.41187,1.41199,2.32,1.45
2016.01.07 13:59:11.688,1.41187,1.41199,2.25,1.37
2016.01.07 13:59:12.251,1.41187,1.412,3.00,1.57
2016.01.07 13:59:15.044,1.41188,1.41195,1.45,1.37
2016.01.07 13:59:15.197,1.41186,1.41196,1.37,1.75
2016.01.07 13:59:15.248,1.41184,1.41194,1.50,1.12
2016.01.07 13:59:15.299,1.41188,1.41197,3.75,4.12
2016.01.07 13:59:15.452,1.41188,1.41198,4.50,1.00
2016.01.07 13:59:15.859,1.41188,1.412,4.12,1.00
2016.01.07 13:59:18.100,1.41188,1.41201,2.25,1.50
2016.01.07 13:59:18.965,1.41188,1.41201,2.32,1.10
2016.01.07 13:59:19.416,1.41188,1.41194,1.45,1.00
2016.01.07 13:59:19.670,1.41174,1.41183,1.00,1.20
2016.01.07 13:59:19.722,1.4117,1.4118,1.12,1.00
2016.01.07 13:59:19.773,1.41169,1.4118,1.37,1.07
2016.01.07 13:59:19.875,1.41166,1.4118,1.95,1.57
2016.01.07 13:59:19.927,1.41166,1.4118,1.95,2.62
2016.01.07 13:59:20.320,1.41162,1.41169,1.87,1.00
2016.01.07 13:59:20.474,1.41153,1.41167,1.10,2.62
2016.01.07 13:59:21.442,1.41151,1.41163,1.10,1.57
2016.01.07 13:59:21.544,1.41149,1.41163,1.95,2.32
2016.01.07 13:59:24.687,1.41149,1.41161,1.10,1.00
2016.01.07 13:59:24.788,1.41146,1.41159,2.62,1.00
2016.01.07 13:59:24.839,1.41146,1.41158,1.95,1.10
2016.01.07 13:59:25.289,1.41145,1.41153,1.00,1.50
2016.01.07 13:59:25.445,1.41135,1.41143,1.00,2.25
2016.01.07 13:59:25.497,1.41131,1.4114,1.00,1.75
2016.01.07 13:59:25.548,1.41127,1.4114,1.87,1.75
2016.01.07 13:59:25.753,1.41126,1.41138,1.00,1.37
2016.01.07 13:59:25.907,1.41123,1.41134,1.00,1.57
2016.01.07 13:59:25.959,1.41124,1.41134,1.37,1.00
2016.01.07 13:59:26.061,1.41124,1.41136,1.00,1.50
2016.01.07 13:59:26.566,1.41122,1.41136,1.50,1.87
2016.01.07 13:59:26.719,1.41122,1.41134,1.87,2.25
2016.01.07 13:59:26.872,1.4112,1.41133,1.50,1.37
2016.01.07 13:59:28.815,1.41119,1.41131,1.00,1.95
2016.01.07 13:59:28.868,1.41116,1.41129,1.57,1.37
2016.01.07 13:59:28.919,1.41116,1.41129,1.00,1.75
2016.01.07 13:59:28.970,1.41113,1.41125,1.37,1.95
2016.01.07 13:59:29.021,1.41113,1.41125,1.00,2.25
2016.01.07 13:59:29.400,1.4112,1.4113,1.75,3.75
2016.01.07 13:59:29.452,1.41121,1.4113,1.50,1.37
2016.01.07 13:59:29.503,1.41123,1.41134,1.50,1.75
2016.01.07 13:59:29.605,1.41126,1.4114,1.75,2.25
2016.01.07 13:59:29.860,1.41126,1.4114,1.47,1.07
2016.01.07 13:59:30.115,1.41128,1.41142,1.37,1.87
2016.01.07 13:59:30.429,1.41129,1.41144,1.95,1.37
2016.01.07 13:59:30.835,1.41129,1.41145,1.45,2.25
2016.01.07 13:59:31.395,1.41132,1.41145,1.00,1.75
2016.01.07 13:59:31.605,1.41136,1.41147,1.12,1.75
2016.01.07 13:59:31.657,1.41136,1.41148,1.12,1.87
2016.01.07 13:59:31.708,1.41137,1.41149,1.87,2.25
2016.01.07 13:59:32.014,1.41141,1.41153,1.12,1.20
2016.01.07 13:59:32.117,1.41142,1.41153,1.00,1.50
2016.01.07 13:59:32.549,1.41143,1.41155,1.00,1.87
2016.01.07 13:59:33.057,1.41145,1.41155,1.00,1.85
2016.01.07 13:59:33.561,1.41146,1.41157,1.00,1.50
2016.01.07 13:59:33.612,1.41146,1.41157,1.00,1.50
2016.01.07 13:59:33.968,1.41146,1.41158,1.50,1.45
2016.01.07 13:59:34.222,1.41149,1.41161,1.00,1.12
2016.01.07 13:59:34.385,1.4115,1.41163,1.00,1.87
2016.01.07 13:59:34.643,1.41154,1.41165,1.10,1.00
2016.01.07 13:59:34.796,1.41157,1.4117,1.00,2.70
2016.01.07 13:59:34.848,1.41158,1.4117,1.00,1.95
2016.01.07 13:59:34.951,1.41163,1.4117,1.00,1.45
2016.01.07 13:59:35.003,1.41163,1.41176,1.00,1.12
2016.01.07 13:59:35.156,1.41166,1.41178,1.00,1.50
2016.01.07 13:59:35.259,1.41165,1.41178,1.95,1.20
2016.01.07 13:59:35.726,1.41164,1.41176,1.07,1.07
2016.01.07 13:59:36.031,1.41161,1.4117,1.12,1.00
2016.01.07 13:59:36.184,1.41155,1.41168,1.57,1.12
2016.01.07 13:59:36.735,1.41155,1.41168,1.10,1.75
2016.01.07 13:59:37.243,1.41155,1.41168,1.45,1.12
2016.01.07 13:59:38.614,1.41154,1.41165,1.45,1.10
2016.01.07 13:59:39.244,1.41154,1.41168,1.95,1.87
2016.01.07 13:59:39.348,1.41159,1.41169,1.12,1.87
2016.01.07 13:59:39.399,1.41159,1.4117,1.50,1.50
2016.01.07 13:59:39.501,1.41156,1.41169,1.12,2.25
2016.01.07 13:59:39.603,1.41153,1.41166,2.62,1.12
2016.01.07 13:59:39.756,1.41153,1.41166,1.20,1.57
2016.01.07 13:59:40.208,1.4115,1.41163,1.50,1.00
2016.01.07 13:59:40.514,1.41148,1.41161,3.00,1.12
2016.01.07 13:59:40.667,1.41148,1.4116,2.25,1.12
2016.01.07 13:59:41.023,1.41146,1.4116,1.95,1.50
2016.01.07 13:59:41.227,1.41144,1.41157,1.12,1.50
2016.01.07 13:59:41.736,1.41141,1.41154,1.47,1.00
2016.01.07 13:59:41.837,1.41142,1.41153,1.37,1.37
2016.01.07 13:59:42.142,1.4114,1.41151,1.37,1.20
2016.01.07 13:59:42.858,1.4114,1.41151,1.75,1.20
2016.01.07 13:59:43.848,1.41141,1.41151,1.00,1.95
2016.01.07 13:59:44.000,1.41141,1.41154,2.32,1.95
2016.01.07 13:59:44.518,1.41141,1.41154,2.62,1.45
2016.01.07 13:59:47.157,1.41143,1.41155,1.47,3.00
2016.01.07 13:59:47.311,1.41145,1.41158,1.57,2.32
2016.01.07 13:59:47.362,1.41145,1.41158,1.57,2.32
2016.01.07 13:59:47.464,1.41147,1.41159,1.47,1.45
2016.01.07 13:59:47.617,1.41147,1.41159,1.75,1.37
2016.01.07 13:59:48.288,1.41146,1.4116,2.25,1.00
2016.01.07 13:59:48.492,1.4115,1.41161,1.12,1.12
2016.01.07 13:59:49.453,1.41157,1.41162,1.87,1.50
2016.01.07 13:59:49.555,1.41157,1.41168,4.12,4.87
2016.01.07 13:59:49.607,1.41161,1.41168,1.00,1.12
2016.01.07 13:59:49.658,1.41161,1.41172,1.00,1.45
2016.01.07 13:59:49.709,1.41159,1.41172,1.12,1.37
2016.01.07 13:59:50.015,1.41164,1.41176,4.50,1.10
2016.01.07 13:59:50.067,1.41165,1.41177,1.45,1.00
2016.01.07 13:59:50.169,1.41165,1.41179,3.00,1.12
2016.01.07 13:59:50.535,1.41165,1.41177,1.12,1.10
2016.01.07 13:59:51.043,1.41164,1.41177,2.62,1.00
2016.01.07 13:59:51.534,1.41163,1.41175,2.25,1.00
2016.01.07 13:59:51.843,1.41153,1.41165,1.87,1.00
2016.01.07 13:59:52.047,1.4115,1.41163,1.57,1.50
2016.01.07 13:59:52.557,1.41149,1.41162,1.95,1.10
2016.01.07 13:59:52.710,1.41149,1.41161,2.70,1.50
2016.01.07 13:59:53.016,1.41147,1.41155,1.12,1.37
2016.01.07 13:59:53.324,1.41138,1.41144,3.75,1.37
2016.01.07 13:59:53.615,1.41133,1.41138,2.25,1.00
2016.01.07 13:59:53.717,1.41129,1.41138,1.12,1.00
2016.01.07 13:59:53.769,1.4113,1.41135,1.00,1.47
2016.01.07 13:59:53.820,1.41127,1.41135,1.00,1.47
2016.01.07 13:59:54.702,1.41126,1.41135,1.00,1.47
2016.01.07 13:59:55.248,1.41126,1.41135,1.87,1.45
2016.01.07 13:59:58.826,1.41126,1.41138,1.50,2.25
2016.01.07 13:59:59.498,1.41126,1.41138,1.50,1.37
2016.01.07 13:59:59.550,1.41129,1.41138,1.00,1.37
2016.01.07 13:59:59.704,1.41131,1.4114,1.00,1.75
