2009.06.16 04:00:00.856,1.1347,1.1348,1.00,12.60
2009.06.16 04:00:03.845,1.13461,1.13471,1.00,2.00
2009.06.16 04:00:04.065,1.13452,1.13462,1.00,3.20
2009.06.16 04:00:04.295,1.13442,1.13452,1.00,3.20
2009.06.16 04:00:18.012,1.13429,1.13444,1.00,1.00
2009.06.16 04:00:18.252,1.13418,1.13433,1.00,1.00
2009.06.16 04:00:18.941,1.13411,1.13437,1.00,3.20
2009.06.16 04:00:19.641,1.13425,1.1345,3.40,10.00
2009.06.16 04:00:19.801,1.13446,1.13466,4.20,1.80
2009.06.16 04:00:24.440,1.13461,1.13491,1.00,3.20
2009.06.16 04:00:24.770,1.13471,1.13501,1.00,3.40
2009.06.16 04:00:25.060,1.13475,1.13495,4.60,1.00
2009.06.16 04:00:25.470,1.13471,1.13486,1.00,6.40
2009.06.16 04:00:27.099,1.13466,1.13476,1.60,3.20
2009.06.16 04:00:27.959,1.13456,1.13471,2.20,3.20
2009.06.16 04:00:42.856,1.13451,1.13461,1.00,5.80
2009.06.16 04:00:43.656,1.13441,1.13456,1.00,1.00
2009.06.16 04:00:58.382,1.13438,1.13453,1.00,1.00
2009.06.16 04:01:01.773,1.1344,1.1345,6.40,4.00
2009.06.16 04:01:06.182,1.13433,1.13448,1.00,3.20
2009.06.16 04:01:08.331,1.13432,1.13442,4.80,3.20
2009.06.16 04:01:11.461,1.13427,1.13442,4.40,16.60
2009.06.16 04:01:12.091,1.13432,1.13437,1.00,4.00
2009.06.16 04:01:30.346,1.13426,1.13441,1.00,12.60
2009.06.16 04:01:30.626,1.1342,1.1345,1.00,3.20
2009.06.16 04:01:31.336,1.13422,1.13452,3.60,3.20
2009.06.16 04:01:32.736,1.13421,1.13456,2.20,3.20
2009.06.16 04:01:33.775,1.13416,1.13456,1.80,6.40
2009.06.16 04:01:35.275,1.13406,1.13451,1.60,1.00
2009.06.16 04:01:40.654,1.13403,1.13433,3.20,3.20
2009.06.16 04:01:41.043,1.13403,1.13429,1.00,6.40
2009.06.16 04:01:41.203,1.13413,1.13433,1.00,4.00
2009.06.16 04:01:41.533,1.13421,1.13441,1.00,2.40
2009.06.16 04:01:45.482,1.13425,1.13445,1.00,1.80
2009.06.16 04:01:45.603,1.13428,1.13453,1.80,1.80
2009.06.16 04:01:46.602,1.13432,1.13457,1.40,3.20
2009.06.16 04:01:47.182,1.13436,1.13466,1.00,4.00
2009.06.16 04:01:47.352,1.13441,1.13465,1.20,2.40
2009.06.16 04:01:48.292,1.13433,1.13463,2.40,12.00
2009.06.16 04:01:48.932,1.13427,1.13457,3.80,1.20
2009.06.16 04:01:49.282,1.13425,1.1345,1.00,1.80
2009.06.16 04:01:49.452,1.13422,1.13447,1.00,1.00
2009.06.16 04:01:49.571,1.13418,1.13448,1.40,3.20
2009.06.16 04:01:51.071,1.13409,1.13454,1.00,2.60
2009.06.16 04:01:51.311,1.13413,1.13453,7.80,3.20
2009.06.16 04:01:55.400,1.13432,1.13437,1.00,3.20
2009.06.16 04:01:56.330,1.13414,1.13454,1.20,3.20
2009.06.16 04:01:56.850,1.13416,1.13456,7.80,3.20
2009.06.16 04:01:57.030,1.13417,1.13457,1.00,1.00
2009.06.16 04:01:58.040,1.13437,1.13442,1.00,3.20
2009.06.16 04:01:58.219,1.13434,1.13454,6.20,3.20
2009.06.16 04:01:58.849,1.13445,1.1345,3.80,3.20
2009.06.16 04:02:01.124,1.13447,1.13451,1.00,1.00
2009.06.16 04:02:01.414,1.13414,1.13454,1.00,7.60
2009.06.16 04:02:01.634,1.13397,1.13437,1.00,3.20
2009.06.16 04:02:01.694,1.13383,1.13423,8.00,4.40
2009.06.16 04:02:02.743,1.13383,1.13403,1.00,2.80
2009.06.16 04:02:03.153,1.13375,1.13395,2.80,1.80
2009.06.16 04:02:04.013,1.13371,1.13391,1.00,12.20
2009.06.16 04:02:04.473,1.13367,1.13387,1.00,3.20
2009.06.16 04:02:05.163,1.13366,1.13386,7.00,1.00
2009.06.16 04:02:05.631,1.13359,1.13389,1.00,2.20
2009.06.16 04:02:05.853,1.13363,1.13383,1.00,1.80
2009.06.16 04:02:05.913,1.13365,1.13375,4.80,1.80
2009.06.16 04:02:09.632,1.13356,1.13376,1.70,2.80
2009.06.16 04:02:10.861,1.13351,1.13371,2.20,3.20
2009.06.16 04:02:11.021,1.13346,1.13366,6.20,1.00
2009.06.16 04:02:15.770,1.13342,1.13362,1.00,1.00
2009.06.16 04:02:16.120,1.1333,1.13365,1.80,1.00
2009.06.16 04:02:16.350,1.1333,1.13355,1.00,1.60
2009.06.16 04:02:19.029,1.13324,1.13354,1.00,3.20
2009.06.16 04:02:19.149,1.13315,1.1336,1.00,1.00
2009.06.16 04:02:20.119,1.1332,1.13355,1.80,2.40
2009.06.16 04:02:22.968,1.13334,1.13339,1.00,1.00
2009.06.16 04:02:28.467,1.1333,1.1334,2.20,4.00
2009.06.16 04:02:28.687,1.13333,1.13338,1.00,6.40
2009.06.16 04:02:29.567,1.13332,1.13342,1.80,2.20
2009.06.16 04:02:30.727,1.13334,1.13344,1.20,18.20
2009.06.16 04:02:31.707,1.13334,1.13344,1.00,6.40
2009.06.16 04:02:34.076,1.1333,1.13345,1.80,3.20
2009.06.16 04:02:34.706,1.13326,1.13346,2.20,4.00
2009.06.16 04:02:35.645,1.13322,1.13347,1.00,3.20
2009.06.16 04:02:35.995,1.13327,1.13332,1.00,1.00
2009.06.16 04:02:36.645,1.13323,1.13328,5.20,1.00
2009.06.16 04:02:38.965,1.1332,1.13325,1.00,2.40
2009.06.16 04:02:45.053,1.13312,1.13322,5.80,9.60
2009.06.16 04:02:50.372,1.13304,1.13314,8.00,2.60
2009.06.16 04:02:52.572,1.13295,1.13305,1.20,11.60
2009.06.16 04:02:52.741,1.13284,1.13294,1.00,3.00
2009.06.16 04:02:52.861,1.13271,1.13281,1.00,6.40
2009.06.16 04:02:58.670,1.13264,1.13274,1.00,5.60
2009.06.16 04:03:09.271,1.13316,1.13332,10.20,15.40
2009.06.16 04:03:18.699,1.13301,1.13326,1.00,8.00
2009.06.16 04:03:19.799,1.13285,1.13315,1.00,3.20
2009.06.16 04:03:20.159,1.13281,1.13311,1.20,1.00
2009.06.16 04:03:22.158,1.1329,1.13315,1.70,1.00
2009.06.16 04:03:33.892,1.13311,1.13321,1.60,3.20
2009.06.16 04:03:35.815,1.13315,1.13345,1.20,6.40
2009.06.16 04:03:35.935,1.13325,1.1336,1.00,1.00
2009.06.16 04:03:36.215,1.13328,1.13363,5.40,14.40
2009.06.16 04:03:40.974,1.13322,1.13352,3.20,3.20
2009.06.16 04:03:42.073,1.13313,1.13343,1.20,3.20
2009.06.16 04:03:45.842,1.13303,1.13338,3.20,4.00
2009.06.16 04:03:46.133,1.13297,1.13332,7.20,10.80
2009.06.16 04:03:46.362,1.13306,1.13316,1.00,13.40
2009.06.16 04:03:46.642,1.13306,1.13316,3.80,3.20
2009.06.16 04:04:02.274,1.13303,1.13313,1.20,4.00
2009.06.16 04:04:11.636,1.13273,1.13318,5.60,1.00
2009.06.16 04:04:26.917,1.13296,1.13306,1.60,1.00
2009.06.16 04:04:27.847,1.13324,1.13334,1.60,3.20
2009.06.16 04:04:28.087,1.13345,1.13355,1.00,5.80
2009.06.16 04:04:28.687,1.13348,1.13363,3.80,11.20
2009.06.16 04:04:36.388,1.13348,1.13358,1.60,1.00
2009.06.16 04:04:43.570,1.13327,1.13372,1.60,3.20
2009.06.16 04:04:46.919,1.13335,1.13355,6.40,1.00
2009.06.16 04:04:56.651,1.13337,1.13347,1.00,3.20
2009.06.16 04:04:57.077,1.13337,1.13347,4.00,5.00
2009.06.16 04:05:02.261,1.13312,1.13328,5.40,9.60
2009.06.16 04:05:02.431,1.13305,1.13335,4.40,8.60
2009.06.16 04:05:13.678,1.13303,1.13333,3.20,8.80
2009.06.16 04:05:16.258,1.13299,1.13334,1.00,3.20
2009.06.16 04:05:27.165,1.13314,1.1333,1.00,4.00
2009.06.16 04:05:33.704,1.13334,1.13344,1.00,1.20
2009.06.16 04:05:34.273,1.13353,1.13363,8.60,4.00
2009.06.16 04:05:34.723,1.13372,1.13382,9.60,2.60
2009.06.16 04:05:34.963,1.13384,1.13394,6.20,3.20
2009.06.16 04:05:35.763,1.13383,1.13393,7.60,1.00
2009.06.16 04:05:38.862,1.13379,1.13394,1.00,2.20
2009.06.16 04:05:39.092,1.13372,1.13392,1.00,6.40
2009.06.16 04:05:39.552,1.13361,1.13396,6.40,1.00
2009.06.16 04:05:41.982,1.13369,1.13379,1.00,3.80
2009.06.16 04:05:53.878,1.13362,1.13382,1.00,1.00
2009.06.16 04:06:00.004,1.13363,1.13393,3.80,9.60
2009.06.16 04:06:02.883,1.13366,1.13386,1.00,1.00
2009.06.16 04:06:03.533,1.1336,1.1338,1.00,3.60
2009.06.16 04:06:11.382,1.1335,1.1337,1.00,15.40
2009.06.16 04:06:13.301,1.13339,1.13359,3.80,3.20
2009.06.16 04:06:37.535,1.13337,1.13357,1.00,3.20
2009.06.16 04:06:38.055,1.13348,1.13368,1.00,3.20
2009.06.16 04:06:38.225,1.13361,1.13381,4.80,1.00
2009.06.16 04:06:40.195,1.13372,1.13402,1.00,3.20
2009.06.16 04:06:40.434,1.13384,1.13419,1.00,1.00
2009.06.16 04:06:47.483,1.13385,1.13425,1.80,4.00
2009.06.16 04:06:47.663,1.13381,1.13411,1.00,3.20
2009.06.16 04:06:55.121,1.13373,1.13403,1.60,1.40
2009.06.16 04:06:56.851,1.13365,1.134,2.20,4.20
2009.06.16 04:06:57.200,1.13362,1.13397,1.00,1.00
2009.06.16 04:06:57.320,1.13357,1.13392,1.60,5.60
2009.06.16 04:06:57.380,1.13349,1.13389,4.00,8.20
2009.06.16 04:06:59.320,1.13355,1.13375,1.60,3.20
2009.06.16 04:07:00.817,1.13317,1.13327,1.00,1.00
2009.06.16 04:07:00.996,1.13321,1.13331,6.40,1.00
2009.06.16 04:07:01.286,1.13326,1.13336,3.40,9.60
2009.06.16 04:07:01.456,1.13331,1.13341,1.00,6.40
2009.06.16 04:07:01.676,1.13335,1.13345,10.20,22.60
2009.06.16 04:07:02.146,1.13338,1.13348,16.00,1.60
2009.06.16 04:07:02.446,1.13339,1.13349,10.00,3.20
2009.06.16 04:07:07.015,1.13334,1.13354,7.00,3.20
2009.06.16 04:07:09.234,1.13332,1.13352,2.20,3.40
2009.06.16 04:07:09.414,1.1333,1.1335,1.60,1.20
2009.06.16 04:07:19.922,1.13324,1.13344,1.00,10.00
2009.06.16 04:07:20.152,1.13319,1.13339,1.00,1.00
2009.06.16 04:07:20.512,1.1332,1.1333,1.20,3.20
2009.06.16 04:07:20.752,1.13309,1.13329,4.20,3.20
2009.06.16 04:07:22.221,1.1331,1.1333,1.20,1.80
2009.06.16 04:07:22.901,1.13324,1.13334,3.20,1.00
2009.06.16 04:07:23.721,1.13329,1.13349,1.00,3.20
2009.06.16 04:07:24.301,1.13336,1.13356,1.00,12.00
2009.06.16 04:07:24.581,1.13344,1.13359,3.80,3.20
2009.06.16 04:07:28.640,1.13351,1.13356,2.40,6.40
2009.06.16 04:07:31.899,1.13352,1.13357,1.00,3.20
2009.06.16 04:07:32.069,1.13348,1.13368,3.80,9.60
2009.06.16 04:07:32.359,1.1335,1.13375,1.00,1.60
2009.06.16 04:07:36.268,1.13359,1.13369,1.00,9.60
2009.06.16 04:07:36.558,1.13355,1.13365,6.40,3.00
2009.06.16 04:07:36.678,1.13348,1.13363,1.40,6.20
2009.06.16 04:07:40.317,1.13336,1.13361,6.40,3.20
2009.06.16 04:07:40.557,1.13331,1.13356,6.40,3.20
2009.06.16 04:07:41.417,1.1333,1.1335,3.80,3.20
2009.06.16 04:07:41.996,1.13329,1.13349,1.00,8.80
2009.06.16 04:07:45.286,1.13329,1.13349,2.00,3.20
2009.06.16 04:07:45.976,1.1333,1.1335,1.00,2.80
2009.06.16 04:07:49.215,1.13328,1.13348,1.00,3.20
2009.06.16 04:07:49.905,1.13328,1.13348,1.00,5.60
2009.06.16 04:07:50.304,1.13329,1.13349,1.00,18.40
2009.06.16 04:07:54.963,1.13325,1.13355,11.20,1.80
2009.06.16 04:07:55.663,1.13327,1.13357,3.20,6.40
2009.06.16 04:07:55.893,1.13331,1.13361,1.00,1.00
2009.06.16 04:07:56.823,1.13338,1.13358,1.20,9.60
2009.06.16 04:07:58.202,1.13338,1.13358,4.00,4.80
2009.06.16 04:08:02.131,1.13351,1.13371,1.00,1.00
2009.06.16 04:08:07.830,1.13352,1.13372,2.00,1.20
2009.06.16 04:08:19.587,1.13356,1.13376,2.00,6.80
2009.06.16 04:08:20.857,1.1336,1.1338,1.00,3.20
2009.06.16 04:08:36.073,1.13355,1.13375,1.00,6.80
2009.06.16 04:08:36.413,1.13337,1.13357,1.00,7.60
2009.06.16 04:08:38.852,1.1332,1.13335,1.00,3.20
2009.06.16 04:08:41.612,1.13311,1.13325,3.20,3.20
2009.06.16 04:08:54.788,1.13314,1.13334,8.00,3.20
2009.06.16 04:08:55.378,1.13324,1.13344,8.00,3.20
2009.06.16 04:08:56.578,1.13337,1.13347,1.00,6.40
2009.06.16 04:08:58.578,1.13336,1.13356,1.60,6.40
2009.06.16 04:08:59.467,1.13341,1.13361,1.60,3.20
2009.06.16 04:08:59.637,1.1335,1.1336,1.20,3.20
2009.06.16 04:08:59.987,1.13353,1.13363,4.80,1.40
2009.06.16 04:09:07.987,1.13346,1.13366,1.00,1.00
2009.06.16 04:09:08.157,1.13345,1.1336,1.00,1.00
2009.06.16 04:09:09.447,1.13338,1.13358,1.00,1.00
2009.06.16 04:09:11.406,1.13337,1.13357,1.00,2.20
2009.06.16 04:09:11.646,1.13339,1.13359,1.00,3.00
2009.06.16 04:09:11.696,1.13341,1.13361,1.20,1.20
2009.06.16 04:09:11.756,1.13344,1.13369,1.00,9.40
2009.06.16 04:09:21.564,1.13348,1.13373,1.00,7.20
2009.06.16 04:09:22.014,1.13346,1.13381,1.00,9.20
2009.06.16 04:09:22.314,1.13354,1.13364,1.00,3.20
2009.06.16 04:09:23.473,1.13349,1.13359,1.20,4.00
2009.06.16 04:09:23.933,1.13344,1.13354,1.00,1.00
2009.06.16 04:09:24.223,1.13328,1.13353,1.00,3.20
2009.06.16 04:09:25.103,1.13323,1.13343,1.00,2.40
2009.06.16 04:09:29.842,1.13319,1.13329,1.00,1.60
2009.06.16 04:09:31.352,1.13309,1.13319,1.20,1.20
2009.06.16 04:09:31.941,1.13299,1.13309,1.60,3.80
2009.06.16 04:09:32.231,1.13295,1.13305,6.00,1.00
2009.06.16 04:09:32.851,1.13301,1.13311,3.80,3.20
2009.06.16 04:09:35.750,1.13308,1.13318,3.80,3.20
2009.06.16 04:09:38.480,1.13314,1.13324,1.00,2.60
2009.06.16 04:09:39.750,1.13318,1.13328,1.00,2.80
2009.06.16 04:09:43.529,1.13323,1.13333,1.00,5.60
2009.06.16 04:09:50.607,1.13325,1.13335,2.60,3.20
2009.06.16 04:09:51.047,1.13328,1.13338,1.00,3.20
2009.06.16 04:09:53.126,1.13332,1.13342,2.20,4.00
2009.06.16 04:09:53.546,1.13331,1.13351,2.40,1.00
2009.06.16 04:09:57.675,1.13335,1.13355,1.00,3.20
2009.06.16 04:09:58.694,1.13338,1.13358,1.00,9.60
2009.06.16 04:10:04.219,1.1335,1.1337,1.00,12.00
2009.06.16 04:10:06.028,1.13351,1.13371,1.00,3.20
2009.06.16 04:10:09.138,1.13343,1.13378,1.00,1.20
2009.06.16 04:10:09.368,1.13338,1.13378,1.00,1.00
2009.06.16 04:10:10.527,1.13347,1.13367,1.40,3.20
2009.06.16 04:10:12.407,1.13344,1.13364,4.80,3.20
2009.06.16 04:10:12.707,1.13344,1.13364,1.00,3.20
2009.06.16 04:10:13.217,1.13342,1.13362,4.00,3.20
2009.06.16 04:10:13.437,1.13344,1.13364,1.00,5.60
2009.06.16 04:10:14.016,1.13344,1.13364,1.60,3.20
2009.06.16 04:10:14.646,1.13343,1.13363,1.00,6.60
2009.06.16 04:10:14.873,1.13341,1.13361,1.80,6.20
2009.06.16 04:10:15.276,1.13341,1.13361,1.00,1.00
2009.06.16 04:10:15.566,1.13342,1.13362,1.00,3.20
2009.06.16 04:10:18.025,1.13349,1.13359,1.40,1.00
2009.06.16 04:10:18.715,1.13345,1.13365,10.60,2.40
2009.06.16 04:10:18.995,1.13348,1.13358,1.60,1.00
2009.06.16 04:10:19.745,1.13343,1.13353,1.00,5.40
2009.06.16 04:10:20.325,1.13334,1.13354,1.60,3.00
2009.06.16 04:10:20.605,1.13331,1.13341,1.60,3.60
2009.06.16 04:10:20.885,1.13324,1.13334,1.00,3.20
2009.06.16 04:10:21.165,1.13325,1.13335,1.00,4.00
2009.06.16 04:10:21.795,1.13331,1.13341,4.80,3.20
2009.06.16 04:10:25.953,1.13332,1.13352,1.00,3.20
2009.06.16 04:10:26.823,1.13336,1.13356,1.00,1.00
2009.06.16 04:10:27.463,1.1334,1.1335,4.40,1.60
2009.06.16 04:10:28.113,1.13334,1.13354,1.00,6.40
2009.06.16 04:10:29.683,1.1333,1.1336,2.20,3.20
2009.06.16 04:10:29.853,1.13332,1.13362,5.00,3.20
2009.06.16 04:10:30.153,1.13338,1.13358,1.00,1.00
2009.06.16 04:10:37.981,1.13333,1.13363,2.20,3.20
2009.06.16 04:10:39.011,1.13338,1.13358,1.20,1.00
2009.06.16 04:10:39.250,1.13337,1.13357,1.80,5.40
2009.06.16 04:10:39.551,1.13334,1.13354,1.00,7.00
2009.06.16 04:10:40.240,1.13333,1.13353,1.60,4.00
2009.06.16 04:10:42.790,1.13328,1.13358,1.00,2.40
2009.06.16 04:10:42.909,1.1333,1.1336,2.00,1.20
2009.06.16 04:10:43.020,1.1334,1.1336,5.40,1.80
2009.06.16 04:10:43.129,1.13341,1.13361,1.00,6.40
2009.06.16 04:10:43.250,1.13343,1.13363,1.00,6.40
2009.06.16 04:10:45.389,1.13338,1.13368,1.00,9.60
2009.06.16 04:10:45.859,1.13341,1.13371,1.20,4.80
2009.06.16 04:10:46.149,1.1335,1.1337,1.00,3.40
2009.06.16 04:10:49.158,1.13346,1.13376,1.00,1.80
2009.06.16 04:10:49.498,1.13341,1.13371,1.00,3.20
2009.06.16 04:10:49.798,1.13336,1.13366,1.00,1.00
2009.06.16 04:10:50.098,1.13339,1.13359,1.00,3.20
2009.06.16 04:10:50.378,1.13341,1.13361,5.20,2.40
2009.06.16 04:10:51.088,1.13338,1.13368,1.00,6.40
2009.06.16 04:10:51.448,1.13347,1.13367,1.60,6.40
2009.06.16 04:10:51.627,1.13349,1.13369,3.40,5.60
2009.06.16 04:10:52.357,1.13344,1.13374,1.00,2.40
2009.06.16 04:10:52.697,1.1335,1.1337,1.40,1.00
2009.06.16 04:10:52.987,1.13345,1.13375,1.00,1.00
2009.06.16 04:10:53.107,1.13348,1.13368,1.00,1.40
2009.06.16 04:10:53.287,1.13347,1.13367,1.40,3.20
2009.06.16 04:10:53.467,1.13346,1.13366,4.60,1.00
2009.06.16 04:10:54.267,1.13342,1.13362,9.20,5.60
2009.06.16 04:10:54.447,1.13341,1.13361,1.00,1.00
2009.06.16 04:11:04.940,1.13342,1.13368,4.00,3.20
2009.06.16 04:11:05.180,1.13341,1.13356,10.00,1.80
2009.06.16 04:11:05.460,1.13333,1.13358,4.80,2.40
2009.06.16 04:11:05.700,1.13335,1.13355,1.00,4.20
2009.06.16 04:11:08.629,1.13332,1.13362,1.40,3.20
2009.06.16 04:11:09.269,1.13334,1.13364,1.00,2.20
2009.06.16 04:11:09.909,1.13337,1.13357,1.00,2.40
2009.06.16 04:11:10.249,1.1333,1.1335,1.60,1.20
2009.06.16 04:11:10.949,1.13313,1.13343,3.20,3.20
2009.06.16 04:11:11.119,1.13308,1.13338,1.00,4.40
2009.06.16 04:11:13.318,1.13317,1.13337,1.80,3.20
2009.06.16 04:11:13.548,1.13322,1.13342,1.00,3.20
2009.06.16 04:11:18.667,1.13318,1.13348,1.00,2.60
2009.06.16 04:11:19.017,1.13315,1.1335,2.40,16.00
2009.06.16 04:11:19.187,1.1332,1.13345,8.00,3.20
2009.06.16 04:11:19.757,1.13324,1.13349,1.00,11.40
2009.06.16 04:11:20.947,1.13339,1.13344,1.00,1.00
2009.06.16 04:11:23.116,1.13342,1.13362,2.00,3.20
2009.06.16 04:11:23.296,1.13355,1.1337,4.80,1.00
2009.06.16 04:11:23.576,1.13359,1.13374,1.60,12.40
2009.06.16 04:11:23.736,1.13352,1.13367,1.00,1.80
2009.06.16 04:11:23.956,1.13345,1.1336,1.40,1.00
2009.06.16 04:11:24.546,1.13336,1.13361,1.00,1.00
2009.06.16 04:11:25.065,1.13334,1.13359,8.00,6.40
2009.06.16 04:11:25.346,1.13331,1.13366,1.00,4.80
2009.06.16 04:11:33.244,1.13327,1.13372,1.00,1.60
2009.06.16 04:11:33.594,1.13333,1.13368,2.40,3.20
2009.06.16 04:11:33.934,1.13327,1.13372,1.00,6.60
2009.06.16 04:11:34.693,1.13331,1.13366,1.00,5.80
2009.06.16 04:11:34.863,1.13327,1.13367,1.80,3.20
2009.06.16 04:11:44.641,1.13337,1.13357,3.80,2.00
2009.06.16 04:11:45.150,1.13333,1.13363,1.00,3.20
2009.06.16 04:11:55.878,1.13335,1.13365,5.40,1.20
2009.06.16 04:11:56.108,1.13345,1.13365,1.00,3.20
2009.06.16 04:11:56.288,1.13352,1.13372,6.40,5.60
2009.06.16 04:11:56.518,1.1336,1.1337,1.60,10.40
2009.06.16 04:12:04.856,1.13358,1.13368,17.60,1.60
2009.06.16 04:12:05.435,1.13362,1.13372,1.80,3.20
2009.06.16 04:12:05.556,1.13365,1.13375,1.00,4.80
2009.06.16 04:12:19.093,1.13361,1.13381,2.20,5.60
2009.06.16 04:12:20.022,1.1336,1.1338,6.40,3.20
2009.06.16 04:12:25.091,1.13357,1.13382,2.40,3.20
2009.06.16 04:12:25.431,1.13351,1.13386,4.00,9.60
2009.06.16 04:12:25.611,1.13355,1.1338,1.00,1.00
2009.06.16 04:12:28.780,1.1335,1.13385,4.00,6.40
2009.06.16 04:12:29.180,1.13345,1.13395,4.20,2.20
2009.06.16 04:12:29.860,1.13356,1.13386,1.40,3.20
2009.06.16 04:12:30.100,1.13363,1.13388,1.40,3.20
2009.06.16 04:12:31.549,1.13361,1.13391,1.20,12.60
2009.06.16 04:12:31.789,1.13369,1.13379,1.00,6.40
2009.06.16 04:12:33.399,1.13364,1.13379,1.00,5.00
2009.06.16 04:12:33.799,1.13362,1.13377,3.80,1.80
2009.06.16 04:12:33.979,1.13355,1.13375,2.20,3.20
2009.06.16 04:12:34.489,1.13347,1.13377,1.20,1.00
2009.06.16 04:12:35.129,1.13346,1.13376,1.00,16.80
2009.06.16 04:12:35.648,1.13342,1.13377,1.20,1.00
2009.06.16 04:12:35.819,1.13347,1.13372,1.00,9.60
2009.06.16 04:12:42.847,1.13346,1.13371,6.80,2.20
2009.06.16 04:12:43.016,1.13344,1.13369,1.80,6.00
2009.06.16 04:12:43.247,1.13342,1.13367,1.00,1.20
2009.06.16 04:12:43.417,1.13343,1.13367,1.80,6.40
2009.06.16 04:12:43.807,1.13338,1.13378,2.00,3.20
2009.06.16 04:12:43.986,1.13344,1.13379,1.00,1.20
2009.06.16 04:12:44.147,1.13345,1.13385,4.60,3.20
2009.06.16 04:12:44.316,1.13349,1.13384,1.20,12.00
2009.06.16 04:12:44.606,1.13349,1.13389,4.80,3.20
2009.06.16 04:12:44.886,1.13351,1.13391,1.00,1.00
2009.06.16 04:12:46.616,1.13361,1.13381,1.60,5.60
2009.06.16 04:12:47.606,1.13357,1.13387,1.00,9.60
2009.06.16 04:12:48.126,1.13352,1.13387,1.00,5.60
2009.06.16 04:12:48.476,1.13346,1.13391,1.60,1.00
2009.06.16 04:12:48.595,1.13347,1.13382,1.00,5.00
2009.06.16 04:12:48.715,1.13347,1.13377,1.00,3.20
2009.06.16 04:12:58.523,1.13357,1.13367,1.00,3.20
2009.06.16 04:13:05.038,1.13361,1.13371,1.00,3.20
2009.06.16 04:13:05.548,1.13358,1.13363,1.00,10.00
2009.06.16 04:13:09.187,1.13351,1.13361,1.70,1.00
2009.06.16 04:13:10.127,1.1334,1.13365,1.00,7.60
2009.06.16 04:13:10.407,1.13335,1.1336,1.00,3.20
2009.06.16 04:13:10.827,1.1334,1.13345,1.70,2.60
2009.06.16 04:13:15.366,1.13329,1.13344,4.80,1.00
2009.06.16 04:13:15.536,1.13324,1.13334,1.00,5.60
2009.06.16 04:13:16.796,1.13314,1.13329,1.60,1.20
2009.06.16 04:13:22.284,1.13314,1.13324,4.40,2.40
2009.06.16 04:13:22.564,1.13318,1.13328,1.00,1.00
2009.06.16 04:13:22.964,1.13328,1.13333,2.20,9.60
2009.06.16 04:13:24.164,1.13327,1.13342,1.00,4.80
2009.06.16 04:13:34.741,1.13333,1.13343,3.40,3.20
2009.06.16 04:13:34.961,1.13333,1.13348,1.00,1.00
2009.06.16 04:13:35.541,1.13338,1.13348,1.00,4.00
2009.06.16 04:13:35.871,1.13338,1.13353,4.40,1.00
2009.06.16 04:13:46.978,1.13345,1.13355,1.00,1.00
2009.06.16 04:13:47.268,1.13343,1.13363,1.40,7.20
2009.06.16 04:13:58.526,1.13347,1.13367,1.40,3.20
2009.06.16 04:14:05.065,1.13357,1.13377,1.00,3.00
2009.06.16 04:14:05.285,1.13354,1.13379,4.20,1.20
2009.06.16 04:14:05.465,1.13356,1.13381,1.00,1.00
2009.06.16 04:14:06.404,1.13363,1.13378,9.60,2.40
2009.06.16 04:14:06.634,1.13365,1.1338,6.20,1.00
2009.06.16 04:14:06.754,1.13364,1.13384,3.80,2.00
2009.06.16 04:14:07.334,1.13366,1.13381,1.00,4.00
2009.06.16 04:14:07.444,1.13361,1.13376,1.00,1.20
2009.06.16 04:14:09.863,1.13353,1.13373,1.60,3.20
2009.06.16 04:14:13.823,1.13353,1.13363,2.20,1.80
2009.06.16 04:14:15.282,1.13344,1.13359,1.80,1.00
2009.06.16 04:14:18.012,1.13332,1.13362,4.00,1.80
2009.06.16 04:14:18.071,1.13345,1.13355,1.00,1.00
2009.06.16 04:14:18.642,1.13347,1.13357,3.20,3.20
2009.06.16 04:14:18.991,1.13342,1.13362,1.00,3.20
2009.06.16 04:14:19.511,1.13343,1.13363,1.00,1.00
2009.06.16 04:14:23.190,1.13349,1.13359,1.00,5.60
2009.06.16 04:14:34.058,1.13346,1.13366,1.00,1.00
2009.06.16 04:14:53.353,1.13349,1.13369,12.40,1.60
2009.06.16 04:14:58.692,1.13348,1.13378,1.00,3.20
2009.06.16 04:14:58.852,1.13352,1.13382,1.20,1.20
2009.06.16 04:15:02.524,1.13356,1.13386,1.00,1.00
2009.06.16 04:15:02.814,1.13363,1.13383,1.00,2.20
2009.06.16 04:15:05.873,1.13368,1.13378,4.00,3.20
2009.06.16 04:15:16.191,1.13364,1.13384,3.20,4.00
2009.06.16 04:15:16.301,1.13363,1.13383,1.00,3.20
2009.06.16 04:15:21.479,1.13364,1.13384,1.60,4.00
2009.06.16 04:15:21.659,1.13367,1.13387,1.00,6.40
2009.06.16 04:15:25.519,1.13367,1.13397,1.60,2.80
2009.06.16 04:15:25.928,1.13375,1.13395,1.00,4.60
2009.06.16 04:15:26.688,1.1338,1.1339,1.00,9.60
2009.06.16 04:15:31.797,1.13372,1.13392,1.40,3.20
2009.06.16 04:15:33.157,1.1337,1.13385,1.00,1.00
2009.06.16 04:15:35.556,1.13367,1.13377,1.60,3.20
2009.06.16 04:15:36.025,1.13364,1.13374,1.00,3.20
2009.06.16 04:15:37.006,1.13359,1.13369,1.60,2.60
2009.06.16 04:15:37.126,1.13356,1.13366,1.00,5.80
2009.06.16 04:15:37.866,1.13357,1.13367,1.60,1.20
2009.06.16 04:15:37.925,1.13358,1.13368,1.00,2.40
2009.06.16 04:15:38.785,1.13361,1.13371,1.00,3.60
2009.06.16 04:15:41.025,1.13365,1.13375,1.00,14.60
2009.06.16 04:15:41.734,1.13359,1.13384,1.40,1.60
2009.06.16 04:15:42.094,1.13363,1.13383,1.40,1.00
2009.06.16 04:15:42.324,1.13363,1.13383,1.00,1.00
2009.06.16 04:15:43.634,1.13361,1.13381,1.00,3.60
2009.06.16 04:15:43.904,1.13358,1.13383,1.20,9.80
2009.06.16 04:15:44.764,1.1336,1.13375,1.00,1.40
2009.06.16 04:15:45.223,1.13353,1.13378,1.20,1.00
2009.06.16 04:15:45.394,1.13353,1.13368,3.80,2.60
2009.06.16 04:15:45.744,1.1335,1.13365,5.00,1.40
2009.06.16 04:15:47.793,1.13348,1.13368,1.00,6.00
2009.06.16 04:15:48.083,1.13347,1.13372,1.00,2.80
2009.06.16 04:15:49.963,1.13349,1.13369,1.20,3.20
2009.06.16 04:15:51.492,1.13346,1.13371,4.00,5.40
2009.06.16 04:15:54.892,1.1335,1.1337,1.20,3.20
2009.06.16 04:15:55.391,1.13358,1.13368,1.40,9.60
2009.06.16 04:15:56.071,1.13359,1.13374,3.80,11.80
2009.06.16 04:15:59.260,1.13363,1.13373,1.00,3.20
2009.06.16 04:16:07.768,1.13363,1.13373,1.00,1.20
2009.06.16 04:16:16.966,1.1336,1.1337,1.00,3.40
2009.06.16 04:16:18.163,1.13355,1.13375,3.80,1.00
2009.06.16 04:16:18.456,1.13359,1.13369,1.00,5.60
2009.06.16 04:16:26.734,1.13349,1.13379,1.00,1.60
2009.06.16 04:16:27.724,1.13356,1.13376,4.00,3.20
2009.06.16 04:16:28.073,1.13361,1.13371,8.00,3.20
2009.06.16 04:16:29.023,1.13361,1.13371,1.00,1.00
2009.06.16 04:16:29.203,1.13361,1.13371,2.80,3.20
2009.06.16 04:16:30.243,1.13358,1.13373,1.00,1.00
2009.06.16 04:16:30.813,1.13358,1.13373,2.20,2.40
2009.06.16 04:16:31.033,1.13356,1.13376,1.00,1.00
2009.06.16 04:16:34.092,1.1336,1.1337,1.00,2.20
2009.06.16 04:16:35.192,1.13358,1.13368,1.40,5.60
2009.06.16 04:16:35.242,1.13354,1.13369,2.40,3.20
2009.06.16 04:16:36.281,1.13356,1.13366,8.00,3.20
2009.06.16 04:16:36.621,1.13355,1.1337,1.00,3.20
2009.06.16 04:16:36.911,1.13359,1.13369,1.00,7.80
2009.06.16 04:16:37.201,1.13361,1.13371,1.20,3.20
2009.06.16 04:16:37.431,1.13362,1.13372,3.00,8.10
2009.06.16 04:16:37.901,1.13359,1.13379,1.60,5.80
2009.06.16 04:16:41.880,1.13361,1.13381,3.80,3.20
2009.06.16 04:16:42.220,1.13367,1.13377,1.00,3.20
2009.06.16 04:16:45.559,1.1337,1.1338,3.80,2.40
2009.06.16 04:16:45.949,1.13371,1.13381,1.60,6.20
2009.06.16 04:16:46.169,1.13369,1.13379,1.00,3.20
2009.06.16 04:16:46.449,1.13367,1.13377,3.80,6.40
2009.06.16 04:16:46.669,1.13364,1.13374,1.00,3.20
2009.06.16 04:16:47.479,1.13363,1.13373,1.00,2.40
2009.06.16 04:16:47.539,1.13361,1.13371,1.00,2.40
2009.06.16 04:16:48.808,1.13361,1.13371,1.00,9.60
2009.06.16 04:16:49.148,1.13359,1.13369,1.60,3.20
2009.06.16 04:16:49.378,1.13358,1.13368,1.00,3.20
2009.06.16 04:16:49.618,1.1336,1.1337,1.00,1.00
2009.06.16 04:16:49.788,1.13356,1.13376,1.00,4.80
2009.06.16 04:16:49.958,1.13349,1.13379,1.40,3.20
2009.06.16 04:16:50.558,1.13352,1.13372,1.20,3.20
2009.06.16 04:16:50.838,1.1335,1.1337,1.00,3.20
2009.06.16 04:16:51.128,1.13345,1.13365,6.20,1.00
2009.06.16 04:16:57.167,1.13342,1.13362,1.00,4.80
2009.06.16 04:17:04.590,1.13362,1.13382,1.00,6.40
2009.06.16 04:17:04.940,1.13353,1.13393,1.00,1.00
2009.06.16 04:17:05.469,1.13352,1.13396,9.80,3.20
2009.06.16 04:17:05.639,1.13352,1.13396,1.00,3.20
2009.06.16 04:17:05.809,1.13368,1.13378,4.80,2.60
2009.06.16 04:17:05.919,1.1337,1.1338,1.00,3.20
2009.06.16 04:17:28.134,1.13369,1.13384,5.20,9.20
2009.06.16 04:17:28.714,1.1336,1.1339,6.20,1.00
2009.06.16 04:17:28.884,1.13366,1.13376,2.00,7.20
2009.06.16 04:17:30.663,1.13364,1.13374,2.40,6.40
2009.06.16 04:17:30.773,1.13368,1.13378,8.00,3.20
2009.06.16 04:17:30.943,1.13367,1.13387,1.00,2.20
2009.06.16 04:17:35.562,1.13367,1.13387,1.00,1.00
2009.06.16 04:17:35.672,1.13366,1.13391,1.20,9.80
2009.06.16 04:17:35.732,1.13364,1.13389,1.00,4.60
2009.06.16 04:17:38.322,1.13366,1.13391,1.00,3.20
2009.06.16 04:17:38.381,1.13367,1.13392,1.00,9.40
2009.06.16 04:17:38.741,1.1337,1.1339,1.20,6.40
2009.06.16 04:17:38.961,1.13371,1.13391,1.60,3.20
2009.06.16 04:17:41.841,1.13372,1.13392,1.00,1.80
2009.06.16 04:17:48.709,1.13371,1.13391,2.00,19.00
2009.06.16 04:17:49.119,1.13367,1.13392,1.00,6.40
2009.06.16 04:17:50.189,1.13369,1.13389,1.00,3.20
2009.06.16 04:17:50.708,1.13369,1.13394,1.20,2.40
2009.06.16 04:17:51.508,1.13374,1.13394,1.00,3.20
2009.06.16 04:17:53.198,1.13373,1.13398,2.40,16.00
2009.06.16 04:17:54.058,1.13378,1.13398,1.40,3.20
2009.06.16 04:18:01.004,1.13357,1.13382,1.00,3.20
2009.06.16 04:18:01.984,1.13357,1.13382,1.00,5.60
2009.06.16 04:18:02.884,1.13353,1.13383,4.80,2.40
2009.06.16 04:18:02.943,1.13354,1.13379,1.60,1.00
2009.06.16 04:18:03.004,1.13359,1.13369,3.20,4.00
2009.06.16 04:18:03.174,1.13358,1.13368,6.40,2.40
2009.06.16 04:18:08.622,1.13358,1.13373,1.00,2.40
2009.06.16 04:18:08.742,1.13367,1.13372,1.60,1.80
2009.06.16 04:18:09.372,1.1337,1.13375,2.40,1.00
2009.06.16 04:18:11.472,1.13372,1.13382,7.40,1.00
2009.06.16 04:18:14.951,1.13371,1.13391,1.00,3.20
2009.06.16 04:18:15.361,1.13373,1.13393,1.00,1.20
2009.06.16 04:18:18.790,1.13378,1.13388,2.20,3.20
2009.06.16 04:18:19.839,1.1338,1.1339,3.00,3.20
2009.06.16 04:18:21.059,1.13382,1.13387,1.00,1.20
2009.06.16 04:18:21.529,1.13378,1.13383,19.20,1.80
2009.06.16 04:18:21.739,1.13373,1.13378,1.00,1.00
2009.06.16 04:18:21.979,1.13359,1.13379,1.20,8.80
2009.06.16 04:18:23.419,1.13349,1.13374,1.00,4.20
2009.06.16 04:18:25.228,1.1334,1.13375,1.60,2.60
2009.06.16 04:18:25.568,1.13343,1.13363,3.20,8.00
2009.06.16 04:18:25.898,1.13347,1.13357,4.20,1.00
2009.06.16 04:18:26.018,1.13344,1.13354,1.00,5.60
2009.06.16 04:18:26.298,1.13343,1.13353,8.00,5.60
2009.06.16 04:18:26.418,1.13336,1.13356,1.60,2.40
2009.06.16 04:18:26.638,1.13338,1.13358,1.00,3.20
2009.06.16 04:18:31.427,1.13354,1.13359,1.20,9.80
2009.06.16 04:18:31.716,1.1336,1.1337,1.00,2.80
2009.06.16 04:18:32.066,1.13361,1.13381,4.00,3.20
2009.06.16 04:18:32.126,1.1336,1.1339,1.00,5.00
2009.06.16 04:18:32.526,1.13364,1.13389,1.20,10.00
2009.06.16 04:18:33.966,1.13374,1.13379,1.20,1.00
2009.06.16 04:18:34.316,1.13373,1.13383,1.40,3.20
2009.06.16 04:18:35.296,1.13364,1.13389,1.00,9.60
2009.06.16 04:18:36.206,1.13364,1.13389,4.80,4.40
2009.06.16 04:18:36.775,1.13364,1.13394,1.00,2.40
2009.06.16 04:18:36.885,1.13376,1.13386,1.00,1.80
2009.06.16 04:18:37.005,1.1338,1.1339,3.20,3.20
2009.06.16 04:18:37.405,1.13385,1.13395,8.80,1.00
2009.06.16 04:18:39.655,1.13387,1.13397,1.20,1.00
2009.06.16 04:18:40.395,1.13377,1.13412,1.00,5.80
2009.06.16 04:18:40.565,1.13376,1.13411,12.80,2.20
2009.06.16 04:18:40.865,1.13371,1.13406,1.00,10.80
2009.06.16 04:18:40.984,1.13365,1.134,1.60,3.20
2009.06.16 04:18:43.774,1.13368,1.13388,4.80,3.20
2009.06.16 04:18:44.054,1.13367,1.13387,1.00,2.40
2009.06.16 04:18:44.334,1.13365,1.13385,2.20,1.00
2009.06.16 04:18:44.724,1.13365,1.13385,6.40,5.80
2009.06.16 04:18:44.844,1.13367,1.13387,1.00,1.00
2009.06.16 04:18:45.423,1.13368,1.13388,2.60,3.20
2009.06.16 04:18:46.623,1.13369,1.13389,5.40,1.00
2009.06.16 04:18:46.863,1.13375,1.1338,6.20,4.00
2009.06.16 04:18:47.093,1.13373,1.13378,1.00,6.00
2009.06.16 04:18:47.453,1.13369,1.13374,3.00,3.20
2009.06.16 04:18:47.632,1.13367,1.13372,3.20,6.40
2009.06.16 04:18:47.853,1.1336,1.13375,1.40,1.00
2009.06.16 04:18:48.303,1.13354,1.13379,1.60,1.00
2009.06.16 04:18:48.772,1.13356,1.13371,6.80,3.20
2009.06.16 04:18:49.522,1.13357,1.13367,1.80,5.20
2009.06.16 04:18:50.612,1.13345,1.13375,1.60,3.20
2009.06.16 04:18:51.062,1.13344,1.13374,4.00,6.40
2009.06.16 04:18:51.292,1.13345,1.13375,1.60,3.20
2009.06.16 04:18:53.941,1.13357,1.13367,1.00,18.40
2009.06.16 04:18:56.161,1.13358,1.13368,1.00,1.00
2009.06.16 04:18:56.381,1.1336,1.1337,1.00,1.00
2009.06.16 04:18:56.910,1.13362,1.13372,3.80,1.80
2009.06.16 04:18:57.021,1.13363,1.13373,1.00,6.40
2009.06.16 04:19:09.198,1.13377,1.13387,1.00,3.20
2009.06.16 04:19:09.368,1.13366,1.13376,3.80,2.40
2009.06.16 04:19:09.548,1.13359,1.13369,1.40,9.80
2009.06.16 04:19:11.787,1.13355,1.13365,2.40,2.40
2009.06.16 04:19:11.957,1.13354,1.13364,1.00,1.20
2009.06.16 04:19:12.867,1.13354,1.13364,2.80,1.00
2009.06.16 04:19:12.987,1.13353,1.13363,1.00,8.20
2009.06.16 04:19:13.327,1.13349,1.13359,1.20,3.20
2009.06.16 04:19:13.387,1.13344,1.13354,4.00,3.20
2009.06.16 04:19:14.096,1.1334,1.1335,2.40,2.60
2009.06.16 04:19:14.616,1.13339,1.13349,1.60,1.00
2009.06.16 04:19:14.796,1.13337,1.13347,3.20,1.60
2009.06.16 04:19:15.896,1.13337,1.13347,4.00,11.80
2009.06.16 04:19:22.784,1.13334,1.13354,1.00,6.40
2009.06.16 04:19:23.134,1.13338,1.13358,3.20,2.40
2009.06.16 04:19:23.814,1.13341,1.13361,3.80,3.20
2009.06.16 04:19:32.142,1.13347,1.13357,1.00,12.00
2009.06.16 04:19:32.432,1.13341,1.13366,4.80,3.20
2009.06.16 04:19:43.099,1.1335,1.1336,1.20,1.00
2009.06.16 04:19:45.659,1.13336,1.13381,1.20,3.20
2009.06.16 04:19:46.139,1.13351,1.13371,1.00,5.80
2009.06.16 04:19:46.589,1.13359,1.13364,1.00,10.60
2009.06.16 04:19:49.898,1.13345,1.13375,1.00,1.80
2009.06.16 04:19:50.118,1.13344,1.13374,1.80,3.20
2009.06.16 04:19:50.408,1.13341,1.13371,2.20,2.20
2009.06.16 04:19:50.758,1.1334,1.1337,4.60,1.00
2009.06.16 04:19:51.107,1.1334,1.1337,1.60,1.00
2009.06.16 04:19:52.327,1.13338,1.13368,1.00,3.20
2009.06.16 04:19:54.157,1.13349,1.13354,3.00,1.60
2009.06.16 04:19:54.337,1.13341,1.13361,4.80,6.40
2009.06.16 04:19:54.607,1.13344,1.13364,1.80,1.00
2009.06.16 04:19:54.717,1.13345,1.13365,1.20,1.20
2009.06.16 04:19:54.897,1.13343,1.13373,1.60,8.00
2009.06.16 04:19:56.207,1.13348,1.13373,1.00,1.00
2009.06.16 04:19:58.805,1.13355,1.1338,1.60,2.60
2009.06.16 04:19:59.446,1.13366,1.13386,4.80,3.20
2009.06.16 04:19:59.666,1.13373,1.13393,4.80,1.20
2009.06.16 04:20:10.554,1.13395,1.13415,1.00,8.60
2009.06.16 04:20:11.814,1.13409,1.13419,2.00,1.00
2009.06.16 04:20:12.633,1.13418,1.13428,1.20,6.40
2009.06.16 04:20:13.023,1.13426,1.13436,1.80,1.00
2009.06.16 04:20:15.283,1.13417,1.13437,4.20,1.60
2009.06.16 04:20:40.997,1.13404,1.13424,1.00,2.00
2009.06.16 04:20:41.047,1.13382,1.13407,4.80,3.20
2009.06.16 04:20:42.386,1.13361,1.13391,7.00,8.80
2009.06.16 04:20:42.556,1.13357,1.13387,1.00,3.20
2009.06.16 04:20:42.787,1.13371,1.13401,1.00,1.60
2009.06.16 04:20:45.616,1.134,1.1341,1.20,2.40
2009.06.16 04:20:46.775,1.13412,1.13422,1.00,9.60
2009.06.16 04:21:06.044,1.1342,1.13434,1.00,1.00
2009.06.16 04:21:06.204,1.13408,1.13443,3.80,2.80
2009.06.16 04:21:07.733,1.134,1.1345,3.00,3.20
2009.06.16 04:21:08.173,1.13413,1.13443,1.00,1.00
2009.06.16 04:21:08.653,1.13424,1.13449,1.00,3.20
2009.06.16 04:21:25.879,1.13438,1.13453,1.60,3.20
2009.06.16 04:21:26.059,1.13444,1.13448,1.00,1.00
2009.06.16 04:21:26.559,1.1343,1.1344,1.00,3.20
2009.06.16 04:21:29.098,1.13414,1.13429,1.00,3.20
2009.06.16 04:21:29.318,1.13402,1.13412,1.00,3.20
2009.06.16 04:21:29.728,1.13393,1.13408,4.00,3.20
2009.06.16 04:21:30.168,1.13399,1.13409,6.40,1.00
2009.06.16 04:21:30.858,1.13399,1.13419,1.00,6.40
2009.06.16 04:21:31.318,1.13406,1.13421,6.40,1.00
2009.06.16 04:21:46.383,1.13401,1.13431,1.00,16.60
2009.06.16 04:21:51.143,1.13402,1.13432,7.00,8.80
2009.06.16 04:21:51.483,1.13406,1.13436,1.60,3.20
2009.06.16 04:21:59.421,1.13411,1.13441,1.00,13.20
2009.06.16 04:21:59.941,1.1341,1.13445,1.60,1.20
2009.06.16 04:22:01.126,1.13426,1.13451,5.60,6.80
2009.06.16 04:22:01.356,1.13421,1.13451,1.60,4.80
2009.06.16 04:22:01.696,1.13427,1.13442,1.20,3.20
2009.06.16 04:22:01.966,1.13417,1.13447,3.80,1.60
2009.06.16 04:22:02.246,1.13415,1.1344,1.00,1.00
2009.06.16 04:22:03.006,1.13415,1.1343,5.40,3.20
2009.06.16 04:22:03.576,1.13403,1.13433,4.00,3.20
2009.06.16 04:22:04.376,1.13404,1.13424,3.60,1.60
2009.06.16 04:22:04.496,1.13397,1.13427,1.00,1.20
2009.06.16 04:22:04.816,1.13398,1.13423,1.80,1.00
2009.06.16 04:22:05.226,1.13389,1.13424,4.00,5.60
2009.06.16 04:22:05.515,1.13389,1.13414,2.20,1.00
2009.06.16 04:22:06.885,1.1339,1.134,3.80,1.00
2009.06.16 04:22:07.235,1.13385,1.13395,3.80,3.20
2009.06.16 04:22:08.265,1.13385,1.13395,1.80,3.20
2009.06.16 04:22:08.605,1.13396,1.13401,1.00,2.00
2009.06.16 04:22:09.114,1.134,1.1341,1.60,1.00
2009.06.16 04:22:09.654,1.13408,1.13413,1.00,1.00
2009.06.16 04:22:10.364,1.13407,1.13417,1.00,3.20
2009.06.16 04:22:10.774,1.13411,1.13416,2.60,3.20
2009.06.16 04:22:11.244,1.13407,1.13417,1.20,7.80
2009.06.16 04:22:11.354,1.13406,1.13416,6.40,1.60
2009.06.16 04:22:11.984,1.13402,1.13417,8.00,1.00
2009.06.16 04:22:12.664,1.13401,1.13416,1.80,2.80
2009.06.16 04:22:13.013,1.134,1.13415,1.00,3.20
2009.06.16 04:22:13.863,1.13401,1.13411,4.00,3.20
2009.06.16 04:22:14.203,1.134,1.1341,1.00,3.40
2009.06.16 04:22:21.621,1.13402,1.13412,4.60,1.20
2009.06.16 04:22:30.969,1.13403,1.13413,8.00,11.20
2009.06.16 04:22:31.489,1.13406,1.13416,3.80,1.00
2009.06.16 04:22:32.809,1.13411,1.13421,4.00,1.00
2009.06.16 04:22:36.328,1.13417,1.13427,1.60,3.20
2009.06.16 04:22:43.946,1.13427,1.13432,1.00,1.00
2009.06.16 04:22:44.966,1.13425,1.13445,1.60,3.20
2009.06.16 04:23:13.409,1.13403,1.13433,3.60,3.20
2009.06.16 04:23:17.358,1.13389,1.13419,1.20,1.00
2009.06.16 04:23:36.493,1.13394,1.13419,8.80,2.60
2009.06.16 04:23:38.933,1.13416,1.13436,1.00,16.40
2009.06.16 04:23:41.272,1.13428,1.13452,4.80,3.20
2009.06.16 04:23:42.672,1.13428,1.13448,1.00,5.60
2009.06.16 04:23:45.931,1.13421,1.13446,6.40,18.40
2009.06.16 04:23:57.548,1.13416,1.13446,8.00,1.00
2009.06.16 04:23:58.078,1.13416,1.13446,1.40,1.00
2009.06.16 04:24:00.661,1.13425,1.13445,1.20,5.60
2009.06.16 04:24:04.391,1.13411,1.13441,3.80,10.40
2009.06.16 04:24:04.501,1.13403,1.13433,1.00,1.60
2009.06.16 04:24:05.011,1.13394,1.13424,3.20,3.20
2009.06.16 04:24:15.078,1.13391,1.13411,1.60,1.00
2009.06.16 04:24:16.958,1.13376,1.13406,1.00,9.60
2009.06.16 04:24:17.137,1.13368,1.13398,8.00,6.40
2009.06.16 04:24:20.497,1.13373,1.13393,2.20,1.20
2009.06.16 04:24:22.366,1.13383,1.13398,1.00,4.00
2009.06.16 04:24:22.716,1.13395,1.13405,1.20,1.00
2009.06.16 04:24:28.535,1.13398,1.13418,1.60,3.60
2009.06.16 04:24:28.704,1.13409,1.13424,1.00,3.20
2009.06.16 04:24:29.205,1.13419,1.13439,1.20,1.00
2009.06.16 04:24:30.414,1.13434,1.13449,1.00,1.00
2009.06.16 04:24:31.044,1.13437,1.13457,1.00,1.20
2009.06.16 04:24:32.544,1.13435,1.1345,1.00,1.00
2009.06.16 04:24:33.153,1.13426,1.13446,1.40,2.40
2009.06.16 04:24:46.271,1.13419,1.13439,1.20,1.00
2009.06.16 04:24:48.590,1.13413,1.13428,1.00,1.00
2009.06.16 04:24:51.839,1.13402,1.13422,1.00,2.40
2009.06.16 04:24:54.429,1.13392,1.13412,4.60,3.20
2009.06.16 04:24:54.669,1.13384,1.13409,4.00,3.20
2009.06.16 04:25:07.662,1.13328,1.13348,2.60,3.20
2009.06.16 04:25:08.072,1.13323,1.13343,1.20,1.20
2009.06.16 04:25:09.522,1.1332,1.1334,1.00,3.20
2009.06.16 04:25:20.979,1.13322,1.13342,4.80,3.20
2009.06.16 04:25:21.149,1.13339,1.13359,1.00,9.60
2009.06.16 04:25:21.389,1.13362,1.13377,9.60,1.00
2009.06.16 04:25:21.629,1.13382,1.13402,2.40,3.20
2009.06.16 04:25:37.205,1.13391,1.13411,9.60,1.00
2009.06.16 04:25:39.115,1.13384,1.13404,1.00,5.60
2009.06.16 04:25:41.334,1.13375,1.13395,1.00,1.00
2009.06.16 04:25:43.793,1.13367,1.13387,1.60,3.20
2009.06.16 04:25:44.613,1.13364,1.13384,9.80,1.00
2009.06.16 04:25:56.890,1.13359,1.13379,1.60,6.40
2009.06.16 04:25:59.080,1.13354,1.13374,2.20,3.20
2009.06.16 04:25:59.250,1.13353,1.13373,1.00,19.40
2009.06.16 04:26:03.998,1.13368,1.13388,1.00,3.20
2009.06.16 04:26:25.953,1.1336,1.1339,3.60,3.20
2009.06.16 04:26:26.883,1.13359,1.13389,1.00,6.60
2009.06.16 04:26:28.033,1.13362,1.13392,1.00,1.20
2009.06.16 04:26:31.952,1.13367,1.13397,1.00,5.60
2009.06.16 04:26:36.261,1.13372,1.13397,3.80,6.40
2009.06.16 04:26:36.880,1.13371,1.13396,3.80,2.00
2009.06.16 04:26:36.940,1.13366,1.13396,1.00,3.20
2009.06.16 04:26:37.181,1.13367,1.13387,5.20,1.20
2009.06.16 04:26:37.831,1.13366,1.13376,1.00,4.60
2009.06.16 04:26:45.339,1.13356,1.13376,1.00,3.60
2009.06.16 04:27:01.570,1.1336,1.1338,1.00,1.00
2009.06.16 04:27:01.870,1.13347,1.13367,3.00,1.00
2009.06.16 04:27:05.080,1.13335,1.13355,1.00,5.60
2009.06.16 04:27:13.488,1.13332,1.13352,1.00,8.80
2009.06.16 04:27:22.765,1.13333,1.13363,3.20,1.00
2009.06.16 04:27:23.245,1.13337,1.13382,1.00,1.00
2009.06.16 04:27:23.305,1.13351,1.13391,4.80,2.40
2009.06.16 04:27:23.425,1.13359,1.13394,1.20,3.20
2009.06.16 04:27:23.535,1.13357,1.13387,1.00,1.00
2009.06.16 04:27:45.860,1.13353,1.13383,1.00,3.20
2009.06.16 04:27:46.410,1.13357,1.13377,1.00,2.80
2009.06.16 04:27:46.650,1.13355,1.13375,1.60,3.20
2009.06.16 04:27:47.049,1.13344,1.13379,1.00,1.00
2009.06.16 04:27:47.759,1.13343,1.13378,1.60,3.20
2009.06.16 04:27:48.729,1.13355,1.1337,1.00,3.20
2009.06.16 04:27:54.278,1.13347,1.13382,3.80,3.20
2009.06.16 04:28:01.088,1.13383,1.13389,4.80,3.00
2009.06.16 04:28:05.025,1.13373,1.13388,6.20,1.00
2009.06.16 04:28:06.135,1.13362,1.13397,1.80,2.40
2009.06.16 04:28:27.852,1.13375,1.134,1.00,1.20
2009.06.16 04:28:44.519,1.13383,1.13403,1.00,1.80
2009.06.16 04:28:44.850,1.13381,1.13401,4.60,1.40
2009.06.16 04:28:45.056,1.13381,1.13396,3.00,1.60
2009.06.16 04:28:50.714,1.13379,1.13389,1.00,3.20
2009.06.16 04:28:56.113,1.13372,1.13392,1.60,3.80
2009.06.16 04:29:00.506,1.13378,1.13398,1.00,1.00
2009.06.16 04:29:01.266,1.13377,1.13397,3.80,3.20
2009.06.16 04:29:01.606,1.1337,1.134,1.00,3.20
2009.06.16 04:29:01.785,1.13371,1.13396,1.40,1.00
2009.06.16 04:29:01.965,1.13373,1.13393,1.00,3.20
2009.06.16 04:29:03.805,1.13376,1.13391,3.20,6.40
2009.06.16 04:29:03.965,1.13369,1.13394,1.20,3.20
2009.06.16 04:29:09.624,1.13367,1.13387,1.00,1.00
2009.06.16 04:29:09.984,1.13365,1.13385,1.00,3.20
2009.06.16 04:29:19.321,1.13372,1.13382,1.00,2.40
2009.06.16 04:29:20.951,1.13369,1.13389,1.60,5.00
2009.06.16 04:29:21.804,1.13371,1.13391,1.60,4.40
2009.06.16 04:29:27.139,1.13378,1.13388,1.20,1.00
2009.06.16 04:29:28.529,1.13377,1.13397,1.00,1.00
2009.06.16 04:29:28.699,1.13382,1.13402,2.40,2.40
2009.06.16 04:29:28.759,1.13385,1.13405,1.00,11.80
2009.06.16 04:29:28.879,1.13379,1.13409,1.00,3.20
2009.06.16 04:29:29.239,1.13379,1.13399,3.80,1.20
2009.06.16 04:29:29.979,1.13376,1.13396,1.00,1.00
2009.06.16 04:29:30.559,1.13375,1.13395,1.00,10.00
2009.06.16 04:29:33.948,1.13377,1.13397,1.00,1.00
2009.06.16 04:29:35.627,1.13379,1.13399,1.00,3.20
2009.06.16 04:29:35.967,1.13376,1.13406,1.80,15.20
2009.06.16 04:29:45.535,1.13381,1.13401,1.20,9.80
2009.06.16 04:29:46.174,1.13379,1.13404,4.40,5.80
2009.06.16 04:29:58.492,1.13381,1.13401,2.20,3.20
2009.06.16 04:30:05.714,1.13384,1.13404,1.00,2.70
2009.06.16 04:30:05.944,1.13395,1.13405,1.00,5.60
2009.06.16 04:30:28.899,1.13401,1.13421,1.20,9.60
2009.06.16 04:30:30.118,1.1341,1.13435,1.00,2.80
2009.06.16 04:30:31.908,1.13408,1.13443,1.00,6.20
2009.06.16 04:30:32.188,1.13395,1.13435,3.20,11.20
2009.06.16 04:30:32.478,1.1339,1.1341,2.60,1.00
2009.06.16 04:30:32.768,1.13376,1.13396,1.00,3.20
2009.06.16 04:30:37.856,1.13375,1.13395,4.00,10.40
2009.06.16 04:30:38.586,1.13384,1.13404,1.00,1.00
2009.06.16 04:30:38.936,1.13395,1.13415,1.00,4.00
2009.06.16 04:30:48.224,1.13406,1.13421,1.60,1.00
2009.06.16 04:30:48.394,1.1341,1.13425,1.00,9.60
2009.06.16 04:30:49.344,1.13411,1.13431,3.80,11.80
2009.06.16 04:30:52.833,1.13408,1.13443,1.00,8.20
2009.06.16 04:30:53.003,1.13423,1.13433,1.60,4.00
2009.06.16 04:31:03.703,1.13407,1.13421,2.00,9.60
2009.06.16 04:31:03.883,1.13403,1.13433,1.00,3.20
2009.06.16 04:31:10.281,1.1341,1.1343,1.00,3.20
2009.06.16 04:31:17.499,1.13412,1.13432,3.80,2.40
2009.06.16 04:31:19.159,1.13406,1.13436,1.00,1.80
2009.06.16 04:31:19.689,1.13402,1.13437,1.60,9.60
2009.06.16 04:31:19.989,1.13394,1.13444,1.00,4.00
2009.06.16 04:31:20.579,1.13403,1.13433,1.00,10.60
2009.06.16 04:31:20.879,1.13402,1.13422,3.80,1.00
2009.06.16 04:31:20.999,1.13391,1.13411,8.80,1.20
2009.06.16 04:31:25.048,1.13378,1.13408,2.60,1.00
2009.06.16 04:31:25.548,1.13385,1.13405,1.60,1.00
2009.06.16 04:31:29.967,1.13382,1.13417,7.20,2.40
2009.06.16 04:31:30.646,1.13388,1.13418,1.00,1.20
2009.06.16 04:31:31.056,1.13391,1.13416,1.60,2.40
2009.06.16 04:31:44.403,1.13387,1.13422,1.60,1.00
2009.06.16 04:31:44.743,1.13401,1.13411,5.00,3.20
2009.06.16 04:31:46.532,1.13393,1.13428,1.00,3.20
2009.06.16 04:31:46.712,1.13394,1.13429,1.00,3.20
2009.06.16 04:31:46.942,1.13393,1.13428,1.60,3.20
2009.06.16 04:31:46.992,1.1339,1.13425,1.00,7.00
2009.06.16 04:31:50.102,1.13401,1.13406,2.20,3.20
2009.06.16 04:31:50.442,1.134,1.13405,1.20,3.20
2009.06.16 04:31:51.150,1.13395,1.1341,1.00,3.20
2009.06.16 04:31:53.271,1.13387,1.13417,1.40,3.20
2009.06.16 04:31:56.200,1.13395,1.13425,5.40,4.80
2009.06.16 04:31:57.340,1.13406,1.13436,1.00,3.20
2009.06.16 04:31:58.510,1.13415,1.13445,1.00,1.00
2009.06.16 04:32:02.922,1.13418,1.13448,6.20,1.00
2009.06.16 04:32:14.119,1.13408,1.13438,3.00,3.20
2009.06.16 04:32:14.929,1.13398,1.13428,1.00,9.60
2009.06.16 04:32:18.878,1.1339,1.1342,3.80,3.20
2009.06.16 04:32:19.458,1.13395,1.13415,6.20,1.80
2009.06.16 04:32:19.938,1.13402,1.13432,1.60,3.20
2009.06.16 04:32:25.117,1.13424,1.13439,1.60,1.00
2009.06.16 04:32:25.357,1.13432,1.13447,1.00,9.80
2009.06.16 04:32:27.616,1.1342,1.13455,1.00,1.00
2009.06.16 04:32:27.966,1.13428,1.13438,1.60,3.20
2009.06.16 04:32:32.345,1.13422,1.13437,1.00,6.60
2009.06.16 04:32:56.159,1.13413,1.13443,1.00,3.20
2009.06.16 04:32:57.149,1.13415,1.13445,4.40,3.20
2009.06.16 04:33:07.648,1.13419,1.13449,1.00,1.60
2009.06.16 04:33:08.934,1.13416,1.13436,1.20,5.60
2009.06.16 04:33:09.234,1.1341,1.1343,6.40,12.00
2009.06.16 04:33:09.824,1.13405,1.13425,6.20,2.60
2009.06.16 04:33:10.124,1.13399,1.13419,1.00,9.00
2009.06.16 04:33:12.673,1.13391,1.13411,4.00,2.60
2009.06.16 04:33:23.621,1.13391,1.13411,1.20,2.40
2009.06.16 04:33:23.961,1.13397,1.13417,1.60,1.00
2009.06.16 04:33:26.450,1.13404,1.13424,1.00,3.20
2009.06.16 04:33:26.960,1.13412,1.13432,1.40,3.20
2009.06.16 04:33:27.260,1.13415,1.1344,1.00,9.60
2009.06.16 04:33:27.680,1.13416,1.13446,9.60,3.20
2009.06.16 04:33:27.969,1.13415,1.13455,2.00,3.20
2009.06.16 04:33:28.149,1.13415,1.13465,4.20,1.00
2009.06.16 04:33:32.908,1.13434,1.13454,1.00,2.60
2009.06.16 04:33:33.548,1.1343,1.1346,1.00,5.60
2009.06.16 04:33:41.456,1.1343,1.1345,1.00,12.80
2009.06.16 04:33:49.223,1.1342,1.1345,1.00,1.20
2009.06.16 04:33:50.284,1.13418,1.13448,1.00,3.20
2009.06.16 04:33:50.454,1.13413,1.13443,1.00,1.00
2009.06.16 04:33:50.564,1.13408,1.13438,1.00,3.20
2009.06.16 04:33:50.854,1.13411,1.13431,1.20,3.20
2009.06.16 04:33:53.123,1.13401,1.13431,3.40,3.20
2009.06.16 04:33:54.083,1.13393,1.13423,4.20,1.00
2009.06.16 04:33:58.012,1.1339,1.1342,1.00,5.60
2009.06.16 04:34:01.165,1.13404,1.13434,2.80,3.20
2009.06.16 04:34:02.884,1.13419,1.13439,1.40,10.40
2009.06.16 04:34:05.024,1.13428,1.13448,1.00,3.20
2009.06.16 04:34:15.771,1.13435,1.13455,5.40,9.60
2009.06.16 04:34:15.931,1.13441,1.13461,9.60,3.20
2009.06.16 04:34:21.300,1.13448,1.13468,1.60,3.20
2009.06.16 04:34:24.179,1.13457,1.13477,1.00,1.20
2009.06.16 04:34:24.419,1.13465,1.13485,1.20,1.00
2009.06.16 04:34:26.399,1.13466,1.13486,1.00,10.80
2009.06.16 04:34:26.518,1.13456,1.13476,1.00,2.60
2009.06.16 04:34:28.618,1.13441,1.13471,1.00,1.80
2009.06.16 04:34:28.678,1.1344,1.1346,2.40,12.60
2009.06.16 04:34:29.658,1.13437,1.13457,4.80,3.40
2009.06.16 04:34:29.718,1.13438,1.13458,1.80,2.80
2009.06.16 04:34:31.587,1.13436,1.13466,1.00,1.80
2009.06.16 04:34:32.497,1.1344,1.1347,4.80,4.00
2009.06.16 04:34:32.967,1.13443,1.13473,5.20,4.00
2009.06.16 04:34:33.426,1.13446,1.13476,1.00,7.20
2009.06.16 04:34:33.727,1.13453,1.13473,1.20,9.20
2009.06.16 04:34:34.067,1.13455,1.13475,1.20,3.20
2009.06.16 04:34:34.307,1.1346,1.1348,4.00,9.60
2009.06.16 04:34:34.536,1.13465,1.13485,1.00,6.40
2009.06.16 04:34:35.037,1.13467,1.13487,1.20,3.20
2009.06.16 04:35:05.489,1.13449,1.13479,3.20,2.60
2009.06.16 04:35:11.108,1.13435,1.13445,1.00,1.00
2009.06.16 04:35:12.221,1.13401,1.13426,1.00,3.20
2009.06.16 04:35:18.677,1.13378,1.13398,3.20,1.00
2009.06.16 04:35:33.831,1.13353,1.13397,1.00,5.60
2009.06.16 04:35:37.389,1.13356,1.13391,1.60,8.60
2009.06.16 04:35:47.952,1.13371,1.13381,1.00,9.60
2009.06.16 04:35:55.046,1.13373,1.13383,1.00,1.80
2009.06.16 04:36:17.781,1.13382,1.13402,1.00,12.00
2009.06.16 04:36:19.785,1.134,1.1341,1.00,1.00
2009.06.16 04:36:22.742,1.13388,1.13418,1.00,2.80
2009.06.16 04:36:23.558,1.13367,1.13402,1.00,1.00
2009.06.16 04:36:36.065,1.13364,1.13384,1.00,3.20
2009.06.16 04:36:36.945,1.13375,1.1339,1.00,10.20
2009.06.16 04:36:53.830,1.13372,1.13407,1.40,1.00
2009.06.16 04:37:05.266,1.13383,1.13413,1.00,3.20
2009.06.16 04:37:06.825,1.13382,1.13407,6.40,3.20
2009.06.16 04:37:07.105,1.13377,1.13402,1.00,1.00
2009.06.16 04:37:07.565,1.13378,1.13393,1.00,1.80
2009.06.16 04:37:07.795,1.13378,1.13393,2.20,1.00
2009.06.16 04:37:08.775,1.1338,1.13395,1.40,3.20
2009.06.16 04:37:08.825,1.13386,1.13401,1.00,3.20
2009.06.16 04:37:11.025,1.13391,1.13406,1.00,1.00
2009.06.16 04:37:11.145,1.13392,1.13406,1.00,3.20
2009.06.16 04:37:11.305,1.13383,1.13398,2.20,5.60
2009.06.16 04:37:13.354,1.13373,1.13388,3.80,6.40
2009.06.16 04:37:13.794,1.13367,1.13382,3.00,9.80
2009.06.16 04:37:14.384,1.13361,1.13376,8.20,1.60
2009.06.16 04:37:14.554,1.13356,1.13371,1.60,12.00
2009.06.16 04:37:14.664,1.13349,1.13364,1.00,1.00
2009.06.16 04:37:14.834,1.13342,1.13357,1.00,1.40
2009.06.16 04:37:14.954,1.13339,1.13353,1.00,2.40
2009.06.16 04:37:15.124,1.13341,1.13356,4.00,3.20
2009.06.16 04:37:20.023,1.13344,1.13359,1.00,1.20
2009.06.16 04:37:25.951,1.13346,1.13366,1.00,3.20
2009.06.16 04:37:33.689,1.13352,1.13372,1.00,1.00
2009.06.16 04:37:34.079,1.13359,1.13379,1.00,1.00
2009.06.16 04:37:34.769,1.13367,1.13387,1.20,3.20
2009.06.16 04:37:53.005,1.13374,1.13389,1.00,1.80
2009.06.16 04:37:53.124,1.13377,1.13392,1.00,8.00
2009.06.16 04:37:53.295,1.1338,1.13395,1.60,1.60
2009.06.16 04:38:00.854,1.13382,1.13402,1.00,1.00
2009.06.16 04:38:01.034,1.13385,1.13405,1.00,3.20
2009.06.16 04:38:10.651,1.13383,1.13413,1.00,1.00
2009.06.16 04:38:32.286,1.13388,1.13408,1.20,10.00
2009.06.16 04:38:32.636,1.13389,1.13409,1.00,2.20
2009.06.16 04:38:34.086,1.1339,1.1341,1.80,4.00
2009.06.16 04:38:36.785,1.13384,1.13404,13.00,1.00
2009.06.16 04:38:37.195,1.13374,1.13394,1.80,3.60
2009.06.16 04:38:37.355,1.13361,1.13381,1.20,1.00
2009.06.16 04:38:44.133,1.13356,1.1338,1.60,3.20
2009.06.16 04:38:44.363,1.13367,1.13392,4.80,3.20
2009.06.16 04:38:45.393,1.13375,1.1341,1.00,3.20
2009.06.16 04:38:45.623,1.13386,1.13421,6.80,1.00
2009.06.16 04:38:45.743,1.13404,1.13419,1.00,5.40
2009.06.16 04:38:46.313,1.13408,1.13423,1.00,2.20
2009.06.16 04:38:46.723,1.13406,1.13436,9.60,1.00
2009.06.16 04:38:47.013,1.13412,1.13442,1.00,2.40
2009.06.16 04:38:47.353,1.13425,1.13455,1.00,9.60
2009.06.16 04:38:49.352,1.13438,1.13473,1.00,2.40
2009.06.16 04:38:49.932,1.1345,1.13466,1.00,1.20
2009.06.16 04:38:52.261,1.1343,1.1346,1.20,1.00
2009.06.16 04:38:52.441,1.13416,1.13446,1.00,1.00
2009.06.16 04:38:53.871,1.13404,1.13439,2.20,3.20
2009.06.16 04:38:54.041,1.13401,1.13436,1.40,2.40
2009.06.16 04:38:54.221,1.13394,1.13439,3.80,3.20
2009.06.16 04:38:54.401,1.13392,1.13437,1.00,3.20
2009.06.16 04:38:55.861,1.13388,1.13438,1.00,1.00
2009.06.16 04:38:56.091,1.13396,1.13426,1.00,11.40
2009.06.16 04:39:04.461,1.13402,1.13432,1.60,1.00
2009.06.16 04:39:06.130,1.13412,1.13437,2.40,3.20
2009.06.16 04:39:08.200,1.13414,1.13449,1.40,3.20
2009.06.16 04:39:08.430,1.13415,1.1345,2.20,3.20
2009.06.16 04:39:08.540,1.13408,1.13443,4.80,2.40
2009.06.16 04:39:08.999,1.13398,1.13433,1.00,13.20
2009.06.16 04:39:09.119,1.13394,1.13429,2.80,1.60
2009.06.16 04:39:09.299,1.13402,1.13432,1.00,6.40
2009.06.16 04:39:09.419,1.13408,1.13438,1.20,3.20
2009.06.16 04:39:10.689,1.13418,1.13448,1.00,2.40
2009.06.16 04:39:13.178,1.13433,1.13453,1.00,3.20
2009.06.16 04:39:15.608,1.13428,1.13462,1.00,9.60
2009.06.16 04:39:15.728,1.13415,1.1346,1.00,6.40
2009.06.16 04:39:16.028,1.13407,1.13452,3.00,3.20
2009.06.16 04:39:16.148,1.13407,1.13442,1.40,4.80
2009.06.16 04:39:16.207,1.13406,1.13441,1.00,1.60
2009.06.16 04:39:18.807,1.13404,1.13444,1.00,8.80
2009.06.16 04:39:53.489,1.1341,1.1344,1.00,1.60
2009.06.16 04:39:58.787,1.13405,1.1345,1.60,7.00
2009.06.16 04:40:02.631,1.13398,1.13453,1.00,9.80
2009.06.16 04:40:02.991,1.13391,1.13446,3.80,1.80
2009.06.16 04:40:16.598,1.13401,1.13421,1.00,1.80
2009.06.16 04:40:16.948,1.13396,1.13416,1.00,1.00
2009.06.16 04:40:17.348,1.13391,1.13416,1.00,4.80
2009.06.16 04:40:18.398,1.13389,1.13419,3.80,3.20
2009.06.16 04:40:18.638,1.1339,1.1342,4.80,1.60
2009.06.16 04:40:18.798,1.13387,1.13427,4.00,2.20
2009.06.16 04:40:19.027,1.13385,1.13425,6.20,2.40
2009.06.16 04:40:19.427,1.13395,1.13415,1.00,1.00
2009.06.16 04:40:19.607,1.13396,1.13416,1.00,3.20
2009.06.16 04:40:21.676,1.13389,1.13419,1.00,4.60
2009.06.16 04:40:21.787,1.13378,1.13423,1.60,3.20
2009.06.16 04:40:21.897,1.13365,1.1342,4.80,6.80
2009.06.16 04:40:22.546,1.13362,1.13407,6.20,1.00
2009.06.16 04:40:22.666,1.13364,1.13404,1.60,1.00
2009.06.16 04:40:23.776,1.13373,1.13418,3.00,6.00
2009.06.16 04:40:23.896,1.13384,1.13424,1.00,6.40
2009.06.16 04:40:24.426,1.13396,1.13426,1.40,1.00
2009.06.16 04:40:24.656,1.13394,1.13429,1.00,1.00
2009.06.16 04:40:24.776,1.13396,1.13426,1.00,6.60
2009.06.16 04:40:25.046,1.13396,1.13421,1.00,1.80
2009.06.16 04:40:25.106,1.13394,1.13419,1.00,2.20
2009.06.16 04:40:27.035,1.13394,1.13419,1.00,12.00
2009.06.16 04:40:27.945,1.13393,1.13418,1.00,3.20
2009.06.16 04:40:28.545,1.13383,1.13428,1.00,12.80
2009.06.16 04:40:28.775,1.13388,1.13423,3.80,3.20
2009.06.16 04:40:31.025,1.13389,1.13424,1.00,1.00
2009.06.16 04:40:31.144,1.13392,1.13427,3.20,1.00
2009.06.16 04:40:31.364,1.13395,1.1343,1.00,2.60
2009.06.16 04:40:31.474,1.13398,1.13433,4.80,3.20
2009.06.16 04:40:31.644,1.13403,1.13438,1.00,1.00
2009.06.16 04:40:34.933,1.1341,1.13445,2.40,4.60
2009.06.16 04:40:48.160,1.13414,1.13444,1.60,9.60
2009.06.16 04:40:51.219,1.13413,1.13433,1.40,12.80
2009.06.16 04:40:53.439,1.13398,1.13433,1.00,4.60
2009.06.16 04:40:54.419,1.13387,1.13437,1.00,9.60
2009.06.16 04:40:54.879,1.13396,1.13421,1.00,2.00
2009.06.16 04:40:55.479,1.13392,1.13417,1.60,1.00
2009.06.16 04:40:55.889,1.1338,1.1342,1.00,1.60
2009.06.16 04:40:56.578,1.13387,1.13412,1.00,3.80
2009.06.16 04:40:56.808,1.13382,1.13417,1.00,1.80
2009.06.16 04:40:57.098,1.13384,1.13419,1.00,3.20
2009.06.16 04:40:57.798,1.13389,1.13419,1.40,5.40
2009.06.16 04:40:58.258,1.13394,1.13414,1.00,2.20
2009.06.16 04:40:58.608,1.13399,1.13409,3.80,1.20
2009.06.16 04:40:58.888,1.13391,1.13411,1.40,3.80
2009.06.16 04:40:59.146,1.13381,1.13411,3.40,6.20
2009.06.16 04:40:59.597,1.13379,1.13399,1.00,3.20
2009.06.16 04:40:59.657,1.1337,1.134,4.00,9.60
2009.06.16 04:41:01.120,1.13381,1.13411,1.00,1.00
2009.06.16 04:41:01.470,1.13393,1.13413,1.00,9.60
2009.06.16 04:41:01.870,1.134,1.1342,1.00,6.40
2009.06.16 04:41:04.540,1.13407,1.13417,1.00,7.20
2009.06.16 04:41:04.659,1.13401,1.13421,1.00,2.20
2009.06.16 04:41:04.839,1.13397,1.13417,3.80,1.00
2009.06.16 04:41:05.079,1.13396,1.13406,3.80,4.80
2009.06.16 04:41:08.049,1.13382,1.13402,1.00,3.40
2009.06.16 04:41:18.396,1.13374,1.13394,1.00,1.20
2009.06.16 04:41:18.866,1.13366,1.13396,4.00,7.60
2009.06.16 04:41:19.156,1.13375,1.13405,2.20,1.00
2009.06.16 04:41:20.376,1.13389,1.13409,1.20,9.60
2009.06.16 04:41:21.455,1.13401,1.13411,1.00,5.00
2009.06.16 04:41:21.915,1.13407,1.13417,1.00,3.20
2009.06.16 04:41:23.415,1.13407,1.13427,1.00,15.20
2009.06.16 04:41:25.134,1.13412,1.13432,1.00,1.20
2009.06.16 04:41:47.859,1.13425,1.13435,1.60,6.40
2009.06.16 04:41:50.718,1.13429,1.13449,1.40,14.60
2009.06.16 04:41:51.358,1.13429,1.13449,1.00,2.80
2009.06.16 04:41:53.907,1.1342,1.13445,1.80,1.20
2009.06.16 04:41:54.138,1.13411,1.13436,1.60,2.60
2009.06.16 04:41:54.308,1.13414,1.13419,1.00,12.00
2009.06.16 04:41:54.647,1.13401,1.13416,1.40,1.00
2009.06.16 04:41:55.507,1.13384,1.13424,1.00,4.00
2009.06.16 04:41:55.727,1.13377,1.13422,2.60,1.20
2009.06.16 04:41:55.847,1.13391,1.13401,4.40,3.20
2009.06.16 04:41:56.017,1.1339,1.134,3.20,3.20
2009.06.16 04:41:57.817,1.13378,1.13408,3.20,3.60
2009.06.16 04:41:57.986,1.13377,1.13407,1.00,1.00
2009.06.16 04:41:58.096,1.13378,1.13403,1.60,1.00
2009.06.16 04:42:02.275,1.13387,1.13397,1.00,2.40
2009.06.16 04:42:02.941,1.13386,1.13426,1.00,3.20
2009.06.16 04:42:06.594,1.13399,1.13419,1.00,3.20
2009.06.16 04:42:20.168,1.13387,1.13402,3.80,4.80
2009.06.16 04:42:41.700,1.13377,1.13392,4.00,3.20
2009.06.16 04:42:44.836,1.13378,1.13398,1.20,3.20
2009.06.16 04:42:54.122,1.13389,1.13404,1.00,9.60
2009.06.16 04:42:55.623,1.13397,1.13417,3.80,2.40
2009.06.16 04:42:59.153,1.13396,1.13431,2.40,3.20
2009.06.16 04:43:00.403,1.13378,1.13398,1.00,1.00
2009.06.16 04:43:01.013,1.13377,1.13397,1.20,4.00
2009.06.16 04:43:01.773,1.13383,1.13393,1.60,4.00
2009.06.16 04:43:02.273,1.13378,1.13398,9.60,1.00
2009.06.16 04:43:02.563,1.13381,1.13396,5.60,1.60
2009.06.16 04:43:02.973,1.13381,1.13401,6.40,3.20
2009.06.16 04:43:03.203,1.13382,1.13402,2.00,7.60
2009.06.16 04:43:04.532,1.13381,1.13401,1.00,1.00
2009.06.16 04:43:04.702,1.13379,1.13399,1.00,1.00
2009.06.16 04:43:12.880,1.13377,1.13397,1.00,1.00
2009.06.16 04:43:13.240,1.13376,1.13396,1.00,3.20
2009.06.16 04:43:13.660,1.13375,1.134,4.80,3.20
2009.06.16 04:43:17.469,1.13368,1.13408,3.80,9.60
2009.06.16 04:43:20.259,1.13378,1.13398,1.00,14.40
2009.06.16 04:43:21.178,1.13377,1.13397,1.00,12.00
2009.06.16 04:43:26.447,1.13372,1.13402,6.00,1.00
2009.06.16 04:43:27.607,1.13372,1.13402,4.00,1.00
2009.06.16 04:43:31.026,1.13371,1.13401,2.20,1.00
2009.06.16 04:43:31.386,1.13374,1.13394,2.40,12.80
2009.06.16 04:43:32.296,1.13371,1.13391,1.00,5.70
2009.06.16 04:43:32.536,1.13369,1.13389,3.80,1.20
2009.06.16 04:43:32.875,1.13367,1.13397,1.00,6.80
2009.06.16 04:43:35.475,1.13369,1.13399,1.00,11.80
2009.06.16 04:43:35.695,1.13372,1.13402,2.00,1.00
2009.06.16 04:43:37.844,1.13375,1.13405,1.00,3.20
2009.06.16 04:43:38.074,1.13379,1.13409,1.70,1.00
2009.06.16 04:43:42.333,1.13385,1.13405,2.00,1.00
2009.06.16 04:43:42.513,1.13378,1.13408,1.60,1.80
2009.06.16 04:43:42.793,1.13375,1.13405,1.40,3.20
2009.06.16 04:43:43.363,1.13374,1.13404,6.40,3.20
2009.06.16 04:43:44.043,1.13373,1.13403,1.60,3.20
2009.06.16 04:43:47.002,1.13377,1.13397,1.00,1.00
2009.06.16 04:43:47.832,1.13374,1.13394,1.00,3.20
2009.06.16 04:43:48.002,1.13367,1.13397,1.00,3.20
2009.06.16 04:43:48.522,1.13368,1.13398,1.00,3.20
2009.06.16 04:43:48.872,1.13369,1.13399,3.40,3.20
2009.06.16 04:43:49.681,1.13374,1.13394,1.00,2.40
2009.06.16 04:43:53.100,1.13372,1.13397,1.60,1.00
2009.06.16 04:43:55.850,1.13366,1.13401,1.00,3.00
2009.06.16 04:43:56.760,1.13367,1.13402,7.00,3.20
2009.06.16 04:43:57.160,1.13365,1.13405,1.60,1.00
2009.06.16 04:43:57.320,1.13369,1.13404,1.00,1.00
2009.06.16 04:43:58.120,1.13372,1.13402,1.00,2.40
2009.06.16 04:43:58.479,1.13366,1.13406,3.80,3.20
2009.06.16 04:43:58.709,1.13364,1.13404,2.40,5.60
2009.06.16 04:43:58.889,1.13362,1.13402,1.20,6.80
2009.06.16 04:44:09.352,1.13389,1.13415,1.00,5.60
2009.06.16 04:44:09.652,1.13391,1.13416,1.60,1.00
2009.06.16 04:44:10.812,1.13389,1.13429,1.00,15.60
2009.06.16 04:44:10.872,1.13392,1.13432,1.00,3.20
2009.06.16 04:44:11.212,1.13406,1.13426,1.00,13.80
2009.06.16 04:44:17.860,1.13403,1.13428,4.00,6.40
2009.06.16 04:44:18.040,1.13397,1.13432,1.00,3.20
2009.06.16 04:44:20.030,1.13393,1.13433,1.00,2.80
2009.06.16 04:44:20.330,1.13396,1.13436,1.00,1.00
2009.06.16 04:44:20.449,1.1341,1.1343,1.20,3.20
2009.06.16 04:44:25.938,1.13409,1.13435,1.60,6.80
2009.06.16 04:44:26.048,1.13404,1.13429,4.40,8.60
2009.06.16 04:44:26.108,1.13392,1.13427,2.40,1.00
2009.06.16 04:44:33.116,1.13388,1.13418,1.00,3.20
2009.06.16 04:44:34.206,1.13378,1.13413,1.00,5.60
2009.06.16 04:44:34.666,1.13368,1.13408,6.60,3.20
2009.06.16 04:44:35.646,1.13372,1.13392,1.60,3.20
2009.06.16 04:44:43.704,1.13365,1.13395,1.00,6.40
2009.06.16 04:44:43.934,1.13376,1.13396,2.60,3.20
2009.06.16 04:44:45.514,1.13382,1.13402,1.00,2.40
2009.06.16 04:44:47.883,1.13384,1.13409,3.80,1.00
2009.06.16 04:44:48.793,1.13384,1.13414,1.00,1.20
2009.06.16 04:44:48.852,1.1339,1.13415,17.60,3.20
2009.06.16 04:44:48.963,1.13387,1.13427,1.70,2.40
2009.06.16 04:44:51.582,1.13399,1.13424,6.00,1.00
2009.06.16 04:44:51.822,1.13404,1.13429,2.60,3.20
2009.06.16 04:44:52.772,1.13406,1.13431,4.00,4.80
2009.06.16 04:45:04.206,1.13405,1.13425,3.80,1.40
2009.06.16 04:45:05.126,1.13396,1.13421,1.80,1.00
2009.06.16 04:45:42.967,1.13385,1.1341,1.00,7.20
2009.06.16 04:45:43.317,1.13377,1.13397,1.00,5.00
2009.06.16 04:45:44.416,1.13372,1.13397,1.60,1.40
2009.06.16 04:45:44.946,1.13383,1.13408,1.00,3.20
2009.06.16 04:45:45.116,1.13398,1.13413,6.20,1.00
2009.06.16 04:45:45.406,1.13406,1.13421,5.40,12.40
2009.06.16 04:45:47.246,1.13407,1.13427,1.40,3.20
2009.06.16 04:45:47.806,1.1341,1.1343,1.00,16.20
2009.06.16 04:45:48.445,1.13414,1.13434,1.00,1.00
2009.06.16 04:45:48.715,1.13413,1.13433,4.00,4.00
2009.06.16 04:45:50.075,1.13406,1.13426,1.00,14.60
2009.06.16 04:45:50.955,1.13401,1.13421,2.20,12.00
2009.06.16 04:45:51.135,1.13397,1.13417,1.20,11.00
2009.06.16 04:45:51.675,1.13392,1.13422,1.00,3.20
2009.06.16 04:45:51.855,1.13391,1.13421,4.40,1.00
2009.06.16 04:45:52.185,1.13388,1.13418,1.00,9.00
2009.06.16 04:45:52.534,1.13387,1.13417,1.00,3.20
2009.06.16 04:45:52.714,1.13389,1.13415,1.60,6.80
2009.06.16 04:46:10.518,1.13385,1.13435,1.60,3.20
2009.06.16 04:46:18.586,1.13392,1.13422,1.00,1.00
2009.06.16 04:46:23.165,1.13394,1.13414,1.00,3.20
2009.06.16 04:46:24.415,1.13387,1.13417,8.00,2.20
2009.06.16 04:46:29.064,1.13388,1.13418,6.40,2.60
2009.06.16 04:46:29.244,1.13392,1.13417,4.80,1.00
2009.06.16 04:46:29.544,1.13396,1.13416,6.20,2.40
2009.06.16 04:46:29.664,1.13399,1.13419,1.00,1.20
2009.06.16 04:46:30.933,1.134,1.1342,1.00,10.00
2009.06.16 04:46:32.063,1.13402,1.13422,4.20,3.20
2009.06.16 04:46:32.363,1.13401,1.13421,1.00,2.40
2009.06.16 04:46:32.663,1.1339,1.13425,1.00,2.80
2009.06.16 04:46:33.013,1.13388,1.13423,1.00,5.60
2009.06.16 04:46:33.523,1.13387,1.13422,1.00,4.60
2009.06.16 04:46:33.812,1.13395,1.13405,2.40,3.20
2009.06.16 04:46:34.162,1.13391,1.13411,1.80,1.00
2009.06.16 04:46:34.382,1.13401,1.13411,1.00,5.80
2009.06.16 04:46:34.812,1.13394,1.13419,4.00,3.20
2009.06.16 04:46:36.942,1.1339,1.13425,1.00,3.20
2009.06.16 04:46:37.792,1.13391,1.13426,2.20,3.20
2009.06.16 04:46:39.041,1.13392,1.13427,1.00,1.20
2009.06.16 04:46:44.200,1.13392,1.13427,4.20,1.40
2009.06.16 04:46:44.790,1.13391,1.13426,1.60,3.40
2009.06.16 04:46:45.120,1.13391,1.13426,1.00,3.20
2009.06.16 04:46:46.149,1.1339,1.13425,1.00,1.20
2009.06.16 04:46:46.680,1.13392,1.13427,1.00,9.60
2009.06.16 04:46:46.799,1.13394,1.13429,1.00,3.20
2009.06.16 04:46:47.199,1.13397,1.13432,6.40,1.60
2009.06.16 04:46:47.259,1.13399,1.13433,8.40,9.60
2009.06.16 04:46:48.829,1.13398,1.13433,1.80,3.20
2009.06.16 04:46:49.229,1.13396,1.13431,1.00,10.80
2009.06.16 04:46:49.559,1.13399,1.13424,1.60,3.20
2009.06.16 04:46:49.909,1.13394,1.13424,1.00,3.00
2009.06.16 04:46:50.289,1.13398,1.13418,1.00,11.20
2009.06.16 04:46:50.619,1.13383,1.13433,6.00,3.20
2009.06.16 04:46:50.968,1.13394,1.13419,4.80,2.40
2009.06.16 04:46:51.298,1.13389,1.13419,1.00,1.60
2009.06.16 04:46:51.588,1.13381,1.13421,1.00,2.60
2009.06.16 04:46:51.938,1.1339,1.1341,4.80,8.00
2009.06.16 04:46:52.968,1.1339,1.1341,1.40,3.20
2009.06.16 04:46:53.488,1.13391,1.13411,1.20,10.20
2009.06.16 04:46:53.878,1.1339,1.1341,1.60,1.60
2009.06.16 04:47:05.160,1.13382,1.13408,1.80,3.20
2009.06.16 04:47:05.609,1.13379,1.13399,1.00,1.00
2009.06.16 04:47:06.060,1.13374,1.13394,1.00,9.60
2009.06.16 04:47:06.760,1.13373,1.13393,4.60,4.80
2009.06.16 04:47:07.049,1.13373,1.13398,1.00,6.40
2009.06.16 04:47:07.490,1.13371,1.13406,1.00,9.80
2009.06.16 04:47:07.769,1.13376,1.13406,1.00,4.20
2009.06.16 04:47:08.009,1.13375,1.1341,2.00,6.40
2009.06.16 04:47:08.119,1.13382,1.13407,1.00,2.40
2009.06.16 04:47:08.409,1.13387,1.13407,4.80,1.00
2009.06.16 04:47:08.689,1.13393,1.13413,1.00,3.00
2009.06.16 04:47:08.919,1.13402,1.13422,1.00,1.00
2009.06.16 04:47:11.818,1.13411,1.13436,1.00,1.80
2009.06.16 04:47:12.039,1.13415,1.1344,3.20,3.20
2009.06.16 04:47:12.338,1.13407,1.13432,1.00,3.80
2009.06.16 04:47:12.918,1.13389,1.13429,1.20,2.40
2009.06.16 04:47:13.158,1.13381,1.13421,1.00,12.00
2009.06.16 04:47:13.658,1.13384,1.13404,3.00,3.20
2009.06.16 04:47:13.818,1.13379,1.13399,1.00,6.40
2009.06.16 04:47:15.258,1.13376,1.13396,1.40,3.20
2009.06.16 04:47:15.557,1.1337,1.134,1.00,9.60
2009.06.16 04:47:16.127,1.13367,1.13397,5.40,3.20
2009.06.16 04:47:16.477,1.13363,1.13393,6.40,3.20
2009.06.16 04:47:16.827,1.13356,1.13391,4.00,5.20
2009.06.16 04:47:17.237,1.13361,1.13381,1.00,6.00
2009.06.16 04:47:17.577,1.13358,1.13383,1.00,16.20
2009.06.16 04:47:17.867,1.13356,1.13386,6.40,3.60
2009.06.16 04:47:19.017,1.13363,1.13383,1.00,1.60
2009.06.16 04:47:19.487,1.13363,1.13388,2.40,3.20
2009.06.16 04:47:19.667,1.13369,1.13389,1.60,4.80
2009.06.16 04:47:19.897,1.13373,1.13393,1.00,12.00
2009.06.16 04:47:23.686,1.13374,1.13394,1.00,16.80
2009.06.16 04:47:24.305,1.13374,1.13394,1.00,16.80
2009.06.16 04:47:25.615,1.13367,1.13392,1.00,9.60
2009.06.16 04:47:25.785,1.13357,1.13382,1.00,3.80
2009.06.16 04:47:28.984,1.1334,1.13375,1.00,1.00
2009.06.16 04:47:29.154,1.13336,1.13371,1.80,6.00
2009.06.16 04:47:29.394,1.13348,1.13373,1.00,1.20
2009.06.16 04:47:36.783,1.13357,1.13382,4.80,1.00
2009.06.16 04:47:38.711,1.13366,1.13391,2.00,8.00
2009.06.16 04:47:38.992,1.13373,1.13398,3.80,1.00
2009.06.16 04:47:39.562,1.13379,1.13399,1.60,10.00
2009.06.16 04:47:44.411,1.13381,1.13401,1.00,1.60
2009.06.16 04:47:51.059,1.13375,1.13405,6.00,12.80
2009.06.16 04:47:53.448,1.13376,1.13396,3.40,8.00
2009.06.16 04:47:58.128,1.13369,1.13389,2.40,3.20
2009.06.16 04:47:58.307,1.13365,1.13385,4.00,2.80
2009.06.16 04:48:01.677,1.1336,1.13375,1.00,1.00
2009.06.16 04:48:01.837,1.13357,1.13372,6.00,3.20
2009.06.16 04:48:01.957,1.13351,1.13376,1.00,1.00
2009.06.16 04:48:02.407,1.13355,1.1338,1.60,1.00
2009.06.16 04:48:04.036,1.13362,1.13392,2.80,1.00
2009.06.16 04:48:04.447,1.13377,1.13402,1.00,7.20
2009.06.16 04:48:04.677,1.13382,1.13408,1.00,2.80
2009.06.16 04:48:04.907,1.13376,1.13401,8.00,1.00
2009.06.16 04:48:08.985,1.13361,1.13396,1.00,2.40
2009.06.16 04:48:09.385,1.13354,1.13384,1.00,8.40
2009.06.16 04:48:09.565,1.13348,1.13368,2.60,3.20
2009.06.16 04:48:09.844,1.13335,1.1336,1.00,9.60
2009.06.16 04:48:10.755,1.13326,1.13346,1.00,1.60
2009.06.16 04:48:11.445,1.13319,1.13349,1.00,3.20
2009.06.16 04:48:11.915,1.13327,1.13357,1.00,1.60
2009.06.16 04:48:12.254,1.13339,1.13359,6.60,1.20
2009.06.16 04:48:12.664,1.13345,1.13365,1.40,13.20
2009.06.16 04:48:12.995,1.13349,1.13369,1.00,1.20
2009.06.16 04:48:24.082,1.13348,1.13373,5.80,12.80
2009.06.16 04:48:24.252,1.1335,1.13375,5.80,10.40
2009.06.16 04:48:41.858,1.13344,1.13384,2.20,1.00
2009.06.16 04:48:49.486,1.13347,1.13382,9.80,3.20
2009.06.16 04:48:53.555,1.13347,1.13377,1.60,1.00
2009.06.16 04:48:58.704,1.13347,1.13377,1.60,1.00
2009.06.16 04:49:17.166,1.13361,1.13381,2.20,3.20
2009.06.16 04:49:17.406,1.13365,1.13385,1.00,2.80
2009.06.16 04:49:17.696,1.13365,1.13395,1.00,12.40
2009.06.16 04:49:17.866,1.13377,1.13397,1.00,5.40
2009.06.16 04:49:43.580,1.13376,1.13401,2.40,3.20
2009.06.16 04:49:43.760,1.13366,1.13391,5.60,10.40
2009.06.16 04:49:44.219,1.13354,1.13379,25.60,3.20
2009.06.16 04:49:44.340,1.13342,1.13367,7.40,2.20
2009.06.16 04:49:49.997,1.13335,1.13359,1.00,3.40
2009.06.16 04:50:01.872,1.13349,1.13374,1.00,3.20
2009.06.16 04:50:01.983,1.13342,1.13367,1.00,6.40
2009.06.16 04:50:07.761,1.13329,1.13369,9.60,1.20
2009.06.16 04:50:12.190,1.13335,1.13355,1.00,8.40
2009.06.16 04:50:12.950,1.13327,1.13352,1.00,6.40
2009.06.16 04:50:13.949,1.13321,1.13341,1.00,1.00
2009.06.16 04:50:14.279,1.13313,1.13333,6.20,1.00
2009.06.16 04:50:18.338,1.13312,1.13336,2.20,3.20
2009.06.16 04:50:27.356,1.13321,1.13341,10.40,4.20
2009.06.16 04:50:27.416,1.13324,1.13354,1.00,9.60
2009.06.16 04:50:27.656,1.13329,1.13359,6.20,9.60
2009.06.16 04:50:27.836,1.13333,1.13368,1.00,1.80
2009.06.16 04:50:28.066,1.13342,1.13377,1.00,3.20
2009.06.16 04:50:29.606,1.13345,1.1339,5.40,1.60
2009.06.16 04:50:30.066,1.13351,1.13391,1.60,1.40
2009.06.16 04:50:30.665,1.13348,1.13388,6.40,1.00
2009.06.16 04:50:31.015,1.13357,1.13372,3.80,12.40
2009.06.16 04:50:32.635,1.13348,1.13373,1.00,1.20
2009.06.16 04:50:32.755,1.13346,1.13371,1.00,3.20
2009.06.16 04:50:33.105,1.13342,1.13367,1.00,3.20
2009.06.16 04:50:34.944,1.1334,1.13365,1.00,3.20
2009.06.16 04:50:35.295,1.1334,1.13365,1.00,2.40
2009.06.16 04:50:35.474,1.13339,1.13364,1.00,3.20
2009.06.16 04:50:37.054,1.13339,1.13364,1.00,5.60
2009.06.16 04:50:37.284,1.13341,1.13361,3.20,3.20
2009.06.16 04:50:38.154,1.13338,1.13362,5.00,1.00
2009.06.16 04:51:26.725,1.13336,1.13356,2.20,6.40
2009.06.16 04:51:29.394,1.13323,1.13358,1.40,3.20
2009.06.16 04:51:38.143,1.1332,1.13345,1.00,5.60
2009.06.16 04:51:45.310,1.13323,1.13343,1.00,2.40
2009.06.16 04:51:50.249,1.13328,1.13353,1.00,9.60
2009.06.16 04:51:50.359,1.13337,1.13357,1.60,19.00
2009.06.16 04:51:50.589,1.13341,1.13371,1.00,3.20
2009.06.16 04:51:50.709,1.13354,1.13379,2.20,1.20
2009.06.16 04:51:50.889,1.13359,1.13385,1.00,3.20
2009.06.16 04:51:51.009,1.13358,1.13383,1.00,1.00
2009.06.16 04:51:54.419,1.13346,1.13386,1.00,9.60
2009.06.16 04:51:54.538,1.1334,1.1338,1.00,3.20
2009.06.16 04:51:54.888,1.13345,1.13365,10.40,1.80
2009.06.16 04:51:55.059,1.13341,1.13361,1.00,1.60
2009.06.16 04:51:56.468,1.13339,1.13363,1.00,1.60
2009.06.16 04:52:02.614,1.13352,1.13372,1.00,2.40
2009.06.16 04:52:02.914,1.13353,1.13373,2.40,2.40
2009.06.16 04:52:03.393,1.13347,1.13377,14.40,3.20
2009.06.16 04:52:03.573,1.13341,1.13381,1.00,3.20
2009.06.16 04:52:03.803,1.13342,1.13377,4.00,9.60
2009.06.16 04:52:04.423,1.13329,1.13384,1.00,12.80
2009.06.16 04:52:05.003,1.1334,1.1337,1.80,3.20
2009.06.16 04:52:05.292,1.13334,1.13374,3.80,3.20
2009.06.16 04:52:05.633,1.13335,1.1337,12.80,2.20
2009.06.16 04:52:05.923,1.1334,1.13355,2.80,3.20
2009.06.16 04:52:05.983,1.13339,1.13354,1.00,3.20
2009.06.16 04:52:07.422,1.13333,1.13363,4.00,3.20
2009.06.16 04:52:08.152,1.13327,1.13372,4.00,3.20
2009.06.16 04:52:08.742,1.13332,1.13372,1.00,9.80
2009.06.16 04:52:08.912,1.1333,1.13375,1.00,1.00
2009.06.16 04:52:09.082,1.13326,1.13381,1.60,1.00
2009.06.16 04:52:09.252,1.13341,1.13366,1.00,8.00
2009.06.16 04:52:09.792,1.13336,1.13371,1.00,12.80
2009.06.16 04:52:10.032,1.13337,1.13372,1.00,4.20
2009.06.16 04:52:10.202,1.1334,1.1337,6.40,1.00
2009.06.16 04:52:11.401,1.13334,1.13374,1.20,1.60
2009.06.16 04:52:11.511,1.13332,1.13372,6.20,1.00
2009.06.16 04:52:11.981,1.13323,1.13363,1.00,3.20
2009.06.16 04:52:12.101,1.13314,1.13354,1.00,7.80
2009.06.16 04:52:12.281,1.13322,1.13342,1.00,1.00
2009.06.16 04:52:14.511,1.13327,1.13352,4.80,3.60
2009.06.16 04:52:14.980,1.13334,1.13359,8.00,1.00
2009.06.16 04:52:15.330,1.13341,1.13366,2.60,1.60
2009.06.16 04:52:18.000,1.13337,1.13377,1.00,5.60
2009.06.16 04:52:18.270,1.13341,1.13371,1.00,1.00
2009.06.16 04:52:18.390,1.13349,1.13359,1.20,6.40
2009.06.16 04:52:18.630,1.13341,1.13361,6.80,6.40
2009.06.16 04:52:21.989,1.13337,1.13357,1.00,9.60
2009.06.16 04:52:22.259,1.13337,1.13357,1.20,3.20
2009.06.16 04:52:23.039,1.13338,1.13363,1.00,8.00
2009.06.16 04:52:23.308,1.13344,1.13369,1.00,10.40
2009.06.16 04:52:23.888,1.13356,1.13376,4.80,2.00
2009.06.16 04:52:24.128,1.13363,1.13388,4.00,2.60
2009.06.16 04:52:24.588,1.13368,1.13393,1.00,1.00
2009.06.16 04:52:27.198,1.13364,1.13394,1.00,1.20
2009.06.16 04:52:27.368,1.13359,1.13389,1.60,2.40
2009.06.16 04:52:27.538,1.1336,1.1338,3.20,9.60
2009.06.16 04:52:29.897,1.1335,1.13385,1.00,10.40
2009.06.16 04:52:30.527,1.13347,1.13382,8.00,1.00
2009.06.16 04:52:33.036,1.13342,1.13377,3.80,3.20
2009.06.16 04:52:38.595,1.13339,1.13374,9.60,1.00
2009.06.16 04:52:39.835,1.13327,1.13382,1.00,3.20
2009.06.16 04:52:40.125,1.13336,1.13371,1.00,3.20
2009.06.16 04:52:40.594,1.13324,1.13379,1.00,9.60
2009.06.16 04:52:40.874,1.13326,1.13376,7.80,2.40
2009.06.16 04:52:41.404,1.13325,1.13375,1.20,3.20
2009.06.16 04:52:42.564,1.13337,1.13367,1.60,1.20
2009.06.16 04:52:42.904,1.1334,1.1337,1.20,5.00
2009.06.16 04:52:43.134,1.13341,1.13376,1.00,1.00
2009.06.16 04:52:44.284,1.13341,1.13376,4.80,9.60
2009.06.16 04:52:52.272,1.13343,1.13373,2.20,2.40
2009.06.16 04:52:52.391,1.13341,1.13371,3.00,4.80
2009.06.16 04:52:52.441,1.1334,1.1337,1.00,11.20
2009.06.16 04:52:53.211,1.13337,1.13372,1.40,7.20
2009.06.16 04:52:53.791,1.13339,1.13374,3.60,1.00
2009.06.16 04:52:54.271,1.13346,1.13376,1.20,12.60
2009.06.16 04:52:58.630,1.13354,1.13384,1.00,1.00
2009.06.16 04:52:58.930,1.13357,1.13392,1.00,12.40
2009.06.16 04:53:14.654,1.13357,1.13392,1.20,3.20
2009.06.16 04:53:15.284,1.13362,1.13397,2.00,1.00
2009.06.16 04:53:30.820,1.13365,1.13395,1.60,3.20
2009.06.16 04:53:31.330,1.13355,1.1339,4.40,8.60
2009.06.16 04:53:39.088,1.1335,1.1338,1.00,1.00
2009.06.16 04:53:46.646,1.13338,1.13378,1.00,2.40
2009.06.16 04:53:49.286,1.13334,1.13374,6.20,6.60
2009.06.16 04:54:13.975,1.1335,1.1339,3.80,15.20
2009.06.16 04:54:21.823,1.13348,1.13388,1.00,2.40
2009.06.16 04:54:24.353,1.1335,1.1339,1.00,12.60
2009.06.16 04:54:26.043,1.1335,1.1339,1.20,2.80
2009.06.16 04:54:34.481,1.13346,1.13386,1.20,1.00
2009.06.16 04:54:35.010,1.13341,1.13381,1.00,3.20
2009.06.16 04:54:38.180,1.1334,1.1338,1.40,6.40
2009.06.16 04:54:48.327,1.13347,1.13387,1.00,11.60
2009.06.16 04:54:48.797,1.1335,1.1339,3.80,2.40
2009.06.16 04:54:49.017,1.13349,1.13389,1.20,2.80
2009.06.16 04:54:51.616,1.13353,1.13383,4.20,2.40
2009.06.16 04:54:51.786,1.13351,1.13381,4.00,1.20
2009.06.16 04:54:52.116,1.13351,1.13381,1.00,6.80
2009.06.16 04:54:52.406,1.13364,1.13384,1.60,1.80
2009.06.16 04:54:55.935,1.13365,1.13395,1.00,3.20
2009.06.16 04:55:14.876,1.13363,1.13393,1.00,18.80
2009.06.16 04:55:15.046,1.13368,1.13388,4.00,9.60
2009.06.16 04:55:24.574,1.13362,1.13392,3.20,1.20
2009.06.16 04:55:24.753,1.13367,1.13387,2.00,2.40
2009.06.16 04:55:29.093,1.1336,1.1339,1.00,1.20
2009.06.16 04:55:29.213,1.13363,1.13383,1.00,3.20
2009.06.16 04:55:29.323,1.13361,1.13381,1.00,5.80
2009.06.16 04:55:29.382,1.13363,1.13383,3.80,1.00
2009.06.16 04:55:38.380,1.13363,1.13393,1.00,3.20
2009.06.16 04:55:38.670,1.13375,1.13395,5.80,10.40
2009.06.16 04:55:39.160,1.13372,1.13407,4.80,3.20
2009.06.16 04:55:39.270,1.13372,1.13397,1.00,3.60
2009.06.16 04:55:39.380,1.13368,1.13393,1.20,9.60
2009.06.16 04:55:39.740,1.13363,1.13398,64.00,1.00
2009.06.16 04:55:39.980,1.13357,1.13407,1.00,3.20
2009.06.16 04:55:43.199,1.13367,1.13397,2.80,1.00
2009.06.16 04:55:43.559,1.13365,1.134,1.00,2.20
2009.06.16 04:55:43.719,1.13362,1.13397,3.60,19.40
2009.06.16 04:55:44.019,1.13357,1.13392,1.60,1.00
2009.06.16 04:55:44.189,1.13352,1.13387,1.00,3.20
2009.06.16 04:55:47.068,1.13349,1.13384,1.00,7.00
2009.06.16 04:55:47.248,1.13348,1.13383,1.00,6.40
2009.06.16 04:55:47.418,1.13348,1.13378,1.00,3.20
2009.06.16 04:55:47.818,1.13339,1.13379,1.20,3.20
2009.06.16 04:55:47.988,1.13336,1.13376,1.60,1.00
2009.06.16 04:55:48.168,1.13346,1.13376,1.20,1.00
2009.06.16 04:55:49.388,1.13351,1.13381,2.40,3.20
2009.06.16 04:55:49.728,1.1335,1.13385,1.40,3.20
2009.06.16 04:55:51.417,1.13354,1.13384,4.80,2.40
2009.06.16 04:55:52.427,1.13353,1.13388,1.00,5.60
2009.06.16 04:55:52.787,1.13354,1.13389,2.40,16.40
2009.06.16 04:55:53.017,1.13357,1.13392,1.00,3.80
2009.06.16 04:55:53.307,1.13358,1.13393,1.60,3.20
2009.06.16 04:55:53.477,1.1336,1.13395,2.20,5.40
2009.06.16 04:55:53.647,1.13361,1.13396,1.60,3.20
2009.06.16 04:55:53.946,1.13361,1.13391,4.20,1.00
2009.06.16 04:55:57.586,1.13364,1.13384,2.40,2.80
2009.06.16 04:55:57.806,1.13362,1.13382,2.20,3.20
2009.06.16 04:56:00.550,1.13364,1.13394,1.00,3.20
2009.06.16 04:56:01.980,1.13367,1.13387,1.20,3.20
2009.06.16 04:56:05.209,1.13367,1.13387,1.00,6.40
2009.06.16 04:56:06.188,1.13358,1.13393,9.80,1.00
2009.06.16 04:56:06.538,1.13361,1.13396,2.20,1.00
2009.06.16 04:56:07.788,1.13373,1.13383,1.20,1.60
2009.06.16 04:56:09.368,1.13364,1.13384,1.00,2.40
2009.06.16 04:56:09.778,1.13356,1.13376,1.00,3.20
2009.06.16 04:56:10.168,1.13353,1.13373,2.00,3.20
2009.06.16 04:56:10.408,1.13362,1.13382,1.00,18.20
2009.06.16 04:56:10.947,1.13369,1.13389,1.20,9.60
2009.06.16 04:56:11.067,1.13372,1.13392,3.20,1.00
2009.06.16 04:56:11.407,1.13374,1.13394,5.20,1.00
2009.06.16 04:56:11.697,1.13374,1.13394,5.20,1.00
2009.06.16 04:56:23.385,1.13372,1.13392,4.00,1.00
2009.06.16 04:56:38.751,1.1337,1.1339,1.80,6.40
2009.06.16 04:56:38.870,1.13365,1.13385,1.00,3.20
2009.06.16 04:56:41.450,1.13358,1.13388,1.60,4.00
2009.06.16 04:56:43.550,1.13366,1.13386,1.00,9.60
2009.06.16 04:56:44.179,1.13367,1.13397,1.40,1.20
2009.06.16 04:56:44.409,1.13378,1.13398,1.00,1.00
2009.06.16 04:56:46.129,1.13379,1.13404,1.40,3.20
2009.06.16 04:56:46.359,1.13377,1.13412,1.60,3.20
2009.06.16 04:56:46.659,1.13373,1.13418,1.00,2.20
2009.06.16 04:56:49.588,1.1337,1.13415,3.00,4.40
2009.06.16 04:56:49.878,1.13363,1.13408,6.20,1.00
2009.06.16 04:56:50.848,1.13358,1.13403,3.00,1.20
2009.06.16 04:56:51.228,1.13354,1.13399,1.00,1.70
2009.06.16 04:56:51.628,1.13354,1.13399,7.60,1.00
2009.06.16 04:56:52.428,1.13353,1.13398,4.80,3.20
2009.06.16 04:56:53.067,1.13354,1.13399,1.00,3.20
2009.06.16 04:56:54.557,1.13356,1.13401,1.00,1.60
2009.06.16 04:56:56.826,1.13356,1.13401,2.40,8.00
2009.06.16 04:56:58.456,1.13352,1.13397,4.80,3.20
2009.06.16 04:56:59.166,1.13346,1.13391,1.20,3.20
2009.06.16 04:56:59.406,1.13343,1.13387,3.20,8.60
2009.06.16 04:57:00.311,1.13325,1.1338,6.60,3.40
2009.06.16 04:57:00.780,1.13347,1.13362,3.20,3.80
2009.06.16 04:57:01.071,1.13342,1.13372,1.00,2.20
2009.06.16 04:57:01.830,1.13351,1.13371,1.00,3.20
2009.06.16 04:57:05.180,1.13351,1.13376,1.20,3.20
2009.06.16 04:57:05.519,1.13353,1.13378,1.00,1.60
2009.06.16 04:57:05.740,1.13349,1.13389,1.00,3.20
2009.06.16 04:57:07.419,1.13354,1.13384,1.80,4.80
2009.06.16 04:57:07.479,1.13355,1.1338,5.80,3.20
2009.06.16 04:57:07.829,1.13356,1.13381,1.00,1.80
2009.06.16 04:57:08.169,1.13362,1.13382,1.00,2.40
2009.06.16 04:57:08.389,1.13365,1.1339,1.00,3.20
2009.06.16 04:57:12.018,1.13367,1.13392,1.00,1.40
2009.06.16 04:57:12.598,1.13354,1.13389,1.00,3.20
2009.06.16 04:57:12.828,1.1335,1.1338,2.00,1.20
2009.06.16 04:57:13.348,1.13343,1.13373,3.80,3.20
2009.06.16 04:57:14.417,1.13344,1.13364,1.00,3.40
2009.06.16 04:57:15.017,1.13338,1.13368,1.20,12.00
2009.06.16 04:57:17.907,1.13335,1.13365,1.00,3.60
2009.06.16 04:57:18.076,1.1333,1.1336,2.40,6.40
2009.06.16 04:57:19.166,1.13327,1.13357,9.60,3.20
2009.06.16 04:57:22.575,1.13329,1.13354,2.20,2.20
2009.06.16 04:57:22.696,1.13331,1.13356,1.00,12.00
2009.06.16 04:57:24.905,1.13337,1.13357,1.00,1.00
2009.06.16 04:57:30.963,1.13328,1.13368,1.00,8.60
2009.06.16 04:57:31.893,1.13325,1.1337,1.00,1.00
2009.06.16 04:57:32.073,1.13329,1.13364,1.60,1.00
2009.06.16 04:57:33.872,1.13328,1.13363,1.00,3.20
2009.06.16 04:57:34.842,1.1333,1.13365,1.00,11.20
2009.06.16 04:57:35.072,1.13336,1.13366,3.20,1.00
2009.06.16 04:57:35.242,1.13339,1.13369,3.00,3.40
2009.06.16 04:57:35.472,1.13342,1.13367,1.00,4.20
2009.06.16 04:57:35.822,1.13342,1.13367,1.00,9.60
2009.06.16 04:57:36.162,1.13337,1.13372,3.20,2.40
2009.06.16 04:57:38.562,1.13337,1.13372,1.00,3.20
2009.06.16 04:57:38.852,1.13337,1.13372,1.00,8.80
2009.06.16 04:57:39.421,1.13339,1.13374,2.40,3.20
2009.06.16 04:57:39.771,1.13334,1.13369,1.00,3.20
2009.06.16 04:57:40.001,1.13327,1.13362,2.00,3.20
2009.06.16 04:57:41.061,1.13323,1.13359,1.00,4.60
2009.06.16 04:57:41.911,1.13327,1.13367,5.40,1.00
2009.06.16 04:57:42.091,1.13332,1.13372,1.20,3.20
2009.06.16 04:57:42.500,1.1333,1.1338,1.00,2.20
2009.06.16 04:57:42.730,1.13335,1.13375,1.60,7.20
2009.06.16 04:57:44.980,1.13333,1.13378,1.00,1.00
2009.06.16 04:57:45.800,1.13334,1.13379,1.00,1.00
2009.06.16 04:57:45.920,1.13336,1.13381,2.40,11.80
2009.06.16 04:57:46.490,1.13336,1.13381,1.00,3.20
2009.06.16 04:57:49.179,1.13337,1.13382,1.00,1.00
2009.06.16 04:57:49.359,1.13342,1.13377,1.60,1.60
2009.06.16 04:57:49.529,1.13342,1.13377,1.00,3.20
2009.06.16 04:57:50.809,1.13343,1.13378,1.00,1.20
2009.06.16 04:57:51.448,1.13341,1.13376,1.60,3.20
2009.06.16 04:57:53.148,1.13339,1.13374,1.00,8.80
2009.06.16 04:57:54.827,1.13339,1.13374,4.00,3.20
2009.06.16 04:57:54.888,1.13337,1.13377,1.00,1.00
2009.06.16 04:57:55.287,1.13335,1.1338,2.40,6.40
2009.06.16 04:57:55.767,1.13347,1.13372,1.00,5.60
2009.06.16 04:57:56.407,1.13348,1.13378,1.00,2.20
2009.06.16 04:57:59.256,1.13353,1.13378,1.40,1.00
2009.06.16 04:58:11.758,1.1337,1.13404,1.00,7.60
2009.06.16 04:58:12.218,1.13366,1.13401,2.00,1.80
2009.06.16 04:58:35.113,1.13359,1.13404,1.00,1.00
2009.06.16 04:58:40.091,1.13358,1.13403,1.00,8.20
2009.06.16 04:58:40.201,1.13354,1.13404,1.60,3.20
2009.06.16 04:58:43.391,1.13358,1.13403,1.00,2.40
2009.06.16 04:58:43.451,1.13362,1.13402,1.60,3.80
2009.06.16 04:58:51.589,1.13358,1.13403,2.80,1.60
2009.06.16 04:58:52.408,1.13355,1.13405,1.00,1.00
2009.06.16 04:58:52.578,1.13356,1.13401,2.20,3.20
2009.06.16 04:58:55.148,1.13361,1.13396,4.80,1.20
2009.06.16 04:58:57.547,1.13347,1.13407,8.00,1.00
2009.06.16 04:58:57.757,1.1335,1.13405,1.80,9.20
2009.06.16 04:58:57.997,1.13354,1.13394,4.20,1.20
2009.06.16 04:58:58.467,1.13359,1.13379,1.00,3.20
2009.06.16 04:58:58.707,1.13355,1.13375,1.20,3.00
2009.06.16 04:59:01.329,1.13374,1.13399,2.20,4.00
2009.06.16 04:59:02.658,1.13361,1.13406,1.80,5.80
2009.06.16 04:59:02.818,1.13361,1.13401,3.80,1.20
2009.06.16 04:59:04.448,1.13372,1.13392,1.00,2.60
2009.06.16 04:59:04.918,1.13375,1.13395,1.00,12.00
2009.06.16 04:59:06.597,1.13378,1.13398,7.00,6.40
2009.06.16 04:59:08.667,1.1338,1.134,1.20,1.00
2009.06.16 04:59:11.556,1.13381,1.13401,11.20,1.00
2009.06.16 04:59:12.576,1.13381,1.13401,1.00,1.00
2009.06.16 04:59:15.465,1.13381,1.13401,1.20,3.20
2009.06.16 04:59:15.755,1.13381,1.13401,1.00,3.20
2009.06.16 04:59:17.415,1.13381,1.13401,1.00,14.60
2009.06.16 04:59:28.962,1.13382,1.13402,3.80,3.20
2009.06.16 04:59:29.242,1.13385,1.13405,7.40,9.60
2009.06.16 04:59:29.822,1.1339,1.1341,3.00,3.20
2009.06.16 04:59:32.161,1.13392,1.13412,1.00,3.40
2009.06.16 04:59:32.441,1.13389,1.13409,2.20,12.00
2009.06.16 04:59:32.841,1.13384,1.13404,5.00,1.00
2009.06.16 04:59:35.500,1.1338,1.134,1.00,5.60
2009.06.16 04:59:35.790,1.13377,1.13397,1.00,2.40
2009.06.16 04:59:36.240,1.13375,1.13395,1.00,1.00
2009.06.16 04:59:37.040,1.13373,1.13393,2.60,3.20
2009.06.16 04:59:37.260,1.13369,1.13389,1.00,2.60
2009.06.16 04:59:37.430,1.13363,1.13383,3.80,3.20
2009.06.16 04:59:38.110,1.13357,1.13377,1.00,1.00
2009.06.16 04:59:41.009,1.13349,1.13369,3.60,3.20
2009.06.16 04:59:41.928,1.1335,1.13365,1.00,1.40
2009.06.16 04:59:42.679,1.1335,1.1337,1.00,3.20
2009.06.16 04:59:43.029,1.13355,1.13375,5.00,1.20
2009.06.16 04:59:45.348,1.13359,1.13379,5.80,1.60
2009.06.16 04:59:46.038,1.13361,1.13381,1.00,4.00
2009.06.16 04:59:46.627,1.13362,1.13382,1.00,6.20
2009.06.16 04:59:47.028,1.13363,1.13383,1.00,6.60
2009.06.16 04:59:48.297,1.13364,1.13384,2.40,12.60
2009.06.16 04:59:48.587,1.13369,1.13384,3.80,6.40
2009.06.16 04:59:51.236,1.1337,1.13385,1.00,9.60
2009.06.16 04:59:51.766,1.13375,1.13385,4.80,4.00
2009.06.16 04:59:55.595,1.13374,1.13389,6.20,1.00
2009.06.16 04:59:56.045,1.13372,1.13392,1.20,1.20
2009.06.16 04:59:57.685,1.13366,1.13396,1.00,20.60
2009.06.16 04:59:58.034,1.13364,1.13394,6.00,1.20
2009.06.16 04:59:58.834,1.1335,1.13405,1.20,4.00
2009.06.16 04:59:59.124,1.1335,1.134,1.00,1.20
2009.06.16 04:59:59.765,1.13357,1.13387,4.80,9.60
